mass_A
t	x
0.000000000E0	-7.958078641E-13
1.601333333E-1	-1.725980450E-3
3.202000000E-1	-4.419903345E-4
4.960000000E-1	-9.466160708E-3
6.560666667E-1	-1.936736088E-2
8.319666667E-1	-2.044180959E-3
9.920333333E-1	-6.779427326E-3
1.152133333E0	-1.558093067E-3
1.328066667E0	-1.154647335E-2
1.488166667E0	-9.311731817E-3
1.664166667E0	1.047484301E-2
1.824033333E0	-1.947654516E-2
1.984033333E0	3.224239101E-3
2.160033333E0	-5.148906487E-3
2.320100000E0	-1.366424831E-2
2.496066667E0	-2.356852806E-3
2.656166667E0	-4.569729076E-3
2.831933333E0	-1.146884212E-2
2.992000000E0	-1.992876175E-2
3.152033333E0	-7.987127341E-3
3.327933333E0	1.570633048E-2
3.488000000E0	-8.210671832E-2
3.663900000E0	-8.656439838E-2
3.824000000E0	1.253156923E-1
3.984133333E0	-6.998553865E-1
4.160066667E0	3.695159494E-2
4.320066667E0	-3.204623617E-2
4.496133333E0	4.814457549E-2
4.656133333E0	-2.659257897E-2
4.816000000E0	1.032659324E-2
4.991966667E0	-1.051820739E-1
5.152000000E0	3.664875700E-3
5.327933333E0	1.200795601E-2
5.488000000E0	-3.782566623E-2
5.648233333E0	4.596044986E-2
5.824100000E0	9.501438240E-3
5.984100000E0	-3.353016426E-2
6.160066667E0	2.472960273E-2
6.320100000E0	-1.528276500E-1
6.495966667E0	-5.818801465E-2
6.655900000E0	1.206531112E-2
6.816000000E0	-1.225424530E-1
6.991966667E0	-2.645681822E-2
7.151933333E0	-1.552276500E-2
7.327966667E0	-5.278423942E-2
7.487966667E0	4.286655973E-2
7.647966667E0	-5.231335143E-3
7.824066667E0	3.579661483E-2
7.984033333E0	1.177173787E-1
8.160066667E0	-8.171235046E-3
8.319933333E0	7.924540932E-2
8.480300000E0	-4.050882143E-2
8.655933333E0	5.247018206E-2
8.816100000E0	-1.997221949E-2
8.992066667E0	2.389483294E-3
9.152000000E0	1.780453669E-2
9.327866667E0	6.603670498E-3
9.487933333E0	1.239257442E-2
9.647933333E0	4.921293760E-3
9.823866667E0	2.173850808E-2
9.983933333E0	3.077303116E-2
1.015983333E1	-2.072025345E-1
1.031990000E1	-1.404563043E-2
1.047993333E1	-5.827307836E-2
1.065586667E1	-1.557466963E-1
1.081593333E1	2.440497106E-2
1.099183333E1	1.036492085E-2
1.115190000E1	-8.146893308E-2
1.131213333E1	-4.868486886E-3
1.148786667E1	-3.327942269E-2
1.164796667E1	4.722576969E-2
1.182406667E1	-3.705374081E-3
1.198386667E1	9.814083859E-2
1.214390000E1	1.091248448E-1
1.232000000E1	-7.965162472E-2
1.248000000E1	1.618203862E-1
1.265600000E1	-2.109237838E-3
1.281600000E1	1.041053188E-2
1.299193333E1	1.021212300E-1
1.315193333E1	2.697388286E-2
1.331193333E1	-1.360673604E-2
1.348796667E1	-8.863350270E-2
1.364800000E1	-8.734680540E-2
1.382380000E1	-4.744146112E-2
1.398396667E1	-9.113294433E-2
1.414400000E1	-3.641356298E-2
1.431983333E1	-5.720766880E-2
1.448000000E1	-6.423298190E-2
1.465600000E1	7.861022129E-2
1.481596667E1	-3.964281406E-4
1.497603333E1	-4.937348238E-2
1.515193333E1	3.955648506E-2
1.531200000E1	-1.052108105E-1
1.548796667E1	1.014531488E-1
1.564796667E1	-4.864541335E-2
1.580800000E1	2.032833651E-1
1.598390000E1	2.556881709E-1
1.614396667E1	2.071998682E-2
1.631980000E1	1.468911872E-1
1.647986667E1	1.251854737E-2
1.665583333E1	-1.332177959E-2
1.681593333E1	3.763074836E-2
1.697590000E1	7.457241687E-2
1.715196667E1	-7.151390577E-2
1.731186667E1	-2.550898039E-1
1.748776667E1	-2.140071732E-1
1.764786667E1	-5.393602501E-2
1.780796667E1	-3.888065161E-1
1.798393333E1	-3.952786847E-2
1.814386667E1	-4.492395397E-1
1.831976667E1	-9.854059377E-2
1.847996667E1	1.682719116E-1
1.863986667E1	-1.046374358E-4
1.881583333E1	-2.621269015E-2
1.897583333E1	3.977497280E-2
1.915183333E1	-4.224361656E-2
1.931190000E1	3.542902464E-4
1.948776667E1	2.144091754E-3
1.964783333E1	4.165519911E-1
1.980783333E1	-1.130848834E-1
1.998390000E1	2.113676457E-1
2.014390000E1	2.976519553E-1
2.031990000E1	6.030659809E-2
2.047990000E1	5.586152560E-2
2.063980000E1	8.324842001E-2
2.081573333E1	-2.617244654E-2
2.097580000E1	-1.151247929E-1
2.115176667E1	-1.462187700E-1
2.131183333E1	-1.248874550E-1
2.147200000E1	-2.384775017E-1
2.164776667E1	-2.222399421E-1
2.180786667E1	-3.571659589E-2
2.198370000E1	-3.466155336E-1
2.214390000E1	-5.121067588E-2
2.230383333E1	8.395985854E-1
2.247986667E1	-6.462633785E-1
2.263986667E1	-9.456258802E-2
2.281576667E1	3.134352168E-3
2.297573333E1	8.119087387E-2
2.315170000E1	3.369479288E-3
2.331180000E1	9.023731628E-2
2.347176667E1	1.029929317E0
2.364776667E1	-5.187718047E-1
2.380786667E1	3.973613193E-1
2.398383333E1	6.731943607E-1
2.414376667E1	2.415923873E-1
2.430373333E1	1.700505382E-1
2.447983333E1	1.104927944E-1
2.463986667E1	-1.067478916E-2
2.481580000E1	-3.390173315E-1
2.497576667E1	-3.310447219E-1
2.513576667E1	-2.502164337E-1
2.531176667E1	-5.950562304E-1
2.547193333E1	-2.585876242E-1
2.564766667E1	-7.570767240E-2
2.580770000E1	-6.410237880E-1
2.596770000E1	2.213076616E-2
2.614383333E1	2.163436266E-1
2.630376667E1	-1.205447333E-1
2.647980000E1	4.907072813E-2
2.663980000E1	2.789407618E-2
2.681573333E1	7.202918847E-2
2.697580000E1	-5.718791414E-2
2.713573333E1	3.941161945E-1
2.731163333E1	4.699137868E-1
2.747173333E1	-1.266142807E-1
2.764766667E1	5.466674740E-1
2.780776667E1	2.557070847E-1
2.796776667E1	1.543922150E-1
2.814380000E1	7.629735265E-2
2.830373333E1	-9.535284554E-3
2.847970000E1	-1.978803381E-1
2.863973333E1	-3.413120830E-1
2.879996667E1	-5.390497961E-1
2.897580000E1	-3.666636262E-1
2.913573333E1	-5.255451770E-1
2.931176667E1	-8.634044780E-2
2.947160000E1	-1.184797633E-2
2.964770000E1	-7.272726949E-1
2.980776667E1	1.861416162E-1
2.996766667E1	1.435778672E-1
3.014383333E1	-1.593049140E-1
3.030363333E1	4.449300285E-2
3.047953333E1	1.367063302E-2
3.063960000E1	4.343025011E-2
3.079976667E1	-1.625117772E-1
3.097570000E1	8.012909878E-1
3.113570000E1	1.860314782E-1
3.131163333E1	-2.636696152E-2
3.147170000E1	8.094026009E-1
3.163170000E1	2.785123796E-1
3.180760000E1	1.123157719E-1
3.196760000E1	1.041474827E-1
3.214356667E1	-1.325415543E-2
3.230360000E1	-2.243260347E-1
3.246363333E1	-3.877256258E-1
3.263956667E1	-5.562326838E-1
3.279960000E1	-3.094899472E-1
3.297560000E1	-5.328454647E-1
3.313560000E1	-5.156643245E-2
3.331153333E1	-1.732086289E-1
3.347153333E1	-4.403739491E-1
3.363160000E1	2.140342654E-1
3.380750000E1	-2.929078636E-2
3.396760000E1	2.712004551E-2
3.414350000E1	6.776586066E-2
3.430373333E1	6.146228936E-2
3.446373333E1	-1.034538137E-2
3.463953333E1	-6.981597383E-2
3.479963333E1	8.190524062E-1
3.497550000E1	-1.108824262E-1
3.513556667E1	2.445653622E-1
3.529570000E1	3.621743392E-1
3.547170000E1	2.168006244E-1
3.563163333E1	6.730357299E-2
3.580766667E1	5.436153954E-2
3.596760000E1	-1.519428813E-1
3.612763333E1	-6.072539019E-1
3.630350000E1	-7.744491025E-1
3.646370000E1	-2.158475510E-1
3.663963333E1	-2.186942632E-1
3.679963333E1	-4.261554640E-1
3.697546667E1	1.063556131E-2
3.713550000E1	-2.659768768E-1
3.729556667E1	-9.303087655E-2
3.747156667E1	4.642156047E-1
3.763156667E1	-2.621173597E-1
3.780743333E1	9.232331871E-3
3.796763333E1	1.476599283E-3
3.812763333E1	5.857841895E-2
3.830356667E1	-7.635722198E-3
3.846356667E1	2.342178393E-1
3.863953333E1	7.299545193E-1
3.879956667E1	-3.012734506E-1
3.895960000E1	6.106041002E-1
3.913560000E1	3.605427475E-1
3.929566667E1	1.208641320E-1
3.947150000E1	5.718368889E-2
3.963153333E1	4.289078090E-2
3.980750000E1	-2.677106031E-1
3.996746667E1	-8.438628727E-1
4.012746667E1	-8.448004572E-1
4.030343333E1	-3.327553163E-1
4.046346667E1	-3.062096117E-1
4.063940000E1	-2.144771936E-1
4.079950000E1	2.027267844E-2
4.095946667E1	-6.583020685E-1
4.113546667E1	1.478341656E-2
4.129553333E1	3.158592889E-1
4.147140000E1	-3.092644045E-1
4.163146667E1	-4.668746363E-3
4.179173333E1	-1.562360405E-3
4.196753333E1	9.722677099E-2
4.212750000E1	-5.558182605E-2
4.230350000E1	3.710981681E-1
4.246366667E1	6.950424814E-1
4.262356667E1	-1.012370492E-1
4.279950000E1	2.820174131E-1
4.295946667E1	2.318357518E-1
4.313550000E1	8.398944955E-2
4.329573333E1	2.481002312E-2
4.347153333E1	-3.252824760E-2
4.363146667E1	-3.652104293E-1
4.379146667E1	-7.446505310E-1
4.396743333E1	-6.914171625E-1
4.412746667E1	-4.965229875E-1
4.430343333E1	-6.044188470E-1
4.446353333E1	-3.534622079E-2
4.462346667E1	9.639829666E-3
4.479946667E1	-5.978079204E-1
4.495946667E1	2.043414252E-1
4.513546667E1	1.018205955E-1
4.529563333E1	-1.664201851E-1
4.545556667E1	8.831083300E-3
4.563153333E1	4.794221347E-3
4.579140000E1	4.190022242E-2
4.596736667E1	-7.348482535E-2
4.612746667E1	8.454235717E-1
4.628756667E1	1.296437599E-1
4.646353333E1	2.688886897E-2
4.662343333E1	1.625991440E-1
4.679950000E1	1.544605674E-1
4.695956667E1	-1.742576515E-2
4.713550000E1	4.238452962E-2
4.729536667E1	-9.203046080E-2
4.745553333E1	-6.346148444E-1
4.763143333E1	-8.930916609E-1
4.779156667E1	-7.094271034E-1
4.796733333E1	-6.207532485E-1
4.812733333E1	-5.140241880E-1
4.828753333E1	5.552114626E-2
4.846336667E1	-1.597728948E-1
4.862340000E1	-2.389253800E-1
4.879940000E1	7.597778668E-1
4.895940000E1	-1.042558717E-1
4.911953333E1	-2.888628330E-2
4.929546667E1	4.782216224E-3
4.945550000E1	7.343250269E-2
4.963153333E1	3.530335829E-2
4.979150000E1	8.741128988E-2
4.996746667E1	1.008974433E0
5.012746667E1	-7.745932878E-2
5.028736667E1	8.817047254E-2
5.046356667E1	2.216697117E-1
5.062356667E1	1.089621812E-1
5.079943333E1	-6.513003891E-2
5.095943333E1	-6.821288842E-2
5.111950000E1	-3.247427057E-1
5.129536667E1	-7.066037438E-1
5.145540000E1	-8.515972353E-1
5.163140000E1	-7.897071701E-1
5.179140000E1	-7.995922615E-1
5.195150000E1	-3.045530304E-1
5.212736667E1	2.458810534E-2
5.228750000E1	-3.536749775E-1
5.246330000E1	5.072933054E-2
5.262336667E1	4.456234902E-1
5.278350000E1	-1.246419640E-1
5.295926667E1	6.017834843E-3
5.311936667E1	-4.502489562E-2
5.329543333E1	1.010479861E-1
5.345543333E1	-1.955234732E-2
5.363140000E1	5.090054127E-1
5.379143333E1	9.049697877E-1
5.395130000E1	-1.187009571E-1
5.412733333E1	1.810166822E-1
5.428726667E1	2.065408815E-1
5.446323333E1	8.140610676E-2
5.462330000E1	-1.114074053E-1
5.478333333E1	-1.154862947E-1
5.495926667E1	-6.069403087E-1
5.511933333E1	-9.253399073E-1
5.529526667E1	-8.989035896E-1
5.545543333E1	-6.783958116E-1
5.561530000E1	-7.566240212E-1
5.579126667E1	-1.273517860E-1
5.595130000E1	1.112207136E-1
5.612723333E1	-4.126666964E-1
5.628740000E1	1.186870298E-1
5.644733333E1	1.531373248E-1
5.662336667E1	-1.378875107E-1
5.678340000E1	-1.688156465E-3
5.695930000E1	-5.051979619E-2
5.711940000E1	5.169019665E-2
5.729533333E1	-7.549006797E-2
5.745540000E1	8.135482801E-1
5.761536667E1	6.768281375E-1
5.779126667E1	-8.841308455E-2
5.795120000E1	3.772367847E-1
5.812716667E1	2.631835215E-1
5.828740000E1	4.349028276E-2
5.844736667E1	-5.732895918E-2
5.862330000E1	-6.025216240E-2
5.878326667E1	-7.052525001E-1
5.895933333E1	-8.191117415E-1
5.911923333E1	-7.505621275E-1
5.927953333E1	-6.215747271E-1
5.945536667E1	-5.393910204E-1
5.961530000E1	-5.732585210E-2
5.979120000E1	8.050014314E-3
5.995123333E1	-3.891466444E-1
6.012720000E1	2.087105235E-1
6.028730000E1	2.499652220E-2
6.044726667E1	-2.875734719E-2
6.062336667E1	2.258496161E-2
6.078336667E1	-1.109300857E-2
6.095916667E1	1.330668010E-2
6.111920000E1	-2.500879339E-3
6.127923333E1	9.655021734E-1
6.145533333E1	-4.539091572E-3
6.161536667E1	5.460677543E-2
6.179123333E1	3.373785179E-1
6.195130000E1	2.244771913E-1
6.211123333E1	1.956546324E-2
6.228720000E1	2.968529267E-2
6.244716667E1	-6.437683336E-2
6.262330000E1	-6.101162425E-1
6.278320000E1	-7.972280949E-1
6.294323333E1	-2.911303142E-1
6.311930000E1	-2.707998719E-1
6.327923333E1	-4.371049059E-1
6.345513333E1	-1.106966837E-2
6.361536667E1	-9.501209312E-2
6.379110000E1	-1.027757909E-1
6.395120000E1	2.683535524E-1
6.411133333E1	-2.265415775E-1
6.428716667E1	-3.619046819E-2
6.444743333E1	-3.658567563E-2
6.462323333E1	2.252361537E-2
6.478323333E1	-2.044979307E-2
6.494333333E1	1.522525049E-1
6.511920000E1	8.776319007E-1
6.527933333E1	-2.984998852E-1
6.545526667E1	4.998808694E-1
6.561513333E1	3.443354224E-1
6.577526667E1	1.046328899E-1
6.595123333E1	-2.596225608E-2
6.611116667E1	-5.177852836E-2
6.628726667E1	-1.691490812E-1
6.644713333E1	-3.365731113E-1
6.660726667E1	-7.074785023E-1
6.678306667E1	-1.842212402E-1
6.694316667E1	-5.378503075E-1
6.711916667E1	-2.964720269E-1
6.727926667E1	1.041320925E-1
6.745516667E1	-5.826229562E-1
6.761520000E1	-2.316577845E-2
6.777520000E1	2.903084690E-1
6.795116667E1	-3.358032755E-1
6.811126667E1	-3.313275288E-2
6.828706667E1	-5.475447941E-2
6.844720000E1	6.144654661E-2
6.860716667E1	-3.070141280E-2
6.878306667E1	6.224016100E-1
6.894306667E1	7.948121237E-1
6.911923333E1	-1.497619051E-1
6.927910000E1	5.967743484E-1
6.943913333E1	3.298588610E-1
6.961506667E1	4.552901750E-2
6.977510000E1	-5.721696160E-2
6.995103333E1	-1.176713762E-1
7.011106667E1	-3.592130177E-1
7.028696667E1	-7.115580045E-1
