mass_A
t	x
0.000000000E0	-6.821210263E-13
1.602333333E-1	-3.031686672E-3
3.201666667E-1	-3.900492510E-3
4.959666667E-1	2.579742729E-3
6.561333333E-1	8.777580456E-5
8.320666667E-1	2.401628339E-3
9.921333333E-1	-7.568486458E-3
1.168100000E0	2.173400654E-3
1.327933333E0	-7.795998019E-3
1.488233333E0	8.396200628E-3
1.664133333E0	-6.605656444E-3
1.824000000E0	-2.935393272E-3
2.000066667E0	1.212909720E-2
2.160100000E0	-2.168979310E-4
2.320133333E0	-7.578463078E-4
2.496100000E0	6.121036451E-3
2.656000000E0	-1.135496264E-3
2.832100000E0	2.094675525E-3
2.992033333E0	6.453306486E-3
3.152066667E0	-9.633705054E-3
3.328233333E0	6.807070809E-3
3.488100000E0	2.844218898E-3
3.664100000E0	1.547875071E-3
3.824100000E0	1.092641333E-3
3.999866667E0	1.004800431E-2
4.160000000E0	2.539204416E-3
4.320100000E0	8.788129132E-3
4.496066667E0	4.223390948E-3
4.656000000E0	1.584157024E-3
4.831900000E0	-9.299284705E-3
4.991966667E0	-4.115387822E-3
5.151966667E0	-1.092946870E-2
5.328000000E0	3.173959943E-2
5.488066667E0	-4.003663051E-3
5.663966667E0	6.417710531E-3
5.824066667E0	6.976651102E-3
5.984066667E0	9.464239033E-3
6.159933333E0	5.818318805E-3
6.319933333E0	-1.852212658E-3
6.496033333E0	2.094889728E-2
6.656000000E0	8.084392998E-3
6.815966667E0	-1.098853470E-2
6.992000000E0	2.759802879E-2
7.152000000E0	-8.491094562E-3
7.327866667E0	-1.052101365E-2
7.487966667E0	6.158431027E-3
7.664000000E0	-1.281115243E-3
7.823966667E0	-2.446808604E-2
7.983933333E0	5.252313360E-3
8.160033333E0	3.562120094E-2
8.319966667E0	-2.103932798E-3
8.495833333E0	-6.594809300E-3
8.656033333E0	6.935887105E-2
8.816000000E0	-1.610242498E-2
8.992033333E0	5.949080598E-2
9.152033333E0	-1.039528071E-2
9.327833333E0	1.160892109E-2
9.487900000E0	2.846116400E-2
9.647900000E0	1.441908762E-3
9.823966667E0	2.891563097E-2
9.984033333E0	-2.167519981E-3
1.015983333E1	2.432383207E-3
1.032000000E1	-6.201295507E-3
1.048003333E1	-2.053728095E-2
1.065586667E1	-1.359687350E-2
1.081600000E1	-3.438822101E-2
1.099200000E1	-1.177588724E-2
1.115203333E1	-1.510185022E-2
1.132786667E1	-4.929219869E-2
1.148790000E1	-4.689755238E-2
1.164786667E1	-6.306961982E-2
1.182386667E1	4.562219133E-3
1.198386667E1	1.855294769E-2
1.215993333E1	3.390993790E-2
1.231993333E1	6.635830578E-3
1.247996667E1	3.170840879E-2
1.265590000E1	1.131823180E-2
1.281593333E1	3.511619584E-2
1.299196667E1	5.978328910E-2
1.315180000E1	3.417476767E-3
1.331196667E1	2.064443416E-2
1.348793333E1	3.199813480E-3
1.364790000E1	2.157452739E-2
1.382376667E1	2.146218339E-3
1.398383333E1	1.365081517E-2
1.415983333E1	-1.221053370E-2
1.431986667E1	-7.864237414E-3
1.447983333E1	-1.135195083E-2
1.465583333E1	-2.431824851E-2
1.481596667E1	-1.318771189E-2
1.499173333E1	3.272466388E-3
1.515186667E1	-1.680763149E-2
1.531196667E1	-1.053938064E-2
1.548776667E1	5.889110717E-3
1.564796667E1	-9.522675133E-2
1.582370000E1	9.901293978E-2
1.598376667E1	7.168515213E-2
1.614380000E1	6.717015397E-2
1.631976667E1	5.731436500E-2
1.647980000E1	6.587021133E-2
1.665593333E1	8.524170592E-3
1.681583333E1	2.115904746E-2
1.697586667E1	1.315764429E-2
1.715193333E1	-1.044297832E-2
1.731186667E1	3.074783951E-2
1.748790000E1	-7.177435658E-2
1.764786667E1	-3.257161053E-4
1.782383333E1	-8.208084669E-2
1.798386667E1	-6.722267434E-2
1.814383333E1	-7.419693215E-2
1.831973333E1	-9.195192976E-2
1.847986667E1	-7.432745262E-2
1.865576667E1	-1.076422043E-1
1.881590000E1	-4.566518197E-2
1.897593333E1	-4.314780575E-3
1.915186667E1	-6.814126912E-2
1.931186667E1	-9.667020072E-2
1.948776667E1	-6.206023405E-2
1.964776667E1	-9.599942656E-2
1.980793333E1	2.607471339E-1
1.998373333E1	5.149680219E-2
2.014396667E1	7.099891547E-2
2.031976667E1	1.088152811E-1
2.047973333E1	3.290249683E-2
2.063983333E1	-2.795987011E-2
2.081573333E1	3.707539551E-2
2.097583333E1	-8.987054720E-2
2.115176667E1	-2.240237056E-2
2.131186667E1	-1.530579298E-2
2.148770000E1	-6.013844434E-2
2.164776667E1	-6.280808726E-3
2.180786667E1	-1.339881834E-1
2.198383333E1	-2.224247794E-2
2.214380000E1	-7.977777518E-2
2.231980000E1	-6.700538283E-2
2.247990000E1	-3.277350902E-2
2.263970000E1	-8.384556280E-2
2.281573333E1	-3.030806857E-2
2.297583333E1	-4.335712185E-2
2.315163333E1	-2.755525606E-2
2.331170000E1	-2.965048202E-2
2.347173333E1	-7.818552863E-2
2.364773333E1	4.105388375E-3
2.380776667E1	2.982527203E-1
2.398380000E1	4.208393328E-2
2.414366667E1	1.585915926E-1
2.431976667E1	1.480201735E-1
2.447980000E1	5.395186652E-2
2.463973333E1	1.038698983E-2
2.481566667E1	1.966717081E-2
2.497573333E1	5.579001484E-3
2.515173333E1	7.810129878E-3
2.531180000E1	1.749710812E-3
2.547170000E1	-4.980107371E-2
2.564780000E1	6.071114461E-2
2.580773333E1	-3.140301687E-1
2.598356667E1	-1.081464733E-1
2.614370000E1	-2.299008961E-1
2.630396667E1	-1.079579810E-1
2.647976667E1	4.439654227E-3
2.663973333E1	-4.069058505E-2
2.681570000E1	1.025676687E-2
2.697580000E1	-2.232162536E-2
2.713573333E1	1.641203278E-2
2.731170000E1	7.988635558E-3
2.747173333E1	-4.724668414E-3
2.764763333E1	6.064959725E-2
2.780763333E1	8.490016144E-2
2.798370000E1	4.261990597E-2
2.814363333E1	1.013794076E-1
2.830366667E1	9.514423715E-2
2.847973333E1	3.841916032E-2
2.863973333E1	-4.095588939E-3
2.881560000E1	-5.482305620E-2
2.897563333E1	-3.423896045E-2
2.913566667E1	-4.525413782E-2
2.931156667E1	-4.816600492E-2
2.947160000E1	-2.307609956E-1
2.964770000E1	-6.553590458E-2
2.980760000E1	-1.342300553E-1
2.996773333E1	-5.903192409E-2
3.014363333E1	-1.568612590E-1
3.030363333E1	-7.576725777E-2
3.047970000E1	-6.773306547E-2
3.063963333E1	-3.460398627E-2
3.079973333E1	1.207995246E-2
3.097560000E1	-2.596968990E-2
3.113570000E1	-1.523750052E-2
3.131163333E1	-2.428546556E-2
3.147156667E1	-4.089596436E-2
3.164763333E1	1.467032483E-1
3.180773333E1	7.843275914E-2
3.196770000E1	5.208068413E-2
3.214373333E1	6.772284933E-2
3.230380000E1	3.296935252E-2
3.247966667E1	-1.331363145E-2
3.263960000E1	-8.205198558E-3
3.279963333E1	-8.991575207E-2
3.297560000E1	-6.948928599E-3
3.313566667E1	-2.550151359E-2
3.331160000E1	-4.500882298E-2
3.347150000E1	1.173711766E-2
3.363160000E1	-1.116653795E-1
3.380756667E1	-1.109032320E-1
3.396756667E1	-8.062821148E-2
3.414350000E1	-1.075741486E-1
3.430353333E1	-1.448355274E-2
3.447946667E1	-2.103233952E-2
3.463950000E1	1.267525583E-2
3.479956667E1	1.382685895E-2
3.497550000E1	-7.327835660E-2
3.513560000E1	3.047213152E-2
3.531143333E1	-2.965134353E-2
3.547146667E1	-4.274467246E-3
3.563170000E1	9.856808121E-2
3.580763333E1	7.498632579E-2
3.596753333E1	2.806582645E-2
3.614360000E1	8.360895017E-2
3.630373333E1	-7.579425547E-2
3.646366667E1	-2.026602711E-1
3.663956667E1	-1.097276425E-1
3.679956667E1	-1.926467126E-1
3.697560000E1	-4.297470324E-2
3.713550000E1	-6.086807990E-2
3.729563333E1	-6.371716132E-2
3.747150000E1	4.710169185E-2
3.763166667E1	-1.684289591E-1
3.780750000E1	-8.583804439E-2
3.796763333E1	-1.054062215E-1
3.814343333E1	-9.574289623E-2
3.830360000E1	-5.706401958E-3
3.846370000E1	-1.119280682E-2
3.863946667E1	1.749827737E-2
3.879950000E1	-6.355741979E-2
3.897543333E1	-4.046451100E-2
3.913546667E1	1.829798936E-2
3.929553333E1	-1.766997400E-1
3.947160000E1	7.569465282E-2
3.963160000E1	1.032790532E-1
3.980753333E1	3.309727790E-2
3.996753333E1	3.970069526E-2
4.012756667E1	1.328649987E-1
4.030346667E1	-4.543184881E-1
4.046350000E1	-2.188349577E-1
4.063960000E1	-2.548552485E-1
4.079943333E1	-1.465041305E-1
4.095960000E1	2.676453194E-2
4.113556667E1	-7.371518083E-2
4.129556667E1	-1.615472927E-2
4.147140000E1	-2.593411496E-2
4.163143333E1	-1.153752494E-1
4.180753333E1	1.479291460E-3
4.196756667E1	-9.049315582E-2
4.212760000E1	-7.406350605E-4
4.230340000E1	4.151065916E-3
4.246360000E1	1.490066715E-2
4.263943333E1	6.296292476E-2
4.279950000E1	-1.191129874E-1
4.295960000E1	-6.578561897E-2
4.313546667E1	-1.884294011E-2
4.329543333E1	-8.713281383E-2
4.347150000E1	2.546789566E-1
4.363136667E1	8.675236687E-2
4.379166667E1	4.462658780E-2
4.396746667E1	5.225079171E-2
4.412743333E1	1.848233535E-2
4.430336667E1	-2.747302594E-1
4.446360000E1	-2.467709385E-2
4.463950000E1	-6.217649340E-1
4.479946667E1	-8.818649319E-2
4.495956667E1	-7.553464902E-3
4.513556667E1	-1.169861394E-1
4.529550000E1	-2.321859009E-2
4.547146667E1	-9.826133776E-2
4.563146667E1	-9.519819968E-2
4.579133333E1	-4.127103657E-2
4.596740000E1	-7.746967104E-2
4.612740000E1	8.988505347E-2
4.630343333E1	3.670676904E-2
4.646356667E1	2.731368876E-2
4.662343333E1	3.679207902E-2
4.679946667E1	-8.149244187E-2
4.695943333E1	-1.304041850E-2
4.713540000E1	-8.898908600E-2
4.729550000E1	1.762741217E-2
4.745536667E1	2.995868130E-1
4.763140000E1	-1.708175448E-2
4.779150000E1	3.981578690E-2
4.796733333E1	6.763913584E-2
4.812776667E1	-1.578027119E-1
4.830340000E1	-2.568201785E-1
4.846333333E1	-6.370142324E-2
4.862333333E1	-4.994711935E-1
4.879933333E1	-5.986082224E-2
4.895936667E1	-1.266699394E-1
4.913526667E1	-1.162255756E-1
4.929530000E1	6.127972085E-2
4.945530000E1	-2.321183031E-1
4.963130000E1	-4.730125709E-2
4.979146667E1	-7.728362079E-2
4.996743333E1	-8.645673487E-2
5.012733333E1	9.776413019E-2
5.028740000E1	8.340422190E-3
5.046330000E1	5.367155418E-2
5.062346667E1	-1.739713009E-2
5.079926667E1	-1.442464858E-2
5.095940000E1	-3.354554013E-2
5.111936667E1	-1.022246387E-1
5.129533333E1	1.490363239E-1
5.145530000E1	1.008597783E-1
5.163126667E1	-7.629685995E-3
5.179146667E1	3.563396692E-2
5.196740000E1	1.714427797E-2
5.212736667E1	-9.831701534E-2
5.228730000E1	-4.636615555E-2
5.246346667E1	-1.008996086E-1
5.262343333E1	-1.307762032E-1
5.279920000E1	-8.666531469E-3
5.295926667E1	-7.021431562E-2
5.311930000E1	-3.825831248E-2
5.329526667E1	1.132478254E-2
5.345526667E1	-1.579068127E-1
5.363123333E1	-9.827657389E-3
5.379130000E1	-1.309735767E-1
5.395130000E1	-1.499830665E-3
5.412723333E1	1.102028890E-2
5.428723333E1	2.144550272E-2
5.446320000E1	4.679473883E-2
5.462326667E1	-6.702197427E-2
5.479920000E1	-3.170929236E-2
5.495926667E1	-5.236828132E-2
5.511946667E1	-4.175341450E-2
5.529526667E1	2.637488082E-1
5.545526667E1	-6.049731906E-3
5.563116667E1	3.268160436E-2
5.579133333E1	3.288179469E-2
5.595130000E1	8.444174961E-3
5.612723333E1	-7.976221740E-2
5.628736667E1	1.459459186E-3
5.646330000E1	-1.431392469E-1
5.662330000E1	-5.426842340E-2
5.678326667E1	-4.020335665E-2
5.695933333E1	-1.066893897E-1
5.711926667E1	1.744778626E-2
5.729516667E1	-7.212515043E-2
5.745540000E1	-6.849533816E-2
5.761536667E1	-1.813930975E-3
5.779133333E1	-5.092910386E-2
5.795133333E1	-1.294521625E-2
5.812716667E1	-2.763920933E-2
5.828733333E1	2.541266439E-2
5.846326667E1	-3.381302500E-2
5.862333333E1	-6.254282058E-2
5.878333333E1	-5.978801100E-3
5.895916667E1	-1.463263051E-1
5.911920000E1	1.241988187E-2
5.929526667E1	2.344678232E-1
5.945516667E1	3.367980203E-3
5.961513333E1	3.119395636E-2
5.979116667E1	9.939445368E-2
5.995120000E1	-1.619133183E-1
6.012720000E1	-2.523784221E-1
6.028730000E1	1.545156694E-2
6.044733333E1	-1.104248287E-1
6.062320000E1	-2.391461645E-2
6.078333333E1	-3.890710952E-2
6.095930000E1	-9.365789397E-2
6.111916667E1	1.085798707E-2
6.127933333E1	-1.039240566E-1
6.145536667E1	-2.236317000E-2
