mass_A
t	x
0.000000000E0	-3.979039320E-13
1.600333333E-1	4.645527138E-3
3.361666667E-1	-5.970077104E-4
4.960333333E-1	-6.849159920E-3
6.719333333E-1	-6.930305294E-3
8.319666667E-1	-8.828636792E-3
9.920333333E-1	-4.325059406E-3
1.167966667E0	-6.357973553E-3
1.328133333E0	-9.472355686E-3
1.503966667E0	-4.158205313E-3
1.664033333E0	3.099925187E-3
1.824066667E0	8.988380260E-3
2.000000000E0	1.129495632E-2
2.160000000E0	8.328616173E-4
2.335966667E0	1.146800296E-2
2.496100000E0	3.674988806E-3
2.671933333E0	1.015147262E-2
2.832033333E0	6.637777538E-4
2.991933333E0	8.305914150E-3
3.168000000E0	1.727864089E-2
3.328300000E0	-6.119660731E-3
3.504000000E0	5.068171776E-3
3.664033333E0	-7.789221471E-3
3.824100000E0	3.219470839E-3
3.999933333E0	-5.391275151E-3
4.159966667E0	-1.272145893E-3
4.336000000E0	-2.618306025E-2
4.496066667E0	-2.440510430E-2
4.656000000E0	-2.703689222E-2
4.831933333E0	8.927096462E-3
4.991933333E0	-1.048321640E-1
5.167900000E0	-1.026924034E-1
5.327966667E0	2.421360394E-1
5.503866667E0	-5.879854086E-1
5.663966667E0	1.775066953E-1
5.823933333E0	-2.783046278E-1
5.999900000E0	7.703767310E-2
6.159933333E0	8.940273398E-2
6.336000000E0	2.356337975E-2
6.495966667E0	3.911537204E-2
6.656066667E0	5.399093931E-2
6.832133333E0	7.255877854E-2
6.991966667E0	-4.454969815E-2
7.167933333E0	8.915307120E-3
7.327900000E0	-1.393345402E-1
7.488333333E0	-1.264236633E-1
7.663933333E0	-4.833892129E-2
7.824266667E0	-1.309938012E-1
7.999966667E0	-5.349933181E-2
8.159900000E0	2.340943937E-2
8.320000000E0	-8.883583366E-1
8.496033333E0	-1.063885809E-1
8.656000000E0	2.469588432E-1
8.831833333E0	-7.660941854E-1
8.991933333E0	7.556239943E-1
9.167833333E0	-4.494123869E-1
9.328000000E0	6.735893428E-1
9.487900000E0	2.114552325E-1
9.663933333E0	4.803301379E-2
9.823966667E0	5.113269697E-2
9.999900000E0	7.590866494E-2
1.015980000E1	3.653481586E-1
1.032000000E1	-2.498829330E-1
1.049593333E1	2.183874962E-1
1.065596667E1	1.291415001E-1
1.083180000E1	-8.753113723E-2
1.099186667E1	-1.126959362E-2
1.115186667E1	-1.395128823E-1
1.132790000E1	-8.669847843E-2
1.148800000E1	1.503490986E-1
1.166380000E1	-9.403048887E-1
1.182383333E1	-8.407174257E-2
1.199976667E1	6.431655805E-1
1.215980000E1	-5.123663736E-1
1.231983333E1	3.252389406E-1
1.249580000E1	-3.551068764E-1
1.265580000E1	3.665497785E-1
1.283173333E1	-1.468105295E-2
1.299180000E1	1.571190865E-1
1.315183333E1	1.649850360E-1
1.332776667E1	2.310747598E-1
1.348780000E1	2.124670856E-1
1.366376667E1	-6.744729098E-2
1.382393333E1	5.602302009E-2
1.398383333E1	9.285101232E-2
1.416000000E1	-7.701656531E-2
1.431990000E1	-4.382722129E-2
1.449586667E1	-6.736186688E-2
1.465600000E1	-3.930235320E-2
1.481596667E1	-4.637163478E-2
1.499190000E1	-5.097539549E-1
1.515173333E1	6.494082372E-2
1.532786667E1	-2.712325104E-2
1.548790000E1	1.034614581E-1
1.566390000E1	2.724277911E-1
1.582383333E1	-2.815317857E-1
1.598390000E1	1.991200491E-1
1.615973333E1	-1.507068125E-1
1.632000000E1	9.458545333E-2
1.649570000E1	1.346077743E-1
1.665580000E1	5.708340384E-2
1.681590000E1	8.107905218E-2
1.699176667E1	-3.222173946E-2
1.715176667E1	8.737133457E-2
1.732783333E1	1.919551614E-2
1.748790000E1	2.467129557E-2
1.764780000E1	-2.143493237E-2
1.782386667E1	-6.189283874E-2
1.798376667E1	2.832648891E-2
1.815973333E1	-5.686957504E-2
1.831973333E1	-1.723209310E-1
1.848016667E1	2.948755578E-2
1.865576667E1	-4.299164944E-1
1.881590000E1	3.991184452E-1
1.899176667E1	-6.633587026E-2
1.915180000E1	-7.180669490E-1
1.932763333E1	3.924666094E-2
1.948793333E1	-1.285902584E-1
1.964786667E1	1.285530016E-1
1.982380000E1	7.141297699E-2
1.998370000E1	1.186631394E-2
2.015966667E1	3.628431353E-2
2.031976667E1	-1.732313768E-1
2.047966667E1	-2.433915903E-1
2.065573333E1	-1.104939845E-2
2.081583333E1	-1.376475987E-3
2.099180000E1	-4.324681387E-2
2.115170000E1	9.219566601E-4
2.131183333E1	1.952160736E-2
2.148770000E1	-6.620160090E-1
2.164790000E1	-1.337310800E-1
2.182370000E1	2.156638280E-2
2.198383333E1	-7.149663149E-1
2.215970000E1	7.777136808E-1
2.231986667E1	-3.277584124E-1
2.247976667E1	-2.369788879E-1
2.265560000E1	3.534796555E-1
2.281593333E1	2.727213562E-2
2.299163333E1	3.108550564E-1
2.315170000E1	-5.670436763E-2
2.331176667E1	1.154760815E-1
2.348780000E1	-2.640719978E-2
2.364783333E1	-4.000002960E-2
2.382370000E1	-1.210399870E-2
2.398370000E1	-3.465523403E-2
2.414376667E1	2.517211066E-2
2.431966667E1	-8.199084111E-2
2.447990000E1	-3.243623290E-2
2.465576667E1	-4.206842169E-2
2.481563333E1	-1.337124149E-1
2.497606667E1	1.153484843E-2
2.515166667E1	-7.383920006E-2
2.531170000E1	-2.201929390E-2
2.548783333E1	1.810798119E-1
2.564766667E1	-9.121141450E-1
2.582356667E1	1.641068556E-1
2.598366667E1	-6.663254559E-2
2.614370000E1	-6.600146913E-2
2.631966667E1	1.655449864E-1
2.647976667E1	-4.721188107E-2
2.665556667E1	8.899242953E-2
2.681563333E1	-4.055065471E-2
2.697563333E1	-3.254804886E-2
2.715160000E1	4.229582073E-2
2.731163333E1	3.269942081E-2
2.748753333E1	3.286510949E-2
2.764760000E1	4.390574199E-3
2.780763333E1	4.603421369E-2
2.798356667E1	-1.399186110E-1
2.814360000E1	-2.674592789E-1
2.831956667E1	9.584223670E-2
2.847960000E1	-7.241729899E-1
2.863963333E1	1.801801579E-1
2.881553333E1	-6.072168900E-2
2.897563333E1	-6.460422645E-1
2.915160000E1	7.320748898E-1
2.931160000E1	-5.403908138E-2
2.948750000E1	-3.693400710E-2
2.964756667E1	3.397765329E-1
2.980760000E1	-4.037540688E-2
2.998353333E1	2.452569290E-1
3.014356667E1	1.582703956E-1
3.031950000E1	2.290693282E-2
3.047956667E1	9.323099179E-2
3.063960000E1	3.883459118E-2
3.081553333E1	1.655851143E-3
3.097556667E1	-4.488827220E-2
3.115153333E1	1.082116475E-1
3.131153333E1	-6.377336362E-1
3.147160000E1	-1.824647956E-1
3.164753333E1	1.629251357E-1
3.180756667E1	-9.093802014E-1
3.198350000E1	7.889205600E-1
3.214356667E1	-3.943063664E-1
3.231946667E1	-8.401092775E-2
3.247953333E1	8.814263218E-1
3.263960000E1	-8.327492253E-2
3.281553333E1	1.366084239E-1
3.297553333E1	6.077740018E-2
3.315146667E1	1.154426954E-1
3.331150000E1	1.336962228E-2
3.347156667E1	2.928997560E-2
3.364750000E1	-9.415091817E-2
3.380753333E1	4.279510497E-2
3.398343333E1	-3.713644822E-2
3.414353333E1	-5.206758749E-2
3.430353333E1	-2.729479757E-1
3.447950000E1	3.586709390E-2
3.463956667E1	-2.673089031E-1
3.481546667E1	4.975476422E-2
3.497550000E1	1.169838167E-1
3.513556667E1	-5.856861471E-1
3.531153333E1	8.201117989E-1
3.547153333E1	-7.553450789E-1
3.564746667E1	2.916648195E-1
3.580756667E1	4.275359181E-3
3.598343333E1	-2.014121689E-1
3.614346667E1	3.244394170E-1
3.630346667E1	6.083165809E-2
3.647970000E1	3.032090571E-1
3.663953333E1	1.282558734E-2
3.681550000E1	-4.103715682E-2
3.697546667E1	-7.193864148E-2
3.713556667E1	7.592826050E-2
3.731156667E1	-1.243133002E-1
3.747146667E1	-1.008953082E-1
3.764746667E1	-9.304695532E-2
3.780760000E1	-4.012737737E-2
3.796753333E1	-3.450596803E-1
3.814353333E1	2.359580227E-1
3.830343333E1	-1.144661553E-1
3.847950000E1	7.942658479E-3
3.863946667E1	4.200377552E-1
3.879953333E1	-9.130478294E-1
3.897546667E1	7.855587740E-1
3.913553333E1	8.382013581E-3
3.931143333E1	-3.141634289E-2
3.947150000E1	4.795987420E-1
3.964746667E1	5.613642859E-2
3.980756667E1	5.842453341E-1
3.996760000E1	-8.153811646E-2
4.014356667E1	-1.538120349E-1
4.030343333E1	1.961169656E-1
4.047953333E1	2.646679383E-1
4.063940000E1	-9.375816599E-2
4.079973333E1	-7.383728197E-1
4.097543333E1	-1.449583987E-1
4.113560000E1	-2.199206614E-1
4.131140000E1	-2.393165135E-1
4.147143333E1	2.791437611E-1
4.163146667E1	-8.339318465E-1
4.180753333E1	1.695201091E-1
4.196753333E1	-3.403216504E-1
4.214346667E1	-2.712393104E-1
4.230356667E1	3.160944107E-1
4.247933333E1	-7.163729789E-2
4.263943333E1	9.763574612E-2
4.279940000E1	3.138689007E-1
4.297550000E1	1.614173745E-1
4.313543333E1	7.545120502E-2
4.331140000E1	-7.805962854E-3
4.347156667E1	-3.854046602E-1
4.363150000E1	5.450535231E-1
4.380730000E1	3.469194771E-2
4.396743333E1	-2.543997826E-1
4.414346667E1	-7.136732617E-1
4.430353333E1	-1.600812102E-1
4.446383333E1	-6.911301203E-1
4.463933333E1	-5.965324328E-2
4.479940000E1	2.790970802E-2
4.497543333E1	-8.034052407E-1
4.513543333E1	6.718308760E-1
4.529553333E1	-9.092631129E-1
4.547136667E1	4.847876605E-1
4.563153333E1	2.838405421E-1
4.580740000E1	-4.360520910E-2
4.596736667E1	2.363980476E-1
4.614346667E1	1.229278777E-1
4.630350000E1	7.331545982E-2
4.646350000E1	7.431350019E-2
4.663950000E1	5.120754570E-2
4.679946667E1	-3.608639166E-2
4.697523333E1	1.232610325E-1
4.713533333E1	-4.743178798E-1
4.729536667E1	-3.480664137E-1
4.747130000E1	-2.601568788E-1
4.763133333E1	-6.451164638E-1
4.780733333E1	-7.909953891E-1
4.796730000E1	2.798538034E-1
4.812743333E1	-8.350267335E-1
4.830330000E1	2.078975101E-1
4.846340000E1	-6.684972091E-2
4.863940000E1	-3.364740341E-1
4.879933333E1	7.665958142E-1
4.895936667E1	-3.153035580E-4
4.913533333E1	-7.185313542E-2
4.929540000E1	1.738935001E-1
4.947126667E1	1.802978161E-1
4.963133333E1	-4.428883775E-2
4.980723333E1	4.046236041E-1
4.996726667E1	-4.735984176E-2
5.012733333E1	-1.514216807E-1
5.030326667E1	5.590144678E-1
5.046330000E1	-8.228834190E-1
5.063923333E1	-7.776837434E-1
5.079930000E1	5.626784298E-2
5.095933333E1	-9.454403227E-1
5.113526667E1	-5.325178097E-2
5.129530000E1	1.072545358E-1
5.147123333E1	-7.531028093E-1
5.163140000E1	7.255673744E-1
5.179140000E1	-7.907255352E-1
5.196740000E1	8.424524182E-1
5.212733333E1	4.458116403E-2
5.230340000E1	-3.728878578E-2
5.246323333E1	1.236726817E-1
5.263933333E1	3.991964036E-1
5.279953333E1	7.036597835E-2
5.295930000E1	-2.780712472E-1
5.313526667E1	5.794321369E-1
5.329540000E1	-5.249862473E-1
5.347113333E1	3.604809878E-1
5.363126667E1	2.210219072E-1
5.379126667E1	-1.391834985E0
5.396726667E1	2.665773637E-1
5.412730000E1	-2.029657216E-1
5.430316667E1	-1.041818084E0
5.446330000E1	1.129250097E0
5.462330000E1	-7.472285172E-1
5.479920000E1	6.340880935E-2
5.495923333E1	-3.218949307E-1
5.513520000E1	1.178580350E-1
5.529520000E1	4.985012655E-1
5.545526667E1	-1.378057120E-1
5.563123333E1	2.488810868E-1
5.579123333E1	9.800702952E-2
5.596720000E1	4.052176450E-1
5.612723333E1	-1.015092017E-1
5.630313333E1	1.822004435E-1
5.646320000E1	5.397515094E-2
5.662320000E1	-2.228783510E-1
5.679920000E1	9.075221328E-1
5.695923333E1	-8.583275553E-1
5.713523333E1	-7.886207472E-1
5.729546667E1	8.772259717E-1
5.745523333E1	-1.187894940E0
5.763120000E1	9.113131278E-2
5.779130000E1	2.977691533E-1
5.796723333E1	-5.155017625E-1
5.812733333E1	1.590141464E-1
5.828733333E1	-2.996538814E-1
5.846333333E1	7.960022123E-1
5.862336667E1	1.411398719E-2
5.879923333E1	1.760974733E-1
5.895920000E1	1.873223179E-1
5.911923333E1	5.292550315E-2
5.929520000E1	8.174929749E-2
5.945536667E1	-7.280729839E-2
5.963113333E1	1.173794807E-1
5.979116667E1	-8.256919866E-2
5.996706667E1	5.659468080E-2
6.012720000E1	3.128929019E-1
6.028730000E1	-1.597224877E0
6.046330000E1	6.199835426E-1
6.062330000E1	-2.805923107E-2
6.079906667E1	-1.103507270E0
6.095910000E1	1.095501369E0
6.111946667E1	-2.577472194E-1
6.129510000E1	1.877859667E-1
6.145510000E1	-8.085741499E-1
6.163110000E1	2.148899975E-1
6.179113333E1	9.406955837E-1
6.195116667E1	-1.095530371E-1
6.212716667E1	2.676361444E-1
6.228723333E1	1.105340625E-1
6.246330000E1	2.923992685E-1
6.262326667E1	3.000718312E-2
6.279913333E1	1.939302969E-1
6.295940000E1	-8.872770348E-3
6.311920000E1	-3.839641222E-1
6.329526667E1	6.648163346E-1
6.345513333E1	-7.827175953E-1
6.363113333E1	-8.582610035E-1
6.379126667E1	3.520988875E-1
6.395150000E1	-9.382915433E-1
6.412713333E1	2.844842452E-2
6.428710000E1	6.371728768E-2
6.446320000E1	-2.572013523E-1
6.462326667E1	4.129893274E-1
6.478326667E1	-4.806981889E-1
6.495913333E1	6.241543732E-1
6.511903333E1	-1.301687197E-1
6.529506667E1	2.029241615E-1
6.545506667E1	4.824437421E-1
6.561503333E1	-1.939690824E-2
6.579120000E1	1.343621925E-1
