mass_A
t	x
0.000000000E0	9.288824383E-1
1.760666667E-1	9.246421822E-1
3.361000000E-1	9.334948163E-1
5.119333333E-1	9.167811631E-1
6.720333333E-1	9.208342932E-1
8.321000000E-1	9.243281281E-1
1.008000000E0	9.274176434E-1
1.168033333E0	9.376081770E-1
1.344000000E0	9.493247097E-1
1.503900000E0	9.568575847E-1
1.679966667E0	9.530788031E-1
1.839900000E0	9.624767376E-1
2.000033333E0	9.717151315E-1
2.176100000E0	9.585946533E-1
2.336000000E0	9.604636082E-1
2.511966667E0	9.678629206E-1
2.671933333E0	9.535978512E-1
2.832000000E0	9.633725884E-1
3.007933333E0	9.452543439E-1
3.168166667E0	9.466810601E-1
3.343900000E0	9.402521265E-1
3.503933333E0	9.237184691E-1
3.664000000E0	9.266167440E-1
3.839900000E0	9.200181782E-1
3.999933333E0	9.115537117E-1
4.176000000E0	9.479556050E-1
4.335866667E0	9.588473165E-1
4.495933333E0	9.183764877E-1
4.671933333E0	8.797325054E-1
4.832033333E0	8.700904113E-1
5.008000000E0	9.387855849E-1
5.167933333E0	9.270780021E-1
5.343966667E0	9.315551602E-1
5.504000000E0	9.578496392E-1
5.663866667E0	9.646818778E-1
5.839866667E0	9.724230147E-1
5.999866667E0	9.983378512E-1
6.175833333E0	1.071388387E0
6.335833333E0	9.762992444E-1
6.495900000E0	9.879616983E-1
6.671833333E0	9.250869557E-1
6.831866667E0	9.523854673E-1
7.007766667E0	9.459003332E-1
7.167866667E0	9.392440980E-1
7.327933333E0	9.421596979E-1
7.504000000E0	9.365019802E-1
7.664033333E0	9.358491521E-1
7.839966667E0	9.254465974E-1
7.999900000E0	9.156468298E-1
8.159866667E0	9.155704528E-1
8.335866667E0	9.191270710E-1
8.495966667E0	9.120750886E-1
8.671866667E0	9.186530210E-1
8.831933333E0	9.077453182E-1
9.007933333E0	9.143036645E-1
9.167866667E0	9.342294844E-1
9.327833333E0	9.811994024E-1
9.503933333E0	1.018358111E0
9.663866667E0	9.687717577E-1
9.839900000E0	9.045900889E-1
9.999833333E0	9.131257515E-1
1.015983333E1	9.478417439E-1
1.033593333E1	9.653872878E-1
1.049590000E1	9.431176419E-1
1.067183333E1	9.042772256E-1
1.083190000E1	9.364821775E-1
1.099196667E1	9.355841008E-1
1.116780000E1	9.408747699E-1
1.132790000E1	9.331994321E-1
1.150376667E1	9.388272357E-1
1.166380000E1	9.082120826E-1
1.183986667E1	8.923569325E-1
1.199980000E1	9.052676503E-1
1.215990000E1	9.715431439E-1
1.233580000E1	9.701538101E-1
1.249596667E1	9.777002726E-1
1.267180000E1	9.711771151E-1
1.283180000E1	9.671650683E-1
1.299193333E1	9.820176415E-1
1.316776667E1	9.757600874E-1
1.332790000E1	1.003538930E0
1.350373333E1	9.934727631E-1
1.366373333E1	1.015466100E0
1.382390000E1	9.744429483E-1
1.399973333E1	9.379019071E-1
1.415980000E1	9.339473134E-1
1.433576667E1	9.297617725E-1
1.449583333E1	9.402262761E-1
1.465580000E1	9.729142864E-1
1.483183333E1	9.594978636E-1
1.499173333E1	9.347221755E-1
1.516776667E1	9.461475993E-1
1.532780000E1	9.474876759E-1
1.550376667E1	9.633774608E-1
1.566400000E1	9.303509295E-1
1.582380000E1	9.092846606E-1
1.599983333E1	8.913018508E-1
1.615983333E1	9.334554208E-1
1.633573333E1	9.323761605E-1
1.649570000E1	9.152949810E-1
1.665586667E1	9.397900875E-1
1.683186667E1	9.224830236E-1
1.699173333E1	9.305366524E-1
1.716770000E1	9.180642125E-1
1.732776667E1	9.293987984E-1
1.748766667E1	9.500352777E-1
1.766376667E1	9.359244827E-1
1.782380000E1	9.196790086E-1
1.799970000E1	9.232832341E-1
1.815973333E1	9.982870046E-1
1.831966667E1	1.062819061E0
1.849563333E1	1.022617416E0
1.865573333E1	9.873538748E-1
1.883180000E1	9.727040697E-1
1.899193333E1	9.667491107E-1
1.916776667E1	9.690485283E-1
1.932770000E1	9.445787461E-1
1.948783333E1	9.540537661E-1
1.966370000E1	9.432566036E-1
1.982383333E1	9.240292471E-1
1.999973333E1	9.067363255E-1
2.015966667E1	9.294183101E-1
2.031973333E1	9.395738629E-1
2.049580000E1	9.387437533E-1
2.065580000E1	9.486901494E-1
2.083170000E1	9.349495780E-1
2.099173333E1	9.379358752E-1
2.115183333E1	9.412013849E-1
2.132763333E1	9.687909951E-1
2.148776667E1	1.027315792E0
2.166380000E1	9.662055750E-1
2.182363333E1	9.718652952E-1
2.199966667E1	9.715331491E-1
2.215963333E1	9.495743370E-1
2.231970000E1	9.679067555E-1
2.249580000E1	1.037754335E0
2.265563333E1	1.066546087E0
2.283156667E1	9.750852379E-1
2.299170000E1	9.035254899E-1
2.315163333E1	9.005833313E-1
2.332773333E1	9.250616174E-1
2.348776667E1	9.623724508E-1
2.366363333E1	9.019766331E-1
2.382360000E1	8.825420448E-1
2.398376667E1	8.630597205E-1
2.415966667E1	9.340597724E-1
2.431970000E1	9.239142621E-1
2.449556667E1	9.317794694E-1
2.465573333E1	9.109814865E-1
2.481573333E1	8.746426417E-1
2.499156667E1	9.188773059E-1
2.515163333E1	8.772669246E-1
2.532766667E1	8.915871491E-1
2.548766667E1	9.237557903E-1
2.566360000E1	9.280939989E-1
2.582366667E1	8.969021477E-1
2.598373333E1	8.748985354E-1
2.615970000E1	8.940906160E-1
2.631966667E1	8.849907825E-1
2.649563333E1	9.100830793E-1
2.665560000E1	8.601709078E-1
2.681576667E1	8.794171442E-1
2.699153333E1	8.875122876E-1
2.715170000E1	8.868356429E-1
2.732766667E1	8.302264500E-1
2.748773333E1	8.156691675E-1
2.764773333E1	8.775829959E-1
2.782360000E1	9.932220671E-1
2.798363333E1	8.766499783E-1
2.815963333E1	8.611356295E-1
2.831960000E1	8.762133968E-1
2.847963333E1	9.143364728E-1
2.865560000E1	9.568439913E-1
2.881560000E1	8.947233098E-1
2.899170000E1	8.963997198E-1
2.915166667E1	8.576547123E-1
2.932746667E1	9.258070217E-1
2.948753333E1	9.428424490E-1
2.964796667E1	9.602464333E-1
2.982366667E1	9.459365990E-1
2.998360000E1	9.377612833E-1
3.015963333E1	9.439105286E-1
3.031966667E1	9.500884580E-1
3.047970000E1	9.962972508E-1
3.065563333E1	9.502045076E-1
3.081546667E1	8.930154733E-1
3.099150000E1	8.896771548E-1
3.115160000E1	9.154679466E-1
3.131166667E1	9.066458318E-1
3.148766667E1	9.026711912E-1
3.164770000E1	9.149963722E-1
3.182363333E1	9.121001865E-1
3.198366667E1	9.211927385E-1
3.215950000E1	9.325379792E-1
3.231953333E1	8.881356037E-1
3.247953333E1	8.907074545E-1
3.265556667E1	8.752625231E-1
3.281566667E1	8.680919429E-1
3.299153333E1	9.012033841E-1
3.315146667E1	8.995194761E-1
3.331160000E1	8.923326928E-1
3.348760000E1	8.518375893E-1
3.364763333E1	1.015036840E0
3.382343333E1	1.079104774E0
3.398350000E1	9.647120316E-1
3.414366667E1	9.439336629E-1
3.431953333E1	9.384264010E-1
3.447960000E1	9.582009833E-1
3.465560000E1	9.306554165E-1
3.481553333E1	9.175680593E-1
3.497563333E1	8.705319620E-1
3.515156667E1	8.626600272E-1
3.531146667E1	9.835267158E-1
3.548760000E1	9.301679034E-1
3.564763333E1	9.756496689E-1
3.582336667E1	9.672381329E-1
3.598340000E1	8.908574224E-1
3.614360000E1	8.962554032E-1
3.631943333E1	9.387622026E-1
3.647946667E1	9.680176937E-1
3.665550000E1	9.034821354E-1
3.681550000E1	8.958450434E-1
3.697556667E1	9.318149691E-1
3.715150000E1	1.170111006E0
3.731150000E1	1.080805798E0
3.748736667E1	9.201704522E-1
3.764753333E1	9.344936491E-1
3.780756667E1	9.695801102E-1
3.798346667E1	9.122357450E-1
3.814363333E1	8.684859404E-1
3.831950000E1	9.003344235E-1
3.847950000E1	9.160772458E-1
3.863943333E1	8.733588177E-1
3.881560000E1	8.769959590E-1
3.897553333E1	8.910400893E-1
3.915160000E1	8.659151398E-1
3.931156667E1	8.247683374E-1
3.948733333E1	8.372765704E-1
3.964743333E1	9.508814690E-1
3.980746667E1	9.304046853E-1
3.998353333E1	9.029153636E-1
4.014343333E1	8.811684289E-1
4.031940000E1	9.307355150E-1
4.047953333E1	1.087540961E0
4.063953333E1	1.038072874E0
4.081536667E1	1.031804076E0
4.097540000E1	9.295661554E-1
4.115140000E1	9.800882466E-1
4.131153333E1	1.024534877E0
4.147156667E1	9.807205297E-1
4.164750000E1	9.957688543E-1
4.180743333E1	9.736713225E-1
4.198340000E1	8.500268022E-1
4.214340000E1	8.418551419E-1
4.231936667E1	8.676761620E-1
4.247950000E1	8.823685280E-1
4.263956667E1	8.722130284E-1
4.281550000E1	9.064566071E-1
4.297540000E1	9.370139818E-1
4.315143333E1	9.120889550E-1
4.331130000E1	9.036970763E-1
4.347156667E1	9.120285827E-1
4.364746667E1	8.883497769E-1
4.380740000E1	9.731719887E-1
4.398336667E1	1.024659629E0
4.414336667E1	9.619601605E-1
4.430350000E1	8.772414881E-1
4.447950000E1	9.386877878E-1
4.463950000E1	9.503075985E-1
4.481540000E1	9.108499770E-1
4.497543333E1	1.032283214E0
4.513530000E1	8.902963250E-1
4.531130000E1	8.589742383E-1
4.547136667E1	8.955848996E-1
4.564733333E1	1.051735329E0
4.580746667E1	1.013359892E0
4.598326667E1	9.466622901E-1
4.614336667E1	7.419229607E-1
4.630333333E1	8.195174308E-1
4.647943333E1	9.460601964E-1
4.663943333E1	9.299877970E-1
4.681540000E1	8.577092673E-1
4.697540000E1	9.057144630E-1
4.713546667E1	9.211911726E-1
4.731123333E1	9.049877732E-1
4.747163333E1	8.809396237E-1
4.764723333E1	9.063812238E-1
4.780733333E1	9.084592296E-1
4.796740000E1	8.847923007E-1
4.814333333E1	8.831884192E-1
4.830336667E1	8.905562795E-1
4.847940000E1	9.082721265E-1
4.863943333E1	8.771406772E-1
4.879940000E1	9.213408732E-1
4.897533333E1	1.063200404E0
4.913536667E1	9.424264627E-1
4.931136667E1	9.070485120E-1
4.947123333E1	8.929264972E-1
4.964720000E1	8.418700045E-1
4.980723333E1	9.462525649E-1
4.996730000E1	9.417183338E-1
5.014323333E1	8.792296731E-1
5.030323333E1	8.487201123E-1
5.047913333E1	9.223497886E-1
5.063920000E1	1.012446372E0
5.079926667E1	9.888940028E-1
5.097520000E1	1.032911897E0
5.113536667E1	9.684483780E-1
5.131133333E1	9.378811450E-1
5.147136667E1	9.213323626E-1
5.163140000E1	9.684115636E-1
5.180726667E1	1.035044122E0
5.196740000E1	8.707554607E-1
5.214320000E1	9.527808734E-1
5.230323333E1	9.515619101E-1
5.247926667E1	9.940909196E-1
5.263920000E1	9.985867386E-1
5.279923333E1	8.341971625E-1
5.297533333E1	8.143228788E-1
5.313526667E1	8.993837200E-1
5.331126667E1	9.050088455E-1
5.347136667E1	9.063006478E-1
5.363130000E1	9.089536543E-1
5.380730000E1	8.622436378E-1
5.396720000E1	8.843156065E-1
5.414313333E1	9.355663879E-1
5.430323333E1	9.159286936E-1
5.446353333E1	8.970476253E-1
5.463936667E1	8.908782245E-1
5.479930000E1	1.045270599E0
5.497513333E1	9.902357056E-1
5.513523333E1	1.114797610E0
5.529516667E1	9.086083854E-1
5.547130000E1	7.929782011E-1
5.563130000E1	9.505075356E-1
5.580730000E1	9.668455326E-1
5.596723333E1	1.079882351E0
5.614310000E1	9.377305912E-1
5.630310000E1	8.957724704E-1
5.646326667E1	8.858446421E-1
5.663930000E1	9.266807904E-1
5.679930000E1	9.633718464E-1
5.697510000E1	9.255624305E-1
5.713516667E1	9.015461029E-1
5.729516667E1	8.331812232E-1
5.747123333E1	8.135768642E-1
5.763126667E1	1.035968964E0
5.780716667E1	1.567104107E0
5.796710000E1	9.565359547E-1
5.812720000E1	9.387408035E-1
5.830313333E1	9.333407348E-1
5.846330000E1	9.841455776E-1
5.863910000E1	1.046041074E0
5.879930000E1	9.958136815E-1
5.895930000E1	9.355007040E-1
5.913510000E1	1.058570942E0
5.929513333E1	1.056351937E0
5.947116667E1	1.009395911E0
5.963123333E1	8.948056442E-1
5.980713333E1	9.712419927E-1
5.996706667E1	9.857395502E-1
6.012720000E1	1.027952799E0
6.030326667E1	9.586368366E-1
6.046333333E1	7.833904331E-1
6.063916667E1	8.673400585E-1
6.079926667E1	8.759431374E-1
6.095926667E1	9.343876490E-1
6.113520000E1	9.441295423E-1
6.129516667E1	8.844994941E-1
6.147113333E1	6.857171717E-1
6.163106667E1	9.169123308E-1
6.179123333E1	1.041409133E0
6.196716667E1	1.215935010E0
6.212723333E1	8.839805097E-1
6.230313333E1	1.010643177E0
6.246323333E1	7.958128390E-1
6.263910000E1	7.179451649E-1
6.279913333E1	1.387091506E0
6.295923333E1	1.067251446E0
6.313510000E1	1.042997084E0
6.329513333E1	9.697397572E-1
6.347100000E1	9.660001427E-1
6.363116667E1	9.117808638E-1
6.379103333E1	1.196299292E0
6.396713333E1	8.241179455E-1
6.412723333E1	6.855958747E-1
6.430300000E1	8.342484166E-1
6.446303333E1	8.725158886E-1
6.462303333E1	8.553807500E-1
6.479903333E1	7.002055066E-1
6.495903333E1	6.989801722E-1
6.513500000E1	8.627151502E-1
6.529503333E1	9.110845489E-1
6.545503333E1	8.664368340E-1
6.563103333E1	8.984426189E-1
6.579113333E1	8.951575983E-1
6.596700000E1	9.473588782E-1
6.612700000E1	1.362444898E0
6.630313333E1	9.984008065E-1
6.646313333E1	9.319607054E-1
6.662303333E1	8.849874372E-1
6.679913333E1	1.038074204E0
6.695916667E1	1.965329524E0
6.713493333E1	1.231328993E0
6.729506667E1	1.271925911E0
6.745523333E1	7.282875661E-1
6.763103333E1	1.515766223E0
6.779110000E1	8.288562826E-1
6.796710000E1	9.217496985E-1
6.812706667E1	1.009771043E0
6.828706667E1	8.223538096E-1
6.846316667E1	8.830546897E-1
6.862316667E1	7.610063817E-1
6.879903333E1	3.409137173E-1
6.895913333E1	1.013230839E0
6.911916667E1	8.827866949E-1
6.929496667E1	8.748992800E-1
6.945513333E1	7.416629036E-1
6.963106667E1	6.178763158E-1
6.979113333E1	1.667536942E0
6.996693333E1	9.502938635E-1
7.012710000E1	1.031913616E0
7.028713333E1	9.522124536E-1
7.046293333E1	1.136844145E0
7.062323333E1	1.033296371E0
7.079896667E1	8.004111140E-1
7.095910000E1	1.284709925E0
7.111903333E1	1.419217278E0
7.129493333E1	1.122386157E0
7.145496667E1	9.232327127E-1
7.163100000E1	8.687203120E-1
7.179110000E1	8.792097231E-1
7.195113333E1	9.096755178E-1
7.212700000E1	9.974496356E-1
7.228706667E1	2.254623465E-1
7.246300000E1	7.333834592E-1
7.262300000E1	8.891993659E-1
7.279890000E1	7.994651699E-1
7.295896667E1	7.485955811E-1
7.311893333E1	9.082901948E-1
7.329490000E1	1.038994875E0
7.345493333E1	8.871659699E-1
7.363083333E1	1.769091399E0
7.379106667E1	1.036036091E0
7.395103333E1	1.223584896E0
7.412686667E1	9.112610266E-1
7.428696667E1	1.258692067E0
7.446286667E1	1.527191125E0
7.462293333E1	1.049348371E0
7.478300000E1	1.007955635E0
7.495893333E1	1.039853467E0
7.511906667E1	1.432214253E0
7.529486667E1	8.037802831E-1
7.545490000E1	5.913910474E-1
7.561493333E1	4.015930664E-1
7.579090000E1	8.274198343E-1
7.595103333E1	8.725579182E-1
7.612700000E1	4.534997861E-2
7.628696667E1	3.307899294E-1
7.646283333E1	1.153760084E0
7.662293333E1	6.986637864E-2
7.678303333E1	7.807257751E-1
7.695890000E1	1.698667504E0
7.711890000E1	1.544212539E0
7.729483333E1	1.295353547E0
7.745483333E1	7.578975842E-1
7.761493333E1	1.033541796E0
7.779096667E1	1.033112922E0
7.795080000E1	1.843313435E0
7.812703333E1	9.315172132E-1
7.828693333E1	7.275287886E-1
7.844700000E1	1.054898788E0
7.862293333E1	8.010450597E-1
7.878293333E1	8.309387331E-1
7.895883333E1	8.823024064E-1
7.911890000E1	9.146719039E-1
7.927893333E1	7.250431126E-1
7.945496667E1	6.700909298E-1
7.961496667E1	7.007655412E-1
7.979100000E1	5.542756551E-1
7.995083333E1	9.252856688E-1
8.012676667E1	9.695581639E-1
8.028693333E1	1.207048428E0
8.044700000E1	9.530725853E-1
8.062293333E1	8.575042198E-1
8.078303333E1	9.777732426E-1
8.095886667E1	9.931101046E-1
8.111890000E1	1.894522036E0
8.127890000E1	1.669629154E0
8.145500000E1	9.544641685E-1
8.161483333E1	4.790504635E-1
8.179090000E1	8.636534168E-1
8.195096667E1	1.872115685E0
8.211086667E1	5.471828429E-1
8.228676667E1	8.115359778E-1
8.244693333E1	9.709332593E-1
8.262283333E1	8.328779195E-1
8.278286667E1	5.628060769E-1
8.295886667E1	1.028656256E0
8.311886667E1	1.014346821E0
8.327876667E1	9.608488727E-1
8.345490000E1	7.490057050E-1
8.361486667E1	8.646568329E-1
8.379073333E1	8.929565821E-1
8.395090000E1	9.551113213E-1
8.411083333E1	1.274459411E0
8.428673333E1	1.074203056E0
8.444676667E1	9.649035231E-1
8.462273333E1	9.672800026E-1
8.478276667E1	9.168279421E-1
8.494280000E1	1.757743119E0
8.511886667E1	9.534154564E-1
8.527883333E1	1.142972862E0
8.545486667E1	9.743496945E-1
8.561476667E1	9.510434481E-1
8.577480000E1	8.431479015E-1
8.595070000E1	9.057077872E-1
8.611076667E1	9.917764699E-1
8.628686667E1	1.093184444E0
8.644673333E1	7.237995692E-1
8.662263333E1	1.292070374E0
8.678273333E1	5.650586042E-1
8.694286667E1	9.870170971E-1
8.711880000E1	1.984451756E0
8.727873333E1	2.597488481E-1
8.745473333E1	4.502424577E-1
8.761480000E1	-1.220220015E-1
8.777470000E1	1.121364694E0
8.795083333E1	1.083531626E0
8.811086667E1	5.303066479E-1
8.828670000E1	1.805456195E0
8.844683333E1	9.145723118E-1
8.860686667E1	8.717312369E-1
8.878273333E1	9.815095577E-1
8.894283333E1	8.513161144E-1
8.911876667E1	1.878281424E0
8.927890000E1	1.657388292E0
8.943893333E1	1.148634571E0
8.961473333E1	7.724681354E-1
8.977486667E1	5.178527969E-1
8.995066667E1	1.857966084E0
9.011086667E1	9.799189722E-1
9.028670000E1	9.585332465E-1
9.044680000E1	7.227035854E-1
9.060676667E1	9.382305420E-1
9.078273333E1	5.377245478E-1
9.094283333E1	-3.320863470E-1
9.111860000E1	9.250065586E-1
9.127866667E1	1.024681225E0
9.143870000E1	8.025511374E-1
9.161466667E1	1.185359254E0
9.177480000E1	7.201688688E-1
9.195073333E1	1.035739730E0
9.211063333E1	1.645349007E0
9.227063333E1	1.761229593E0
9.244680000E1	8.609437886E-1
9.260673333E1	4.138685523E-1
9.278280000E1	9.458020342E-1
9.294270000E1	2.944996418E-2
9.311860000E1	1.854646373E0
9.327863333E1	1.056098547E0
9.343880000E1	6.987257997E-1
9.361473333E1	6.392937601E-1
9.377483333E1	7.399058955E-1
9.395056667E1	8.888390896E-1
9.411063333E1	6.595849297E-1
9.427060000E1	1.206249145E0
9.444673333E1	7.923948099E-1
9.460676667E1	9.207927237E-1
9.478256667E1	6.401492759E-1
9.494263333E1	7.039676085E-1
9.510260000E1	1.206524021E0
9.527856667E1	1.046209437E0
9.543863333E1	9.197191197E-1
9.561456667E1	9.327800556E-1
9.577463333E1	1.849392461E0
9.593463333E1	8.824267407E-1
9.611063333E1	8.679608032E-1
9.627073333E1	6.284102755E-1
9.644656667E1	1.813344384E0
9.660656667E1	7.146116464E-1
9.678253333E1	5.391885695E-1
9.694273333E1	1.108569217E0
9.710266667E1	4.366580388E-2
9.727870000E1	1.701068838E0
9.743866667E1	8.480756994E-1
9.761460000E1	1.049798159E0
9.777463333E1	7.410005159E-1
9.793473333E1	1.100406458E0
9.811056667E1	8.474784137E-1
9.827060000E1	-4.644247242E-2
9.844670000E1	1.935170570E0
9.860663333E1	2.312330403E-1
9.876666667E1	7.063109494E-1
9.894270000E1	7.693045369E-1
9.910270000E1	8.021491205E-1
9.927860000E1	8.824772151E-1
9.943870000E1	1.040803786E0
9.959870000E1	1.006477838E0
9.977470000E1	1.065237736E0
9.993463333E1	1.178490986E0
1.001106333E2	5.518288514E-2
1.002706333E2	2.045295127E0
1.004465000E2	9.658084496E-1
1.006066000E2	8.309589680E-1
1.007666333E2	2.678650194E-1
1.009427000E2	1.244269808E0
1.011026333E2	8.440877269E-1
1.012786333E2	4.433530321E-2
1.014386333E2	1.061636381E0
1.015986000E2	6.281383485E-1
1.017745333E2	7.034927878E-1
1.019346667E2	1.882833392E0
1.021105333E2	1.151941252E-1
1.022706667E2	7.505424133E-1
1.024307000E2	1.885774105E0
1.026065333E2	6.892494787E-1
1.027666000E2	1.113367059E0
1.029424667E2	6.421160313E-1
1.031026333E2	1.105874875E0
1.032784333E2	1.005269422E-1
1.034386333E2	1.768990190E0
1.035985333E2	1.904728491E0
1.037745000E2	-2.896610039E-1
1.039345333E2	1.149404156E0
1.041105000E2	1.059362876E0
1.042705000E2	1.727197999E-2
1.044309000E2	2.721268863E0
1.046065000E2	5.181185487E-1
1.047666333E2	9.799438919E-1
1.049424333E2	4.404338034E-1
1.051025667E2	1.206733763E0
1.052626000E2	1.978183414E0
1.054386333E2	-2.440921648E-1
1.055986000E2	1.470473028E0
1.057744667E2	9.141522183E-1
1.059345333E2	8.125111938E-1
1.060946667E2	1.478887071E0
1.062705000E2	1.149553580E0
1.064304333E2	1.172904873E0
1.066066000E2	9.213273048E-1
1.067666000E2	8.724554095E-1
1.069425333E2	1.146904980E0
1.071026667E2	9.166451830E-1
1.072625000E2	1.752146750E0
1.074386000E2	3.961028810E-2
1.075984333E2	1.713582951E0
1.077745667E2	1.267561087E0
1.079346000E2	5.394621948E-1
1.080945333E2	6.314151646E-1
1.082705667E2	9.875149588E-1
1.084306000E2	5.092026734E-1
1.086064667E2	9.572536511E-1
1.087665000E2	1.516597510E0
1.089265667E2	1.162373691E-2
1.091024333E2	2.445716612E-1
1.092624333E2	1.037055963E0
1.094384000E2	8.140905950E-1
1.095984333E2	1.237030495E0
1.097584667E2	7.843249536E-1
1.099345667E2	1.502532511E0
1.100944667E2	9.426139378E-1
1.102703667E2	8.526087336E-1
1.104305667E2	1.113448177E0
1.106063333E2	1.127888331E0
1.107665000E2	9.072484612E-1
1.109265667E2	6.743497425E-1
1.111024333E2	1.606008981E0
1.112624000E2	1.017165331E0
1.114385000E2	8.592153330E-1
1.115983333E2	9.568711211E-1
1.117584667E2	1.215670536E0
1.119344000E2	7.648838025E-2
1.120944333E2	9.652060153E-1
1.122705000E2	2.230238514E0
1.124305000E2	-4.765926325E-1
1.125905333E2	8.740762222E-1
1.127663667E2	1.909792841E0
1.129264667E2	1.472714395E-2
1.131025333E2	9.387738044E-1
1.132623333E2	9.071111243E-1
1.134384333E2	8.756493380E-1
1.135984333E2	8.232810075E-1
1.137585000E2	1.029724658E0
1.139343000E2	7.292355559E-1
1.140945333E2	9.148120107E-1
1.142703333E2	9.769764752E-1
1.144304333E2	8.895904366E-1
1.145904333E2	9.953518661E-1
1.147663667E2	1.716538961E0
1.149263667E2	8.176133314E-1
1.151024333E2	8.614356783E-1
1.152625000E2	8.560943764E-1
1.154224333E2	1.454857324E0
1.155983333E2	9.602042260E-1
1.157583667E2	9.036043928E-1
1.159344333E2	8.626965985E-1
1.160944000E2	8.568406645E-1
1.162544000E2	1.593514496E0
1.164306000E2	9.160159013E-1
1.165904333E2	1.705030199E0
1.167664667E2	-1.317504412E-1
1.169264667E2	1.848657857E0
