mass_A
t	x
0.000000000E0	9.288824383E-1
1.600000000E-1	8.026244115E-1
3.359333333E-1	9.361048934E-1
4.960000000E-1	8.711545755E-1
6.720333333E-1	8.795339862E-1
8.321333333E-1	6.805733090E-1
1.008000000E0	7.055393278E-1
1.167966667E0	9.949028885E-1
1.328000000E0	8.240686020E-1
1.504066667E0	9.139487730E-1
1.663900000E0	9.377646070E-1
1.839966667E0	9.178422254E-1
1.999933333E0	9.338527662E-1
2.160266667E0	7.703466547E-1
2.336033333E0	8.415125124E-1
2.496066667E0	8.619423355E-1
2.672000000E0	9.491825675E-1
2.832033333E0	9.895082856E-1
2.992000000E0	7.618990871E-1
3.167933333E0	7.693269451E-1
3.328000000E0	8.011030235E-1
3.504133333E0	9.613284491E-1
3.664066667E0	1.020188497E0
3.824033333E0	9.033269922E-1
4.000066667E0	1.015467655E0
4.159966667E0	8.417995507E-1
4.335966667E0	8.700623301E-1
4.496100000E0	9.166869414E-1
4.672000000E0	8.585860879E-1
4.831966667E0	8.914764193E-1
4.992066667E0	8.762780600E-1
5.168033333E0	9.164350149E-1
5.327933333E0	9.294588319E-1
5.503900000E0	9.544057821E-1
5.664033333E0	9.381190847E-1
5.824033333E0	8.790081156E-1
6.000033333E0	9.253174255E-1
6.160033333E0	8.559112319E-1
6.335900000E0	8.309894798E-1
6.496133333E0	9.460404522E-1
6.655966667E0	8.723694453E-1
6.832033333E0	9.106467168E-1
6.992033333E0	8.769487603E-1
7.167833333E0	8.585878477E-1
7.328000000E0	9.245330847E-1
7.503800000E0	8.280846612E-1
7.663866667E0	1.000583537E0
7.824033333E0	9.793858689E-1
7.999866667E0	9.322477259E-1
8.159866667E0	8.881804995E-1
8.335766667E0	6.795998230E-1
8.496100000E0	9.110290649E-1
8.656300000E0	9.048894154E-1
8.831900000E0	8.850806125E-1
8.992000000E0	9.270575310E-1
9.167933333E0	8.424363530E-1
9.328000000E0	9.428198265E-1
9.488000000E0	9.055609777E-1
9.663833333E0	8.545561766E-1
9.823866667E0	9.214318261E-1
9.999866667E0	8.021983221E-1
1.016003333E1	8.789681011E-1
1.031990000E1	9.021595810E-1
1.049593333E1	8.963527581E-1
1.065596667E1	9.085861601E-1
1.083180000E1	9.175160095E-1
1.099180000E1	9.263125983E-1
1.116793333E1	8.851471026E-1
1.132790000E1	8.931051857E-1
1.148796667E1	1.017394112E0
1.166386667E1	9.300100556E-1
1.182380000E1	9.221565128E-1
1.199986667E1	9.108473216E-1
1.215996667E1	8.703655670E-1
1.231990000E1	8.416874195E-1
1.249583333E1	7.594466041E-1
1.265590000E1	9.024290689E-1
1.283190000E1	9.658822651E-1
1.299180000E1	9.453835973E-1
1.315200000E1	9.467202885E-1
1.332776667E1	9.060141609E-1
1.348796667E1	8.709032133E-1
1.366396667E1	8.881673421E-1
1.382386667E1	8.731451988E-1
1.398393333E1	9.275177211E-1
1.416006667E1	8.399289522E-1
1.432016667E1	9.216740870E-1
1.449580000E1	8.752469478E-1
1.465583333E1	9.278648137E-1
1.483170000E1	9.738379645E-1
1.499180000E1	8.560143929E-1
1.515183333E1	9.033190418E-1
1.532786667E1	8.984767953E-1
1.548776667E1	9.085697292E-1
1.566383333E1	9.044706110E-1
1.582380000E1	8.917145330E-1
1.598390000E1	8.896612426E-1
1.615990000E1	8.752696124E-1
1.631983333E1	8.841557135E-1
1.649580000E1	8.865757667E-1
1.665583333E1	9.232201730E-1
1.681590000E1	9.215227774E-1
1.699176667E1	9.048676859E-1
1.715180000E1	9.006699105E-1
1.732776667E1	8.832219408E-1
1.748780000E1	8.543003931E-1
1.766376667E1	8.619570842E-1
1.782376667E1	8.650923592E-1
1.798376667E1	8.491702949E-1
1.815983333E1	9.108532814E-1
1.831970000E1	8.756155259E-1
1.849570000E1	8.771186772E-1
1.865596667E1	8.631160231E-1
1.881580000E1	8.623227970E-1
1.899173333E1	9.451974230E-1
1.915193333E1	8.630362159E-1
1.932783333E1	8.923078030E-1
1.948773333E1	8.587707834E-1
1.964790000E1	8.576201166E-1
1.982380000E1	8.836000154E-1
1.998383333E1	8.664105329E-1
2.015966667E1	8.671003023E-1
2.031980000E1	8.634085062E-1
2.048003333E1	9.005261104E-1
2.065566667E1	9.277945654E-1
2.081573333E1	9.054366413E-1
2.099173333E1	8.828142736E-1
2.115173333E1	9.230741109E-1
2.132770000E1	8.288644205E-1
2.148780000E1	8.521504553E-1
2.164766667E1	9.509140730E-1
2.182363333E1	6.885388421E-1
2.198373333E1	9.642961618E-1
2.215966667E1	9.085397808E-1
2.231966667E1	8.698187668E-1
2.248000000E1	9.182440274E-1
2.265566667E1	8.348461008E-1
2.281573333E1	9.776209723E-1
2.299186667E1	8.851460271E-1
2.315170000E1	8.629348891E-1
2.331173333E1	9.417594124E-1
2.348780000E1	3.154275886E-1
2.364783333E1	9.479427090E-1
2.382366667E1	8.079886932E-1
2.398363333E1	6.046360262E-1
2.414380000E1	9.032801952E-1
2.431976667E1	9.569447188E-1
2.447983333E1	2.386629866E-1
2.465560000E1	8.556059193E-1
2.481566667E1	8.496162926E-1
2.499160000E1	8.818588972E-1
2.515170000E1	4.857138453E-1
2.531180000E1	8.442581618E-1
2.548770000E1	8.261260946E-1
2.564780000E1	8.447464822E-1
2.582370000E1	7.950504592E-1
2.598366667E1	9.057018718E-1
2.614370000E1	1.342289495E0
2.631973333E1	8.057246729E-1
2.647963333E1	7.972922230E-1
2.665573333E1	9.500614665E-1
2.681576667E1	8.034298723E-1
2.697576667E1	9.933545281E-1
2.715160000E1	8.829334592E-1
2.731170000E1	8.172088654E-1
2.748760000E1	9.187988843E-1
2.764760000E1	9.159477878E-1
2.782363333E1	9.130286723E-1
2.798363333E1	9.247969982E-1
2.814360000E1	9.229781796E-1
2.831960000E1	9.840777978E-1
2.847976667E1	8.983777412E-1
2.865560000E1	9.066487797E-1
2.881573333E1	9.438289174E-1
2.897566667E1	8.752226673E-1
2.915156667E1	9.269261860E-1
2.931160000E1	8.856961833E-1
2.948763333E1	8.804667394E-1
2.964763333E1	8.963775913E-1
2.980770000E1	8.877540181E-1
2.998363333E1	8.822249997E-1
3.014370000E1	8.683256924E-1
3.031966667E1	8.830239375E-1
3.047956667E1	7.525124548E-1
3.063973333E1	6.657253212E-1
3.081553333E1	9.255825323E-1
3.097563333E1	7.053619936E-1
3.115170000E1	8.303180525E-1
3.131163333E1	1.026051430E0
3.148750000E1	7.287732083E-1
3.164753333E1	7.578797207E-1
3.180756667E1	8.566588840E-1
3.198363333E1	8.462587603E-1
3.214376667E1	8.744704958E-1
3.231956667E1	8.605558324E-1
3.247956667E1	9.386325625E-1
3.263960000E1	8.960575276E-1
3.281560000E1	8.874795268E-1
3.297566667E1	1.213132065E0
3.315163333E1	3.574395803E-1
3.331166667E1	7.419535876E-1
3.347176667E1	1.041944352E0
3.364760000E1	2.357686613E-1
3.380760000E1	8.104104504E-1
3.398360000E1	9.183887013E-1
3.414360000E1	7.923451309E-1
3.430356667E1	8.400204594E-1
3.447963333E1	8.164158810E-1
3.463960000E1	8.687690634E-1
3.481550000E1	8.857638732E-1
3.497550000E1	8.570038943E-1
3.515156667E1	8.825645332E-1
3.531153333E1	8.690639605E-1
3.547176667E1	8.554573582E-1
3.564750000E1	8.497547419E-1
3.580750000E1	8.634864175E-1
3.598346667E1	9.551054738E-1
3.614360000E1	8.785790402E-1
3.630383333E1	9.457401644E-1
3.647950000E1	9.740637946E-1
3.663963333E1	2.593245884E-1
3.681560000E1	9.470866678E-1
3.697543333E1	8.772995154E-1
3.713550000E1	9.400028419E-1
3.731160000E1	9.237846579E-1
3.747160000E1	8.880004020E-1
3.764750000E1	8.258177765E-2
3.780760000E1	9.498470200E-1
3.798356667E1	9.143264346E-1
3.814350000E1	1.325820516E-1
3.830346667E1	9.138121399E-1
3.847950000E1	8.241389872E-1
3.863946667E1	9.921511376E-1
3.881550000E1	8.648806369E-1
3.897546667E1	9.288792196E-1
3.913546667E1	8.692620050E-1
3.931156667E1	9.022457529E-1
3.947156667E1	8.890278540E-1
3.964750000E1	8.369038464E-1
3.980740000E1	9.238710636E-1
3.996756667E1	9.177901436E-1
4.014356667E1	9.596328084E-1
4.030356667E1	8.773444909E-1
4.047956667E1	9.521238879E-1
4.063960000E1	9.229109086E-1
4.079986667E1	8.548028290E-1
4.097540000E1	8.097233328E-1
4.113556667E1	8.688941396E-1
4.131140000E1	8.190745057E-1
4.147140000E1	8.477893444E-1
4.164750000E1	9.076683316E-1
4.180750000E1	7.809618695E-1
4.196743333E1	9.163852061E-1
4.214360000E1	9.218317012E-1
4.230343333E1	8.925736890E-1
4.247946667E1	9.076739387E-1
4.263943333E1	9.080824091E-1
4.279956667E1	9.118336759E-1
4.297536667E1	8.992645269E-1
4.313540000E1	9.243482724E-1
4.331140000E1	9.124403379E-1
4.347143333E1	8.865207382E-1
4.363140000E1	8.571927169E-1
4.380756667E1	1.024806817E0
4.396746667E1	1.084036489E0
4.414343333E1	8.415724490E-1
4.430336667E1	8.836320979E-1
4.446336667E1	9.026516624E-1
4.463940000E1	8.546707916E-1
4.479950000E1	8.761348683E-1
4.497543333E1	8.465378348E-1
4.513550000E1	8.850486272E-1
4.531130000E1	8.960900076E-1
4.547140000E1	8.992502834E-1
4.563140000E1	9.155550858E-1
4.580740000E1	9.011170175E-1
4.596746667E1	9.569586228E-1
4.614333333E1	9.360733485E-1
4.630340000E1	7.459083844E-1
4.646336667E1	8.763633522E-1
4.663930000E1	1.005372586E0
4.679936667E1	6.856962177E-1
4.697530000E1	7.612695662E-1
4.713530000E1	1.047941971E0
4.729533333E1	7.367687409E-1
4.747130000E1	9.253266719E-1
4.763133333E1	9.781774149E-1
4.780730000E1	9.125492503E-1
4.796726667E1	9.209355917E-1
4.814320000E1	1.115029603E0
4.830333333E1	5.739352001E-1
4.846356667E1	2.734863047E-1
4.863940000E1	1.009662094E0
4.879946667E1	7.626442085E-1
4.897523333E1	9.341850722E-1
4.913536667E1	9.818552180E-1
4.929526667E1	9.731359761E-1
4.947143333E1	7.930946618E-1
4.963143333E1	8.645848943E-1
4.980723333E1	8.197505792E-1
4.996730000E1	8.028759536E-1
5.012733333E1	8.600930324E-1
5.030326667E1	7.331363248E-1
5.046353333E1	9.457376751E-1
5.063940000E1	8.931695010E-1
5.079943333E1	8.778758120E-1
5.095936667E1	8.673436345E-1
5.113543333E1	8.630412718E-1
5.129530000E1	9.443233118E-1
5.147120000E1	9.510653734E-1
5.163133333E1	8.936736372E-1
5.180720000E1	9.560692928E-1
5.196736667E1	9.619814046E-1
5.212740000E1	9.155568737E-1
5.230333333E1	9.293969269E-1
5.246326667E1	9.575715259E-1
5.263933333E1	9.354220060E-1
5.279940000E1	9.232070868E-1
5.295940000E1	9.183289241E-1
5.313530000E1	9.054815476E-1
5.329533333E1	9.007845201E-1
5.347136667E1	9.475798871E-1
5.363123333E1	9.236373774E-1
5.379140000E1	7.939735502E-1
5.396736667E1	7.235603159E-1
5.412733333E1	9.720820026E-1
5.430320000E1	9.146155007E-1
5.446356667E1	8.550386792E-1
5.462326667E1	1.027299147E0
5.479926667E1	9.095216302E-1
5.495926667E1	8.374274115E-1
5.513536667E1	8.895245131E-1
5.529536667E1	9.270122115E-1
5.547123333E1	8.762409832E-1
5.563123333E1	9.072422953E-1
5.579123333E1	1.025062057E0
5.596716667E1	1.064416736E0
5.612726667E1	8.081190288E-1
5.630326667E1	9.583036826E-1
5.646320000E1	1.634456090E0
5.662326667E1	3.717738338E-2
5.679930000E1	8.743672013E-1
5.695920000E1	1.647504986E0
5.713526667E1	-1.363779731E-1
5.729533333E1	1.499362765E0
5.745533333E1	9.655105870E-1
5.763113333E1	8.571716199E-2
5.779123333E1	8.284341531E-1
5.796716667E1	1.028170433E0
5.812723333E1	2.653434605E-1
5.830323333E1	8.336396696E-1
5.846330000E1	9.814693519E-1
5.862333333E1	5.293223303E-1
5.879926667E1	9.767909178E-1
5.895923333E1	5.121673231E-1
5.913516667E1	8.710108203E-1
5.929526667E1	9.184986203E-1
5.945526667E1	8.860601258E-1
5.963130000E1	8.946479289E-1
5.979130000E1	8.737014033E-1
5.996723333E1	9.106646902E-1
6.012713333E1	8.721607794E-1
6.028720000E1	8.763435088E-1
6.046326667E1	8.926703855E-1
6.062330000E1	8.698311993E-1
6.079926667E1	8.700037021E-1
6.095936667E1	8.631395356E-1
6.111926667E1	8.781477290E-1
6.129510000E1	8.716407899E-1
6.145516667E1	8.182659096E-1
6.163133333E1	8.810632653E-1
6.179116667E1	1.077542643E0
6.196713333E1	8.750798202E-1
6.212716667E1	8.738364042E-1
6.228743333E1	8.872104657E-1
6.246320000E1	8.385477440E-1
6.262326667E1	9.260855037E-1
6.279913333E1	9.501134376E-1
6.295926667E1	8.597568743E-1
6.311920000E1	8.962688742E-1
6.329520000E1	8.752965886E-1
6.345520000E1	1.296561876E0
6.363113333E1	9.476464169E-1
6.379120000E1	8.468342459E-1
6.395116667E1	9.907957939E-1
6.412716667E1	9.060077860E-1
6.428723333E1	9.682457988E-1
6.446330000E1	8.591406159E-1
6.462313333E1	9.673551754E-1
6.478320000E1	9.243284311E-1
6.495923333E1	8.703040393E-1
6.511920000E1	9.267502047E-1
6.529510000E1	7.816420105E-1
6.545520000E1	8.115917671E-1
6.563100000E1	8.760520659E-1
6.579116667E1	7.553442077E-1
6.595120000E1	8.833142374E-1
6.612710000E1	1.191822953E0
6.628706667E1	1.112813814E-1
6.646313333E1	7.699866927E-2
6.662310000E1	8.038383879E-1
6.678313333E1	1.599587803E-1
6.695903333E1	8.779370053E-1
6.711920000E1	1.177018823E0
6.729513333E1	8.192615797E-1
6.745513333E1	9.293032485E-1
6.761513333E1	9.103498992E-1
6.779103333E1	9.566580102E-1
6.795113333E1	9.052829240E-1
6.812703333E1	9.818460641E-1
6.828706667E1	8.958024055E-1
6.846296667E1	7.483629131E-1
6.862313333E1	1.009028368E0
6.878316667E1	5.078434273E-1
6.895906667E1	9.010857568E-1
6.911903333E1	8.703837771E-1
6.929503333E1	7.631296263E-1
6.945516667E1	9.883201082E-1
6.961510000E1	8.264557567E-1
6.979113333E1	8.823186181E-1
6.995103333E1	7.943269580E-1
7.012710000E1	1.059077231E0
7.028713333E1	7.842037508E-1
7.044716667E1	1.004021327E0
7.062313333E1	1.013276079E0
7.078306667E1	9.474682466E-1
7.095903333E1	1.002648760E0
7.111900000E1	1.057848141E0
7.127906667E1	1.109300833E0
7.145513333E1	1.159982194E0
7.161506667E1	9.194839571E-1
7.179110000E1	9.303299789E-1
7.195093333E1	8.499273225E-1
7.212690000E1	1.005580493E0
7.228703333E1	7.826884037E-1
7.244703333E1	8.509181940E-1
7.262296667E1	8.302309904E-1
7.278300000E1	9.107253182E-1
7.295903333E1	9.681546824E-1
7.311896667E1	8.857580449E-1
7.327900000E1	8.205370657E-1
7.345510000E1	8.384130451E-1
7.361503333E1	1.006109707E0
7.379106667E1	9.197914552E-1
7.395110000E1	8.908692574E-1
7.411103333E1	8.263482173E-1
7.428690000E1	8.964931416E-1
7.444693333E1	8.206841854E-1
7.462310000E1	1.037879728E0
7.478300000E1	9.378596808E-1
7.495886667E1	8.321947229E-1
7.511890000E1	8.632243548E-1
7.527916667E1	9.196631684E-1
7.545506667E1	9.035014337E-1
7.561500000E1	9.400175359E-1
7.579103333E1	8.932057774E-1
7.595093333E1	7.819713886E-1
7.611103333E1	7.326023884E-1
7.628703333E1	9.558972181E-1
7.644706667E1	1.026092543E0
7.662283333E1	9.956363552E-1
7.678293333E1	9.453405942E-1
7.694296667E1	8.759889471E-1
7.711896667E1	9.735402932E-1
7.727886667E1	9.709274088E-1
7.745500000E1	9.531703701E-1
7.761493333E1	8.932691353E-1
7.777490000E1	1.023174200E0
7.795090000E1	9.854210966E-1
7.811103333E1	9.241206230E-1
7.828686667E1	9.077759422E-1
7.844710000E1	8.913452998E-1
7.862296667E1	8.614989129E-1
7.878290000E1	1.175181574E0
7.894290000E1	9.665722375E-1
7.911893333E1	8.780127738E-1
7.927903333E1	8.806275261E-1
7.945483333E1	9.483434916E-1
7.961486667E1	9.205326089E-1
7.977490000E1	9.261317219E-1
7.995083333E1	9.493335968E-1
8.011100000E1	6.616912578E-1
8.028693333E1	8.710106901E-1
8.044690000E1	1.167957113E0
8.060706667E1	4.178519956E-1
8.078296667E1	9.374774140E-1
8.094300000E1	8.383089171E-1
8.111886667E1	7.791748643E-1
8.127886667E1	8.224407062E-1
8.143906667E1	8.059811499E-1
8.161503333E1	9.178091635E-1
8.177500000E1	1.113470105E0
8.195093333E1	3.655349167E-1
8.211083333E1	9.499136549E-1
8.228683333E1	9.687928977E-1
8.244693333E1	1.094179858E0
8.260693333E1	4.947641632E-1
8.278283333E1	9.283393344E-1
8.294293333E1	9.169025848E-1
8.311873333E1	6.698774203E-1
8.327886667E1	9.655010060E-1
8.343903333E1	8.251944953E-1
8.361480000E1	8.610317562E-1
8.377500000E1	1.086931361E0
8.395086667E1	9.574417979E-1
8.411080000E1	8.022212660E-1
8.427086667E1	8.017398789E-1
8.444673333E1	8.164909900E-1
8.460693333E1	8.534205228E-1
8.478290000E1	8.789575051E-1
8.494290000E1	9.095867275E-1
8.511886667E1	7.435551286E-1
8.527876667E1	9.199484230E-1
8.543886667E1	1.020658694E0
8.561490000E1	9.036105538E-1
8.577493333E1	9.333250994E-1
8.595080000E1	9.689826991E-1
8.611086667E1	9.094020409E-1
8.627093333E1	8.925437667E-1
8.644676667E1	1.072384770E0
8.660680000E1	1.570290154E-1
8.678286667E1	4.219575735E-1
8.694286667E1	9.583255628E-1
8.710303333E1	1.495701729E-1
8.727900000E1	9.620481030E-1
8.743886667E1	7.060759698E-1
8.761476667E1	9.015658864E-1
8.777486667E1	9.469929714E-1
8.793490000E1	9.867026705E-1
8.811080000E1	8.228408060E-1
8.827076667E1	9.811634051E-1
8.844683333E1	9.394085746E-1
8.860670000E1	7.127871545E-1
8.878280000E1	8.898420184E-1
8.894280000E1	9.353696026E-1
8.910290000E1	1.081032960E0
8.927880000E1	1.041369016E0
8.943890000E1	8.437275344E-1
8.961466667E1	9.756718667E-1
8.977470000E1	9.884395537E-1
8.993483333E1	9.470080987E-1
9.011090000E1	1.111592475E0
9.027090000E1	9.329308647E-1
9.044670000E1	8.926777278E-1
9.060686667E1	8.918410920E-1
9.076686667E1	9.236413828E-1
9.094263333E1	9.623428383E-1
9.110273333E1	9.690180799E-1
9.127880000E1	9.855289833E-1
9.143883333E1	8.325777993E-1
9.159870000E1	9.706326185E-1
9.177476667E1	1.021796796E0
9.193473333E1	9.270416178E-1
9.211073333E1	9.195910619E-1
9.227076667E1	6.015529308E-1
9.244680000E1	7.668590097E-1
9.260680000E1	1.615763671E0
9.276683333E1	7.138119897E-1
9.294266667E1	1.107725926E0
9.310273333E1	1.164681091E0
9.327863333E1	8.549318886E-1
9.343876667E1	6.892224466E-1
9.359876667E1	1.030100991E0
9.377483333E1	4.109868571E-1
9.393480000E1	6.374689992E-1
9.411060000E1	1.101488681E0
9.427073333E1	9.620995442E-1
9.443076667E1	8.919769661E-1
9.460670000E1	9.606747561E-1
9.476680000E1	9.261490261E-1
9.494276667E1	9.221811331E-1
9.510270000E1	9.807964066E-1
9.527856667E1	9.417430545E-1
9.543883333E1	8.771572801E-1
9.559893333E1	9.760188772E-1
9.577463333E1	8.794713901E-1
9.593480000E1	8.581027162E-1
9.611056667E1	1.041488446E0
9.627063333E1	9.658089684E-1
9.643070000E1	1.004992069E0
9.660676667E1	8.976516499E-1
9.676673333E1	9.307463567E-1
9.694270000E1	9.421258136E-1
9.710276667E1	1.036490645E0
9.726276667E1	9.383058853E-1
9.743866667E1	3.686064579E-2
9.759870000E1	1.067216630E0
9.777456667E1	1.031572428E0
9.793463333E1	1.050964398E0
9.809460000E1	1.278835140E0
9.827066667E1	9.606435002E-1
9.843090000E1	9.104038923E-1
9.860666667E1	1.009384324E0
9.876670000E1	9.207076744E-1
9.894266667E1	9.093557482E-1
9.910263333E1	8.774494641E-1
9.926270000E1	9.145236296E-1
9.943873333E1	9.023807345E-1
9.959860000E1	9.016417442E-1
9.977450000E1	9.095959257E-1
9.993453333E1	9.092014203E-1
1.000946000E2	9.004745728E-1
1.002707000E2	9.208394559E-1
1.004306333E2	9.451277727E-1
1.006066000E2	9.975409215E-1
1.007666333E2	7.612551865E-1
1.009267333E2	8.976704489E-1
1.011025667E2	1.019204671E0
1.012627333E2	9.460890624E-1
1.014387000E2	9.451959891E-1
1.015986667E2	6.291093419E-1
1.017586000E2	8.587609732E-1
1.019346333E2	8.569971497E-1
1.020946000E2	9.214415340E-1
1.022705667E2	1.066782460E0
1.024306667E2	1.385062623E0
1.026064333E2	7.841189152E-2
1.027665333E2	9.612670138E-1
1.029265333E2	1.145726665E0
1.031024667E2	8.400475900E-1
1.032625000E2	9.641396991E-1
1.034384667E2	8.994216688E-1
1.035985667E2	1.002509143E0
1.037587000E2	1.042922135E0
1.039345000E2	1.116717290E0
1.040946000E2	8.852077931E-1
1.042704667E2	7.686061920E-1
1.044306667E2	9.413264978E-1
1.045906000E2	1.005215238E0
1.047665333E2	9.732616778E-1
1.049265333E2	9.158900125E-1
1.051025333E2	6.837741701E-1
1.052626667E2	8.882223327E-1
1.054386000E2	8.381998523E-1
1.055985667E2	9.498140510E-1
1.057588333E2	1.405483191E0
1.059346333E2	6.832983267E-1
1.060945000E2	8.922754191E-1
1.062705000E2	9.802482800E-1
1.064306333E2	1.009302212E0
1.065906333E2	9.287964645E-1
1.067665333E2	5.786186785E-1
1.069266000E2	1.039540420E0
1.071025000E2	9.601736083E-1
1.072625333E2	9.898393681E-1
1.074227667E2	1.365661425E0
1.075984667E2	2.774303906E-1
1.077585667E2	8.211897729E-1
1.079346000E2	8.090455365E-1
1.080945333E2	8.694559499E-1
1.082545000E2	1.075168722E0
1.084305333E2	8.935701520E-1
1.085905333E2	6.496453577E-1
1.087666000E2	8.784684139E-1
1.089266333E2	1.013405284E0
1.091024667E2	1.016375484E0
1.092625000E2	8.653065342E-1
1.094224667E2	7.947467488E-1
1.095984667E2	8.992511930E-1
1.097585667E2	1.047367707E0
1.099345333E2	1.544902604E0
1.100945000E2	1.013236774E0
1.102544333E2	9.305392712E-1
1.104303667E2	7.936317968E-1
1.105906000E2	9.272032164E-1
1.107664000E2	9.523756851E-1
1.109265667E2	9.685949065E-1
1.110865000E2	9.266206301E-1
1.112625333E2	9.911632612E-1
1.114224667E2	1.226477722E0
1.115985333E2	1.002396886E0
1.117584333E2	1.640206966E0
1.119184667E2	7.620696425E-2
1.120945000E2	1.252145166E0
1.122545333E2	9.751743938E-1
1.124305000E2	9.856939682E-1
1.125904333E2	1.015547656E0
1.127663333E2	8.040165969E-1
1.129263667E2	9.378228217E-1
1.130864000E2	9.836551532E-1
1.132623667E2	9.950588992E-1
1.134224333E2	9.861167073E-1
1.135983667E2	9.135812180E-1
1.137583333E2	8.215159898E-1
1.139187333E2	9.434382889E-1
1.140944000E2	9.169733174E-1
1.142544667E2	9.993046475E-1
1.144304000E2	9.631061096E-1
1.145904667E2	8.677261121E-1
1.147505000E2	8.451116291E-1
1.149263333E2	1.213859748E0
1.150864000E2	1.395600600E0
1.152624333E2	1.204156096E0
1.154225000E2	9.361550053E-1
1.155984333E2	1.201634024E0
1.157585000E2	9.276060342E-1
1.159183667E2	1.601982924E0
1.160943667E2	8.479382441E-1
1.162544000E2	8.871101603E-1
1.164302667E2	9.653669542E-1
1.165903000E2	9.465566539E-1
1.167505000E2	1.167278834E0
1.169264000E2	5.466240025E-1
1.170863667E2	9.523411469E-1
1.172624667E2	8.989885046E-1
1.174224667E2	9.004176292E-1
1.175825000E2	1.583344487E0
1.177583333E2	8.055160443E-1
1.179184000E2	5.301244761E-1
1.180943000E2	6.842732399E-1
1.182544000E2	1.088414319E0
1.184143333E2	1.446040930E0
1.185903333E2	8.865801310E-1
1.187503333E2	1.176077241E0
1.189264333E2	4.065975591E-1
1.190862667E2	6.823306298E-1
1.192623333E2	1.892359384E0
1.194224667E2	1.077076841E0
1.195825000E2	1.254751485E0
1.197583333E2	5.803288760E-1
1.199183000E2	9.462574118E-1
1.200942000E2	9.620229878E-1
1.202542667E2	1.213384526E0
1.204143333E2	9.080486053E-1
1.205903333E2	7.645949821E-1
1.207503000E2	9.594661925E-1
1.209263333E2	9.435331322E-1
1.210864000E2	9.676412449E-1
1.212464667E2	8.876886895E-1
1.214223333E2	9.396532800E-1
1.215823667E2	9.238711910E-1
1.217583333E2	8.688951904E-1
1.219184333E2	9.351515615E-1
1.220783667E2	9.422243962E-1
1.222543667E2	9.815356798E-1
1.224144667E2	9.663648282E-1
1.225902000E2	1.039691503E0
1.227503333E2	1.551688715E0
1.229262000E2	9.188032102E-1
1.230862667E2	9.188198950E-1
1.232462667E2	8.376540615E-1
1.234223667E2	1.714251823E0
1.235823000E2	2.016352051E0
1.237582667E2	9.344249093E-1
1.239183667E2	9.496429272E-1
1.240782667E2	6.471987381E-1
1.242542000E2	1.031996207E0
1.244144333E2	1.097828675E0
1.245903000E2	1.117376510E0
1.247502333E2	1.050056011E0
1.249104000E2	8.319869132E-1
1.250862333E2	9.132483844E-1
1.252463000E2	1.031472828E0
1.254223667E2	1.029103874E0
1.255823667E2	8.833080847E-1
1.257582333E2	4.529822362E-1
1.259183333E2	9.104083550E-1
1.260783333E2	9.297037754E-1
1.262542333E2	1.084698890E0
1.264143333E2	1.047028877E0
1.265903000E2	1.054966827E0
1.267503333E2	9.968507826E-1
1.269102667E2	1.099047180E0
1.270861667E2	9.466946207E-1
1.272462333E2	8.973728785E-1
1.274221667E2	1.601527066E0
1.275822000E2	1.390225435E0
1.277424000E2	1.005012629E0
1.279182667E2	9.380386211E-1
1.280782667E2	1.345697506E0
1.282543333E2	3.028745912E-1
1.284143333E2	9.967340719E-1
1.285742667E2	1.409104777E0
1.287503333E2	1.007998280E0
1.289103333E2	1.123009278E0
1.290861333E2	6.295106598E-1
1.292462333E2	1.702079222E-1
1.294222667E2	1.073207972E0
1.295823000E2	1.121639723E0
1.297423667E2	1.113636779E0
1.299181667E2	5.127180772E-1
1.300782000E2	6.616657115E-1
1.302541667E2	1.847968639E0
1.304142000E2	1.561546315E0
1.305742667E2	1.573054833E0
1.307501333E2	1.001597951E0
1.309103000E2	9.903548080E-1
1.310861667E2	1.019192391E0
1.312461667E2	9.074980155E-1
1.314062333E2	1.681952059E0
1.315821333E2	1.066736003E0
1.317422667E2	9.828125726E-1
1.319182333E2	9.997968445E-1
1.320782667E2	9.403004545E-1
1.322382333E2	9.077288333E-1
1.324141667E2	9.448637722E-1
1.325741333E2	9.684694445E-1
1.327502333E2	8.628683421E-1
1.329101667E2	8.593754888E-1
1.330861667E2	7.924087897E-1
1.332461000E2	8.601175699E-1
1.334061333E2	7.410796831E-1
1.335822000E2	8.039858919E-1
1.337421000E2	9.465506979E-1
1.339181333E2	1.403688344E0
1.340781667E2	1.404327796E0
1.342382000E2	1.060249629E0
1.344142667E2	1.050986931E0
1.345740667E2	9.927794778E-1
1.347501667E2	1.906361562E0
1.349102333E2	1.093941113E0
1.350702000E2	8.096305298E-1
1.352462333E2	1.019375471E0
1.354061667E2	1.003273257E0
1.355820667E2	1.195664311E0
1.357422000E2	1.114780603E0
1.359181667E2	9.045269671E-1
1.360780667E2	9.746776925E-1
1.362382333E2	1.853712434E0
1.364141667E2	-1.431875320E-1
1.365741333E2	3.820196555E-1
1.367500667E2	9.534136131E-1
1.369101667E2	8.456847223E-1
1.370701333E2	6.781355508E-1
1.372461000E2	2.076999838E-1
1.374062333E2	9.626516920E-1
1.375820000E2	1.307629468E0
1.377420333E2	1.491511019E0
1.379022333E2	2.123024713E0
1.380779667E2	9.249803225E-1
1.382383000E2	1.703517755E0
1.384142000E2	1.467714031E0
1.385741333E2	7.966976043E-1
1.387342000E2	1.006676901E0
1.389101667E2	1.035492450E0
1.390700667E2	9.778627211E-1
1.392460333E2	9.487070220E-1
1.394061000E2	1.184127967E0
1.395821000E2	9.937371089E-1
1.397421333E2	1.051033856E0
1.399020000E2	1.106800987E0
1.400781667E2	1.692137277E-1
1.402381333E2	6.839131440E-1
1.404140000E2	8.141321323E-1
1.405741000E2	8.462807796E-1
1.407341000E2	8.467029576E-1
1.409100333E2	8.374015685E-1
1.410700000E2	8.509728091E-1
1.412459667E2	8.783364231E-1
1.414062333E2	1.895248851E0
1.415660667E2	1.898519956E0
1.417421000E2	1.868131988E0
1.419021333E2	1.103987302E0
1.420779667E2	1.271456572E0
1.422381333E2	1.298477818E0
1.423981333E2	9.716864186E-1
1.425740667E2	8.804950793E-1
1.427341333E2	1.104578208E0
1.429101000E2	1.273014623E0
1.430700333E2	1.081611786E0
1.432459000E2	9.162430560E-1
1.434061667E2	9.539632235E-1
1.435659667E2	9.079385787E-1
1.437419667E2	9.105701302E-1
1.439021000E2	8.626440889E-1
1.440780333E2	5.746974216E-1
1.442380000E2	6.190257908E-1
1.443981000E2	8.463040576E-1
1.445740333E2	8.473448948E-1
1.447340333E2	9.542282379E-1
1.449101000E2	1.863345996E0
1.450700333E2	1.449598870E0
1.452300000E2	8.278778818E-1
1.454060667E2	1.047494471E0
1.455660000E2	2.015823539E0
1.457419000E2	1.676120872E0
1.459019667E2	1.275237441E0
1.460780333E2	7.873688999E-1
1.462380000E2	8.360427148E-1
1.463980000E2	1.037577536E0
1.465740667E2	1.087582953E0
1.467341000E2	1.039990178E0
1.469100333E2	7.578837834E-1
1.470700000E2	1.244644153E0
1.472299667E2	1.039505232E0
1.474059000E2	4.324099847E-1
1.475661333E2	5.023904697E-1
1.477419333E2	6.991952496E-1
1.479020667E2	4.050598089E-1
1.480620000E2	8.364021672E-1
1.482378667E2	1.277937656E0
1.483979333E2	1.164660293E0
1.485738667E2	1.246758460E0
1.487339333E2	1.012843663E0
1.488940667E2	1.162227206E0
1.490699333E2	2.150238636E0
1.492299333E2	1.743453918E0
1.494060000E2	8.278963773E-1
1.495659667E2	9.737738121E-1
1.497418000E2	1.477811652E0
1.499019333E2	9.531101810E-1
1.500620000E2	9.096884345E-1
1.502380000E2	9.098204410E-1
1.503979667E2	7.457319830E-1
1.505739667E2	9.791823372E-1
1.507338667E2	8.677287677E-1
1.508939333E2	8.610725029E-1
1.510698333E2	1.135110896E0
1.512300667E2	5.153528856E-1
1.514060000E2	-3.178187050E-1
1.515658333E2	1.765324789E0
1.517259333E2	1.039664046E0
1.519018667E2	1.050540382E0
1.520620000E2	8.533598697E-1
1.522378333E2	1.211814352E0
1.523979000E2	2.106585265E0
1.525579333E2	1.563576121E0
1.527339333E2	1.257053569E0
1.528938667E2	1.763382452E0
1.530698333E2	1.913506950E0
1.532299667E2	9.470993863E-1
1.534058000E2	8.038236159E-1
1.535659667E2	8.603076658E-1
1.537260000E2	1.044563517E0
1.539018000E2	8.601955123E-1
1.540619667E2	8.973778197E-1
1.542378000E2	9.452899395E-1
1.543979667E2	1.147240942E0
1.545578333E2	9.144617432E-1
1.547338333E2	9.475043690E-1
1.548939667E2	1.008310558E0
1.550698667E2	1.071052748E0
1.552298333E2	1.042102973E0
1.553900667E2	3.364122946E-1
1.555658667E2	8.759142702E-1
1.557259333E2	1.110433299E0
1.559019000E2	2.001657783E0
1.560618000E2	1.109612976E0
1.562378000E2	9.839409196E-1
1.563979333E2	1.402109953E0
1.565578667E2	1.119928486E0
1.567338000E2	9.255731055E-1
1.568939333E2	1.515041000E0
1.570698333E2	1.146403160E0
1.572297667E2	1.985183917E-1
1.573897333E2	5.157250353E-1
1.575659000E2	9.739954019E-1
1.577257667E2	9.996432969E-1
1.579017667E2	1.119712075E0
1.580618333E2	7.942228478E-1
1.582219000E2	8.825976035E-1
1.583978000E2	1.693126914E0
1.585579000E2	3.307048017E-1
1.587337667E2	7.324359511E-1
1.588939333E2	9.403385606E-1
1.590539000E2	7.969950915E-1
1.592298000E2	1.318450589E0
1.593897667E2	4.958298694E-1
1.595657667E2	1.695274265E-1
1.597258000E2	1.364854818E0
1.599017667E2	1.985322747E0
1.600618000E2	1.129853659E0
1.602217667E2	1.087357133E0
1.603979333E2	9.541409637E-1
1.605578000E2	8.989114118E-1
1.607337333E2	8.873612078E-1
1.608937333E2	8.577140883E-1
1.610537667E2	1.900089798E0
1.612297333E2	1.425974582E0
1.613898667E2	1.139592665E0
1.615657000E2	6.910623609E-1
1.617257333E2	9.601237447E-1
1.618858667E2	1.999094292E0
1.620617667E2	8.933834315E-1
1.622217667E2	1.025805206E0
1.623978000E2	9.561070364E-1
1.625577667E2	1.043839494E0
1.627177667E2	9.456034665E-1
1.628938000E2	9.666935135E-1
1.630538000E2	1.069007642E0
1.632297667E2	9.589047047E-1
1.633899333E2	7.955586611E-1
1.635657000E2	1.053714967E0
1.637257000E2	1.066074874E0
1.638857667E2	1.236359866E0
1.640617333E2	1.697466522E0
1.642218667E2	1.039850130E0
1.643977333E2	1.187597835E0
1.645577667E2	1.030944339E0
1.647177000E2	8.746759225E-1
1.648937000E2	8.792580774E-1
1.650536667E2	9.776365112E-1
1.652296000E2	1.599930739E0
1.653898000E2	9.836773399E-1
1.655498333E2	1.138469022E0
1.657258000E2	9.108782041E-1
1.658857000E2	9.291405181E-1
1.660617667E2	1.104324100E0
1.662216667E2	9.023436416E-1
1.663976000E2	5.512452001E-1
1.665576333E2	1.046899492E0
1.667176667E2	4.853073257E-1
1.668937333E2	6.371720060E-2
1.670536333E2	1.350988577E0
1.672297000E2	1.884542170E0
1.673898000E2	9.616175329E-1
1.675496667E2	8.656828445E-1
1.677255667E2	1.863612147E0
1.678857667E2	1.611340750E0
1.680615667E2	9.810653181E-1
1.682216667E2	1.624361371E0
1.683819000E2	9.863970471E-1
1.685577000E2	1.731346575E0
1.687177333E2	1.903817790E-1
1.688937333E2	1.003284727E0
1.690535667E2	1.660368996E0
1.692136667E2	8.669485711E-1
1.693896667E2	9.397504625E-1
1.695497333E2	9.120712046E-1
1.697257333E2	8.572021676E-1
1.698857000E2	6.529889418E-1
1.700616333E2	9.315253510E-1
1.702215667E2	9.581908237E-1
1.703816333E2	9.522425507E-1
1.705576333E2	1.174323898E0
1.707177000E2	1.695963141E0
1.708935333E2	-2.079137994E-1
1.710536000E2	2.132612956E0
1.712136333E2	2.108265402E0
1.713895333E2	1.113702309E0
1.715497333E2	1.195257944E0
1.717257000E2	4.537862116E-2
1.718856333E2	1.942706707E0
1.720458333E2	9.229310271E-1
1.722216000E2	6.640601404E-1
1.723817000E2	1.805050092E0
1.725575000E2	6.224852523E-1
1.727177000E2	9.849850418E-1
1.728776333E2	1.328486418E0
1.730536333E2	6.701754831E-1
1.732136333E2	2.594517814E0
1.733896000E2	7.642882634E-1
1.735495667E2	9.330881045E-1
1.737256333E2	6.098233910E-1
1.738855667E2	1.126818469E0
1.740455667E2	1.473962498E0
1.742215667E2	9.320701103E-1
1.743817333E2	1.825626525E0
1.745576333E2	7.379664083E-1
1.747176000E2	1.019871915E0
1.748776000E2	6.932450951E-1
1.750535000E2	2.399862746E-1
1.752136000E2	1.995078980E0
1.753896333E2	1.843033957E0
1.755496667E2	9.808957552E-1
1.757097000E2	1.255473549E0
1.758855667E2	6.233977737E-1
1.760455667E2	9.213062815E-1
1.762215667E2	1.223789483E0
1.763815000E2	1.896125877E0
1.765575333E2	5.703338448E-1
1.767176000E2	6.972271102E-1
1.768775333E2	8.666523353E-1
1.770535333E2	1.033458172E0
1.772134667E2	1.371604081E0
1.773894333E2	8.333646256E-1
1.775494667E2	1.048444440E0
1.777096000E2	4.781464968E-1
1.778854667E2	9.293066165E-1
1.780455000E2	1.525923226E0
1.782214333E2	8.574094557E-1
1.783816333E2	2.134645050E0
1.785417000E2	9.783830942E-1
1.787174333E2	1.080200274E0
1.788775000E2	1.056624670E0
1.790534667E2	7.384826836E-1
1.792135667E2	2.177729087E0
1.793736000E2	8.501802932E-1
1.795495000E2	9.200966690E-1
1.797097333E2	1.012009299E0
1.798855333E2	1.198832694E0
1.800454667E2	1.460056047E0
1.802214667E2	1.015648528E0
1.803817000E2	8.222503122E-1
1.805415000E2	7.814665972E-1
1.807175000E2	1.800774571E0
1.808775000E2	8.756526587E-1
1.810534667E2	8.148242958E-1
1.812135000E2	1.357937891E0
1.813736000E2	1.188680779E0
1.815494667E2	1.886957283E0
1.817095000E2	6.574639513E-1
1.818854667E2	9.879790389E-1
1.820454000E2	9.849843440E-1
1.822054333E2	1.904127311E0
1.823816667E2	9.986210213E-1
1.825416333E2	9.121260166E-1
1.827174667E2	1.545065647E0
1.828775667E2	8.387392157E-1
1.830376000E2	7.909569400E-1
1.832134333E2	7.528772920E-2
1.833735000E2	1.982914994E0
1.835494667E2	1.016831856E0
1.837094333E2	7.380750964E-1
1.838854333E2	1.021541596E0
1.840456000E2	9.058080015E-1
1.842056333E2	1.034988617E0
1.843814667E2	1.025702478E0
1.845413667E2	1.858098747E0
1.847173333E2	2.885386719E-1
1.848774000E2	1.333388639E0
1.850374667E2	1.016008030E0
1.852133667E2	9.529213597E-1
1.853734667E2	1.733316306E0
1.855494333E2	1.205912530E0
1.857095000E2	9.166478276E-1
1.858695333E2	1.561317105E-1
1.860453667E2	1.911618300E0
1.862053667E2	1.306298048E0
1.863816000E2	1.072176074E0
1.865414333E2	1.041556782E0
1.867173333E2	1.357342766E0
1.868774667E2	8.799159369E-1
1.870374333E2	2.656208831E-1
1.872134667E2	9.176316075E-1
1.873734667E2	1.125367431E0
1.875493667E2	1.321991520E0
1.877094000E2	5.044420290E-1
1.878694667E2	9.144918182E-1
1.880453333E2	1.306559176E0
1.882054000E2	1.070269419E0
1.883812667E2	8.363732099E-1
1.885413667E2	9.972440387E-1
1.887014000E2	6.863578569E-1
1.888776333E2	8.013493101E-1
1.890373333E2	9.430477959E-1
1.892133000E2	7.553462291E-1
1.893733333E2	1.960884862E0
1.895333667E2	1.332879537E0
1.897092667E2	1.140040455E0
1.898693667E2	1.427185434E0
1.900453000E2	1.223185872E0
1.902055667E2	6.209534556E-1
1.903813667E2	1.061653475E0
1.905414333E2	1.924012811E0
1.907013667E2	5.491480790E-1
1.908772667E2	8.528191804E-1
1.910373667E2	9.784255904E-1
1.912133333E2	6.938579948E-1
1.913734333E2	1.058356246E0
1.915333667E2	1.913624952E0
1.917093333E2	6.096947614E-1
1.918693000E2	9.934674507E-1
1.920452667E2	1.012374119E0
1.922053667E2	9.287517924E-1
