mass_A
t	x
0.000000000E0	-9.288824383E-1
1.760000000E-1	-9.557897143E-1
3.360333333E-1	-9.487195200E-1
5.119666667E-1	-9.677491951E-1
6.720666667E-1	-9.557261381E-1
8.321666667E-1	-9.870795529E-1
1.008066667E0	-9.693042883E-1
1.168133333E0	-9.629418948E-1
1.344033333E0	-9.512158153E-1
1.504133333E0	-9.706725397E-1
1.664166667E0	-9.571437502E-1
1.840166667E0	-9.683086159E-1
2.000033333E0	-9.595985846E-1
2.176100000E0	-9.693582442E-1
2.336000000E0	-9.868056694E-1
2.512000000E0	-9.764342549E-1
2.672000000E0	-9.767124978E-1
2.832166667E0	-9.576688248E-1
3.008033333E0	-9.673746269E-1
3.168133333E0	-9.728793376E-1
3.344033333E0	-9.643866411E-1
3.504033333E0	-9.440605585E-1
3.664166667E0	-9.571137533E-1
3.840100000E0	-9.722220921E-1
4.000133333E0	-9.744929756E-1
4.176000000E0	-9.784170831E-1
4.336033333E0	-9.451990888E-1
4.496000000E0	-9.444534199E-1
4.671966667E0	-9.780571086E-1
4.831966667E0	-9.578811579E-1
5.008100000E0	-9.514403338E-1
5.168100000E0	-9.419271916E-1
5.328033333E0	-9.415071756E-1
5.504000000E0	-9.577046839E-1
5.664000000E0	-9.731850556E-1
5.840033333E0	-9.669447652E-1
6.000033333E0	-9.876491685E-1
6.175900000E0	-9.643909021E-1
6.336000000E0	-9.681430950E-1
6.495966667E0	-9.770891531E-1
6.671933333E0	-9.939247430E-1
6.832066667E0	-9.965723947E-1
7.008066667E0	-9.854596920E-1
7.168000000E0	-9.454033878E-1
7.327966667E0	-9.718474753E-1
7.503933333E0	-9.667440857E-1
7.664033333E0	-9.869990358E-1
7.839966667E0	-9.680102691E-1
8.000100000E0	-9.838996350E-1
8.160000000E0	-9.631729691E-1
8.335966667E0	-9.441336864E-1
8.495933333E0	-9.736325853E-1
8.672066667E0	-9.660389856E-1
8.831900000E0	-9.679934922E-1
9.007833333E0	-9.676082360E-1
9.167966667E0	-9.684824653E-1
9.327933333E0	-9.746463024E-1
9.503900000E0	-9.876157306E-1
9.664033333E0	-9.727089717E-1
9.839900000E0	-9.801765714E-1
9.999866667E0	-9.273943318E-1
1.016000000E1	-9.926777171E-1
1.033596667E1	-9.770893375E-1
1.049600000E1	-1.056135870E0
1.067206667E1	-1.062190286E0
1.083203333E1	-9.334547607E-1
1.099196667E1	-9.887005303E-1
1.116790000E1	-9.627402002E-1
1.132796667E1	-9.689697106E-1
1.150383333E1	-9.512354714E-1
1.166416667E1	-9.678578477E-1
1.182393333E1	-9.531804760E-1
1.199990000E1	-9.162858122E-1
1.215986667E1	-9.387991561E-1
1.233593333E1	-9.167537011E-1
1.249603333E1	-9.795574120E-1
1.267196667E1	-9.434861558E-1
1.283203333E1	-9.668324362E-1
1.299200000E1	-9.765550529E-1
1.316786667E1	-9.471696643E-1
1.332790000E1	-9.521699983E-1
1.350376667E1	-9.455504009E-1
1.366380000E1	-9.791114849E-1
1.382400000E1	-9.726824546E-1
1.399986667E1	-9.902984226E-1
1.416003333E1	-9.984774056E-1
1.433583333E1	-9.610417375E-1
1.449596667E1	-9.433261452E-1
1.465600000E1	-9.845442984E-1
1.483196667E1	-9.624803647E-1
1.499190000E1	-9.773876828E-1
1.516796667E1	-9.068535857E-1
1.532793333E1	-9.037491091E-1
1.548790000E1	-9.253056069E-1
1.566386667E1	-9.797036845E-1
1.582403333E1	-9.979989975E-1
1.599983333E1	-9.296270860E-1
1.615983333E1	-9.144494654E-1
1.633583333E1	-9.539002895E-1
1.649576667E1	-9.483487575E-1
1.665586667E1	-9.594524654E-1
1.683183333E1	-9.489086029E-1
1.699193333E1	-9.484354195E-1
1.716793333E1	-9.629558961E-1
1.732776667E1	-9.749075181E-1
1.748783333E1	-9.707294251E-1
1.766383333E1	-1.033074688E0
1.782376667E1	-9.676285138E-1
1.799983333E1	-9.652819752E-1
1.815993333E1	-9.694299929E-1
1.831986667E1	-9.678970179E-1
1.849576667E1	-9.761969603E-1
1.865580000E1	-9.588228175E-1
1.883180000E1	-9.885025071E-1
1.899186667E1	-9.638608489E-1
1.916780000E1	-9.846585235E-1
1.932790000E1	-9.888054449E-1
1.948783333E1	-9.744311080E-1
1.966390000E1	-9.780656398E-1
1.982390000E1	-1.041708093E0
1.999970000E1	-1.036074394E0
2.015980000E1	-1.014086478E0
2.031976667E1	-1.032138785E0
2.049576667E1	-9.862574104E-1
2.065576667E1	-9.856614402E-1
2.083166667E1	-1.026461906E0
2.099183333E1	-1.003006747E0
2.115186667E1	-9.736970648E-1
2.132783333E1	-9.424962995E-1
2.148783333E1	-9.682947906E-1
2.166383333E1	-1.035194018E0
2.182396667E1	-1.010495221E0
2.198383333E1	-9.847834753E-1
2.215980000E1	-9.604987286E-1
2.231980000E1	-9.523465039E-1
2.249583333E1	-9.641991124E-1
2.265583333E1	-9.843203196E-1
2.283166667E1	-1.007526928E0
2.299170000E1	-1.045756133E0
2.315180000E1	-9.955918588E-1
2.332776667E1	-9.631617937E-1
2.348796667E1	-9.939822860E-1
2.366380000E1	-1.000886959E0
2.382370000E1	-1.035282955E0
2.398373333E1	-9.461013889E-1
2.415980000E1	-9.575084488E-1
2.431976667E1	-9.301586397E-1
2.449580000E1	-9.250029465E-1
2.465573333E1	-9.362770935E-1
2.481583333E1	-9.591899719E-1
2.499170000E1	-9.635960491E-1
2.515176667E1	-9.791170387E-1
2.532773333E1	-9.822672946E-1
2.548803333E1	-9.454517147E-1
2.564780000E1	-9.499569549E-1
2.582370000E1	-9.965243298E-1
2.598373333E1	-9.742422144E-1
2.615976667E1	-9.929607831E-1
2.631966667E1	-9.829127514E-1
2.649570000E1	-9.412012968E-1
2.665576667E1	-9.601929230E-1
2.681580000E1	-1.046512096E0
2.699186667E1	-1.034544642E0
2.715173333E1	-9.678773464E-1
2.732756667E1	-9.632353539E-1
2.748770000E1	-9.618398565E-1
2.764770000E1	-9.782719899E-1
2.782376667E1	-9.603150529E-1
2.798380000E1	-9.748562363E-1
2.815976667E1	-9.785847973E-1
2.831970000E1	-1.001410082E0
2.847970000E1	-1.005033807E0
2.865580000E1	-9.623499865E-1
2.881600000E1	-1.002172831E0
2.899173333E1	-9.724217738E-1
2.915176667E1	-9.945189448E-1
2.932766667E1	-9.689678626E-1
2.948773333E1	-9.965632112E-1
2.964770000E1	-9.918145767E-1
2.982363333E1	-9.874942305E-1
2.998363333E1	-9.833929105E-1
3.015966667E1	-1.004162944E0
3.031973333E1	-9.926451672E-1
3.047973333E1	-1.040066649E0
3.065560000E1	-1.035794643E0
3.081576667E1	-1.014159283E0
3.099166667E1	-9.561885889E-1
3.115163333E1	-9.526881593E-1
3.131176667E1	-9.654113370E-1
3.148763333E1	-9.472056591E-1
3.164773333E1	-9.279387598E-1
3.182360000E1	-9.853772541E-1
3.198366667E1	-9.999395335E-1
3.214366667E1	-1.001940189E0
3.231956667E1	-9.710905102E-1
3.247986667E1	-1.011687844E0
3.265560000E1	-9.702412842E-1
3.281553333E1	-1.023850045E0
3.299156667E1	-1.166483797E0
3.315160000E1	-9.936801388E-1
3.331173333E1	-1.013899925E0
3.348763333E1	-9.971047297E-1
3.364770000E1	-1.035232718E0
3.382350000E1	-9.774162191E-1
3.398360000E1	-1.004610629E0
3.414360000E1	-9.739485745E-1
3.431953333E1	-1.006733679E0
3.447960000E1	-1.020502915E0
3.465566667E1	-9.725505534E-1
3.481553333E1	-1.001527549E0
3.497556667E1	-9.987213531E-1
3.515166667E1	-9.814205168E-1
3.531156667E1	-9.753239857E-1
3.548766667E1	-9.762952533E-1
3.564756667E1	-1.011284046E0
3.580790000E1	-1.012113830E0
3.598366667E1	-1.019876732E0
3.614360000E1	-9.931437117E-1
3.631960000E1	-9.510805810E-1
3.647976667E1	-9.862245072E-1
3.665546667E1	-9.870526585E-1
3.681556667E1	-9.666137884E-1
3.697560000E1	-9.725273566E-1
3.715146667E1	-9.874900551E-1
3.731156667E1	-9.829271842E-1
3.748756667E1	-8.670932194E-1
3.764746667E1	-9.326851921E-1
3.780766667E1	-9.975861679E-1
3.798360000E1	-1.025409680E0
3.814366667E1	-9.731678716E-1
3.831943333E1	-9.198744799E-1
3.847966667E1	-1.032398088E0
3.863960000E1	-1.020261805E0
3.881546667E1	-1.052309814E0
3.897560000E1	-1.013546053E0
3.915153333E1	-8.793832300E-1
3.931150000E1	-8.989411153E-1
3.948756667E1	-1.014960607E0
3.964760000E1	-1.001531175E0
3.980756667E1	-9.516869725E-1
3.998346667E1	-9.496722156E-1
4.014353333E1	-9.894528873E-1
4.031940000E1	-9.360257306E-1
4.047960000E1	-9.074864993E-1
4.063963333E1	-9.517681073E-1
4.081556667E1	-9.175843318E-1
4.097546667E1	-9.745059938E-1
4.115140000E1	-9.532255453E-1
4.131150000E1	-9.322601522E-1
4.147150000E1	-9.628363252E-1
4.164756667E1	-9.917398592E-1
4.180756667E1	-9.622546211E-1
4.198346667E1	-9.309837734E-1
4.214356667E1	-9.462971006E-1
4.230346667E1	-1.026704254E0
4.247946667E1	-9.885462834E-1
4.263950000E1	-9.262267348E-1
4.281556667E1	-9.616222226E-1
4.297556667E1	-1.003603504E0
4.315143333E1	-1.045943772E0
4.331140000E1	-9.939092241E-1
4.347150000E1	-9.183402638E-1
4.364743333E1	-9.709707467E-1
4.380753333E1	-1.062228647E0
4.398350000E1	-1.057828538E0
4.414340000E1	-1.028011185E0
4.430346667E1	-8.748900591E-1
4.447950000E1	-9.414801504E-1
4.463940000E1	-9.731882010E-1
4.481553333E1	-9.634624182E-1
4.497553333E1	-9.361276445E-1
4.513536667E1	-8.960094805E-1
4.531140000E1	-1.001917703E0
4.547163333E1	-9.721903528E-1
4.564740000E1	-9.768887432E-1
4.580740000E1	-1.032129930E0
4.596760000E1	-1.059529166E0
4.614343333E1	-1.063461337E0
4.630350000E1	-8.872875921E-1
4.647936667E1	-8.543227489E-1
4.663950000E1	-1.033496018E0
4.681546667E1	-1.043177181E0
4.697543333E1	-9.464411367E-1
4.713556667E1	-9.654977876E-1
4.731136667E1	-1.007531381E0
4.747143333E1	-1.060915686E0
4.764750000E1	-1.059093829E0
4.780753333E1	-9.916833628E-1
4.796740000E1	-9.669590884E-1
4.814330000E1	-9.676097755E-1
4.830340000E1	-9.824181453E-1
4.847950000E1	-6.819613872E-1
4.863946667E1	-7.413299111E-1
4.879970000E1	-8.649274238E-1
4.897550000E1	-9.805690797E-1
4.913533333E1	-1.124519333E0
4.931140000E1	-9.454226506E-1
4.947150000E1	-9.084887174E-1
4.964740000E1	-1.003556768E0
4.980750000E1	-9.859159504E-1
4.996750000E1	-9.890148407E-1
5.014333333E1	-9.719027740E-1
5.030336667E1	-9.979480093E-1
5.047940000E1	-9.392957660E-1
5.063946667E1	-9.836440451E-1
5.079946667E1	-1.006185017E0
5.097543333E1	-9.890679305E-1
5.113533333E1	-1.042235119E0
5.131123333E1	-1.004781419E0
5.147126667E1	-8.658333090E-1
5.163133333E1	-8.606686595E-1
5.180723333E1	-9.613336816E-1
5.196740000E1	-9.852256578E-1
5.214340000E1	-9.473513032E-1
5.230336667E1	-9.266115705E-1
5.246350000E1	-9.622546430E-1
5.263933333E1	-9.361274279E-1
5.279936667E1	-9.706914169E-1
5.297530000E1	-9.619521282E-1
5.313550000E1	-9.651436164E-1
5.331130000E1	-1.071830062E0
5.347130000E1	-1.057464213E0
5.363146667E1	-9.643819554E-1
5.380740000E1	-9.315931632E-1
5.396736667E1	-9.175319143E-1
5.414333333E1	-1.174900378E0
5.430326667E1	-9.395895161E-1
5.446346667E1	-9.211768464E-1
5.463930000E1	-6.471513750E-1
5.479933333E1	-9.033500486E-1
5.497526667E1	-1.185705803E0
5.513546667E1	-9.677292834E-1
5.529540000E1	-9.490955586E-1
5.547136667E1	-9.257466390E-1
5.563123333E1	-9.248409630E-1
5.580736667E1	-9.013393570E-1
5.596740000E1	-9.288781982E-1
5.614333333E1	-9.790826363E-1
5.630326667E1	-9.782363052E-1
5.646340000E1	-9.800944710E-1
5.663933333E1	-9.402600413E-1
5.679930000E1	-9.696706816E-1
5.697533333E1	-1.018221408E0
5.713523333E1	-1.000068942E0
5.729526667E1	-1.001587893E0
5.747136667E1	-9.940845522E-1
5.763120000E1	-1.005277326E0
5.780716667E1	-1.034319589E0
5.796720000E1	-9.999032438E-1
5.812740000E1	-9.065085531E-1
5.830323333E1	-9.844375491E-1
5.846350000E1	-1.179733948E0
5.863933333E1	-1.033767204E0
5.879916667E1	-9.357357148E-1
5.895926667E1	-9.988407189E-1
5.913523333E1	-9.890300488E-1
5.929546667E1	-1.183098796E0
5.947140000E1	-1.060930969E0
5.963133333E1	-9.409047531E-1
5.980730000E1	-7.310654277E-1
5.996720000E1	-9.212308448E-1
6.012726667E1	-9.517390745E-1
6.030323333E1	-9.470390202E-1
6.046340000E1	-1.178072420E0
6.063930000E1	-9.508203983E-1
6.079916667E1	-9.592569339E-1
6.095936667E1	-1.025816190E0
6.113516667E1	-1.050210199E0
6.129520000E1	-9.134854107E-1
6.147116667E1	-9.243680945E-1
6.163120000E1	-9.388090615E-1
6.179140000E1	-9.514068330E-1
6.196726667E1	-9.534088357E-1
6.212713333E1	-1.050596354E0
6.230323333E1	-1.030166030E0
6.246326667E1	-9.264192447E-1
6.262323333E1	-9.842402038E-1
6.279940000E1	-9.742399156E-1
6.295926667E1	-9.921133541E-1
6.313516667E1	-1.056987491E0
6.329523333E1	-7.521849504E-1
6.347123333E1	-6.744024733E-1
6.363120000E1	-1.092105148E0
6.379130000E1	-1.111443669E0
6.396720000E1	-8.993114255E-1
6.412716667E1	-9.185135641E-1
6.430323333E1	-1.168240558E0
6.446310000E1	-1.281816982E0
6.462326667E1	-1.132421681E0
6.479913333E1	-9.596027243E-1
6.495926667E1	-9.388528469E-1
6.513523333E1	-9.351529044E-1
6.529520000E1	-8.994830941E-1
6.545523333E1	-9.206911834E-1
6.563116667E1	-1.088893250E0
6.579116667E1	-1.003331990E0
6.596720000E1	-9.861346053E-1
6.612723333E1	-1.143488798E0
6.630306667E1	-1.076890825E0
6.646313333E1	-9.935199407E-1
6.662310000E1	-9.952533748E-1
6.679926667E1	-9.631659594E-1
6.695913333E1	-9.451713081E-1
6.713516667E1	-1.003347921E0
6.729506667E1	-9.848069561E-1
6.745510000E1	-9.541148897E-1
6.763126667E1	-1.004087622E0
6.779116667E1	-1.012511956E0
6.796716667E1	-1.061235713E0
6.812723333E1	-1.142388978E0
6.828720000E1	-8.948364117E-1
6.846310000E1	-8.596732655E-1
6.862313333E1	-1.049126716E0
6.879910000E1	-1.016150593E0
6.895920000E1	-9.885471546E-1
6.911916667E1	-1.114522684E0
6.929506667E1	-8.809009239E-1
6.945530000E1	-9.256641833E-1
6.963116667E1	-1.127427693E0
6.979120000E1	-1.299445416E0
6.996706667E1	-7.271671063E-1
7.012706667E1	-9.109981062E-1
7.028710000E1	-9.885217354E-1
7.046316667E1	-9.688749277E-1
7.062310000E1	-9.870917774E-1
7.079900000E1	-9.661661611E-1
7.095910000E1	-9.658441871E-1
7.111900000E1	-9.798305078E-1
7.129500000E1	-1.020950382E0
7.145516667E1	-1.073770026E0
7.163110000E1	-9.305824991E-1
7.179120000E1	-1.024685730E0
7.195120000E1	-1.006048260E0
7.212700000E1	-9.989891157E-1
7.228703333E1	-1.096420794E0
7.246313333E1	-1.074857631E0
7.262316667E1	-9.933564350E-1
7.278313333E1	-9.074159066E-1
7.295903333E1	-9.121406923E-1
7.311910000E1	-1.033995773E0
7.329500000E1	-1.033978263E0
7.345520000E1	-9.626534926E-1
7.363110000E1	-9.600731188E-1
7.379106667E1	-1.161599036E0
7.395110000E1	-1.114951282E0
7.412713333E1	-9.479734756E-1
7.428716667E1	-8.919994034E-1
7.446303333E1	-8.694711205E-1
7.462313333E1	-8.474966237E-1
7.478300000E1	-1.004636767E0
7.495893333E1	-1.005906186E0
7.511903333E1	-9.956363555E-1
7.529506667E1	-1.000450403E0
7.545500000E1	-9.152685724E-1
7.561506667E1	-1.224190969E0
7.579110000E1	-1.080605192E0
7.595100000E1	-1.001470871E0
7.612696667E1	-9.540865094E-1
7.628696667E1	-1.056631273E0
7.646290000E1	-1.056733068E0
7.662300000E1	-9.791295305E-1
7.678313333E1	-1.376608812E0
7.695910000E1	-1.171468207E0
7.711903333E1	-1.022575876E0
7.729493333E1	-1.081177417E0
7.745490000E1	-1.021955433E0
7.761496667E1	-1.054035307E0
7.779096667E1	-1.202812993E0
7.795096667E1	-9.568330539E-1
7.812693333E1	-9.093472843E-1
7.828706667E1	-1.033067023E0
7.844710000E1	-1.180070716E0
7.862290000E1	-7.770992628E-1
7.878306667E1	-9.062326385E-1
7.895910000E1	-1.004303245E0
7.911906667E1	-9.601208875E-1
7.927923333E1	-1.102079557E0
7.945503333E1	-9.798306719E-1
7.961496667E1	-9.418903928E-1
7.979093333E1	-9.904572904E-1
7.995090000E1	-1.116876938E0
8.012703333E1	-1.011148983E0
8.028696667E1	-1.050199929E0
8.044703333E1	-1.313121236E0
8.062300000E1	-9.412943040E-1
8.078290000E1	-1.003433864E0
8.095896667E1	-1.212484950E0
8.111900000E1	-1.144505292E0
8.127890000E1	-1.132356803E0
8.145506667E1	-9.854130247E-1
8.161503333E1	-8.745814849E-1
8.179090000E1	-9.022897577E-1
8.195093333E1	-1.200807929E0
8.211100000E1	-9.282521772E-1
8.228690000E1	-9.686746602E-1
8.244693333E1	-1.012106754E0
8.262290000E1	-1.012651309E0
8.278300000E1	-9.679091684E-1
8.294293333E1	-1.128494776E0
8.311893333E1	-9.659695915E-1
8.327900000E1	-7.808234674E-1
8.345490000E1	-1.224079380E0
8.361506667E1	-9.594815306E-1
8.379093333E1	-1.011895273E0
8.395100000E1	-9.462691658E-1
8.411093333E1	-9.482051048E-1
8.428683333E1	-1.499627521E0
8.444700000E1	-1.253472959E0
8.462290000E1	-1.173669468E0
8.478286667E1	-1.059039580E0
8.494290000E1	-1.068189157E0
8.511883333E1	-1.275680906E0
8.527886667E1	-1.286324777E0
8.545496667E1	-1.150086123E0
8.561500000E1	-8.197700870E-1
8.577500000E1	-8.370851971E-1
8.595086667E1	-9.427405408E-1
8.611096667E1	-1.034408059E0
8.628676667E1	-8.370063242E-1
8.644693333E1	-1.933019032E0
8.662290000E1	-8.476401494E-1
8.678280000E1	-8.756175760E-1
8.694293333E1	-9.815122288E-1
8.711876667E1	-9.603342415E-1
8.727876667E1	-9.270038913E-1
8.745493333E1	-8.767331362E-1
8.761486667E1	-1.038547031E0
8.777486667E1	-9.762965910E-1
8.795093333E1	-1.165660463E0
8.811086667E1	-1.057172694E0
8.828673333E1	-9.392415417E-1
8.844676667E1	-9.929051314E-1
8.860693333E1	-1.093369808E0
8.878290000E1	-9.765337325E-1
8.894283333E1	-9.595650687E-1
8.911896667E1	-1.150726981E0
8.927880000E1	-1.076692452E0
8.943883333E1	-1.091780042E0
8.961476667E1	-1.002760241E0
8.977493333E1	-9.202923596E-1
8.995083333E1	-9.484530429E-1
9.011083333E1	-9.875913389E-1
9.028673333E1	-9.757631321E-1
9.044690000E1	-1.497876034E0
9.060680000E1	-1.205620489E0
9.078276667E1	-9.228549925E-1
9.094290000E1	-3.740790569E-1
9.111886667E1	-9.731133731E-1
9.127876667E1	-9.508972630E-1
9.143910000E1	-9.713239341E-1
9.161470000E1	-9.761792354E-1
9.177473333E1	-9.385953858E-1
9.195083333E1	-9.739376468E-1
9.211086667E1	-1.003435604E0
9.227086667E1	-9.711368292E-1
9.244673333E1	-1.007363811E0
9.260690000E1	-1.005054010E0
9.278266667E1	-1.004826820E0
9.294280000E1	-1.008472551E0
9.310286667E1	-1.025173501E0
9.327890000E1	-9.970239827E-1
9.343883333E1	-6.901602584E-1
9.361480000E1	-9.158769471E-1
9.377473333E1	-9.416269441E-1
9.395073333E1	-7.443394904E-1
9.411076667E1	-9.043976227E-1
9.427086667E1	-9.596084896E-1
9.444686667E1	-9.763782477E-1
9.460683333E1	-9.764898015E-1
9.478276667E1	-8.216313385E-1
9.494270000E1	-7.011230681E-1
9.510270000E1	-8.231568945E-1
9.527866667E1	-1.513866028E0
9.543893333E1	-7.629180610E-1
9.561480000E1	-1.280843801E0
9.577483333E1	-1.509199381E0
9.593473333E1	-9.030214257E-1
9.611066667E1	-9.314538394E-1
9.627076667E1	-9.861845083E-1
9.644686667E1	-9.711980542E-1
9.660663333E1	-1.588726873E0
9.678270000E1	-9.859016786E-1
9.694280000E1	-9.336647080E-1
9.710273333E1	-9.297730771E-1
9.727890000E1	-9.552961159E-1
9.743883333E1	-1.038717637E0
9.761476667E1	-8.222628453E-1
9.777473333E1	-3.660323602E-1
9.793473333E1	-9.265085665E-1
9.811070000E1	-9.116823703E-1
9.827076667E1	-9.952068861E-1
9.844680000E1	-2.978986930E-1
9.860670000E1	-9.164608731E-1
9.876670000E1	-8.839002398E-1
9.894280000E1	-7.143700156E-1
9.910273333E1	-8.995150670E-1
9.927860000E1	-8.639374367E-1
9.943873333E1	-9.450163649E-1
9.959870000E1	-1.056876087E0
9.977476667E1	-9.919343382E-1
9.993476667E1	-9.690427090E-1
1.001107667E2	-9.965332465E-1
1.002706000E2	-1.712427881E0
1.004465667E2	-1.164855269E0
1.006067000E2	-1.053232595E0
1.007666667E2	-1.091989407E0
1.009426333E2	-9.422007562E-1
1.011027333E2	-1.086980797E0
1.012785667E2	-9.236831604E-1
1.014387333E2	-7.002743593E-1
1.015986000E2	-9.089306075E-1
1.017747333E2	-6.820559358E-1
1.019346667E2	-1.004756897E0
1.021106667E2	-1.883865632E-1
1.022706333E2	-8.203383105E-1
1.024307667E2	-9.367521435E-1
1.026065667E2	-9.096894750E-1
1.027667667E2	-8.221126838E-1
1.029425667E2	-9.343606128E-1
1.031026000E2	-1.013521133E0
1.032626333E2	-1.010131584E0
1.034387000E2	-1.534094167E0
1.035987333E2	-9.738740043E-1
1.037746333E2	-1.034938256E0
1.039347000E2	-1.847621889E0
1.041104667E2	-1.012910480E0
1.042706667E2	-1.075869471E0
1.044308333E2	-1.107086616E0
1.046067000E2	-1.398226577E0
1.047667333E2	-1.093340059E0
1.049425667E2	-9.373646640E-1
1.051026333E2	-9.006072834E-1
1.052627667E2	4.349728201E-2
1.054386667E2	-9.467102998E-1
1.055986000E2	-8.944939489E-1
1.057747333E2	-9.210028532E-1
1.059345667E2	-9.232986264E-1
1.060947000E2	-9.454361489E-1
1.062707000E2	-9.860303665E-1
1.064307000E2	-9.952020137E-1
1.066066333E2	-1.000618284E0
1.067666667E2	-9.997010695E-1
1.069425333E2	-1.021419715E0
1.071025667E2	-9.981844629E-1
1.072627000E2	-1.066510723E0
1.074386000E2	-1.162598833E0
1.075985333E2	-1.136738492E0
1.077745333E2	-1.092092756E0
1.079346333E2	-1.214808014E0
1.080945333E2	-1.071011988E0
1.082705667E2	-9.403304995E-1
1.084307000E2	-1.689538402E0
1.086066000E2	-1.979652864E-1
1.087667667E2	-9.364781431E-1
1.089265667E2	-9.629159405E-1
1.091026000E2	-9.342253394E-1
1.092625333E2	-4.634007403E-1
1.094386000E2	1.786038370E-2
1.095986667E2	-9.093426692E-1
1.097585333E2	-1.075635499E0
1.099345000E2	-1.757154430E0
1.100945000E2	-8.543761889E-1
1.102705333E2	-1.012892417E0
1.104305333E2	-8.192328084E-1
1.106065667E2	-1.046293840E0
1.107666000E2	-1.247003036E0
1.109265000E2	-1.084128460E0
1.111026000E2	-1.580198473E0
1.112625667E2	-1.337273201E0
1.114385333E2	-8.720691150E-1
1.115987000E2	-1.912833045E0
1.117586333E2	-1.893953430E0
1.119345667E2	5.866000276E-2
1.120945333E2	-1.469080827E0
1.122705000E2	-7.741863827E-1
1.124305000E2	-9.403299620E-1
1.125906667E2	-9.762602319E-1
1.127664667E2	-7.102224645E-1
1.129265667E2	-8.157555235E-1
1.131025333E2	-7.555285236E-1
1.132626000E2	-8.545159920E-1
1.134226333E2	-6.471669906E-1
1.135984333E2	-1.142440246E0
1.137585000E2	-1.427616017E0
1.139345333E2	-1.074047495E0
1.140945000E2	-1.351175899E0
1.142703667E2	-1.180701631E0
1.144304000E2	-1.075368096E0
1.145905000E2	-1.644072795E0
1.147666000E2	-9.217983799E-1
1.149265333E2	-1.781176568E0
1.151025000E2	-1.811466641E0
1.152624667E2	-1.130826392E0
1.154224667E2	-9.331246507E-1
1.155985667E2	-1.090767472E0
1.157585000E2	-1.439282223E0
1.159345333E2	-9.296321537E-1
1.160944000E2	-1.032849701E0
1.162545000E2	-5.908069847E-1
1.164306000E2	-7.046714195E-1
1.165904667E2	-1.140700373E0
1.167664000E2	-1.123690703E0
1.169264000E2	-9.031508077E-1
1.171024333E2	-1.017480084E0
1.172624000E2	-8.814617495E-1
1.174226333E2	-8.414615910E-1
1.175985000E2	-1.454785296E0
1.177584667E2	-1.834687616E0
1.179344000E2	-9.506390340E-1
1.180944333E2	-1.877165154E0
1.182544333E2	-1.165076218E0
1.184305000E2	-7.548629490E-1
1.185905000E2	-1.952033445E0
1.187663000E2	-6.767651961E-1
1.189264000E2	-1.920119718E0
1.190865333E2	-9.532917939E-1
1.192624333E2	-9.124078321E-1
1.194223667E2	-9.943842709E-1
1.195983333E2	-1.517277187E-1
1.197583333E2	-1.201465466E0
1.199183667E2	-1.266620761E0
1.200944000E2	-1.230866566E0
1.202546333E2	-1.081144852E0
1.204303000E2	-8.209400975E-1
1.205903000E2	-9.614075998E-1
1.207663667E2	-9.678326573E-1
1.209264667E2	-1.060921776E0
1.210863667E2	-9.727058829E-1
1.212624000E2	-1.110918073E0
1.214226667E2	-8.016334230E-1
1.215984000E2	-8.458204330E-1
1.217583667E2	-1.016968424E0
1.219185000E2	-1.291164506E0
1.220944000E2	-9.617046350E-1
1.222544000E2	-9.558379925E-1
1.224304667E2	-1.691244269E0
1.225905333E2	-1.045748568E0
1.227503333E2	-1.298817626E0
1.229264333E2	-1.044856434E0
1.230863333E2	-1.647564277E0
1.232622667E2	-1.248323132E0
1.234226667E2	-8.718716418E-1
1.235823667E2	-9.460099527E-1
1.237584667E2	-9.676366504E-1
1.239184333E2	-8.899066413E-1
1.240944000E2	-8.946155589E-1
1.242544333E2	-1.076981807E0
1.244303333E2	-8.514998800E-1
1.245903667E2	-1.012121656E0
1.247504000E2	-8.955656889E-1
1.249263333E2	-8.077959187E-1
1.250863333E2	-1.097631347E0
1.252623667E2	-1.032512202E0
1.254222667E2	-1.322902441E0
1.255824000E2	6.446645591E-2
1.257582667E2	-7.551319526E-1
1.259183333E2	-1.942345944E0
1.260944000E2	-1.664907019E0
1.262544000E2	-1.695367098E0
1.264144000E2	-8.425609082E-1
1.265902333E2	-1.204217120E0
1.267502667E2	-1.055200816E0
1.269263000E2	-1.053860220E0
1.270863333E2	-9.649184039E-1
1.272623333E2	-1.363906537E0
1.274224000E2	-1.014932265E0
1.275823333E2	-8.025462871E-1
1.277582667E2	-9.027607763E-1
1.279183333E2	-9.645718827E-1
1.280941667E2	-2.140710425E-1
1.282542333E2	-1.110457367E0
1.284142667E2	-1.586881079E0
1.285903000E2	2.004885570E-1
1.287503000E2	-9.818202641E-1
1.289261667E2	-8.344413373E-1
1.290861667E2	-1.903802164E0
1.292462000E2	-1.052944454E0
1.294221667E2	-7.359559938E-1
1.295821667E2	-2.150602769E0
1.297582667E2	-1.098710174E0
1.299182333E2	-1.618511053E0
1.300782000E2	-1.168253152E0
1.302542000E2	-1.717914440E0
1.304141667E2	-1.497811377E0
1.305901333E2	-1.148516834E0
1.307501667E2	-4.259679755E-1
1.309261000E2	-9.833876688E-1
1.310861333E2	-4.932500812E-1
1.312463333E2	-1.796498494E0
1.314223667E2	-7.697908551E-1
1.315823667E2	5.636223342E-1
1.317582667E2	-9.016674374E-1
1.319183000E2	-9.115262145E-1
1.320782000E2	-2.105397464E0
1.322543667E2	-7.588884293E-1
1.324144667E2	-1.020124496E0
1.325901333E2	-1.255979563E0
1.327501333E2	-2.566614382E-1
1.329102667E2	-1.137579066E0
1.330863000E2	-1.094425453E0
1.332462333E2	-6.008301042E-1
1.334223333E2	-2.690466052E0
1.335822000E2	-4.643157717E-2
1.337422333E2	-1.059071051E0
1.339182000E2	-1.151831782E0
1.340782333E2	-1.655934978E0
1.342541333E2	-9.066076425E-1
1.344142000E2	-8.064996664E-3
1.345902333E2	-1.942123673E0
1.347503000E2	-1.970004249E-1
1.349103000E2	-9.963459574E-1
1.350862333E2	-7.804600452E-1
1.352462333E2	-1.248247607E0
1.354221000E2	-1.937444484E0
1.355822333E2	-7.783299261E-1
1.357423667E2	-8.808230967E-1
1.359182000E2	-1.016026395E0
1.360782667E2	-4.004679147E-1
1.362542333E2	-1.874122472E0
1.364141333E2	-1.259127943E0
1.365742000E2	-1.022458805E0
1.367502000E2	-3.960343423E-1
1.369102667E2	-1.264835874E0
1.370863000E2	-1.689368686E0
1.372461000E2	-1.244274058E0
1.374221667E2	-1.793901100E0
1.375821333E2	-7.619624433E-1
1.377422667E2	-1.775268628E0
1.379182333E2	-8.658642004E-1
1.380781667E2	-1.838653939E0
1.382540667E2	-1.767600445E0
1.384142000E2	-8.524586488E-1
1.385741333E2	-1.394251825E0
1.387501000E2	-9.895410940E-1
1.389101667E2	-6.872870367E-1
1.390861000E2	-1.537156216E0
1.392461333E2	-8.642786183E-1
1.394062333E2	-1.936687872E0
1.395821333E2	3.016238926E-2
1.397421333E2	-9.928183398E-1
1.399182000E2	-1.159059876E0
1.400781667E2	-9.971058349E-1
1.402382000E2	-9.883899226E-1
1.404142333E2	-6.999695383E-1
1.405743000E2	-1.789275437E0
1.407500333E2	-1.015445450E0
1.409102000E2	-1.266699253E0
1.410860000E2	-9.604214094E-1
1.412460333E2	-1.053615074E0
1.414060667E2	-1.058842754E0
1.415821000E2	-5.515312176E-1
1.417420667E2	-1.256096022E0
1.419180000E2	-6.583856064E-1
1.420782000E2	-8.023728315E-1
1.422382333E2	-1.195849409E0
1.424142000E2	-7.772115962E-1
1.425741000E2	-8.612089984E-1
1.427500667E2	-9.501629061E-1
1.429101667E2	-1.882376358E0
1.430701333E2	-7.458466493E-1
1.432460667E2	-9.611822969E-1
1.434061000E2	-1.159976726E0
1.435822333E2	-1.725823209E0
1.437420000E2	-9.155718901E-1
1.439020667E2	-9.380064926E-1
1.440780000E2	-1.912663378E0
1.442381000E2	-1.048369872E0
1.444141000E2	-1.449834362E0
1.445741000E2	-1.434824550E0
1.447501000E2	-8.544017717E-1
1.449100667E2	-9.765932510E-1
1.450700667E2	-1.039022389E0
1.452459667E2	-1.296017027E0
1.454062000E2	-7.132509160E-1
1.455820667E2	-1.900869443E0
1.457420333E2	-8.790834998E-1
1.459021000E2	-9.063024412E-1
1.460781000E2	-1.025738470E0
1.462379667E2	-1.734948634E0
1.464139000E2	-9.339996435E-1
1.465739333E2	-1.322024575E0
1.467340667E2	-1.240806150E0
1.469100000E2	-8.798061590E-1
1.470701000E2	-8.426911031E-1
1.472460333E2	-9.734961461E-1
1.474060667E2	-1.096628966E0
1.475820333E2	-1.151354143E0
1.477422000E2	-7.894920345E-1
1.479021333E2	-8.555944864E-1
1.480781333E2	-1.015688297E0
1.482381000E2	-1.781986323E0
1.484139000E2	-1.058778929E0
1.485739000E2	-9.586624094E-1
1.487341333E2	-1.098501807E0
1.489100000E2	-1.508892609E0
1.490700000E2	-1.209332987E0
1.492458667E2	-1.121804698E0
1.494059333E2	-1.041027579E0
1.495659667E2	-1.231713848E0
1.497419000E2	-1.078854720E0
1.499019333E2	3.737227833E-2
1.500779000E2	-2.091026378E0
1.502379667E2	-8.701424159E-1
1.503979667E2	-7.600400693E-1
1.505739333E2	-7.874214167E-1
1.507341667E2	-2.023442900E0
1.509100333E2	-9.335450062E-1
1.510699333E2	-6.323301396E-1
1.512458667E2	-1.724875778E0
1.514058667E2	-1.332535767E0
1.515659333E2	-1.772035173E0
1.517418667E2	-1.012034339E0
1.519019000E2	-9.747828529E-1
1.520779667E2	-9.862798081E-1
1.522380333E2	-1.125648948E0
1.523980333E2	-6.779805996E-1
1.525739333E2	-1.597236291E0
1.527339000E2	-9.747689032E-1
1.529098333E2	-7.972837970E-1
1.530699000E2	-4.374383128E-1
1.532300333E2	-2.135932350E0
1.534060000E2	-1.765369700E0
1.535660667E2	-5.806663725E-1
1.537419000E2	-1.651494952E0
1.539020000E2	-9.248759069E-1
1.540619667E2	-6.075706741E-1
1.542381000E2	-1.874031584E0
1.543980667E2	-1.367287858E0
1.545739333E2	-5.887337254E-2
1.547339333E2	-1.919289925E0
1.549098000E2	-9.521661629E-1
1.550699000E2	-9.404960384E-1
1.552299667E2	2.081090465E-1
1.554059333E2	-2.171822134E0
1.555660000E2	-1.263593368E0
1.557418667E2	-3.831784053E-1
1.559020000E2	-1.225898897E0
1.560618667E2	-5.780254907E-1
1.562379667E2	-1.693126084E0
1.563980333E2	-1.565636814E0
1.565739333E2	-9.710633250E-1
1.567339333E2	-1.592798838E0
1.568939000E2	-7.704415104E-1
1.570698667E2	6.794238769E-2
1.572299333E2	-1.876552244E0
1.574059333E2	-1.656860589E-1
1.575659000E2	-1.832700806E0
1.577417333E2	5.808589145E-2
1.579018000E2	-9.256242569E-1
1.580618333E2	-1.473670242E0
1.582379333E2	-1.330947142E0
1.583978333E2	-1.279537023E0
1.585737333E2	-1.329713165E0
1.587338667E2	-8.618211613E-1
1.588939667E2	-8.782444340E-1
1.590697333E2	-8.996920179E-1
1.592297667E2	-1.627879355E0
1.594057333E2	-7.193631141E-1
1.595657667E2	-1.589904489E0
1.597258667E2	-1.212027465E0
1.599018000E2	-8.315855445E-1
1.600618000E2	-1.438181385E0
1.602377333E2	-5.975671357E-1
1.603978000E2	-1.340481802E0
1.605578333E2	-1.100612875E0
1.607337667E2	-4.352804611E-1
1.608938667E2	-1.875943245E0
1.610698000E2	-1.642076676E0
1.612299000E2	7.709269182E-2
1.614057000E2	-8.095457102E-1
1.615658333E2	-1.797260700E0
1.617258667E2	-1.786101816E0
1.619019333E2	-8.227906714E-1
1.620618667E2	-1.180942712E0
1.622376667E2	4.943718970E-2
1.623979333E2	-1.525668075E0
1.625578333E2	-1.521596870E0
1.627338667E2	1.495211070E-1
1.628939333E2	-1.961887843E0
1.630697667E2	-1.661803276E0
1.632298667E2	2.117203069E-1
1.633899667E2	-1.794255721E0
1.635657667E2	-2.060834560E0
1.637258667E2	-7.950863114E-1
1.639018333E2	-9.658074474E-1
1.640617333E2	-1.765305163E0
1.642218333E2	-7.337945904E-2
1.643978667E2	-1.983883418E0
1.645578000E2	-1.636937488E0
1.647337667E2	-4.289923160E-1
1.648937333E2	-1.088243355E0
1.650697667E2	-1.070110336E0
1.652298667E2	-8.522727698E-1
1.653898333E2	-1.015385361E0
1.655657667E2	-8.059124227E-1
1.657258000E2	-1.174319703E0
1.659018000E2	-1.915642018E0
1.660618667E2	-9.457881174E-1
1.662218667E2	2.431789212E-2
1.663979000E2	-2.127804122E0
1.665578000E2	-9.382119335E-1
1.667336667E2	-1.378367308E0
1.668937333E2	-1.013942719E0
1.670537333E2	-1.430073688E0
1.672298333E2	-8.748745700E-1
1.673899000E2	-7.960462914E-1
1.675656667E2	-1.885813888E0
1.677257000E2	-1.626295965E0
1.679016000E2	-8.423979179E-1
1.680616667E2	-9.945539458E-1
1.682218333E2	-9.634333900E-1
1.683977333E2	-1.169358581E0
1.685577667E2	-1.136591762E0
1.687337667E2	-1.050434316E0
1.688937333E2	-1.064138119E0
1.690538000E2	-8.301826082E-1
1.692297000E2	-7.793251806E-1
1.693896667E2	-1.349684651E0
1.695656333E2	-1.742699420E0
1.697256000E2	-1.085508595E0
1.698858000E2	-1.706760200E0
1.700616333E2	-8.594037691E-1
1.702217333E2	-9.421687333E-1
1.703977667E2	-9.871161200E-1
1.705577000E2	-1.088025161E0
1.707178333E2	-9.957385846E-1
1.708936000E2	-1.047403498E0
1.710538000E2	-1.033092478E0
1.712296000E2	-1.091946131E0
1.713898333E2	-1.200358331E0
1.715657000E2	1.038998829E-1
1.717256333E2	-2.051166241E0
1.718856333E2	-8.947187698E-1
1.720615667E2	-2.832895629E-2
1.722216667E2	-2.004601210E0
1.723977000E2	-1.065120930E0
1.725577000E2	1.395700416E-1
1.727177333E2	-2.799040997E0
1.728937333E2	-1.105134425E0
1.730536667E2	-1.663287953E-1
1.732296333E2	-1.875647136E0
1.733895667E2	-1.101297634E0
1.735497000E2	-5.230284692E-1
1.737256000E2	-1.947018033E0
1.738857333E2	-8.335217522E-1
1.740617333E2	-1.132105338E0
1.742216000E2	-8.636277629E-1
1.743816333E2	-8.270950178E-1
1.745576667E2	-1.315805708E0
1.747177000E2	-1.060622598E0
1.748936000E2	-1.197006857E0
1.750537667E2	-1.650010776E0
1.752295000E2	-1.030123298E0
1.753896667E2	-9.831070378E-1
1.755496000E2	-1.105388462E0
1.757257000E2	-8.844920305E-1
1.758857000E2	-1.022343000E0
1.760615000E2	-8.063700636E-1
1.762216000E2	-1.301630781E0
1.763819000E2	-1.694917299E0
1.765576333E2	-1.055706979E0
