mass_A
t	x
0.000000000E0	-5.684341886E-14
1.601000000E-1	-2.093722080E-3
3.361666667E-1	-6.578308433E-3
4.960666667E-1	-2.600399777E-3
6.719666667E-1	-7.126024191E-3
8.320000000E-1	-5.785739676E-3
9.920666667E-1	-1.154317830E-2
1.168066667E0	-9.241958410E-3
1.328166667E0	-6.060395149E-3
1.503966667E0	-2.008378805E-2
1.664133333E0	-1.399175963E-2
1.824166667E0	-1.562868365E-2
2.000000000E0	-9.886642863E-3
2.160133333E0	-9.526690722E-3
2.335933333E0	-1.201814246E-2
2.496133333E0	-9.632744240E-3
2.656233333E0	-7.454135827E-3
2.832000000E0	-5.109451066E-3
2.992100000E0	-9.416594879E-3
3.168033333E0	-2.117257244E-3
3.328100000E0	1.832676576E-3
3.488133333E0	6.110905601E-4
3.663966667E0	2.304017928E-3
3.823966667E0	-1.944267088E-3
3.999933333E0	-1.808219616E-4
4.160000000E0	-1.322282523E-3
4.335900000E0	2.239016953E-3
4.496000000E0	-5.651385252E-3
4.655966667E0	-6.121176502E-3
4.831966667E0	-5.801015109E-3
4.992000000E0	-7.051472872E-3
5.167900000E0	-6.810499983E-3
5.327933333E0	-1.370159580E-3
5.488300000E0	-9.255385505E-3
5.664000000E0	-2.214293849E-2
5.824000000E0	-3.617429897E-2
5.999933333E0	-4.072288723E-2
6.160000000E0	-2.469913840E-2
6.320066667E0	-2.331538422E-2
6.496000000E0	1.456387906E-2
6.656100000E0	-1.056226401E-2
6.831933333E0	-1.068888351E-2
6.991966667E0	-3.745927854E-2
7.152033333E0	6.436337123E-2
7.328133333E0	-9.036404338E-2
7.487966667E0	5.250924200E-3
7.664033333E0	-1.567250490E-1
7.824000000E0	-1.069915887E-1
8.000000000E0	1.221943288E-1
8.159966667E0	-1.120706743E-1
8.319933333E0	6.799653601E-3
8.496066667E0	3.754417659E-2
8.656000000E0	2.894559411E-2
8.831833333E0	2.860701335E-2
8.991900000E0	-1.472700584E-2
9.152000000E0	6.511884039E-2
9.328033333E0	4.603864847E-3
9.488066667E0	-2.280736151E-2
9.663866667E0	3.306606249E-1
9.823866667E0	-1.567716591E-1
9.983933333E0	4.264020026E-1
1.015996667E1	1.183461229E-1
1.032003333E1	2.720043292E-2
1.049606667E1	1.140629084E-1
1.065606667E1	8.515559620E-2
1.083183333E1	6.265704093E-2
1.099193333E1	-1.213656469E-1
1.115190000E1	-1.698667897E-1
1.132803333E1	3.910390814E-2
1.148803333E1	8.288190800E-2
1.166390000E1	4.140925035E-2
1.182383333E1	2.753638159E-2
1.198396667E1	-1.317541098E-1
1.216013333E1	3.353910986E-1
1.231990000E1	1.783173266E-2
1.249596667E1	-4.173974413E-4
1.265603333E1	-8.517787191E-2
1.281603333E1	-7.552450109E-2
1.299196667E1	2.516768752E-2
1.315196667E1	-3.124680337E-1
1.332796667E1	-1.283166010E-1
1.348800000E1	-1.272207034E-1
1.364790000E1	5.918643100E-2
1.382400000E1	-4.839285281E-3
1.398383333E1	3.795370578E-2
1.415990000E1	-7.380795540E-2
1.431986667E1	8.185652385E-2
1.449593333E1	7.120145515E-2
1.465580000E1	-2.759786504E-3
1.481600000E1	-6.896966896E-1
1.499180000E1	-1.897905501E-1
1.515190000E1	6.643439218E-2
1.532790000E1	-7.118488075E-1
1.548796667E1	1.939692341E-2
1.564800000E1	-4.406870398E-2
1.582380000E1	2.268531312E-1
1.598376667E1	1.647528048E-2
1.615980000E1	-1.066048511E-2
1.631983333E1	-5.408030132E-2
1.648006667E1	-1.373613426E-1
1.665580000E1	4.476724289E-2
1.681583333E1	5.222115752E-1
1.699186667E1	-9.776222639E-1
1.715193333E1	-4.212694608E-1
1.731190000E1	2.319461832E-1
1.748803333E1	-7.094533494E-1
1.764786667E1	-2.921442652E-1
1.782386667E1	4.700587149E-1
1.798386667E1	-7.829037650E-1
1.815990000E1	8.177997815E-1
1.831980000E1	-8.828398287E-1
1.848003333E1	8.045062892E-2
1.865593333E1	-1.263207519E-2
1.881606667E1	-1.451129977E-2
1.899170000E1	-3.299715405E-2
1.915176667E1	-5.425099753E-2
1.931183333E1	-9.713254967E-3
1.948793333E1	-1.007371586E-2
1.964800000E1	3.248994538E-2
1.982390000E1	4.538550490E-2
1.998380000E1	5.032801673E-3
2.014383333E1	-1.831604490E-2
2.031986667E1	4.496917188E-3
2.047976667E1	2.484312142E-1
2.065580000E1	-5.364797112E-2
2.081586667E1	-1.356457069E-2
2.099170000E1	3.857569740E-2
2.115173333E1	2.552638248E-1
2.131190000E1	-8.471147577E-1
2.148786667E1	-2.509928814E-2
2.164780000E1	2.043805591E-2
2.182383333E1	-3.793836124E-1
2.198386667E1	1.215338337E-1
2.214390000E1	3.365424438E-2
2.231980000E1	-8.545570548E-1
2.247983333E1	2.743051829E-1
2.265566667E1	-1.852894288E-1
2.281583333E1	1.077941542E0
2.297586667E1	-9.678868797E-1
2.315176667E1	-2.200098589E-1
2.331176667E1	1.082463970E0
2.348783333E1	-7.512416508E-1
2.364776667E1	-6.178333366E-1
2.380776667E1	4.693751511E-1
2.398383333E1	-2.025751914E-1
2.414373333E1	-7.880100161E-1
2.431973333E1	-1.671944118E-1
2.447990000E1	-4.539552507E-2
2.465570000E1	-1.367041576E-1
2.481570000E1	4.050320268E-2
2.497586667E1	7.757807676E-1
2.515173333E1	-5.174778729E-1
2.531170000E1	3.836443012E-3
2.548763333E1	3.141270717E-2
2.564773333E1	6.138508028E-1
2.580783333E1	-4.256226111E-2
2.598373333E1	1.076260982E-1
2.614373333E1	-3.374952779E-1
2.631976667E1	1.189842868E-1
2.647966667E1	7.429780302E-2
2.663973333E1	-2.990265509E-1
2.681573333E1	1.240343966E-1
2.697570000E1	7.874130027E-2
2.715170000E1	-1.681316563E-1
2.731183333E1	1.731655362E-2
2.747190000E1	-4.863783047E-2
2.764766667E1	1.515408061E-2
2.780780000E1	-2.753582394E-2
2.798370000E1	-7.417985660E-4
2.814366667E1	-4.206578364E-2
2.831973333E1	-3.718297974E-1
2.847973333E1	9.564309370E-2
2.863970000E1	-7.070430692E-1
2.881566667E1	-3.732878881E-2
2.897570000E1	-5.438923495E-2
2.915160000E1	-9.966610076E-2
2.931170000E1	5.361106257E-2
2.947176667E1	-3.124308185E-2
2.964766667E1	-8.813750138E-1
2.980776667E1	6.542012273E-1
2.998380000E1	-4.121338578E-1
3.014373333E1	-1.052629373E-1
3.030370000E1	2.797071409E-1
3.047966667E1	-9.712524828E-1
3.063960000E1	5.205826519E-1
3.081573333E1	3.277126007E-1
3.097566667E1	-9.144207534E-2
3.115156667E1	-1.039917866E0
3.131156667E1	2.435779776E-1
3.147173333E1	-2.420053543E-2
3.164763333E1	-2.309644979E-1
3.180786667E1	-8.595076503E-2
3.198366667E1	-1.276752587E-1
3.214363333E1	-7.477692820E-2
3.230373333E1	-1.008564773E-2
3.247960000E1	2.615931803E-2
3.263963333E1	-4.295144980E-2
3.281556667E1	-4.090614401E-2
3.297570000E1	1.536097827E-2
3.313566667E1	3.905985091E-1
3.331156667E1	-7.370994963E-1
3.347160000E1	4.837784656E-2
3.364753333E1	3.600747593E-2
3.380770000E1	-3.947284492E-1
3.396773333E1	4.536400911E-4
3.414366667E1	7.937963608E-1
3.430360000E1	-7.241507311E-1
3.447963333E1	-8.530089421E-1
3.463963333E1	2.344646171E-2
3.481550000E1	-7.619230880E-1
3.497566667E1	-4.726080008E-2
3.513566667E1	2.441941267E-1
3.531166667E1	-8.339889892E-1
3.547173333E1	8.399915791E-2
3.564746667E1	-1.059934111E-1
3.580760000E1	1.296703037E-2
3.596763333E1	5.024205963E-2
3.614346667E1	1.950042512E-1
3.630350000E1	-9.512626307E-1
3.647966667E1	1.766431615E-2
3.663970000E1	1.059789210E0
3.679970000E1	-9.508193000E-1
3.697560000E1	-6.207538246E-1
3.713566667E1	-8.319729241E-1
3.731146667E1	6.474093477E-3
3.747150000E1	8.034600445E-2
3.763156667E1	-5.125344967E-2
3.780750000E1	8.004028567E-3
3.796756667E1	-2.280335072E-1
3.814356667E1	6.409208706E-1
3.830366667E1	-2.282616695E-1
3.847956667E1	5.541833446E-2
3.863956667E1	3.351406923E-2
3.879956667E1	3.022892200E-3
3.897553333E1	6.804469083E-2
3.913556667E1	1.582343595E-2
3.931146667E1	-2.053338588E-2
3.947160000E1	-1.654290849E-1
3.963163333E1	2.096493989E-2
3.980756667E1	-1.059145856E0
3.996750000E1	1.624188045E-1
4.014353333E1	6.142097256E-2
4.030353333E1	-1.013826461E0
4.046360000E1	7.442526077E-1
4.063963333E1	-3.051728769E-1
4.079963333E1	-1.671089302E-1
4.097560000E1	-7.253639084E-2
4.113553333E1	6.438109451E-1
4.131156667E1	-9.883540600E-1
4.147166667E1	-9.198848136E-1
4.163160000E1	1.025851303E0
4.180743333E1	-1.098388295E0
4.196746667E1	7.564684766E-1
4.214336667E1	7.900424301E-1
4.230356667E1	-1.341816542E-1
4.246350000E1	-5.912733177E-1
4.263950000E1	-8.671078473E-2
4.279960000E1	1.086590900E-1
4.297553333E1	-4.433175909E-1
4.313546667E1	-1.979800956E-1
4.329550000E1	1.951480883E0
4.347163333E1	-9.904663244E-1
4.363156667E1	1.163323649E-4
4.380736667E1	9.305012145E-1
4.396736667E1	8.592515320E-1
4.412756667E1	-9.265078919E-1
4.430340000E1	2.791339212E-1
4.446370000E1	1.031030162E0
4.463943333E1	-4.314342101E-1
4.479943333E1	7.451485495E-1
4.497536667E1	-7.437771948E-1
4.513550000E1	4.153518641E-2
4.529556667E1	8.141345100E-3
4.547153333E1	-1.970690546E-1
4.563146667E1	3.827166623E-2
4.580746667E1	-5.211402161E-2
4.596756667E1	-7.056121998E-3
4.612740000E1	7.454794554E-2
4.630340000E1	-7.101654107E-2
4.646346667E1	8.829030723E-1
4.663943333E1	-7.466840163E-1
4.679943333E1	8.008194904E-1
4.695960000E1	5.988381548E-1
4.713536667E1	-7.952152271E-1
4.729546667E1	9.835654613E-1
4.747153333E1	6.732066493E-2
4.763156667E1	3.011412763E-1
4.779146667E1	-2.547140238E-1
4.796746667E1	-8.039416624E-1
4.812750000E1	6.969599227E-3
4.830336667E1	-6.521923887E-2
4.846333333E1	3.023953159E-2
4.863933333E1	7.837636712E-1
4.879943333E1	8.141006838E-2
4.895940000E1	-6.802491995E-1
4.913543333E1	-3.677724053E-2
4.929550000E1	-9.839646264E-2
4.947143333E1	9.570346663E-2
4.963140000E1	6.317417628E-2
4.979143333E1	1.034676818E0
4.996743333E1	-6.256629120E-1
5.012753333E1	-2.244730591E-1
5.030343333E1	1.331991181E0
5.046340000E1	1.655297990E-2
5.062343333E1	-8.264436131E-2
5.079933333E1	-1.356985656E-2
5.095943333E1	-2.311394860E-2
5.113550000E1	-7.012266466E-1
5.129536667E1	-3.659402622E-2
5.147143333E1	3.935147516E-4
5.163136667E1	-1.585412566E-1
5.179143333E1	-6.170725384E-1
5.196736667E1	-2.722089990E-1
5.212746667E1	-1.121253296E-1
5.230323333E1	-5.540812724E-2
5.246343333E1	1.437777340E-1
5.262343333E1	1.619138148E-3
5.279943333E1	1.017556175E-1
5.295930000E1	1.784822520E-1
5.313530000E1	-1.837889961E-1
5.329543333E1	6.571356468E-2
5.345530000E1	2.791632520E-1
5.363130000E1	1.679911743E-1
5.379150000E1	-5.671103536E-2
5.396736667E1	5.055203592E-2
5.412736667E1	3.145301398E-1
5.428750000E1	-2.677790649E-1
5.446340000E1	-8.240957665E-2
5.462336667E1	-8.529750208E-2
5.479930000E1	-3.936133861E-2
5.495933333E1	7.129750292E-1
5.513523333E1	-9.219985627E-1
5.529540000E1	1.318602177E-1
5.545540000E1	8.948797075E-1
5.563146667E1	-1.426470594E-1
5.579126667E1	6.036203067E-1
5.596736667E1	-7.731968580E-1
5.612723333E1	9.158116303E-1
5.628733333E1	1.648121362E-1
5.646330000E1	3.053991781E-2
5.662336667E1	2.941816881E-1
5.679940000E1	1.986570687E-1
5.695933333E1	8.506616134E-2
5.711930000E1	-1.931484358E-1
5.729523333E1	-1.013487471E-1
5.745540000E1	1.818804209E-1
5.763140000E1	7.788090590E-2
5.779126667E1	6.754974275E-2
5.796730000E1	-1.025140678E-1
5.812726667E1	-7.676069073E-2
5.828736667E1	8.330608478E-2
5.846326667E1	-4.257361251E-2
5.862320000E1	6.652096650E-1
5.879933333E1	-1.305253740E-1
5.895916667E1	1.077638827E0
5.911926667E1	-8.458077807E-1
5.929516667E1	-8.107144435E-2
5.945526667E1	7.124205660E-1
5.963130000E1	7.994061789E-1
5.979150000E1	-7.496544208E-1
5.995130000E1	2.383131139E-1
6.012720000E1	5.363872744E-2
6.028720000E1	-7.178246067E-1
6.046333333E1	2.820835025E-1
6.062316667E1	6.648562996E-2
6.078330000E1	5.428627858E-2
6.095933333E1	4.030889921E-2
6.111933333E1	-2.939851422E-2
6.129526667E1	-3.433973435E-1
6.145533333E1	1.202913318E-1
6.163110000E1	8.230839896E-1
6.179133333E1	-2.690476463E-1
6.195120000E1	6.957289735E-2
6.212716667E1	-3.589746990E-1
6.228723333E1	1.274764771E0
6.246326667E1	-9.592837444E-2
6.262313333E1	-7.780190682E-2
6.278320000E1	7.712578028E-1
6.295926667E1	1.070215425E-1
6.311930000E1	2.897075191E-1
6.329506667E1	-1.966996943E-1
6.345513333E1	4.121686919E-1
6.361533333E1	7.240766705E-1
6.379116667E1	-5.702322629E-1
6.395123333E1	1.191843116E-1
6.412726667E1	-2.390938217E-1
6.428720000E1	5.727234389E-2
6.444730000E1	-1.168960249E-1
6.462320000E1	2.955972065E-2
6.478326667E1	-5.625148995E-2
6.495910000E1	-4.730106747E-2
6.511926667E1	3.782110314E-2
6.529520000E1	-8.105402238E-1
6.545526667E1	2.370505824E-2
6.561530000E1	5.208780424E-1
6.579130000E1	5.113896160E-2
6.595116667E1	3.044639930E-1
6.612720000E1	2.014906192E-2
6.628723333E1	7.433776902E-1
6.644730000E1	1.464715262E-2
6.662316667E1	5.266670836E-1
6.678330000E1	1.499850647E-2
6.695910000E1	1.089193522E-1
6.711910000E1	-7.164274443E-2
6.727913333E1	-8.800526975E-2
6.745523333E1	2.836386145E-1
6.761520000E1	1.474029795E-1
6.779123333E1	-9.447480788E-2
6.795123333E1	4.151597137E-3
6.812713333E1	6.518945828E-3
6.828713333E1	-1.899846446E-2
6.844726667E1	-2.647999754E-1
6.862320000E1	-4.038435066E-2
6.878323333E1	9.725346076E-1
6.895913333E1	-3.132927145E-1
6.911906667E1	-1.362388053E-1
6.927916667E1	3.332299498E-1
6.945503333E1	-8.150658516E-1
6.961536667E1	1.188491479E0
6.979110000E1	2.701423175E-1
6.995120000E1	1.025185371E-1
7.011116667E1	-9.308955245E-2
7.028703333E1	8.128358224E-1
7.044706667E1	-9.658451287E-2
7.062310000E1	-2.461507725E-1
7.078303333E1	4.531647223E-1
7.094316667E1	3.005168921E-2
7.111913333E1	5.528599554E-2
7.127920000E1	-4.189911166E-2
7.145503333E1	-2.103136263E-1
7.161506667E1	1.767319630E-1
7.179103333E1	6.819028566E-1
7.195116667E1	-1.197502199E0
7.211106667E1	-7.209146118E-2
7.228706667E1	-1.316468665E-1
7.244720000E1	-3.705743878E-2
7.262313333E1	-2.043736294E-2
7.278306667E1	5.106688931E-3
7.294306667E1	5.796640730E-2
7.311923333E1	4.383950868E-2
7.327916667E1	4.925990074E-2
7.345510000E1	7.823284180E-2
7.361516667E1	-1.992447571E-2
7.377496667E1	1.686367929E-1
7.395096667E1	2.715982539E-1
7.411106667E1	-1.002901185E-1
7.428713333E1	6.534992194E-1
7.444713333E1	-2.101175953E-2
7.460710000E1	-2.806432444E-2
7.478313333E1	1.119933875E-1
7.494303333E1	2.400555974E-1
7.511913333E1	-1.340550286E-1
7.527903333E1	-5.526918461E-1
7.545576667E1	-3.043552258E-1
7.561513333E1	-1.109874387E-1
7.577513333E1	-4.901604051E-2
7.595100000E1	-1.054781048E-1
7.611100000E1	-7.708746079E-1
7.628710000E1	5.610229623E-2
7.644710000E1	6.439526989E-1
7.660710000E1	-2.933039639E-2
7.678310000E1	6.584579252E-2
7.694306667E1	1.741641560E-1
7.711890000E1	8.282018028E-2
7.727910000E1	4.673071170E-2
7.743916667E1	-1.688024900E-1
7.761510000E1	3.418217212E-1
7.777513333E1	5.683995356E-1
7.795110000E1	7.369373096E-1
7.811100000E1	-1.831464774E-2
7.828690000E1	-4.940769875E-2
7.844696667E1	1.023089284E-2
7.860696667E1	3.702948610E-1
7.878306667E1	6.217350200E-3
7.894300000E1	-1.493042003E-1
7.911903333E1	-3.420384507E-2
7.927890000E1	-2.140905415E-1
7.943926667E1	-1.726200105E-1
7.961513333E1	-1.267859184E-1
7.977503333E1	-7.385444520E-2
7.995090000E1	-1.375057853E-2
8.011100000E1	-5.684901947E-2
8.027090000E1	-3.303502694E-1
8.044686667E1	1.007840589E-1
8.060686667E1	6.662564776E-1
8.078283333E1	1.871886715E-1
8.094286667E1	1.122283734E-1
8.110293333E1	5.704594508E-2
8.127883333E1	-3.825328493E-2
8.143890000E1	3.644489112E-1
8.161483333E1	-4.742693823E-2
8.177486667E1	-7.640592435E-3
8.195096667E1	4.831939291E-2
8.211100000E1	4.234825674E-2
8.227096667E1	2.336839289E-2
8.244686667E1	1.142199955E-1
8.260703333E1	-9.187134430E-2
8.278283333E1	-1.671355593E-1
8.294293333E1	1.048754054E-1
8.310303333E1	-2.517826046E-1
8.327896667E1	-1.097903053E-1
8.343886667E1	-7.466046044E-2
8.361486667E1	-9.994019222E-2
8.377500000E1	-2.389449136E-2
8.393496667E1	7.280395367E-3
8.411090000E1	2.282443989E-2
8.427103333E1	1.922461615E-2
8.444700000E1	3.922201074E-2
8.460690000E1	7.206799399E-2
8.476693333E1	-8.620939159E-2
8.494300000E1	6.878440963E-2
8.510300000E1	7.137247291E-2
8.527886667E1	-2.311207511E-1
8.543890000E1	-5.461903195E-2
8.561493333E1	7.748716117E-3
8.577480000E1	9.444897649E-2
8.593490000E1	1.331139100E-1
8.611096667E1	5.850004443E-2
8.627096667E1	-5.403166339E-2
8.644680000E1	-1.173447206E-1
8.660690000E1	6.156287298E-1
8.676700000E1	-4.875674638E-2
8.694283333E1	5.410653727E-3
8.710300000E1	1.969579954E-2
8.727890000E1	2.338441437E-2
8.743916667E1	1.145192833E-1
8.759896667E1	-1.866620693E-1
8.777496667E1	2.622980112E-1
8.793480000E1	-4.939306269E-2
8.811093333E1	4.228505446E-1
8.827090000E1	8.321068348E-2
8.844686667E1	-1.160843016E-2
8.860686667E1	5.794400191E-2
8.876696667E1	-1.831443248E-2
8.894280000E1	1.119208399E-1
8.910283333E1	1.161380714E-1
8.927886667E1	2.660855635E-2
8.943896667E1	3.747496922E-2
8.959893333E1	4.536567685E-3
8.977480000E1	4.974075543E-2
8.993483333E1	5.914282075E-1
9.011070000E1	-7.485008952E-3
9.027083333E1	-2.827422311E-2
9.043096667E1	-9.604849095E-2
9.060680000E1	-1.290327097E-1
9.076686667E1	7.907624869E-1
9.094290000E1	-2.787566849E-1
9.110276667E1	7.078443400E-2
9.126283333E1	8.941937776E-2
9.143886667E1	-2.273998006E-2
9.159886667E1	1.597916099E-2
9.177483333E1	3.134452245E-3
9.193486667E1	2.830448421E-2
9.211080000E1	-3.753415502E-3
9.227070000E1	1.176890353E-1
9.243076667E1	1.876208238E-1
9.260676667E1	3.182051618E-2
9.276686667E1	5.929276673E-1
9.294286667E1	-6.150443227E-2
9.310290000E1	4.088117785E-1
9.326293333E1	7.605004063E-1
9.343890000E1	-5.501409612E-1
9.359873333E1	-3.509573608E-2
9.377466667E1	-8.358662191E-2
9.393480000E1	-7.344598583E-2
9.409486667E1	-1.722123865E-2
9.427073333E1	-3.380473841E-2
9.443073333E1	-4.880372633E-1
9.460686667E1	6.207123761E-2
9.476686667E1	-8.059926615E-2
9.492680000E1	-2.143047004E-2
9.510286667E1	6.113770697E-3
9.526286667E1	5.272535192E-2
9.543880000E1	3.714322780E-2
9.559876667E1	-1.849004753E-2
9.577473333E1	7.983792960E-2
9.593480000E1	9.365495901E-1
9.609483333E1	2.057371298E-1
9.627066667E1	8.267821807E-2
9.643086667E1	3.322256548E-2
9.660670000E1	4.862163700E-2
9.676673333E1	2.815963037E-1
9.692670000E1	3.419763388E-2
9.710280000E1	1.441137132E-1
9.726280000E1	3.074335917E-2
9.743883333E1	4.798302367E-2
9.759873333E1	4.255794806E-2
9.775870000E1	5.851281403E-2
9.793470000E1	5.545358346E-2
9.809480000E1	-3.758775370E-3
9.827076667E1	6.941839533E-2
9.843080000E1	3.077920200E-2
9.860670000E1	3.148523302E-2
9.876663333E1	1.114773435E-1
9.892683333E1	-5.963523481E-2
9.910270000E1	2.544671177E-1
9.926266667E1	7.064770948E-1
9.943876667E1	-2.085782278E-2
9.959876667E1	-2.993699268E-3
9.975880000E1	-5.436058334E-2
9.993463333E1	1.038175971E-2
1.000947000E2	2.689980917E-1
1.002706667E2	-6.059751621E-3
1.004307667E2	-5.276259322E-2
1.005907333E2	-3.431493759E-2
1.007666667E2	-6.520755831E-2
1.009268000E2	1.148196562E-2
1.011026000E2	9.083411880E-2
1.012627667E2	-3.356148914E-3
1.014229333E2	3.381514598E-2
1.015987333E2	-6.074725303E-2
1.017586333E2	-6.763382560E-2
1.019347667E2	-2.964986901E-2
1.020946333E2	-4.668076433E-2
1.022705667E2	-3.382867542E-2
1.024307000E2	-1.313630395E-2
1.025907667E2	2.982269626E-2
1.027667333E2	-6.468248234E-3
1.029265667E2	9.753795404E-2
1.031026000E2	2.751430868E-2
1.032626333E2	3.788839165E-2
1.034227667E2	3.314091380E-1
1.035986000E2	6.072947259E-2
1.037586000E2	-8.506624882E-2
1.039346333E2	-9.590760378E-4
1.040945333E2	-2.449507332E-2
1.042546333E2	4.941897802E-2
1.044306333E2	1.335430593E-1
1.045908000E2	1.886011187E-2
1.047667000E2	-6.573310590E-1
1.049266333E2	3.804296346E-2
1.050867667E2	4.835575857E-2
1.052626667E2	-4.681607116E-2
1.054225333E2	7.529654696E-3
1.055986000E2	-2.729095949E-1
1.057587667E2	-2.581398352E-1
1.059346000E2	-2.414630423E-1
1.060946000E2	1.983917736E-1
1.062547000E2	4.104219938E-1
1.064306000E2	4.193130936E-1
1.065906333E2	-1.884421446E-1
1.067665000E2	2.210248883E-2
1.069267000E2	1.108683800E-1
1.070866000E2	-7.778371346E-3
1.072625667E2	4.226625240E-2
1.074226000E2	3.105960636E-2
1.075985000E2	7.536116788E-3
1.077587000E2	-1.369102380E-2
1.079190000E2	9.952400480E-2
1.080945333E2	3.442461920E-2
1.082546667E2	-3.714696237E-2
1.084306333E2	1.336266239E-2
1.085906667E2	2.086194939E-5
1.087665000E2	-6.094667368E-2
1.089266333E2	1.015795516E-1
1.090866000E2	-8.126789266E-2
1.092626000E2	2.492899036E-3
1.094227333E2	3.654085193E-1
1.095985333E2	-2.576520777E-2
1.097585000E2	-8.074775821E-2
1.099186667E2	-6.771517958E-2
1.100945333E2	5.926924540E-2
1.102545333E2	1.126260445E-1
1.104304333E2	1.490358358E-1
1.105905000E2	5.502085622E-2
1.107505333E2	-2.345298643E-1
1.109265333E2	2.062863259E-2
1.110865667E2	-4.207818473E-2
1.112626333E2	2.003353131E-2
1.114225667E2	3.552329523E-1
1.115825000E2	5.313799814E-2
1.117586000E2	3.319446088E-2
1.119185000E2	2.689541053E-2
1.120945667E2	2.134289378E-1
1.122546333E2	1.515554916E-1
1.124305000E2	2.130574970E-2
1.125904333E2	-7.718196494E-3
1.127505667E2	-2.875246376E-2
1.129266000E2	-1.490483041E-2
1.130864333E2	2.695876817E-2
1.132624000E2	1.011545208E-1
1.134226000E2	-1.790193280E-1
1.135826333E2	4.434652436E-2
1.137585333E2	2.760439688E-2
1.139185000E2	-7.185952831E-3
1.140944000E2	-8.106363401E-3
1.142545000E2	2.843032246E-2
1.144146000E2	-4.357683069E-2
1.145905000E2	-3.301305206E-2
1.147505333E2	6.010344808E-2
1.149264000E2	-1.115420012E-1
1.150864333E2	-5.213535435E-2
1.152464000E2	8.726471343E-2
1.154225667E2	1.716944686E-1
1.155826000E2	3.968672904E-2
1.157584667E2	-8.432714179E-2
1.159184000E2	-9.481524925E-2
1.160944333E2	7.704349539E-2
1.162544000E2	4.746780775E-2
1.164146333E2	-1.278930732E-2
1.165906000E2	4.261039253E-3
1.167504000E2	-5.131896182E-2
1.169263667E2	-2.989681391E-1
1.170864667E2	1.112484732E-1
1.172465667E2	-3.820406654E-3
1.174224000E2	-3.766700831E-2
1.175824333E2	-6.050002590E-2
1.177585000E2	-7.673411815E-2
1.179184333E2	-1.020204756E-1
1.180784667E2	6.401219570E-2
1.182545000E2	7.603205768E-1
1.184144667E2	8.398556309E-5
1.185905000E2	2.855114968E-2
1.187504667E2	-1.335108304E-2
1.189265000E2	-1.207058451E-2
1.190864333E2	3.771414150E-2
1.192464333E2	8.694618631E-2
1.194223333E2	5.312627279E-2
1.195823333E2	4.820716628E-2
1.197584667E2	6.112038681E-2
1.199185000E2	-3.871001590E-2
1.200783333E2	-2.631332302E-1
1.202544000E2	8.754380789E-2
1.204145000E2	-1.004099119E-2
1.205903000E2	1.982128183E-2
1.207506000E2	1.161285346E-1
1.209104000E2	-2.277843681E-1
1.210864667E2	-5.684644005E-2
1.212463333E2	9.152828544E-2
1.214225333E2	1.744671327E-1
1.215825000E2	1.570594499E-1
1.217424333E2	-4.280608251E-2
1.219183000E2	-4.277084367E-2
1.220783667E2	6.164297324E-4
1.222543000E2	6.692568728E-3
1.224145667E2	2.781363593E-3
1.225904333E2	-6.902269832E-2
1.227503333E2	-1.080266626E-2
1.229104000E2	-9.795716419E-2
1.230864333E2	-1.662205068E-2
1.232464333E2	-3.257080715E-3
1.234223333E2	4.707441178E-2
1.235824000E2	3.719295997E-2
1.237425000E2	-1.657660286E-1
1.239183667E2	-2.189395998E-1
1.240782667E2	-7.718897098E-3
1.242544000E2	-3.387082375E-2
1.244144333E2	1.617897399E-2
1.245744000E2	-1.934506224E-2
1.247504333E2	-1.384532106E-3
1.249103333E2	1.301200898E-1
1.250864000E2	5.702790412E-2
1.252464333E2	1.265711943E-2
1.254064667E2	5.555039539E-2
1.255824333E2	3.724701195E-1
1.257424333E2	7.760049491E-2
1.259183333E2	-8.829041423E-3
1.260783333E2	-1.303182453E-1
1.262542333E2	-1.327921120E-3
1.264145000E2	9.373831354E-2
1.265743333E2	6.362476995E-2
1.267503667E2	3.847287138E-2
1.269104000E2	4.630475095E-3
1.270862000E2	-6.348043364E-2
1.272464333E2	2.743965396E-2
1.274065000E2	1.733593533E-1
1.275823000E2	4.963277629E-2
1.277424333E2	-6.330389246E-2
1.279183667E2	-1.037344918E-1
1.280782333E2	-4.566690923E-2
1.282383667E2	5.477049561E-2
1.284143667E2	2.424834225E-1
1.285743333E2	4.467285693E-2
1.287502667E2	8.203843489E-2
1.289102667E2	7.185861697E-2
1.290863333E2	7.033757744E-2
1.292463000E2	4.282952138E-2
1.294063333E2	7.588326541E-2
1.295822667E2	3.261409418E-2
1.297423667E2	4.974660042E-3
1.299183000E2	7.290237319E-3
1.300782667E2	2.170267623E-2
1.302383667E2	-1.336102381E-2
1.304142000E2	-1.548048910E-2
1.305743667E2	-1.958397872E-2
1.307502000E2	5.384815955E-2
1.309102667E2	1.531735178E-1
1.310702667E2	-3.678057684E-2
1.312463000E2	-9.978394985E-2
1.314063667E2	-1.475229332E-2
1.315822333E2	1.073275492E-1
1.317422667E2	2.046865836E-2
1.319022667E2	2.227638438E-3
1.320782333E2	-3.407948747E-3
1.322383667E2	8.235756690E-2
1.324143333E2	2.930720789E-1
1.325742000E2	2.771223225E-1
1.327502000E2	1.364031791E-1
1.329101667E2	3.863240423E-2
1.330702667E2	-8.998157385E-2
1.332461667E2	2.729666660E-3
1.334062333E2	1.920165314E-2
1.335821333E2	2.246045817E-2
1.337422333E2	6.080833757E-2
1.339022333E2	-3.662893281E-2
1.340782000E2	-1.857812712E-2
1.342383000E2	2.637926916E-2
1.344143667E2	2.408908653E-2
1.345742667E2	4.143276075E-3
1.347343667E2	-3.492687288E-2
1.349102000E2	-3.280694588E-2
1.350703000E2	-8.642066549E-3
1.352462333E2	-7.601444029E-3
1.354062667E2	-2.554944110E-2
1.355662000E2	-3.069053139E-2
1.357421667E2	1.461931678E-2
1.359022000E2	2.690492770E-2
1.360782000E2	7.873949325E-2
1.362382000E2	5.880557847E-2
1.364140667E2	3.147829589E-2
1.365741667E2	3.945592297E-2
1.367342333E2	8.365158151E-2
1.369101000E2	1.423250639E-2
1.370701333E2	-1.242319340E-2
1.372461667E2	-4.432521779E-2
1.374062667E2	-8.435622250E-4
1.375662000E2	7.404015528E-2
1.377422000E2	-3.368264993E-2
1.379021667E2	-3.657464457E-2
1.380781333E2	-1.390487633E-2
1.382382000E2	-1.493079673E-2
1.383982667E2	-2.680479187E-2
1.385741667E2	-1.659729216E-2
1.387342667E2	-5.104929132E-2
1.389100333E2	-4.750699638E-2
1.390701333E2	-1.869535381E-2
1.392460667E2	-2.534319298E-2
1.394062333E2	-3.828968410E-3
1.395662333E2	4.184269863E-2
1.397422333E2	4.091544769E-2
1.399020333E2	1.234384966E-2
1.400780000E2	4.998664639E-2
1.402381000E2	2.504959274E-1
1.403983333E2	1.973186101E-1
1.405742000E2	6.660516259E-2
1.407342333E2	-4.770226977E-2
1.409101667E2	1.458110057E-2
1.410702333E2	3.341881838E-2
1.412302000E2	-4.856886413E-3
1.414061000E2	8.068545088E-3
1.415662000E2	3.442536386E-4
1.417420667E2	9.762265395E-2
1.419022000E2	1.270096003E-2
1.420621333E2	6.580283254E-3
1.422381667E2	-3.277266410E-2
1.423980667E2	-1.834940515E-2
1.425741667E2	-3.646746804E-2
1.427342000E2	-3.127915452E-2
1.429099667E2	2.671443029E-2
1.430701000E2	6.165154121E-3
1.432301333E2	-3.477799476E-3
1.434061667E2	7.470441182E-4
1.435662000E2	3.366451018E-2
1.437420667E2	1.940130607E-1
1.439021667E2	5.996978397E-2
1.440620000E2	3.405847832E-2
1.442380667E2	9.014001846E-2
1.443981667E2	4.275887155E-2
1.445739667E2	8.098029109E-2
1.447341333E2	-4.639049514E-3
1.448941000E2	4.258353286E-3
1.450700333E2	-2.872019778E-2
1.452300333E2	-1.269576536E-2
1.454062000E2	1.626525257E-2
1.455660333E2	4.766762699E-2
1.457261333E2	1.641776553E-2
1.459020333E2	-4.156186995E-2
1.460620333E2	-5.365994054E-2
1.462381333E2	-1.132804859E-2
1.463981667E2	-1.708761859E-2
1.465740000E2	-3.655334574E-2
1.467340000E2	-4.943249248E-2
1.468941000E2	2.252675923E-3
1.470700333E2	3.601970249E-2
1.472299333E2	5.058439668E-2
1.474059333E2	8.028519708E-2
1.475661667E2	6.121042206E-2
1.477261333E2	1.009527586E-1
1.479020333E2	4.395618169E-2
1.480620333E2	1.757112689E-2
1.482380667E2	4.533224443E-2
1.483981000E2	2.997591759E-2
1.485581000E2	3.616954052E-3
1.487340667E2	-9.078034985E-3
1.488939333E2	3.938381120E-2
1.490700667E2	1.107131648E-2
1.492299667E2	-1.743674986E-2
1.494059000E2	-3.475659175E-2
1.495660333E2	1.128042842E-2
1.497261000E2	2.408039089E-2
1.499019333E2	-8.773282574E-2
1.500620333E2	-1.423246342E-1
1.502379667E2	-2.915326211E-2
1.503980000E2	-2.227664628E-3
1.505580000E2	3.293365448E-3
1.507339667E2	2.560450720E-2
1.508940667E2	-1.312496487E-3
1.510698667E2	5.641069443E-2
1.512300333E2	5.477074391E-2
1.513901667E2	9.305929063E-2
1.515659000E2	6.951207349E-2
1.517259667E2	3.692915424E-2
1.519019667E2	-1.640293315E-3
1.520619667E2	3.104257248E-4
1.522220000E2	6.671142523E-3
1.523979333E2	1.532499573E-2
1.525580667E2	1.118792291E-2
1.527340000E2	-5.596352906E-4
1.528938667E2	3.804358172E-3
1.530699000E2	1.380802581E-2
1.532298333E2	6.260988908E-3
