mass_A
t	x
0.000000000E0	-9.288824383E-1
1.600333333E-1	-9.382352575E-1
3.361333333E-1	-9.278783357E-1
4.960333333E-1	-9.368888922E-1
6.721333333E-1	-9.387750878E-1
8.321333333E-1	-9.316394038E-1
1.007933333E0	-9.337228989E-1
1.168133333E0	-9.407901345E-1
1.328133333E0	-9.402077049E-1
1.504000000E0	-9.452090254E-1
1.664000000E0	-9.429945598E-1
1.839900000E0	-9.410760696E-1
1.999966667E0	-9.387503986E-1
2.160033333E0	-9.375336843E-1
2.336000000E0	-9.401203247E-1
2.496100000E0	-9.364729481E-1
2.672166667E0	-9.303436560E-1
2.832000000E0	-9.256021303E-1
2.992066667E0	-9.287485747E-1
3.168100000E0	-9.226868803E-1
3.328000000E0	-9.162760321E-1
3.504166667E0	-9.125838676E-1
3.664100000E0	-9.219115773E-1
3.824000000E0	-9.021479881E-1
3.999933333E0	-8.975863767E-1
4.160000000E0	-9.310147858E-1
4.335900000E0	-9.234234141E-1
4.495966667E0	-8.880333055E-1
4.671933333E0	-9.500169686E-1
4.832000000E0	-9.449148823E-1
4.991900000E0	-9.814981626E-1
5.168066667E0	-9.463360905E-1
5.328066667E0	-9.521016716E-1
5.503966667E0	-9.816969385E-1
5.664066667E0	-9.580374606E-1
5.824100000E0	-8.821823451E-1
5.999866667E0	-1.619409118E0
6.160066667E0	-9.820560443E-1
6.336033333E0	-1.121825274E0
6.496000000E0	-8.195287823E-1
6.656000000E0	-1.006261078E0
6.831900000E0	-9.114783596E-1
6.991966667E0	-9.810893487E-1
7.167866667E0	-9.462992146E-1
7.327866667E0	-8.033789062E-1
7.503833333E0	-1.061223840E0
7.663933333E0	-8.853072865E-1
7.823933333E0	-9.652039023E-1
7.999866667E0	-9.079659359E-1
8.159866667E0	-9.577759935E-1
8.335900000E0	-9.756193345E-1
8.495900000E0	-7.301344544E-1
8.655933333E0	-1.069854871E0
8.831866667E0	-9.764965418E-1
8.991900000E0	-8.480482879E-1
9.167966667E0	-9.306000815E-1
9.327833333E0	-8.979076850E-1
9.487966667E0	-9.504864102E-1
9.663866667E0	-8.945976049E-1
9.823900000E0	-9.736013672E-1
9.999900000E0	-8.669616008E-1
1.015993333E1	-9.460850296E-1
1.032003333E1	-9.355566642E-1
1.049580000E1	-9.589471767E-1
1.065586667E1	-9.286461225E-1
1.083200000E1	-9.387267176E-1
1.099193333E1	-9.779447051E-1
1.116776667E1	-9.301624921E-1
1.132786667E1	-7.602990251E-1
1.148790000E1	-1.714902570E0
1.166386667E1	-9.386730873E-1
1.182380000E1	-1.041546042E0
1.199986667E1	-8.278752901E-1
1.215990000E1	-1.008744178E0
1.232000000E1	-9.008632958E-1
1.249593333E1	-1.008470836E0
1.265583333E1	-9.927316472E-1
1.283186667E1	-8.227907843E-1
1.299183333E1	-1.040965818E0
1.315200000E1	-9.371167888E-1
1.332780000E1	-9.473697520E-1
1.348813333E1	-9.081914985E-1
1.366380000E1	-1.020136540E0
1.382386667E1	-1.013986806E0
1.399983333E1	-6.826976657E-1
1.415990000E1	-1.304403682E0
1.431993333E1	-1.209168741E0
1.449596667E1	-1.412894993E-1
1.465580000E1	-2.439721059E-1
1.483170000E1	-6.773892472E-1
1.499183333E1	-7.547890684E-1
1.515186667E1	-7.853576017E-1
1.532783333E1	-1.039723411E0
1.548793333E1	-8.227646034E-1
1.566396667E1	-9.229354867E-1
1.582396667E1	-9.328927622E-1
1.598383333E1	-9.286046795E-1
1.615983333E1	-9.075900033E-1
1.631976667E1	-8.915394446E-1
1.649593333E1	-1.217492180E0
1.665586667E1	-1.059268806E0
1.681576667E1	8.270839520E-4
1.699173333E1	-1.852472162E0
1.715183333E1	-5.471353192E-1
1.732780000E1	-5.229498408E-1
1.748786667E1	-7.730567256E-1
1.766373333E1	-1.242165972E0
1.782383333E1	-7.728934608E-1
1.798380000E1	-9.286182321E-1
1.815973333E1	-1.044447316E0
1.831976667E1	-7.354414635E-1
1.849586667E1	-1.389367600E0
1.865580000E1	-9.756822870E-1
1.881590000E1	-9.730399830E-1
1.899176667E1	-7.468287413E-1
1.915176667E1	-9.731556067E-1
1.932770000E1	-1.010494113E0
1.948793333E1	-2.474461071E-1
1.964790000E1	-8.650930855E-1
1.982370000E1	-1.780526249E0
1.998376667E1	-7.880965374E-2
2.015990000E1	-7.235635648E-1
2.031970000E1	-8.805505111E-1
2.047976667E1	-1.004410420E0
2.065576667E1	-8.082171113E-1
2.081586667E1	-1.156125273E0
2.099183333E1	-9.072988970E-1
2.115166667E1	-9.442259814E-1
2.132780000E1	-1.067745685E0
2.148776667E1	-1.003026747E0
2.164780000E1	-9.434193439E-1
2.182383333E1	-8.863681146E-1
2.198370000E1	-9.538095685E-1
2.215960000E1	-9.572938586E-1
2.231983333E1	5.503835933E-2
2.247963333E1	-1.799950920E0
2.265566667E1	-7.388854883E-1
2.281573333E1	-2.905348807E-1
2.299180000E1	-3.053607666E-1
2.315180000E1	-8.136766979E-1
2.331170000E1	-6.401860368E-1
2.348776667E1	-9.161438496E-1
2.364790000E1	-9.334155507E-1
2.382370000E1	-6.252420785E-1
2.398380000E1	-1.567157498E0
2.415966667E1	-1.228404340E0
2.431980000E1	-1.121338841E0
2.447966667E1	-9.541011043E-1
2.465560000E1	-9.282488294E-1
2.481580000E1	-9.642880485E-1
2.499170000E1	-6.527015088E-1
2.515163333E1	-1.028235344E0
2.531170000E1	-1.707024505E0
2.548780000E1	-3.371319294E-1
2.564770000E1	-9.158611168E-1
2.582363333E1	-8.473225941E-1
2.598363333E1	-9.197265349E-1
2.614380000E1	-7.967649765E-1
2.631970000E1	-1.036970194E0
2.647966667E1	-9.180880149E-1
2.665566667E1	-9.165868144E-1
2.681563333E1	-1.177021452E0
2.697580000E1	-9.331609095E-1
2.715163333E1	-9.809488931E-1
2.731173333E1	-8.262531737E-1
2.748776667E1	-1.004198225E0
2.764773333E1	-9.596092109E-1
2.782366667E1	-2.487001535E-1
2.798366667E1	-1.820263553E0
2.814366667E1	-7.168629912E-1
2.831963333E1	-8.087611347E-1
2.847973333E1	-8.933794559E-1
2.865566667E1	-9.488615183E-1
2.881573333E1	-8.095315637E-1
2.897560000E1	-8.504719155E-1
2.915163333E1	-1.155102074E0
2.931170000E1	-7.925640328E-1
2.948753333E1	-1.354129494E0
2.964760000E1	-9.920801620E-1
2.980760000E1	-9.381343197E-1
2.998370000E1	-9.703298067E-1
3.014363333E1	-8.200188738E-1
3.031970000E1	-1.050545438E0
3.047970000E1	-8.824879917E-1
3.063970000E1	-8.775608987E-1
3.081570000E1	-1.127105599E0
3.097566667E1	-5.933298481E-1
3.115156667E1	-9.781139089E-1
3.131180000E1	-7.389053920E-1
3.148746667E1	-9.730386325E-1
3.164756667E1	-8.130279980E-1
3.180770000E1	-9.971606167E-1
3.198360000E1	-9.587639669E-1
3.214376667E1	-9.033082002E-1
3.231956667E1	-1.169341194E0
3.247966667E1	-6.751882106E-1
3.263960000E1	-1.092832158E0
3.281550000E1	-1.030347348E0
3.297570000E1	-9.055503894E-1
3.315153333E1	-9.330407198E-1
3.331150000E1	-9.336357761E-1
3.347156667E1	-8.689167080E-1
3.364763333E1	-9.466706932E-1
3.380766667E1	-8.343880658E-1
3.398350000E1	-9.514210549E-1
3.414346667E1	-8.721770016E-1
3.431960000E1	-1.028908201E0
3.447946667E1	-9.058992573E-1
3.463956667E1	-9.293254549E-1
3.481553333E1	-9.595522302E-1
3.497560000E1	-8.960567885E-1
3.515153333E1	-9.724147484E-1
3.531163333E1	-8.022799675E-1
3.547153333E1	-1.041407196E0
3.564756667E1	-9.521917324E-1
3.580783333E1	-9.406536528E-1
3.598350000E1	-9.311898696E-1
3.614363333E1	-9.776605193E-1
3.630366667E1	-2.988657864E-2
3.647956667E1	-1.414116122E0
3.663950000E1	-5.780400001E-1
3.681553333E1	-9.085034761E-1
3.697556667E1	-7.194985597E-1
3.713553333E1	-9.342711749E-1
3.731163333E1	-8.999118229E-1
3.747150000E1	-7.936685908E-1
3.764743333E1	-9.361680205E-1
3.780763333E1	-7.681975663E-1
3.798350000E1	-9.256496289E-1
3.814346667E1	-9.761091809E-1
3.830356667E1	-1.005621552E0
3.847966667E1	-9.673406786E-1
3.863946667E1	-8.837370843E-1
3.881546667E1	-9.865686493E-1
3.897553333E1	-1.072054230E0
3.913560000E1	1.124320985E-1
3.931156667E1	-1.935819143E0
3.947153333E1	-6.981534068E-1
3.964753333E1	-9.432461947E-1
3.980740000E1	-8.540349249E-1
3.996753333E1	-7.703458499E-1
4.014350000E1	-1.749472964E0
4.030373333E1	-2.598269061E-1
4.047960000E1	-1.150310349E0
4.063940000E1	-9.196644759E-1
4.079956667E1	-9.407799946E-1
4.097540000E1	-9.960584816E-1
4.113546667E1	-8.891784022E-1
4.131143333E1	-1.637650676E0
4.147143333E1	-5.068389484E-1
4.164740000E1	-1.194789488E0
4.180743333E1	-1.116857010E0
4.196743333E1	-6.522991709E-1
4.214360000E1	-1.731408091E0
4.230353333E1	-7.583537685E-1
4.247943333E1	-1.274819740E0
4.263946667E1	-9.987027009E-1
4.279956667E1	-1.837629361E-1
4.297546667E1	-1.966234461E0
4.313543333E1	-9.487897820E-2
4.331146667E1	-1.012328676E0
4.347156667E1	-8.622360130E-1
4.363143333E1	-1.066122075E0
4.380750000E1	-1.104198759E0
4.396743333E1	-3.645193477E-1
4.414350000E1	-1.764901263E0
4.430343333E1	-8.490908399E-1
4.447930000E1	-9.926125787E-1
4.463943333E1	-9.639190539E-1
4.479953333E1	-9.751768631E-1
4.497546667E1	-9.390335143E-1
4.513543333E1	-8.860519103E-1
4.531126667E1	-9.183765623E-1
4.547160000E1	-9.284868084E-1
4.563153333E1	-1.054793520E-1
4.580736667E1	-1.910739784E0
4.596743333E1	-7.902729644E-1
4.614343333E1	-8.927915591E-1
4.630350000E1	-9.832091320E-1
4.646356667E1	-8.583293443E-1
4.663950000E1	-1.150205868E0
4.679940000E1	-7.494928388E-1
4.697540000E1	-1.008638569E0
4.713546667E1	-9.384259789E-1
4.729543333E1	-8.691138945E-1
4.747133333E1	-1.117081378E0
4.763140000E1	-1.092249478E0
4.780730000E1	-4.178242899E-1
4.796733333E1	-1.088509085E0
4.814333333E1	-4.485425143E-1
4.830330000E1	-9.016311841E-1
4.846350000E1	-3.686572083E-1
4.863940000E1	-1.109181498E0
4.879946667E1	-1.208947999E0
4.897540000E1	-3.385496228E-1
4.913536667E1	-4.549700452E-1
4.929543333E1	-4.549734896E-1
4.947146667E1	-9.348264793E-1
4.963130000E1	-8.682072249E-1
4.980730000E1	-7.261235353E-1
4.996736667E1	-1.245797807E0
5.012740000E1	7.553502500E-2
5.030330000E1	-8.511775522E-1
5.046336667E1	-1.265688822E0
5.063933333E1	-5.799328599E-1
5.079933333E1	-8.353517838E-1
5.095936667E1	-8.860329815E-1
5.113533333E1	-9.049318904E-1
5.129543333E1	-8.467984089E-1
5.147130000E1	-9.114368283E-1
5.163153333E1	-1.066266070E0
5.180723333E1	-3.469305146E-1
5.196723333E1	-6.303845079E-1
5.212743333E1	-8.200925200E-1
5.230330000E1	-9.303573580E-1
5.246356667E1	-1.453705377E0
5.263923333E1	4.381046589E-4
5.279943333E1	-1.847007589E0
5.295926667E1	-1.551712432E0
5.313526667E1	-9.980175112E-1
5.329543333E1	-1.082486534E0
5.347140000E1	-1.251730459E0
5.363140000E1	-7.367278108E-1
5.379143333E1	-1.193226784E0
5.396720000E1	-1.000966965E0
5.412740000E1	-8.578245458E-1
5.430330000E1	-8.031717295E-1
5.446336667E1	-9.760341229E-1
5.463930000E1	-1.010673023E0
5.479926667E1	1.113908785E-1
5.495926667E1	-1.090718285E0
5.513526667E1	-9.270301541E-1
5.529536667E1	-9.606528641E-1
5.547126667E1	-7.537499472E-1
5.563140000E1	-1.033881629E0
5.579120000E1	-1.073427153E0
5.596720000E1	-9.534944926E-1
5.612723333E1	-9.340253928E-1
5.630333333E1	-9.218312138E-1
5.646343333E1	-9.754591732E-1
5.662336667E1	1.628506813E-2
5.679926667E1	-1.879432433E0
5.695920000E1	-5.576645999E-3
5.713530000E1	-7.259400502E-1
5.729523333E1	-3.175019448E-1
5.745523333E1	-1.721587980E0
5.763126667E1	-2.670449381E-1
5.779123333E1	2.110338086E-1
5.796730000E1	-1.317201907E0
5.812723333E1	-5.509177998E-1
5.830310000E1	-8.399110443E-1
5.846323333E1	-7.172955076E-1
5.862336667E1	-9.903976392E-1
5.879920000E1	-1.115957822E0
5.895923333E1	-1.902241599E-1
5.913513333E1	-2.374583726E-1
5.929516667E1	-1.022380314E0
5.945520000E1	-6.813871871E-1
5.963123333E1	-8.389838623E-1
5.979133333E1	-8.589885576E-1
5.996716667E1	3.820427585E-2
6.012720000E1	-8.523176013E-1
6.028730000E1	-8.057386640E-1
6.046316667E1	-1.722912269E0
6.062323333E1	2.309430068E-1
6.079926667E1	-8.407975299E-1
6.095920000E1	-1.026302487E0
6.111930000E1	-9.368662565E-1
6.129513333E1	-1.081043865E0
6.145530000E1	-9.504178070E-1
6.163110000E1	-1.001123852E0
6.179130000E1	-8.760124675E-1
6.196713333E1	-3.632933556E-1
6.212716667E1	-9.929921782E-1
6.228726667E1	-9.090705884E-1
6.246316667E1	-1.023997975E0
6.262330000E1	-1.008894499E0
6.279913333E1	-7.112997051E-1
6.295923333E1	-5.963063223E-2
6.311923333E1	-1.046248268E0
6.329516667E1	-8.424398846E-1
6.345526667E1	-8.629179275E-1
6.363126667E1	-8.552769790E-1
6.379116667E1	-8.748527837E-1
6.395116667E1	-8.486900621E-1
6.412716667E1	-8.509300140E-1
6.428723333E1	-1.727508156E0
6.446323333E1	-7.711637512E-1
6.462313333E1	-1.178434423E0
6.479920000E1	-1.013187625E0
6.495910000E1	-7.962552080E-1
6.511920000E1	-1.073355396E0
6.529523333E1	-9.787267611E-1
6.545530000E1	-1.058778303E0
6.563113333E1	-1.018412974E0
6.579123333E1	-7.642865857E-1
6.595113333E1	-8.791303068E-1
6.612706667E1	-9.633340855E-1
6.628706667E1	-7.019293449E-1
6.646310000E1	-1.603369831E0
6.662320000E1	-8.726686950E-1
6.678323333E1	-1.369247439E-1
6.695916667E1	-1.075448025E0
6.711903333E1	-1.016536512E0
6.729506667E1	-1.121811029E0
6.745520000E1	7.152074168E-2
6.761523333E1	-1.632047604E0
6.779123333E1	-1.123338935E0
6.795113333E1	-5.298960617E-1
6.812733333E1	-1.065427228E0
6.828700000E1	-9.221174895E-1
6.846300000E1	-1.137013128E0
6.862306667E1	-1.001283016E0
6.878333333E1	-8.831906142E-1
6.895906667E1	-8.720920831E-1
6.911903333E1	-8.571862039E-1
6.929496667E1	-8.402614924E-1
6.945520000E1	-1.812663383E0
6.961510000E1	-2.031350157E-1
6.979113333E1	-1.000036393E-1
6.995100000E1	-1.121465535E0
7.012713333E1	-1.096242955E0
7.028706667E1	-1.043711928E0
7.044710000E1	1.655605182E-2
7.062320000E1	-1.877677391E0
7.078306667E1	-9.710186483E-1
7.095910000E1	-9.089590481E-1
7.111913333E1	-9.329466759E-1
7.127913333E1	-7.026608111E-2
7.145496667E1	-1.991264773E0
7.161513333E1	-8.511339504E-1
7.179100000E1	-7.786460261E-1
7.195096667E1	-8.602630493E-1
7.212706667E1	-8.386416999E-1
7.228703333E1	-8.940156469E-1
7.244723333E1	-1.043578926E0
7.262306667E1	-7.930231679E-1
7.278303333E1	-6.319026187E-1
7.295886667E1	-9.784203906E-1
7.311896667E1	-1.006446376E0
7.327903333E1	-1.009399861E0
7.345513333E1	-9.819352367E-1
7.361496667E1	-9.834344443E-1
7.379113333E1	-9.677736755E-1
7.395103333E1	-9.610848082E-1
7.411106667E1	-1.008814171E0
7.428696667E1	-7.501087964E-1
7.444700000E1	-2.002600975E0
7.462296667E1	-1.788736230E0
7.478303333E1	-2.429347428E-2
7.495890000E1	-9.312239788E-1
7.511896667E1	-7.432701200E-1
7.527910000E1	-9.520401539E-1
7.545493333E1	-8.414903940E-1
7.561500000E1	-9.127010241E-1
7.579086667E1	-9.265568128E-1
7.595100000E1	-7.503928752E-1
7.611090000E1	-6.401265655E-1
7.628693333E1	-9.814310060E-1
7.644696667E1	-9.474411342E-1
7.662283333E1	-9.791593421E-1
7.678303333E1	-1.037852327E0
7.694293333E1	-5.304338690E-1
7.711906667E1	-9.724939290E-1
7.727893333E1	-1.200740758E0
7.745510000E1	-1.313575696E0
7.761493333E1	-1.944762391E0
7.777493333E1	1.099423190E-1
7.795086667E1	-9.894549129E-1
7.811096667E1	-7.868643956E-1
7.828703333E1	-7.710892725E-1
7.844713333E1	-1.072860330E0
7.862300000E1	-9.216876394E-1
7.878296667E1	-9.601612870E-1
7.894293333E1	-3.593688437E-1
7.911893333E1	-5.662422524E-1
7.927900000E1	-8.629659177E-1
7.945496667E1	-8.458517925E-1
7.961483333E1	-1.020677009E0
7.977493333E1	-1.068603440E0
7.995083333E1	-2.032493237E-1
8.011086667E1	-9.699546344E-1
8.028683333E1	-8.599131335E-1
8.044710000E1	-9.846862024E-1
8.060696667E1	-9.694810157E-1
8.078303333E1	-9.460618925E-1
8.094300000E1	-7.088973455E-1
8.111890000E1	-9.100388972E-1
8.127890000E1	-7.821855310E-1
8.143906667E1	-9.950426941E-1
8.161493333E1	-8.765763893E-1
8.177483333E1	-8.880805508E-1
8.195086667E1	-9.385002032E-1
8.211096667E1	-2.444091857E-1
8.228680000E1	-8.339204665E-1
8.244703333E1	-9.060387879E-1
8.260690000E1	-9.680766250E-1
8.278293333E1	-9.552905840E-1
8.294286667E1	8.280390332E-2
8.311890000E1	-9.462714289E-1
8.327896667E1	-1.000225268E0
8.343903333E1	-1.204506553E0
8.361483333E1	-9.100313059E-1
8.377500000E1	-1.075804017E0
8.395083333E1	-8.952365535E-1
8.411090000E1	1.681141922E-1
8.427080000E1	-1.772548087E0
8.444683333E1	-2.503301888E-1
8.460686667E1	-1.704782585E0
8.478293333E1	-9.337304572E-1
8.494290000E1	-3.212328028E-1
8.511883333E1	-5.164003597E-1
8.527873333E1	-6.335102829E-2
8.543886667E1	-1.000670062E0
8.561493333E1	-8.383526911E-1
8.577493333E1	-1.672938666E0
8.595086667E1	-7.616281126E-1
8.611093333E1	-2.692009224E-1
8.627076667E1	-1.492026587E0
8.644690000E1	-1.300609317E0
8.660680000E1	-1.665817171E0
8.678286667E1	-1.460855375E0
8.694286667E1	-1.225629163E0
8.710276667E1	-1.071558014E0
8.727883333E1	-2.919890456E-1
8.743893333E1	-8.970224340E-1
8.761490000E1	-9.095091607E-1
8.777486667E1	-1.083093423E0
8.793496667E1	-8.970817781E-1
8.811083333E1	-9.069089512E-1
8.827090000E1	-8.026434302E-1
8.844690000E1	-8.783461603E-1
8.860690000E1	-8.401463513E-1
8.878266667E1	-9.459595244E-1
8.894296667E1	-1.002223603E0
8.910286667E1	-7.986488179E-1
8.927890000E1	-9.143064969E-1
8.943880000E1	-9.259936497E-1
8.961466667E1	-9.488742448E-1
8.977476667E1	-1.356011035E0
8.993480000E1	-1.055507361E0
9.011086667E1	-1.021979132E0
9.027073333E1	-9.925540267E-1
9.044686667E1	7.302914336E-2
9.060673333E1	-1.617779497E0
9.076676667E1	-8.995283528E-1
9.094273333E1	-1.652007484E0
9.110280000E1	-7.382087716E-1
9.127870000E1	-8.104981346E-2
9.143883333E1	-1.031514639E0
9.159880000E1	-8.242774482E-1
9.177466667E1	-9.271366368E-1
9.193480000E1	-8.432960355E-1
9.211070000E1	-1.037234866E0
9.227080000E1	-8.975676944E-1
9.244680000E1	-9.369603631E-1
9.260673333E1	-1.031398386E0
9.276686667E1	-9.735281689E-1
9.294263333E1	-1.779861551E0
9.310266667E1	-1.244202292E0
9.327863333E1	-8.409155062E-1
9.343866667E1	-1.128709057E0
9.359873333E1	1.154321621E-2
9.377473333E1	-9.829891632E-1
9.393483333E1	-7.661263910E-1
9.411073333E1	-1.002068947E0
9.427066667E1	-8.550531729E-1
9.443073333E1	-8.658284247E-1
9.460680000E1	-8.888686299E-1
9.476683333E1	-8.550921994E-1
9.494273333E1	-9.391713688E-1
9.510270000E1	-8.693944787E-1
9.527876667E1	-1.056374845E0
9.543870000E1	-9.573614179E-1
9.559870000E1	-9.286144996E-1
9.577463333E1	-9.314230445E-1
9.593470000E1	-9.506067877E-1
9.611060000E1	-9.451912317E-1
9.627073333E1	-9.042930664E-1
9.643096667E1	-9.497184588E-1
9.660663333E1	-1.007971210E0
9.676690000E1	-8.462563534E-1
9.694253333E1	-1.035498050E0
9.710263333E1	-8.449934256E-1
9.726273333E1	-9.172874627E-1
9.743873333E1	-8.842734538E-1
9.759860000E1	-8.818959846E-1
9.777460000E1	-8.981137313E-1
9.793480000E1	-9.488880666E-1
9.809486667E1	-9.145469590E-1
9.827063333E1	-8.279351091E-1
9.843063333E1	-1.653314596E0
9.860656667E1	-1.173093294E0
9.876676667E1	-1.090924326E0
9.894253333E1	-1.023951295E0
9.910266667E1	-9.426691516E-1
9.926290000E1	-9.722868864E-1
9.943866667E1	-1.086684789E0
9.959870000E1	-9.118614794E-1
9.977450000E1	-1.084439234E0
9.993466667E1	-8.751849373E-1
1.000947000E2	-3.532736311E-1
1.002706000E2	-1.703906933E0
1.004310333E2	-2.164216422E-1
1.006066333E2	-9.205237357E-1
1.007666333E2	-4.515709917E-1
1.009266667E2	-8.175762733E-1
1.011027000E2	-8.719056694E-1
1.012627333E2	-6.189515832E-1
1.014387667E2	-7.840155337E-1
1.015986667E2	-9.498238970E-1
1.017587333E2	-1.094277236E0
1.019345667E2	-1.196953691E0
1.020946333E2	-9.242603958E-1
1.022705667E2	-9.215912712E-1
1.024307333E2	-8.985919341E-1
1.026065000E2	-1.197259333E0
1.027665667E2	-8.790227972E-1
1.029266333E2	-9.386865914E-1
1.031026000E2	-1.956785431E0
1.032625667E2	1.637289935E-1
1.034386000E2	-1.386663510E0
1.035985667E2	1.819834512E-3
1.037587000E2	-9.783709958E-1
1.039346667E2	-1.098931382E0
1.040945667E2	-6.268344031E-2
1.042706667E2	-4.871331235E-1
1.044306667E2	-2.766449278E-1
1.045907000E2	-1.072277883E-1
1.047665667E2	-7.955105333E-1
1.049265333E2	-7.394606788E-1
1.051027667E2	-8.712641042E-1
1.052626000E2	-8.470330428E-1
1.054384667E2	-8.018846714E-1
1.055986000E2	-8.885369713E-1
1.057586667E2	-9.191574393E-1
1.059345333E2	-1.619021439E0
1.060946000E2	-2.184570653E-1
1.062704333E2	-2.001917973E0
1.064306667E2	-8.374342998E-1
1.065906667E2	-7.775841310E-2
1.067666000E2	-1.151901799E0
1.069265000E2	-2.071764975E-1
1.071024000E2	-1.326307390E0
1.072624667E2	1.093087699E-1
1.074225667E2	-1.885713741E-1
1.075984333E2	-6.430794394E-1
1.077584667E2	-5.899201930E-1
1.079344333E2	-1.049160191E0
1.080946333E2	5.166601865E-2
1.082546333E2	-8.495353561E-1
1.084304667E2	-8.508376677E-1
1.085905667E2	-7.773260323E-1
1.087665333E2	-9.208127338E-1
1.089265000E2	-7.987014519E-1
1.091025000E2	-1.270035881E0
1.092626000E2	-9.299010211E-1
1.094225667E2	-9.196050132E-1
1.095984333E2	-9.564680161E-1
1.097584667E2	-7.508530049E-1
1.099345333E2	-1.001191955E0
1.100945333E2	-9.007978376E-1
1.102546333E2	-8.763652504E-1
1.104305667E2	-8.879549470E-1
1.105906333E2	-2.886423626E-1
1.107664000E2	-9.672423390E-1
1.109264333E2	-8.249209539E-1
1.110866000E2	-8.813103079E-1
1.112625667E2	-8.146069250E-1
1.114227333E2	-6.692579032E-1
1.115985000E2	-9.666229053E-1
1.117584333E2	-9.388320758E-1
1.119185000E2	-9.406781931E-1
1.120945667E2	-9.230272957E-1
1.122545667E2	-1.039226230E0
1.124304333E2	-1.030289746E0
1.125904667E2	-9.424500692E-1
1.127665333E2	-9.242034496E-1
1.129264333E2	-1.696279982E0
1.130865000E2	-6.756669323E-1
1.132625333E2	-1.455990710E0
1.134224333E2	-7.915518273E-1
1.135985333E2	-1.070771566E0
1.137583667E2	-1.325821815E0
1.139184333E2	-9.103994423E-1
1.140943333E2	-1.088531137E0
1.142544333E2	-8.670748196E-1
1.144306000E2	-9.130501212E-1
1.145903667E2	-8.784539366E-1
1.147504000E2	-9.477632012E-1
1.149264000E2	-9.359255771E-1
1.150864333E2	-9.610853413E-1
1.152625333E2	-8.852897142E-1
1.154225000E2	-9.779411370E-1
1.155984667E2	-9.723302804E-1
1.157585000E2	-1.155263603E0
1.159184333E2	-7.003614365E-1
1.160945000E2	-1.539038534E0
1.162544333E2	-1.730102559E0
1.164303000E2	-4.065569666E-1
1.165903667E2	-1.685430597E0
1.167504000E2	-8.159863216E-5
1.169263000E2	-1.837683269E0
1.170864000E2	-1.029838485E0
1.172623000E2	-7.782650011E-1
1.174225000E2	-9.880518869E-1
1.175824333E2	-9.104784563E-1
1.177583667E2	-9.543019682E-1
1.179183667E2	-8.870961335E-1
1.180944667E2	-1.052658528E0
1.182543667E2	-9.694091144E-1
1.184143667E2	-9.423868463E-1
1.185904000E2	-8.892506206E-1
1.187505000E2	-9.577639037E-1
1.189263667E2	-1.113900197E0
1.190864667E2	-9.824214072E-1
1.192622667E2	-8.643187578E-1
1.194223333E2	-1.413630249E0
1.195824000E2	-9.468875898E-1
1.197583667E2	-8.797412118E-1
1.199183667E2	-9.750346496E-1
1.200944000E2	-5.963705010E-1
1.202545333E2	-1.020637987E0
1.204145000E2	-9.285902231E-1
1.205903000E2	-9.601847337E-1
1.207505000E2	-8.866444801E-1
1.209263000E2	-8.859516051E-1
1.210862667E2	-1.082920223E0
1.212463667E2	-8.957430173E-1
1.214225000E2	-9.573543761E-1
1.215823333E2	-9.116699821E-1
1.217583333E2	-8.615038924E-1
1.219183000E2	-9.095347178E-1
1.220784667E2	-9.154058676E-1
1.222544333E2	-9.902041730E-1
1.224144000E2	-9.672504496E-1
1.225904000E2	-9.387849975E-1
1.227503667E2	-9.361771895E-1
1.229262333E2	-1.030974973E0
1.230863333E2	-6.095751612E-1
1.232464333E2	-9.765036759E-1
1.234224000E2	-8.866833491E-1
1.235824333E2	-8.967887173E-1
1.237582000E2	-8.711071177E-1
1.239182667E2	-8.169603775E-1
1.240783333E2	-9.371788453E-1
1.242544000E2	-8.810337638E-1
1.244143333E2	-1.316764598E0
1.245904000E2	-9.197598979E-1
1.247503333E2	-8.491444967E-1
1.249103333E2	-9.455876072E-1
1.250863000E2	-8.568917212E-1
1.252464000E2	-9.722421131E-1
1.254224000E2	-1.025400426E0
1.255822333E2	-9.595861729E-1
1.257582667E2	-1.080512965E0
1.259182000E2	-9.339924231E-1
1.260783667E2	-8.467376314E-1
1.262543667E2	-1.975723885E0
1.264143667E2	-6.535260590E-1
1.265903000E2	-8.566721511E-1
1.267503333E2	-8.932137127E-1
1.269103000E2	-9.843078714E-1
1.270862667E2	-1.055082259E0
1.272463667E2	-7.550671248E-2
1.274221667E2	-1.037304076E0
1.275823333E2	-7.802749677E-1
1.277422667E2	-1.002032017E0
1.279182000E2	-8.457999907E-1
1.280782333E2	-7.444722704E-1
1.282543333E2	-1.088423452E0
1.284143000E2	-1.734491112E-1
1.285742667E2	-9.482725787E-1
1.287504333E2	-1.028795573E0
1.289103333E2	-8.670406617E-1
1.290863667E2	-1.004721176E0
1.292462333E2	-9.476404219E-1
1.294223000E2	-6.338939232E-1
1.295823000E2	-1.992079765E0
1.297426000E2	-8.563449873E-1
1.299181667E2	-6.521893522E-1
1.300782667E2	-9.382764758E-1
1.302541000E2	-9.663236414E-1
1.304142000E2	-1.084583694E0
1.305742333E2	-6.456161376E-1
1.307502333E2	-8.716667358E-1
1.309103333E2	-7.288554477E-1
1.310862000E2	-1.389269885E0
1.312462000E2	-1.149357244E0
1.314062333E2	-7.005093978E-1
1.315822000E2	-1.040229012E0
1.317423000E2	-7.608489129E-1
1.319181667E2	-9.632199569E-1
1.320783000E2	-9.579005275E-1
1.322383000E2	-1.010551561E0
1.324141333E2	-9.616314184E-1
1.325741667E2	-9.370929330E-1
1.327501667E2	-6.542588410E-1
1.329102667E2	-1.776966941E0
1.330861667E2	-1.324367193E0
1.332462667E2	-3.469772310E-1
1.334063000E2	-1.012593432E0
1.335822667E2	-7.514294044E-1
1.337423000E2	-9.253814447E-1
1.339181000E2	-7.102515976E-1
1.340781333E2	-8.456959622E-1
1.342381333E2	-8.659563078E-1
1.344142333E2	-9.755832067E-1
1.345741333E2	-1.047712636E0
1.347500667E2	-9.403844220E-1
1.349101333E2	-8.907443368E-1
1.350701667E2	-8.717778491E-1
1.352461333E2	-9.228243069E-1
1.354061333E2	-9.819345111E-1
1.355820333E2	-9.924691424E-1
1.357421000E2	-9.781866582E-1
1.359180333E2	-9.843078205E-1
1.360780667E2	-3.742844213E-1
1.362381333E2	-9.602356657E-1
1.364141333E2	-2.006413121E0
1.365741000E2	3.259759248E-2
1.367500000E2	-8.989723935E-1
1.369101667E2	-2.916310715E-1
1.370705000E2	-8.490520937E-1
1.372462000E2	-8.294996398E-1
1.374062333E2	4.313472493E-2
1.375821667E2	-8.836770285E-1
1.377422000E2	-6.326724047E-1
1.379021667E2	-1.059698962E0
1.380781333E2	-8.264818473E-1
1.382382000E2	-3.212632629E-1
1.384141667E2	-8.581814001E-1
1.385742667E2	-2.758126069E-1
1.387342000E2	-8.940740028E-1
1.389100333E2	-8.927075713E-1
1.390700667E2	-8.229203022E-1
1.392460333E2	-8.663885280E-1
1.394060667E2	-8.675113258E-1
1.395821667E2	-9.462788772E-1
1.397422000E2	-1.579909057E0
1.399022000E2	-9.853713901E-1
1.400779667E2	-7.446689339E-1
1.402383000E2	-1.018170576E0
1.404141000E2	-8.742871432E-1
1.405742000E2	-1.213404977E0
1.407341667E2	-1.850642675E-1
1.409100333E2	-8.635106595E-1
1.410701000E2	-6.582032384E-1
1.412460667E2	-9.414287680E-1
1.414061000E2	-9.483872610E-1
1.415661667E2	-3.164716671E-1
1.417421000E2	-1.073516043E0
1.419021667E2	-5.508846668E-1
1.420781667E2	-6.257448309E-1
1.422380000E2	-1.802054914E0
1.423981333E2	-1.039009836E0
1.425740333E2	-1.080070600E0
1.427341000E2	-1.025400273E0
1.429099667E2	-9.935637232E-1
1.430701333E2	-1.178104638E0
1.432461000E2	-1.308897471E0
1.434061000E2	-6.613097789E-1
1.435661333E2	-9.117645532E-1
1.437421333E2	-7.954166592E-1
1.439021000E2	-1.062979521E0
1.440781000E2	-9.185570045E-1
1.442380333E2	4.451440462E-2
1.443979667E2	-9.811732388E-1
1.445739333E2	-8.715328323E-1
1.447339333E2	-9.311434952E-1
1.449099333E2	8.254364386E-3
1.450700333E2	-7.964668223E-1
1.452299667E2	-9.846941678E-1
1.454059667E2	-3.960981504E-2
1.455660000E2	-1.430669015E0
1.457419333E2	-1.092638738E0
1.459020000E2	-1.057546116E0
1.460779000E2	-9.424364932E-1
1.462379333E2	-9.276600150E-1
1.463980000E2	-9.432863815E-1
1.465739000E2	-9.668322797E-1
1.467339333E2	-9.587582014E-1
1.469099000E2	-5.678236270E-1
1.470700333E2	-7.992394590E-1
1.472302000E2	-2.532869251E-1
1.474061000E2	-1.241091354E0
1.475660000E2	-7.488406482E-1
1.477419667E2	-8.672899429E-1
1.479020000E2	-7.114433383E-1
1.480622000E2	-9.217161499E-1
1.482379667E2	-7.865212936E-1
1.483980667E2	-9.317667621E-1
1.485739667E2	-1.031539054E0
1.487339333E2	-8.402378319E-1
1.488941000E2	-7.758120850E-1
1.490699667E2	-1.883647468E0
1.492300000E2	-1.146214773E0
1.494060000E2	-1.099991767E0
1.495660667E2	-9.753716338E-1
1.497419333E2	-9.606438930E-1
1.499018667E2	-1.138040539E0
1.500620333E2	-1.130440186E0
1.502379000E2	-9.157086062E-1
1.503980333E2	-8.047135321E-1
1.505738000E2	-7.229662323E-1
1.507339000E2	-8.970565199E-1
1.508939333E2	-9.045014385E-1
1.510699333E2	-9.430377550E-1
1.512299667E2	-9.236875683E-1
1.514058667E2	-9.133676303E-1
1.515660000E2	-9.211371767E-1
1.517262333E2	-9.063879630E-1
1.519020000E2	-9.768246608E-1
1.520619667E2	-9.420030842E-1
1.522379000E2	-8.635095565E-1
1.523980000E2	-9.670034451E-1
1.525738333E2	-1.703205084E0
1.527339333E2	-1.076250310E0
1.528940000E2	-1.080120103E0
1.530698333E2	-9.001229312E-1
1.532298333E2	-9.159628224E-1
1.534058000E2	-2.053189476E0
1.535659000E2	-8.162409314E-1
1.537259000E2	-9.196569626E-1
1.539019000E2	-9.750318424E-1
1.540619333E2	-7.295363232E-1
1.542378667E2	-1.742013948E0
1.543979667E2	-5.593324687E-1
1.545578667E2	-1.483414049E0
1.547338000E2	-9.684936626E-1
1.548939000E2	-1.080555277E0
1.550698000E2	-9.368377439E-1
1.552298333E2	-9.931925967E-1
1.553899667E2	-1.042884326E0
1.555659667E2	-8.747740184E-1
1.557259333E2	-9.650340220E-1
1.559019000E2	-1.006782336E0
1.560619000E2	-1.017342167E0
1.562378667E2	-9.956354756E-1
1.563978333E2	-1.009835114E0
1.565578667E2	-9.102192714E-1
1.567339333E2	-9.547176318E-1
1.568937667E2	-1.017100571E0
1.570697667E2	-8.811968992E-1
1.572298000E2	-9.370874446E-1
1.573898667E2	-9.584266852E-1
1.575658000E2	-9.253872803E-1
1.577258000E2	-9.948050031E-1
1.579019000E2	-9.707613268E-1
1.580619333E2	-5.944726573E-1
1.582219333E2	-9.051537644E-1
1.583978667E2	-8.846536162E-1
1.585578667E2	-8.919864762E-1
1.587339333E2	-9.270340169E-1
1.588939000E2	-9.411303250E-1
1.590539333E2	-9.009485980E-1
1.592298333E2	-9.232349390E-1
1.593900000E2	-1.066747025E0
1.595657333E2	-9.568687419E-1
1.597259000E2	-9.595782614E-1
1.599018333E2	-9.795433313E-1
1.600619333E2	-9.091933638E-1
1.602218333E2	-9.229787171E-1
1.603978667E2	-9.322319070E-1
1.605579000E2	-9.378440772E-1
1.607337667E2	-9.267060686E-1
1.608937333E2	-9.364448770E-1
1.610538333E2	-9.301839842E-1
1.612298000E2	-9.243206651E-1
1.613897000E2	-9.527757214E-1
1.615657000E2	-7.486656062E-1
1.617257333E2	-8.732331361E-1
1.618858667E2	-8.626778430E-1
1.620619333E2	-9.793389175E-1
1.622218667E2	-8.732385244E-1
1.623977333E2	-9.399996257E-1
1.625578667E2	-9.493653590E-1
1.627336333E2	-9.023189531E-1
1.628937333E2	-9.785130386E-1
1.630537000E2	-8.159746236E-1
1.632297667E2	-7.903577792E-1
1.633898333E2	-1.626270765E0
1.635658000E2	-1.398374738E0
1.637258000E2	-1.498369079E0
1.638856667E2	-1.297298190E0
1.640618333E2	-1.195829315E0
1.642217333E2	-1.100651270E0
1.643976667E2	-1.016009383E0
1.645577333E2	-1.098712910E0
1.647177667E2	-1.046581062E0
1.648938000E2	-1.444689956E-1
1.650537000E2	-1.138352894E0
1.652297000E2	-6.693655783E-1
1.653898333E2	-3.678166913E-1
1.655501333E2	-1.064339956E0
1.657257333E2	-3.252862688E-1
1.658857000E2	-8.297641539E-2
1.660616333E2	-2.990137102E-1
1.662217333E2	-1.463357975E-1
1.663977333E2	4.879099644E-2
1.665577333E2	-4.312163014E-2
1.667177667E2	-3.761368525E-2
1.668936667E2	3.249321081E-1
1.670537333E2	-8.743669114E-1
1.672295667E2	-5.445243905E-1
1.673897333E2	-8.745889755E-2
1.675497333E2	-8.683587288E-1
1.677256667E2	-5.370659421E-2
1.678858000E2	-9.053608559E-1
1.680616667E2	-7.213290746E-1
1.682217667E2	-6.064715007E-1
1.683816667E2	-8.301833651E-1
1.685577000E2	1.080497160E-1
1.687178000E2	-9.839977929E-1
1.688938333E2	-3.886926940E-2
1.690537000E2	-1.680377047E-2
1.692137000E2	-4.407496978E-1
1.693896667E2	-1.119754420E-1
1.695497667E2	-6.632028710E-2
1.697256333E2	-1.338873820E-1
1.698857333E2	-1.944921267E-2
1.700617000E2	2.215408660E-2
1.702215667E2	3.559034967E-2
1.703817667E2	1.598493778E-1
1.705576333E2	3.957704366E-2
1.707177333E2	-6.170350608E-1
1.708936667E2	-6.533392781E-1
1.710536333E2	-8.929949590E-1
1.712136667E2	-8.693833646E-1
1.713896000E2	-8.321179341E-1
1.715496333E2	-1.616887610E0
1.717255333E2	-9.112721218E-1
1.718855333E2	-8.218683798E-1
1.720455667E2	-9.965078722E-1
1.722216333E2	-8.547009802E-1
1.723817000E2	-8.985462455E-1
1.725575667E2	-3.870805598E-1
1.727176333E2	-4.539893734E-2
1.728936667E2	-7.669240694E-1
1.730537000E2	-8.491244063E-1
1.732136333E2	-7.958045070E-1
1.733896333E2	-8.011410326E-1
1.735496667E2	-5.412134591E-1
1.737255000E2	-7.226257689E-1
1.738855667E2	-8.328280353E-1
1.740456667E2	-7.104147951E-1
1.742215667E2	-9.459776053E-1
1.743817000E2	-1.051045673E0
1.745576000E2	-9.830154478E-1
1.747177000E2	-1.110160216E0
1.748776333E2	-1.605326078E0
1.750536000E2	-1.062470835E0
1.752135667E2	-1.708452053E0
1.753896000E2	-1.367068742E0
1.755495667E2	-9.965617468E-1
1.757096000E2	-9.877859032E-1
1.758855333E2	-7.864768581E-1
1.760456000E2	-8.923242128E-1
1.762215333E2	-8.237258160E-1
1.763816333E2	-5.308523415E-1
1.765576000E2	-9.592141777E-1
1.767176333E2	-8.036103095E-1
1.768775667E2	-9.407777788E-1
1.770535667E2	-8.623139078E-1
1.772135667E2	-9.114568739E-1
1.773896000E2	-8.946824796E-1
1.775496000E2	-9.041625481E-1
1.777096000E2	-9.376851316E-1
1.778856333E2	-9.161673422E-1
1.780455333E2	-1.021900960E0
1.782216333E2	-1.304649654E0
1.783816000E2	-1.200959553E0
1.785415667E2	-1.715106606E0
1.787176000E2	-1.013257450E0
1.788776667E2	-1.725747602E0
1.790536333E2	-1.935384448E0
1.792135667E2	-9.929644406E-1
1.793736000E2	-9.589383466E-1
1.795495667E2	-7.568241045E-1
1.797097000E2	-8.323316237E-1
1.798855000E2	-1.046476833E0
1.800455333E2	1.173835678E-2
1.802214000E2	-1.013453756E0
1.803816667E2	-9.547285918E-1
1.805416333E2	-6.686930558E-1
1.807174667E2	-6.782803389E-1
1.808776000E2	-9.752589770E-1
1.810534000E2	-8.977342906E-1
1.812136000E2	-8.437272762E-1
1.813734333E2	-9.455718509E-1
1.815494667E2	-8.609929034E-1
1.817095667E2	-1.072069531E0
1.818855667E2	-1.403339027E0
1.820455333E2	-1.169566993E0
1.822056000E2	-1.688475701E0
1.823814667E2	-1.514281014E0
1.825414000E2	-1.641204804E0
1.827174333E2	-1.779839169E0
1.828774667E2	-1.555295315E0
1.830535000E2	-1.490730947E0
1.832135667E2	-1.583088378E0
1.833735667E2	-1.275380952E0
1.835495000E2	-1.332772612E0
1.837095667E2	-9.959458572E-1
1.838855000E2	-1.038543893E0
1.840455667E2	-9.748994528E-1
1.842055667E2	-9.270945937E-1
1.843815667E2	-9.431430435E-1
1.845414333E2	-9.617304059E-1
1.847175333E2	-9.744113261E-1
1.848774667E2	-1.010589647E0
1.850374667E2	-9.623367605E-1
1.852133667E2	-9.559739822E-1
1.853735333E2	-9.501133276E-1
1.855495000E2	-1.541211106E0
1.857094667E2	-1.965750290E0
1.858695667E2	-1.900553425E0
1.860455333E2	-1.931526986E0
1.862054000E2	-1.716437759E0
1.863815333E2	-1.863533292E0
1.865415667E2	-1.889174623E0
1.867173333E2	-8.762267865E-1
1.868775333E2	-1.714557096E0
1.870375667E2	-1.492496208E0
1.872134333E2	-1.184895085E0
1.873735000E2	-1.137808922E0
1.875494667E2	-9.794779829E-1
1.877096000E2	-1.207376007E0
1.878694333E2	-8.489060328E-1
1.880454000E2	-9.173242039E-1
1.882054333E2	-9.747184911E-1
1.883814333E2	-9.943020613E-1
1.885413667E2	-1.378291079E0
1.887014000E2	-1.044180441E0
1.888773667E2	-9.024431612E-1
1.890373000E2	-9.468891584E-1
1.892134667E2	-1.107114424E0
1.893734000E2	-1.283383945E0
1.895335333E2	-1.063518350E0
1.897095667E2	-1.296757167E0
1.898694000E2	-1.020826420E0
1.900454000E2	-9.121277611E-1
1.902055000E2	-1.153388954E0
1.903813000E2	-8.203821091E-1
1.905414667E2	-5.274114082E-1
1.907017667E2	-9.190709924E-1
1.908774667E2	-6.915190759E-1
1.910373000E2	-8.744472563E-1
1.912133667E2	-7.680688357E-1
1.913734667E2	-8.158647834E-1
1.915335000E2	-9.225235953E-1
1.917094000E2	-7.682778793E-1
1.918694667E2	-9.422828272E-1
1.920454333E2	-8.535809307E-1
1.922053667E2	-1.095400502E0
1.923654000E2	-1.037254806E0
1.925414333E2	-9.994235705E-1
1.927014333E2	-9.379028036E-1
1.928774000E2	-9.953394866E-1
1.930374333E2	-1.122807902E0
1.932132000E2	-1.136068693E0
1.933734333E2	-9.533015103E-1
1.935334333E2	-1.540118642E0
1.937092667E2	-1.021488952E0
1.938693333E2	-1.034343130E0
1.940452333E2	-9.782050571E-1
1.942053000E2	-8.200816710E-1
1.943652667E2	-8.438395827E-1
1.945413667E2	-8.550836912E-1
1.947013333E2	-8.270595035E-1
1.948773667E2	-8.946219841E-1
1.950375000E2	-8.574857603E-1
1.951976000E2	-1.147327038E0
1.953732333E2	-7.146817544E-1
1.955333667E2	-6.662939872E-1
1.957094000E2	-1.047400423E0
1.958693000E2	-7.254826990E-1
1.960294000E2	-1.045882906E0
1.962054000E2	-9.408421070E-1
1.963653667E2	-9.713814948E-1
1.965413667E2	-9.178420276E-1
1.967014333E2	-1.072475564E0
1.968771667E2	-1.279050185E0
1.970372333E2	-1.107411488E0
1.971973667E2	-1.266440729E0
1.973734000E2	-1.049163572E0
1.975332000E2	-9.672491614E-1
1.977091667E2	-9.492807364E-1
1.978693667E2	-9.632205170E-1
1.980292333E2	-8.708527740E-1
1.982053667E2	-7.772799249E-1
1.983654000E2	-8.605434305E-1
1.985413333E2	-7.489563542E-1
1.987012667E2	-9.049456730E-1
1.988615333E2	-7.511490462E-1
1.990373000E2	-9.366298067E-1
1.991972667E2	-2.752338258E-1
1.993733667E2	-7.594983368E-1
1.995332000E2	-1.007266680E0
1.996933333E2	-3.972915887E-1
1.998693333E2	-5.602885218E-1
2.000293667E2	-7.004616683E-1
2.002053333E2	-7.759202235E-1
2.003651667E2	-9.781817379E-1
2.005413000E2	-1.061847487E0
2.007012667E2	-1.058631569E0
2.008612667E2	-1.131651784E0
2.010371667E2	-1.127760870E0
2.011972000E2	-1.144710577E0
2.013731333E2	-1.047122852E0
2.015333000E2	-6.637516538E-1
2.016933000E2	-9.633503369E-1
2.018691333E2	-7.668586866E-1
2.020292667E2	-8.421100618E-1
2.022052000E2	-8.723996677E-1
2.023653333E2	-6.556156049E-1
2.025253333E2	-8.954581579E-1
2.027013000E2	-8.478845446E-1
2.028612333E2	-9.189232055E-1
2.030372000E2	-1.348482896E-1
2.031972000E2	-9.110422433E-1
2.033731000E2	-1.173996215E0
2.035331000E2	2.665022906E-2
2.036931667E2	-8.724943822E-1
2.038692667E2	-8.279323942E-1
2.040291333E2	-8.783823674E-1
2.042052333E2	-9.384179638E-1
2.043653000E2	-9.782394708E-1
2.045253000E2	-9.759987019E-1
2.047012000E2	-1.103813059E0
2.048612333E2	-1.013294447E0
2.050371333E2	-1.192590539E0
2.051972000E2	-9.653810262E-1
2.053572667E2	-9.027554025E-1
2.055332333E2	-9.591738929E-1
2.056931667E2	-7.824841685E-1
2.058692000E2	-6.614808259E-1
2.060292667E2	-8.699674858E-1
2.061891667E2	-9.168143734E-1
2.063651667E2	-8.913030315E-1
2.065252667E2	-9.260712818E-1
2.067011333E2	-9.152995569E-1
2.068612667E2	-8.793974230E-1
2.070370000E2	-9.249282401E-1
2.071970333E2	-9.089697307E-1
2.073571000E2	-7.506349711E-1
2.075330333E2	-1.060092242E0
2.076930333E2	-8.846071653E-1
2.078690333E2	-9.310036589E-1
2.080291000E2	-1.289286503E0
2.081891000E2	-9.638614633E-1
2.083652667E2	-1.049380771E0
2.085251667E2	-1.172736923E0
2.087012000E2	-1.052552664E0
2.088611667E2	-1.119619611E0
2.090214000E2	-8.681645694E-1
2.091970667E2	-9.233243429E-1
2.093572000E2	-8.838064492E-1
2.095330333E2	-8.030821914E-1
2.096930667E2	-8.723106896E-1
2.098532333E2	-8.914397800E-1
2.100292333E2	-8.468018939E-1
2.101891000E2	-8.629289885E-1
2.103652333E2	-9.850177182E-1
2.105250333E2	-6.705379836E-1
2.107010000E2	-8.703213420E-1
2.108611667E2	-8.405320855E-1
2.110212000E2	-9.181449632E-1
2.111970000E2	-3.431565250E-1
2.113571667E2	-1.147892663E0
2.115331333E2	-1.303416132E0
2.116930000E2	-9.233149367E-1
2.118532000E2	-1.576326369E0
2.120290667E2	-1.000329176E0
2.121890333E2	-1.182424572E0
2.123651000E2	-1.136770070E0
2.125250667E2	-1.054325628E0
2.126850333E2	-1.066766806E0
2.128610667E2	-9.046160707E-1
2.130211667E2	-9.309867678E-1
2.131970333E2	-9.064436164E-1
2.133570000E2	-8.854092780E-1
2.135331333E2	-8.538314755E-1
2.136930000E2	-8.677545246E-1
2.138530667E2	-7.875988551E-1
2.140290333E2	-8.677360697E-1
2.141891333E2	-8.674631933E-1
2.143650667E2	-8.738479279E-1
2.145250333E2	-8.952250084E-1
2.146850333E2	-6.721668347E-1
2.148611667E2	-9.775371936E-1
2.150210667E2	-8.305976225E-1
2.151971000E2	-9.656644281E-1
2.153572000E2	-1.938354916E0
2.155171667E2	-8.404026609E-1
2.156932333E2	-1.928771799E0
2.158531333E2	-1.900109849E0
2.160289000E2	-1.137689412E0
2.161890000E2	-1.415117945E0
2.163491000E2	-1.231649100E0
2.165250333E2	-1.017040475E0
2.166851333E2	-9.927635746E-1
2.168610000E2	-9.841732354E-1
2.170209667E2	-9.016137001E-1
2.171968667E2	-8.623230661E-1
2.173570000E2	-9.025934784E-1
2.175171000E2	-9.278465255E-1
2.176929667E2	-9.246845560E-1
2.178531000E2	-9.431140797E-1
2.180290333E2	-8.829300806E-1
2.181889000E2	-9.857428221E-1
2.183492000E2	-8.702318856E-1
2.185249667E2	-8.610101817E-1
2.186850333E2	-8.889779322E-1
2.188609000E2	-8.778901591E-1
2.190209667E2	-8.513520781E-1
2.191810333E2	-1.734354195E0
2.193569000E2	-1.089926610E0
2.195169333E2	-1.296471174E0
2.196930000E2	-1.819725128E0
2.198529667E2	-1.060431430E0
2.200130333E2	-1.095294532E0
2.201891667E2	-1.000314168E0
2.203489000E2	-9.442147107E-1
2.205249000E2	-9.260517363E-1
2.206850333E2	-9.511709405E-1
2.208610000E2	-8.724631391E-1
2.210209667E2	-8.992789756E-1
2.211810667E2	-8.996722664E-1
2.213570000E2	-8.121229396E-1
2.215171667E2	-8.649681324E-1
2.216928000E2	-1.027262587E0
2.218529333E2	-9.301114020E-1
2.220129667E2	-1.012114714E0
2.221890333E2	-8.388472516E-1
2.223488333E2	-7.794541640E-1
2.225248333E2	-8.398887340E-1
2.226849000E2	-9.331967839E-1
2.228450667E2	-8.151948934E-1
2.230210000E2	-1.110745048E0
2.231809333E2	-1.971188590E0
2.233569667E2	-1.075854060E0
2.235168667E2	-1.878498742E0
2.236928000E2	-1.149583920E0
2.238528333E2	-9.744358920E-1
2.240131000E2	-9.860150655E-1
2.241889667E2	-9.499577903E-1
2.243490000E2	-9.486559939E-1
2.245249000E2	-9.402433282E-1
2.246848333E2	-8.254897098E-1
2.248450000E2	-9.232024720E-1
2.250208667E2	-8.819188429E-1
2.251809667E2	-9.185281956E-1
2.253568000E2	-9.038002614E-1
2.255168667E2	-9.478474469E-1
2.256769000E2	-1.000727772E0
2.258528667E2	-8.604028309E-1
2.260128667E2	-1.013894929E0
2.261888000E2	-9.442269346E-1
2.263487667E2	-8.081092435E-1
2.265089000E2	-9.325845409E-1
2.266849333E2	-9.213255812E-1
2.268448333E2	-7.355748732E-1
2.270209000E2	-2.548435715E0
2.271809667E2	-1.252525639E0
2.273567667E2	-1.149685037E0
2.275168667E2	-1.621113965E0
2.276770000E2	-8.549638747E-1
2.278528667E2	-1.037079309E0
2.280129000E2	-9.780591194E-1
2.281887333E2	-9.966067030E-1
2.283488667E2	-1.027245360E0
2.285089000E2	-9.158733341E-1
2.286849333E2	-9.545292147E-1
2.288448667E2	-8.907129032E-1
2.290207333E2	-9.637564639E-1
2.291809000E2	-8.796358358E-1
2.293409333E2	-8.625378468E-1
2.295168000E2	-1.134976622E0
2.296768000E2	-8.478665262E-1
2.298529000E2	-1.327668196E0
2.300130000E2	-9.178060990E-1
2.301728333E2	-8.710505898E-1
2.303489000E2	-9.134276463E-1
2.305088333E2	-9.740907426E-1
2.306847333E2	-8.387428440E-1
2.308447333E2	-1.903071824E0
2.310208000E2	-1.907035546E0
2.311807667E2	-8.985977678E-1
2.313410000E2	-1.909617841E0
2.315168333E2	-9.694654105E-1
2.316769000E2	-9.491018981E-1
2.318528667E2	-9.464943416E-1
2.320129000E2	-9.474227732E-1
2.321728667E2	-9.898801912E-1
2.323488000E2	-9.448823993E-1
2.325088000E2	-9.559445273E-1
2.326848333E2	-9.198263823E-1
2.328447667E2	-9.143053666E-1
2.330048333E2	-9.383959678E-1
2.331809333E2	-2.764493396E-1
2.333407333E2	-9.783142486E-1
2.335166667E2	-9.371022046E-1
2.336767333E2	-7.343725426E-1
2.338528333E2	-1.451490783E0
2.340128000E2	-7.998528866E-1
2.341728667E2	-9.384248798E-1
2.343488333E2	-9.506755742E-1
2.345087333E2	-9.375577923E-1
2.346846333E2	-9.491243302E-1
2.348448667E2	-2.026183978E0
2.350048000E2	-1.153120298E0
2.351807000E2	-1.132786280E0
2.353409667E2	-1.088389232E0
2.355166333E2	-3.848829451E-1
2.356768000E2	-8.138620939E-1
2.358368667E2	-7.724835354E-1
2.360128000E2	-8.768628538E-1
2.361727667E2	-9.230550637E-1
2.363487333E2	-9.035306182E-1
2.365088333E2	-9.465418528E-1
2.366687000E2	-7.887956053E-1
2.368446667E2	-9.002385149E-1
2.370047000E2	-9.433074054E-1
2.371807000E2	-7.262802310E-1
2.373407333E2	-1.628431024E0
2.375166000E2	-1.226533935E0
2.376767000E2	-1.135258366E0
2.378367000E2	-1.035397513E0
2.380127667E2	-1.315839327E-1
2.381727667E2	-8.781795464E-1
2.383485667E2	-8.729385420E-1
2.385087000E2	-8.929350624E-1
2.386687000E2	-9.822467726E-1
2.388446333E2	-1.026390102E0
2.390047000E2	-9.540855765E-1
2.391806333E2	-1.068088754E0
2.393406000E2	-8.483313246E-1
2.395006667E2	-8.767907773E-1
2.396766000E2	-1.019215989E0
2.398366000E2	-9.496636658E-1
2.400126000E2	-9.457640957E-1
2.401726333E2	-8.856612878E-1
2.403326667E2	-9.047377825E-1
2.405085667E2	-9.292882853E-1
2.406686667E2	-4.773814549E-1
2.408446000E2	-8.976777341E-1
2.410046000E2	-8.672572027E-1
2.411805667E2	-9.168941694E-1
2.413405667E2	-9.146132055E-1
2.415005667E2	-9.501628555E-1
2.416765667E2	-9.557583929E-1
2.418366000E2	-9.477862479E-1
2.420125333E2	-8.515431370E-1
2.421726000E2	-1.035366112E0
2.423326333E2	-8.053675744E-1
2.425085667E2	-9.941215258E-1
2.426686333E2	-1.672599358E0
2.428445667E2	-9.711994415E-1
2.430045667E2	-1.124440749E0
2.431646333E2	-9.271335946E-1
2.433406000E2	-9.163975193E-1
2.435006333E2	-9.191345962E-1
2.436765667E2	-9.482243222E-1
2.438365667E2	-8.729395914E-1
2.440125000E2	-1.108938528E0
2.441725000E2	-9.479413219E-1
2.443325667E2	-9.590675430E-1
2.445085667E2	-9.535852894E-1
2.446685333E2	-9.308311876E-1
2.448446333E2	-8.118022566E-1
2.450047000E2	-8.667479093E-1
2.451647000E2	-1.113734368E0
2.453406667E2	-7.248126682E-1
2.455007000E2	-1.909500823E0
2.456764667E2	-1.662603906E0
2.458367000E2	-9.956078656E-1
2.459966333E2	-9.879520171E-1
2.461726667E2	-9.839107218E-1
2.463326667E2	-8.454017414E-1
2.465087333E2	-1.018072814E0
2.466686333E2	-1.955557720E0
2.468286333E2	-8.526450295E-1
2.470046667E2	-1.089197739E0
2.471645333E2	-9.286366758E-1
2.473405000E2	-8.342218748E-1
2.475005000E2	-9.791151600E-1
2.476766333E2	-9.249930806E-1
2.478365333E2	-1.106126188E0
2.479966000E2	-9.278020702E-1
2.481726667E2	-9.039499286E-1
2.483327333E2	-9.589921969E-1
2.485086333E2	-8.752953552E-1
2.486686000E2	-1.012925273E0
2.488285667E2	-7.558559825E-1
2.490045000E2	-9.412094496E-1
2.491645333E2	-1.128810053E0
2.493407000E2	-9.713695096E-1
2.495005000E2	-1.137707074E0
2.496606667E2	-1.008835677E0
2.498365333E2	-9.250184515E-1
2.499965333E2	-9.207774134E-1
2.501726000E2	-8.642670590E-1
2.503325000E2	-7.371059328E-1
2.504925667E2	-8.561971283E-1
2.506685000E2	-8.837305639E-1
2.508286000E2	-8.945573198E-1
2.510045333E2	-9.175326673E-1
2.511645333E2	-9.366105697E-1
2.513406000E2	-8.919909999E-1
2.515005000E2	-9.848813036E-1
2.516604667E2	-9.694628515E-1
2.518364333E2	-1.003271121E0
2.519966000E2	-9.977952789E-1
2.521724333E2	-9.019673596E-1
2.523325667E2	-9.262101042E-1
2.524925667E2	-9.189151199E-1
2.526685667E2	-9.125188976E-1
2.528286000E2	-9.638973079E-1
2.530045000E2	-9.453944608E-1
2.531645333E2	-9.250015903E-1
2.533245000E2	-1.009842715E0
2.535004667E2	-8.002922800E-1
2.536605000E2	-9.429647299E-1
2.538365667E2	-1.024299398E0
2.539965667E2	-6.824936297E-1
2.541724000E2	-8.254601580E-1
2.543324667E2	-1.389795445E0
2.544925000E2	-8.235241234E-1
2.546684333E2	-8.900657529E-1
2.548285667E2	-9.294683678E-1
2.550045000E2	-8.818663706E-1
2.551645000E2	-8.519808432E-1
2.553248333E2	-1.398133168E0
2.555004000E2	-9.174730499E-1
2.556604333E2	-1.034342372E0
2.558363333E2	-1.182917607E0
2.559964000E2	-1.012218392E0
2.561564333E2	-1.021006710E0
2.563324667E2	-9.020491404E-1
2.564925667E2	-9.042319538E-1
2.566684667E2	-8.726438763E-1
2.568284667E2	-9.895608326E-1
2.569885000E2	-1.036315671E0
2.571644000E2	-9.517375678E-1
2.573246000E2	-9.625698908E-1
2.575005000E2	-8.494972415E-1
2.576604000E2	-8.240421312E-1
2.578363333E2	-8.926958313E-1
2.579964667E2	-8.862788309E-1
2.581565667E2	-9.048357428E-1
2.583325333E2	-9.100691314E-1
2.584924667E2	-8.937864228E-1
2.586683333E2	-8.394031869E-1
2.588283667E2	-1.197983886E0
2.589884333E2	-7.869601307E-1
2.591643333E2	-8.994444344E-1
2.593246000E2	-9.356481190E-1
2.595004667E2	-9.327921541E-1
2.596605000E2	-9.380245920E-1
2.598205000E2	-9.485067957E-1
2.599964000E2	-9.748290285E-1
2.601564000E2	-8.955781836E-1
2.603325000E2	-1.009004786E0
2.604923667E2	-9.273071902E-1
2.606524000E2	-8.925677856E-1
2.608283333E2	-9.855287397E-1
2.609883667E2	-9.457716590E-1
2.611644333E2	-9.468939496E-1
2.613245000E2	-9.499733099E-1
2.615004333E2	-8.789002965E-1
2.616603000E2	-1.692967259E-1
2.618204667E2	-9.569048694E-1
2.619963667E2	-9.210432288E-1
2.621563333E2	-9.695506566E-1
2.623322667E2	-9.217777922E-1
2.624925000E2	-9.098352600E-1
2.626524667E2	-8.853345047E-1
2.628283000E2	-8.895327940E-1
2.629883333E2	-9.439767138E-1
2.631642667E2	-8.894291582E-1
2.633245000E2	-8.560920012E-1
2.634844000E2	-9.668205821E-1
2.636604000E2	-8.909985760E-1
2.638204000E2	-9.349241087E-1
2.639963333E2	-9.380611296E-1
2.641562667E2	-9.460984094E-1
2.643324000E2	-9.324924848E-1
2.644924333E2	-9.336467432E-1
2.646527000E2	-9.407489396E-1
2.648284333E2	-9.207101288E-1
2.649884667E2	-9.538302564E-1
2.651643000E2	-9.759864780E-1
2.653242667E2	-7.441017989E-1
2.654843667E2	-9.273179422E-1
2.656603333E2	-9.198707398E-1
2.658203333E2	-8.331114949E-1
2.659963000E2	-8.815057829E-1
2.661563333E2	-9.262369264E-1
2.663164000E2	-9.329252563E-1
2.664923333E2	-9.426715533E-1
2.666523000E2	-9.556036233E-1
2.668282333E2	-9.298771127E-1
2.669884000E2	-9.554860262E-1
2.671484000E2	-9.744693383E-1
2.673244333E2	-9.591288613E-1
2.674842667E2	-9.344203705E-1
2.676602667E2	-8.483328188E-1
2.678203667E2	-1.781671277E0
2.679962333E2	-1.035987132E0
2.681562333E2	-1.645200147E0
2.683164333E2	-1.029673993E0
2.684923667E2	-7.579131077E-1
2.686523000E2	-1.821186188E0
2.688283333E2	-9.575030767E-1
2.689883000E2	-1.529527225E0
2.691483667E2	-1.051789553E0
2.693243667E2	-8.967398245E-1
2.694842000E2	-9.469208502E-1
2.696601667E2	-9.636434403E-1
2.698202667E2	-1.007283843E0
2.699802333E2	-1.022330639E0
2.701562667E2	-1.030390589E0
2.703162667E2	-8.419197756E-1
2.704923000E2	-9.547280349E-1
2.706523667E2	-1.161588138E0
2.708124000E2	-9.257230975E-1
2.709882667E2	-1.086215312E0
2.711482333E2	-1.200556247E0
2.713244000E2	-9.098425797E-1
2.714843333E2	-1.053254213E0
2.716601667E2	-9.142500460E-1
2.718201667E2	-8.700767262E-1
2.719805333E2	-8.991651686E-1
2.721561333E2	-9.131872885E-1
2.723163000E2	-9.172737657E-1
2.724922667E2	-9.312157885E-1
2.726523333E2	-9.356029340E-1
2.728123333E2	-9.011484959E-1
2.729882333E2	-9.367627188E-1
2.731483333E2	-9.174512288E-1
2.733243000E2	-9.483922197E-1
2.734843000E2	-9.173253716E-1
2.736442333E2	-7.607417297E-1
2.738202667E2	-1.009718016E0
2.739801667E2	-9.240137208E-1
2.741561667E2	-9.425346593E-1
2.743164667E2	-9.448404253E-1
2.744921000E2	-9.435159253E-1
2.746522667E2	-9.498740104E-1
2.748123000E2	-8.992446961E-1
2.749881000E2	-1.142584995E0
2.751485000E2	-1.284221523E0
2.753241333E2	-9.695091465E-1
2.754842000E2	-9.582576356E-1
2.756443000E2	-8.320650974E-1
2.758201000E2	-8.930598090E-1
2.759802333E2	-1.112708581E0
2.761561000E2	-1.640153177E-1
2.763162000E2	-8.148854551E-1
2.764761667E2	-7.417875601E-1
2.766521667E2	-8.354225270E-1
2.768122667E2	-8.233981072E-1
2.769881667E2	-8.638928049E-1
2.771481333E2	-8.972139548E-1
2.773083667E2	-8.815835241E-1
2.774842667E2	-9.488970486E-1
2.776441333E2	-9.435678436E-1
2.778203000E2	-9.575988203E-1
2.779801667E2	-9.492068063E-1
2.781561667E2	-9.404447356E-1
2.783162000E2	-9.536744519E-1
2.784762000E2	-9.395103759E-1
2.786521333E2	-9.643441808E-1
2.788121000E2	-9.668883981E-1
2.789881333E2	-9.181946540E-1
2.791481333E2	-9.851787184E-1
2.793081333E2	-9.350214635E-1
2.794841667E2	-9.033876115E-1
2.796442000E2	-9.015902274E-1
2.798202000E2	-8.632194977E-1
2.799801667E2	-8.959515686E-1
2.801401667E2	-9.078514702E-1
2.803162333E2	-9.231280953E-1
2.804761333E2	-9.207949945E-1
2.806522000E2	-6.143388419E-1
2.808121333E2	-1.151975298E0
2.809721000E2	-9.553631007E-1
2.811482333E2	-8.869921003E-1
2.813082333E2	-1.008052047E0
2.814840333E2	-9.461182283E-1
2.816442000E2	-9.484503543E-1
2.818200000E2	-9.290236064E-1
2.819801000E2	-9.922671300E-1
2.821402000E2	-8.880775016E-1
2.823161667E2	-9.312026721E-1
2.824761333E2	-9.846918966E-1
2.826521333E2	-9.701153951E-1
2.828121667E2	-9.756253518E-1
2.829721333E2	-8.527461377E-1
2.831481000E2	-9.554862707E-1
2.833082333E2	-9.763334074E-1
2.834840333E2	-9.589836072E-1
2.836440000E2	-9.571010193E-1
2.838042000E2	-8.684009266E-1
2.839800667E2	-5.200798940E-1
2.841401667E2	-9.551472207E-1
2.843161333E2	-9.247547383E-1
2.844761667E2	-8.906832514E-1
2.846520667E2	-1.029957246E0
2.848119667E2	-9.044008168E-1
2.849721000E2	-9.257277479E-1
2.851481000E2	-9.483298338E-1
2.853081667E2	-9.496106746E-1
2.854839333E2	-9.156152068E-1
2.856441667E2	-8.981589460E-1
2.858040333E2	-9.963254840E-1
2.859800333E2	-9.036216682E-1
2.861401333E2	-9.822275673E-1
2.863161000E2	-9.602419391E-1
2.864761333E2	-8.720216295E-1
2.866361667E2	-1.043196965E0
2.868121333E2	-8.691532332E-1
2.869720667E2	-9.258569985E-1
2.871481000E2	-9.194888262E-1
2.873080333E2	-9.206189683E-1
2.874681000E2	-9.059948778E-1
2.876441333E2	-9.053225248E-1
2.878040000E2	-9.205960041E-1
2.879799333E2	-9.198456780E-1
2.881399667E2	-9.649492210E-1
2.883159000E2	-9.362761499E-1
2.884760000E2	-8.993525774E-1
2.886360333E2	-9.764488453E-1
2.888120667E2	-9.383747406E-1
2.889720333E2	-8.884871472E-1
2.891479667E2	-9.612034224E-1
2.893079000E2	-9.430038565E-1
2.894680333E2	-9.821262644E-1
2.896439333E2	-1.003340912E0
2.898041000E2	-8.311876544E-1
2.899799667E2	-9.349566057E-1
2.901399000E2	-8.646994933E-1
2.903000667E2	-9.223098858E-1
2.904760000E2	-9.056763128E-1
2.906359333E2	-9.703857034E-1
2.908120000E2	-9.139827344E-1
2.909719667E2	-9.008205528E-1
2.911480000E2	-9.705899993E-1
2.913079667E2	-8.904559341E-1
2.914680000E2	-9.315102902E-1
2.916439000E2	-9.291796797E-1
2.918040667E2	-9.292395119E-1
2.919799333E2	-9.066857903E-1
2.921399333E2	-9.316051294E-1
2.922999000E2	-1.098494656E0
2.924759000E2	-9.562112154E-1
2.926359667E2	-9.328312016E-1
2.928119333E2	-9.910783658E-1
2.929719333E2	-9.224145780E-1
2.931319333E2	-8.386756680E-1
2.933080333E2	-1.024781902E0
2.934679667E2	-9.377225001E-1
2.936438333E2	-9.069544124E-1
2.938040333E2	-1.022317167E0
2.939639667E2	-9.325503408E-1
2.941399667E2	-9.218925866E-1
2.942999000E2	-9.160929989E-1
2.944758667E2	-9.116549725E-1
2.946359667E2	-9.293271088E-1
2.948119333E2	-7.480510167E-1
2.949718333E2	-9.367305469E-1
2.951320000E2	-8.687112242E-1
2.953079333E2	-8.698140288E-1
2.954680333E2	-9.354885588E-1
2.956439333E2	-9.244100654E-1
2.958040000E2	-9.425045898E-1
2.959639667E2	-9.391811710E-1
2.961399000E2	-9.585926148E-1
2.963000000E2	-9.473322909E-1
2.964759667E2	-9.488292110E-1
2.966358333E2	-9.125640491E-1
2.967959000E2	-9.496085503E-1
2.969718333E2	-1.002724853E0
2.971319333E2	-9.085114453E-1
2.973079333E2	-9.754540089E-1
2.974679667E2	-1.024910046E0
2.976279667E2	-7.958819162E-1
2.978039000E2	-8.251607173E-1
2.979639000E2	-1.800824533E0
2.981398667E2	-9.857034947E-1
2.982999667E2	-9.571915141E-1
2.984758333E2	-9.667471856E-1
2.986359333E2	-1.068669642E0
2.987958333E2	-9.383991733E-1
2.989717333E2	-9.462118113E-1
2.991318667E2	-9.058195847E-1
2.993077333E2	-9.181952173E-1
2.994678000E2	-9.034705351E-1
2.996278333E2	-9.292230424E-1
2.998039333E2	-9.336709018E-1
2.999638333E2	-9.314457105E-1
3.001399333E2	-9.320665002E-1
3.002999333E2	-9.364236528E-1
3.004598333E2	-9.362517656E-1
3.006359000E2	-9.164672941E-1
3.007959333E2	-9.577884900E-1
3.009717333E2	-9.600936120E-1
3.011320333E2	-8.888404554E-1
3.013077333E2	-9.188131299E-1
3.014678667E2	-9.531294787E-1
3.016279000E2	-9.460483594E-1
3.018039000E2	-9.034295666E-1
3.019638333E2	-9.583059130E-1
3.021396667E2	-9.468267603E-1
3.022998667E2	-8.998809706E-1
3.024598667E2	-9.457101811E-1
3.026357333E2	-9.370845859E-1
3.027957333E2	-8.785002554E-1
3.029717000E2	-8.935018471E-1
3.031319000E2	-9.370335037E-1
3.032918333E2	-9.278556064E-1
3.034678667E2	-9.213148361E-1
3.036278000E2	-1.032437858E0
3.038038667E2	-9.635702448E-1
3.039637333E2	-9.685407021E-1
3.041237667E2	-8.986928537E-1
3.042996667E2	-9.274842695E-1
3.044598667E2	-9.129679026E-1
3.046358667E2	-9.228082197E-1
3.047959000E2	-9.203315090E-1
3.049717667E2	-9.133014546E-1
3.051316667E2	-9.363951044E-1
3.052917333E2	-9.140618874E-1
3.054677333E2	-8.761800341E-1
3.056278667E2	-1.013929241E0
3.058038000E2	-9.442545320E-1
3.059638667E2	-9.561965510E-1
3.061239000E2	-8.943161911E-1
3.062999667E2	-8.805949212E-1
3.064597000E2	-8.935648791E-1
3.066357000E2	-9.179682395E-1
3.067957667E2	-9.203788563E-1
3.069557333E2	-9.277191780E-1
3.071317333E2	-9.317915446E-1
3.072917667E2	-9.343194778E-1
3.074678333E2	-9.078680449E-1
3.076277667E2	-1.028122710E0
3.077879333E2	-9.886268209E-1
3.079637667E2	-8.592041008E-1
3.081238333E2	-1.187684057E0
3.082998333E2	-8.804635763E-1
3.084598333E2	-9.801028695E-1
3.086356000E2	-9.043840115E-1
3.087956667E2	-9.366997427E-1
3.089557333E2	-9.138505534E-1
3.091318000E2	-9.261742896E-1
3.092917333E2	-9.249077744E-1
3.094677000E2	-9.195611062E-1
3.096278000E2	-9.226327883E-1
3.097877333E2	-9.287522946E-1
3.099637333E2	-9.261368418E-1
3.101238000E2	-9.309971646E-1
3.102997667E2	-9.310581994E-1
3.104597000E2	-9.337033047E-1
3.106197333E2	-9.376934506E-1
3.107956333E2	-9.760113651E-1
3.109556667E2	-9.349961373E-1
3.111316667E2	-9.444310372E-1
3.112917333E2	-9.444333449E-1
3.114677333E2	-9.038979177E-1
3.116278000E2	-9.440962353E-1
3.117877667E2	-9.358456087E-1
3.119636000E2	-9.337071411E-1
3.121237000E2	-8.239596809E-1
3.122997333E2	-9.494563560E-1
3.124597667E2	-9.446385715E-1
3.126198000E2	-9.510730644E-1
3.127957000E2	-1.005621091E0
3.129555667E2	-9.711820704E-1
3.131315667E2	-8.010497513E-1
3.132916667E2	-9.745079920E-1
3.134516667E2	-9.291369742E-1
3.136276667E2	-9.161903498E-1
3.137877667E2	-9.345263664E-1
3.139635667E2	-8.944395827E-1
3.141236000E2	-9.176890087E-1
3.142838667E2	-8.988457460E-1
3.144596000E2	-9.173567767E-1
3.146197333E2	-9.558608769E-1
3.147957000E2	-9.118618800E-1
3.149556333E2	-9.253599154E-1
3.151315000E2	-9.418374469E-1
3.152916000E2	-9.474314855E-1
3.154516333E2	-9.069044725E-1
3.156276667E2	-9.342841691E-1
3.157877000E2	-9.734480711E-1
3.159635667E2	-9.669037572E-1
3.161235667E2	-9.383053853E-1
3.162836333E2	-9.566558554E-1
3.164596333E2	-9.442522496E-1
3.166197333E2	-9.245251538E-1
3.167956667E2	-9.449243530E-1
3.169556000E2	-9.113880567E-1
3.171157667E2	-9.294386838E-1
3.172915667E2	-9.090332400E-1
3.174515333E2	-8.912824507E-1
3.176275667E2	-9.155503874E-1
3.177875667E2	-9.345768290E-1
3.179475667E2	-9.031074262E-1
3.181236667E2	-1.163326587E0
3.182837000E2	-8.811602644E-1
3.184597000E2	-9.544879216E-1
3.186196000E2	-9.320758267E-1
3.187956333E2	-8.862600127E-1
3.189554667E2	-1.026823881E0
3.191156000E2	-8.743960623E-1
3.192916667E2	-9.088887152E-1
3.194516667E2	-9.646079375E-1
3.196275000E2	-9.434446219E-1
3.197875333E2	-9.429571389E-1
3.199475000E2	-9.476460909E-1
3.201236333E2	-9.318569186E-1
3.202836667E2	-8.814161785E-1
3.204596667E2	-9.486473525E-1
3.206196667E2	-9.066738160E-1
3.207796000E2	-8.504742586E-1
3.209555667E2	-9.433302806E-1
3.211155667E2	-9.168448995E-1
3.212915333E2	-9.022612690E-1
3.214516667E2	-9.321345552E-1
3.216275667E2	-9.544285521E-1
3.217875000E2	-9.459040837E-1
3.219475667E2	-9.225992211E-1
3.221236000E2	-1.028361919E0
3.222835000E2	-8.942581111E-1
3.224596000E2	-9.052233112E-1
3.226196000E2	-1.039130663E0
3.227796000E2	-9.901413429E-1
3.229555000E2	-9.818250797E-1
3.231156000E2	-9.219693292E-1
3.232915000E2	-9.067064238E-1
3.234516000E2	-9.222265555E-1
3.236115000E2	-8.194193532E-1
3.237875000E2	-1.004301053E0
3.239474667E2	-8.862208066E-1
3.241235000E2	-9.140924206E-1
3.242836000E2	-9.193087299E-1
3.244435667E2	-9.214862824E-1
3.246195000E2	-9.240054548E-1
3.247795000E2	-9.269034914E-1
3.249555000E2	-9.815025975E-1
3.251155000E2	-9.491489906E-1
3.252914667E2	-8.541025810E-1
3.254514333E2	-1.247905832E0
3.256117000E2	-9.826680311E-1
3.257875333E2	-8.670611406E-1
3.259474000E2	-9.381281958E-1
3.261233667E2	-8.992556566E-1
3.262836000E2	-8.954913696E-1
3.264435333E2	-9.392962054E-1
3.266194667E2	-9.344984649E-1
3.267795333E2	-9.037009709E-1
3.269554667E2	-9.386533741E-1
3.271154333E2	-9.359757609E-1
3.272755000E2	-9.181461544E-1
3.274514667E2	-9.313245036E-1
3.276115667E2	-9.425599237E-1
3.277875333E2	-9.125354965E-1
3.279474667E2	-9.463894840E-1
3.281074333E2	-9.355810795E-1
3.282833667E2	-8.920119584E-1
3.284434667E2	-9.348678822E-1
3.286194333E2	-9.019648530E-1
3.287795667E2	-9.230669695E-1
3.289553333E2	-9.155231915E-1
3.291154333E2	-9.094596426E-1
3.292757667E2	-9.337425071E-1
3.294514000E2	-9.113656130E-1
3.296115333E2	-9.421029094E-1
3.297874000E2	-9.338458997E-1
3.299475000E2	-9.427537105E-1
3.301075333E2	-9.240526344E-1
3.302835667E2	-1.015920933E0
3.304433667E2	-9.765766803E-1
3.306194667E2	-9.267612324E-1
3.307793333E2	-1.057965395E0
3.309394667E2	-9.253296203E-1
3.311154667E2	-9.105068821E-1
3.312754333E2	-9.847496260E-1
3.314513667E2	-9.166202342E-1
3.316114000E2	-9.264320626E-1
3.317874000E2	-8.973480669E-1
3.319474333E2	-9.046558506E-1
3.321074333E2	-9.073885258E-1
3.322834667E2	-8.712718093E-1
3.324434667E2	-9.219950525E-1
3.326192667E2	-9.086073878E-1
3.327794667E2	-9.370042492E-1
3.329394333E2	-9.127577687E-1
3.331153667E2	-9.550589627E-1
3.332755000E2	-8.950796625E-1
3.334514000E2	-9.547472081E-1
3.336115667E2	-9.500834838E-1
3.337714000E2	-9.547963109E-1
3.339474000E2	-9.366218345E-1
3.341074000E2	-9.330842885E-1
3.342833000E2	-9.349345683E-1
3.344434667E2	-9.282318625E-1
3.346034333E2	-9.452674886E-1
3.347793333E2	-9.766844981E-1
3.349394667E2	-8.558588634E-1
3.351154000E2	-9.147304186E-1
3.352754000E2	-1.046079872E0
3.354513000E2	-9.104540870E-1
3.356114000E2	-9.182387891E-1
3.357713667E2	-9.322703230E-1
3.359472667E2	-9.442340545E-1
3.361073000E2	-8.102906581E-1
3.362833000E2	-9.503110838E-1
3.364434333E2	-9.424827854E-1
3.366033333E2	-8.211682950E-1
3.367794000E2	-1.113327861E0
3.369392333E2	-9.952974547E-1
3.371153667E2	-8.382102321E-1
3.372754000E2	-9.947713207E-1
3.374354000E2	-9.001122827E-1
3.376114000E2	-9.803854689E-1
3.377713667E2	-9.050645374E-1
3.379472667E2	-9.333830090E-1
3.381073000E2	-1.000770621E0
3.382674667E2	-8.939009575E-1
3.384433000E2	-9.845284978E-1
3.386032667E2	-8.948659146E-1
3.387793667E2	-9.694635907E-1
3.389393000E2	-9.253611723E-1
3.391152000E2	-9.209438593E-1
3.392753667E2	-9.128872030E-1
3.394353333E2	-8.847128005E-1
3.396112333E2	-8.884268512E-1
3.397713667E2	-8.940333007E-1
3.399472333E2	-9.170302032E-1
3.401073667E2	-9.306935435E-1
3.402673333E2	-8.965370099E-1
3.404432000E2	-9.462035394E-1
3.406033000E2	-9.183745640E-1
3.407792333E2	-9.086783019E-1
3.409393333E2	-9.515379288E-1
3.410993667E2	-9.285245256E-1
3.412752333E2	-9.263885652E-1
3.414353667E2	-9.578239284E-1
3.416113000E2	-9.205613892E-1
3.417713667E2	-9.449613479E-1
3.419471000E2	-9.353446006E-1
3.421073000E2	-9.366523427E-1
3.422673667E2	-9.416880467E-1
3.424432333E2	-9.270082713E-1
3.426033333E2	-9.328493986E-1
3.427792333E2	-9.332343086E-1
3.429391333E2	-9.286804533E-1
3.430992000E2	-9.258672561E-1
3.432753000E2	-9.193979467E-1
3.434352000E2	-9.440824644E-1
3.436113000E2	-9.257634407E-1
3.437713667E2	-9.290904035E-1
3.439312667E2	-9.754903770E-1
3.441073000E2	-9.067930959E-1
3.442672667E2	-9.258269587E-1
3.444431667E2	-9.435758882E-1
3.446032333E2	-9.335586050E-1
3.447632333E2	-8.801220096E-1
3.449391667E2	-9.553174250E-1
3.450992667E2	-9.798104527E-1
3.452753000E2	-9.053873924E-1
3.454352000E2	-9.733142143E-1
3.456111000E2	-9.535330168E-1
3.457712667E2	-9.217629940E-1
3.459312000E2	-9.346542753E-1
3.461071667E2	-9.362975716E-1
3.462672667E2	-9.214134904E-1
3.464431667E2	-8.749367961E-1
3.466031000E2	-1.031546912E0
3.467631333E2	-9.243102702E-1
3.469392333E2	-9.260772197E-1
3.470992667E2	-9.222078576E-1
3.472750667E2	-9.186189064E-1
3.474351667E2	-9.107579956E-1
3.475952000E2	-9.278870024E-1
3.477711000E2	-9.255208899E-1
3.479312000E2	-9.283123207E-1
3.481072000E2	-9.411584133E-1
3.482671667E2	-9.075254621E-1
3.484271667E2	-9.115661664E-1
3.486032000E2	-9.218312251E-1
3.487632333E2	-9.159261279E-1
3.489390667E2	-9.395099958E-1
3.490992333E2	-9.605379775E-1
3.492750333E2	-9.189805885E-1
3.494351333E2	-9.371216303E-1
3.495952333E2	-9.482649629E-1
3.497711333E2	-9.334557532E-1
3.499311000E2	-9.345547527E-1
3.501071000E2	-9.365377860E-1
3.502672000E2	-9.297553924E-1
3.504272333E2	-9.148271284E-1
3.506032333E2	-9.218869962E-1
3.507631667E2	-9.314294757E-1
3.509392000E2	-8.845055583E-1
3.510991000E2	-9.493100638E-1
3.512592333E2	-9.730989792E-1
3.514351000E2	-8.888150789E-1
3.515951333E2	-9.809752753E-1
3.517710667E2	-9.094389410E-1
3.519311667E2	-9.410103423E-1
3.521070667E2	-9.173545303E-1
3.522671667E2	-9.491488385E-1
3.524272000E2	-9.118290545E-1
3.526031667E2	-9.378708909E-1
3.527631000E2	-9.312873646E-1
3.529390667E2	-9.191743784E-1
3.530991000E2	-9.449062559E-1
3.532591000E2	-9.421078384E-1
3.534351667E2	-9.092683430E-1
3.535951667E2	-8.964955470E-1
3.537710000E2	-1.013255029E0
3.539310333E2	-9.439966132E-1
3.540912000E2	-9.354505897E-1
3.542670667E2	-9.426857796E-1
3.544270333E2	-8.882107205E-1
3.546031333E2	-9.286906906E-1
3.547631667E2	-9.290795193E-1
3.549231333E2	-9.352777440E-1
3.550991667E2	-9.380120398E-1
3.552592000E2	-9.211137263E-1
3.554349333E2	-9.513657927E-1
3.555951000E2	-8.789113007E-1
3.557710000E2	-1.044890572E0
3.559310000E2	-9.609801234E-1
3.560911333E2	-9.458508549E-1
3.562671333E2	-9.257700270E-1
3.564270000E2	-9.362465534E-1
3.566030000E2	-8.922814331E-1
3.567631000E2	-9.426096678E-1
3.569230000E2	-9.396192719E-1
3.570989667E2	-9.328158016E-1
3.572590667E2	-9.516446886E-1
3.574350000E2	-8.910879745E-1
3.575949667E2	-9.121784484E-1
3.577552333E2	-9.081497415E-1
3.579310667E2	-9.169246197E-1
3.580911000E2	-9.106373312E-1
3.582672000E2	-9.268264936E-1
3.584270000E2	-9.923804286E-1
3.585870000E2	-9.381353530E-1
3.587629000E2	-9.453228392E-1
3.589229667E2	-9.479142000E-1
3.590991000E2	-9.266344475E-1
3.592590000E2	-9.400137302E-1
3.594349333E2	-9.163877855E-1
3.595950667E2	-9.080799126E-1
3.597549667E2	-9.291976878E-1
3.599310000E2	-9.368308026E-1
3.600909333E2	-9.084180836E-1
3.602670333E2	-9.249814534E-1
3.604270000E2	-9.334281476E-1
3.605871000E2	-9.324994749E-1
3.607630000E2	-9.313771799E-1
3.609229667E2	-9.907155786E-1
3.610989333E2	-9.612430683E-1
3.612589333E2	-9.336567871E-1
3.614189667E2	-9.686534992E-1
3.615950000E2	-8.201840035E-1
3.617550667E2	-9.239800991E-1
3.619310333E2	-9.086288632E-1
3.620909667E2	-9.404747075E-1
3.622668667E2	-8.006939557E-1
3.624269667E2	-1.042246677E0
3.625870000E2	-9.181243808E-1
3.627630333E2	-9.399917120E-1
3.629229333E2	-9.355500544E-1
3.630988333E2	-9.343304108E-1
3.632592000E2	-9.572988272E-1
3.634190000E2	-9.156172873E-1
3.635949667E2	-9.262468208E-1
3.637550333E2	-9.293922015E-1
3.639309000E2	-9.262616508E-1
3.640910333E2	-9.244233939E-1
3.642509667E2	-9.335447221E-1
3.644268333E2	-9.475017906E-1
3.645869000E2	-9.361171656E-1
3.647629667E2	-9.319054461E-1
