mass_A
t	x
0.000000000E0	1.857764877E0
1.761000000E-1	1.866447782E0
3.361000000E-1	1.850730986E0
5.118666667E-1	1.831810868E0
6.719666667E-1	1.823058491E0
8.319333333E-1	1.840601402E0
1.007933333E0	1.834792079E0
1.168000000E0	1.834369924E0
1.343933333E0	1.844410282E0
1.504033333E0	1.828537288E0
1.663966667E0	1.842314678E0
1.839933333E0	1.834243740E0
1.999966667E0	1.852379166E0
2.176033333E0	1.834777328E0
2.335966667E0	1.840950347E0
2.511966667E0	1.833464517E0
2.671933333E0	1.824617447E0
2.831966667E0	1.835108260E0
3.007966667E0	1.827964337E0
3.168033333E0	1.840393141E0
3.343866667E0	1.837003691E0
3.503900000E0	1.860742204E0
3.663933333E0	1.842730812E0
3.839833333E0	1.797032714E0
3.999933333E0	1.809162255E0
4.175966667E0	1.921738732E0
4.335933333E0	1.812579340E0
4.495933333E0	1.786248063E0
4.671866667E0	1.891697439E0
4.831966667E0	1.792055033E0
5.007933333E0	1.863163737E0
5.168000000E0	1.827228029E0
5.343800000E0	1.904763161E0
5.503833333E0	1.864902702E0
5.663933333E0	1.765081560E0
5.839966667E0	2.477097859E0
5.999866667E0	1.051889555E0
6.175900000E0	1.818686592E0
6.335933333E0	1.848566952E0
6.496133333E0	1.767301231E0
6.671800000E0	1.822429129E0
6.832000000E0	1.823968309E0
7.007800000E0	1.848243636E0
7.167866667E0	1.225713036E0
7.328033333E0	2.138262933E0
7.503866667E0	1.869275546E0
7.663900000E0	1.877812531E0
7.839833333E0	1.831308176E0
7.999800000E0	1.958434859E0
8.160033333E0	1.746366604E0
8.335866667E0	1.854760270E0
8.495866667E0	1.850512767E0
8.671966667E0	1.815948854E0
8.831833333E0	1.348845487E0
9.007900000E0	1.641111513E0
9.167966667E0	1.906352187E0
9.327866667E0	1.591687008E0
9.503800000E0	1.898607826E0
9.663933333E0	1.648032203E0
9.839900000E0	1.916944944E0
9.999833333E0	1.879683757E0
1.015993333E1	1.623787717E0
1.033583333E1	2.025907293E0
1.049583333E1	1.627272975E0
1.067183333E1	1.782928150E0
1.083190000E1	2.032839269E0
1.099196667E1	1.137475193E0
1.116780000E1	1.577108943E0
1.132793333E1	1.824805834E0
1.150373333E1	1.678157645E0
1.166390000E1	1.700755659E0
1.182386667E1	1.928597681E0
1.199983333E1	1.201591153E0
1.215996667E1	2.520302201E0
1.233576667E1	1.700513538E0
1.249580000E1	1.930379322E0
1.267176667E1	2.020237533E0
1.283186667E1	1.918116693E0
1.299186667E1	1.742274175E0
1.316796667E1	1.911192691E0
1.332793333E1	1.922314139E0
1.350373333E1	1.815421308E0
1.366373333E1	1.850801763E0
1.382376667E1	1.891785178E0
1.399973333E1	1.854210491E0
1.415993333E1	1.823897512E0
1.433570000E1	2.016569130E0
1.449573333E1	2.545731139E0
1.465573333E1	1.054497581E0
1.483173333E1	1.933602968E0
1.499173333E1	1.877791953E0
1.516766667E1	2.057293252E0
1.532770000E1	1.733974518E0
1.550363333E1	2.008313768E0
1.566370000E1	1.828020453E0
1.582376667E1	1.513960978E0
1.599970000E1	2.180995972E0
1.615980000E1	1.805236310E0
1.633576667E1	1.713487782E0
1.649573333E1	1.786930203E0
1.665590000E1	1.789638560E0
1.683176667E1	2.784834155E0
1.699176667E1	7.847499681E-1
1.716770000E1	2.620875209E0
1.732783333E1	2.091638057E0
1.748766667E1	1.417686260E0
1.766383333E1	1.809104266E0
1.782380000E1	2.533077936E0
1.799980000E1	1.130094291E0
1.815966667E1	1.526788138E0
1.831980000E1	2.033208452E0
1.849563333E1	1.847507693E0
1.865573333E1	1.759564811E0
1.883176667E1	1.955441403E0
1.899166667E1	2.020761227E0
1.916766667E1	1.954592969E0
1.932766667E1	9.847760492E-1
1.948766667E1	2.710450550E0
1.966380000E1	1.953864727E0
1.982380000E1	1.612251850E0
1.999976667E1	1.875981212E0
2.015966667E1	2.214470015E0
2.031983333E1	9.721566151E-1
2.049566667E1	9.682786787E-1
2.065583333E1	1.948789996E0
2.083166667E1	1.902614511E0
2.099176667E1	1.876481357E0
2.115180000E1	2.101418772E0
2.132770000E1	1.422477148E0
2.148766667E1	2.211202069E0
2.166376667E1	1.453517359E0
2.182360000E1	2.198533804E0
2.198366667E1	2.018748142E0
2.215966667E1	1.452768544E0
2.231976667E1	1.534524745E0
2.249563333E1	2.562552216E0
2.265560000E1	9.952491245E-1
2.283173333E1	1.551551253E0
2.299176667E1	2.302170320E0
2.315176667E1	1.888715381E0
2.332763333E1	1.227469308E0
2.348763333E1	2.663664202E0
2.366356667E1	1.363436862E0
2.382356667E1	1.988822531E0
2.398376667E1	1.293216057E0
2.415970000E1	2.092474770E0
2.431976667E1	2.761000322E0
2.449580000E1	7.561822589E-2
2.465563333E1	1.829967993E0
2.481563333E1	2.276542373E0
2.499173333E1	1.040729549E0
2.515180000E1	1.608972161E0
2.532753333E1	1.956076924E0
2.548756667E1	1.783074447E0
2.566363333E1	1.521243066E0
2.582376667E1	2.202609549E0
2.598366667E1	1.791383489E0
2.615953333E1	1.087041556E0
2.631963333E1	1.975986209E0
2.649550000E1	2.405219340E0
2.665553333E1	2.247768265E0
2.681560000E1	6.790022593E-1
2.699156667E1	2.910852043E0
2.715170000E1	1.901684552E0
2.732763333E1	1.826006600E0
2.748780000E1	1.873490700E0
2.764773333E1	1.870677216E0
2.782370000E1	2.098557506E0
2.798360000E1	1.524251415E0
2.815960000E1	1.198943680E0
2.831970000E1	1.991601772E0
2.847970000E1	1.172848588E0
2.865560000E1	1.871840892E0
2.881570000E1	1.851915301E0
2.899163333E1	1.932432587E0
2.915150000E1	2.038779459E0
2.932753333E1	2.013255295E0
2.948756667E1	1.661450647E0
2.964760000E1	1.833512263E0
2.982360000E1	1.995401616E0
2.998370000E1	1.476812409E0
3.015946667E1	1.655125353E0
3.031950000E1	2.417089049E0
3.047970000E1	1.197707584E0
3.065553333E1	1.835824110E0
3.081550000E1	2.806698828E0
3.099153333E1	6.842839321E-1
3.115150000E1	2.563524904E0
3.131166667E1	1.697496448E0
3.148746667E1	2.044481549E0
3.164763333E1	2.115616977E0
3.182363333E1	2.144541809E0
3.198356667E1	7.622432489E-1
3.214366667E1	2.177292505E0
3.231950000E1	2.109765700E0
3.247953333E1	7.784016111E-1
3.265553333E1	2.020341198E0
3.281566667E1	2.482164654E0
3.299143333E1	9.585373987E-1
3.315146667E1	1.840791560E0
3.331160000E1	2.043947251E0
3.348773333E1	1.450503693E0
3.364753333E1	2.422427438E0
3.382346667E1	1.429536201E0
3.398360000E1	2.572088422E0
3.414360000E1	2.069487521E0
3.431956667E1	1.531585656E0
3.447946667E1	1.375684568E0
3.465543333E1	1.802330183E0
3.481543333E1	1.485416130E0
3.497553333E1	1.601112187E0
3.515143333E1	1.945014144E0
3.531146667E1	1.071466296E0
3.548740000E1	1.651456690E0
3.564746667E1	1.885309864E0
3.582336667E1	1.551208009E0
3.598340000E1	2.012608296E0
3.614340000E1	2.868138983E0
3.631936667E1	8.818663160E-1
3.647936667E1	2.124855491E0
3.665536667E1	2.561069937E0
3.681540000E1	2.463296107E0
3.697543333E1	1.094220099E0
3.715140000E1	1.731247705E0
3.731143333E1	1.999703697E0
3.748750000E1	1.853064480E0
3.764750000E1	1.824773869E0
3.780753333E1	1.865848670E0
3.798346667E1	1.808803283E0
3.814346667E1	1.792301878E0
3.831950000E1	2.024032491E0
3.847940000E1	1.921804830E0
3.863956667E1	1.966556289E0
3.881540000E1	1.774605735E0
3.897556667E1	2.537205098E0
3.915136667E1	1.908758689E0
3.931140000E1	1.710129545E0
3.948746667E1	1.897695748E0
3.964746667E1	1.773318342E0
3.980756667E1	1.809043881E0
3.998343333E1	1.975660691E0
4.014336667E1	1.729787017E0
4.031933333E1	2.058381834E0
4.047953333E1	1.807167438E0
4.063953333E1	1.552734062E0
4.081546667E1	2.144229795E0
4.097553333E1	1.823476034E0
4.115150000E1	1.835039923E0
4.131136667E1	1.859479463E0
4.147136667E1	2.038725706E0
4.164740000E1	1.996642756E0
4.180743333E1	1.836091284E0
4.198346667E1	3.022449957E0
4.214350000E1	3.298487204E-3
4.230346667E1	1.839728791E0
4.247940000E1	2.895747511E0
4.263950000E1	1.326556550E0
4.281536667E1	9.634655323E-1
4.297546667E1	1.945785627E0
4.315133333E1	1.071671781E0
4.331146667E1	1.415069853E0
4.347166667E1	2.162417930E0
4.364726667E1	1.185420585E0
4.380736667E1	1.898671821E0
4.398343333E1	1.728472387E0
4.414330000E1	1.909174857E0
4.430330000E1	1.827098523E0
4.447940000E1	2.551727316E0
4.463933333E1	6.742159644E-1
4.481540000E1	1.088808353E0
4.497546667E1	3.709567620E0
4.513546667E1	7.086205904E-1
4.531130000E1	1.961899431E0
4.547146667E1	2.418303125E0
4.564750000E1	1.656600061E0
4.580740000E1	1.924648997E0
4.598340000E1	1.916164832E0
4.614333333E1	1.859607356E0
4.630330000E1	1.241818107E0
4.647940000E1	1.803645543E0
4.663943333E1	1.597826257E0
4.681520000E1	1.936629837E0
4.697536667E1	1.973228211E0
4.713540000E1	2.128326274E0
4.731126667E1	6.775922977E-1
4.747140000E1	2.031226699E0
4.764730000E1	2.129590355E0
4.780740000E1	1.804342111E0
4.796730000E1	1.669220715E0
4.814333333E1	1.085907543E0
4.830340000E1	1.787173377E0
4.847936667E1	1.789478440E0
4.863940000E1	1.736714682E0
4.879933333E1	1.826138992E0
4.897540000E1	1.568167296E0
4.913533333E1	2.118092149E0
4.931136667E1	1.499825306E0
4.947136667E1	2.496086324E0
4.964730000E1	1.913687818E0
4.980726667E1	1.852269209E0
4.996740000E1	1.765865513E0
5.014320000E1	1.892870639E0
5.030343333E1	1.823248975E0
5.047933333E1	1.886092594E0
5.063936667E1	1.975719086E0
5.079936667E1	3.894395290E-1
5.097536667E1	2.613332915E0
5.113536667E1	2.149914214E0
5.131126667E1	1.330942555E0
5.147123333E1	1.985658737E0
5.163120000E1	1.909027674E0
5.180726667E1	2.918811086E0
5.196726667E1	7.514753168E-1
5.214333333E1	2.726758020E0
5.230336667E1	2.620064215E0
5.246340000E1	1.613124890E0
5.263933333E1	1.917426181E0
5.279936667E1	1.792679832E0
5.297516667E1	1.889109907E0
5.313546667E1	1.920289485E0
5.331116667E1	1.347654438E0
5.347116667E1	8.402939591E-1
5.363133333E1	2.292337549E0
5.380730000E1	1.819176102E0
5.396733333E1	1.524775818E0
5.414320000E1	2.008523224E0
5.430326667E1	1.820798820E0
5.446330000E1	1.842263785E0
5.463923333E1	2.000907604E0
5.479916667E1	2.154798503E0
5.497520000E1	9.809993553E-1
5.513533333E1	1.752121480E0
5.529526667E1	2.571059902E0
5.547123333E1	8.966782632E-1
5.563116667E1	2.741970604E0
5.580713333E1	1.767501129E0
5.596716667E1	1.083428788E0
5.614323333E1	1.644992165E0
5.630333333E1	1.893793895E0
5.646330000E1	1.829431747E0
5.663916667E1	1.607811124E0
5.679916667E1	1.835355282E0
5.697506667E1	2.043257276E0
5.713526667E1	1.954535686E0
5.729516667E1	1.967561829E0
5.747110000E1	1.791708093E0
5.763113333E1	1.848116629E0
5.780710000E1	1.130915611E0
5.796710000E1	2.318247039E0
5.812710000E1	1.843457429E0
5.830310000E1	1.783670396E0
5.846313333E1	2.765506395E0
5.863910000E1	1.767080068E0
5.879910000E1	1.705852651E0
5.895926667E1	1.234025720E0
5.913516667E1	2.104841368E0
5.929540000E1	1.983536930E0
5.947123333E1	3.355717904E-1
5.963116667E1	2.761690207E0
5.980720000E1	2.085961550E0
5.996723333E1	9.113204856E-1
6.012706667E1	1.830372298E0
6.030310000E1	2.058313889E0
6.046316667E1	1.908848805E0
6.063910000E1	1.471079966E0
6.079920000E1	3.037326474E0
6.095923333E1	1.528845400E0
6.113506667E1	1.666744231E0
6.129523333E1	1.960355410E0
6.147123333E1	1.886402113E0
6.163113333E1	1.813401245E0
6.179120000E1	1.027422366E0
6.196720000E1	2.178614724E0
6.212716667E1	1.048401401E0
6.230310000E1	1.204380246E0
6.246316667E1	2.975246211E0
6.262323333E1	1.129821435E0
6.279916667E1	1.808305724E0
6.295910000E1	1.895508179E0
6.313520000E1	1.986671247E0
6.329503333E1	1.861626415E0
6.347103333E1	1.858601738E0
6.363113333E1	1.873793868E0
6.379120000E1	1.427569922E0
6.396713333E1	2.089010260E0
6.412713333E1	1.130606009E0
6.430303333E1	8.457465743E-1
6.446310000E1	1.935253562E0
6.462326667E1	1.771993440E0
6.479900000E1	2.168177222E0
6.495903333E1	2.034898760E0
6.513516667E1	1.746800868E0
6.529530000E1	2.099008505E0
6.545506667E1	1.247174808E0
6.563116667E1	1.901201370E0
6.579103333E1	2.117399963E0
6.596716667E1	1.961362879E0
6.612706667E1	2.112403818E0
6.630303333E1	9.764250228E-1
6.646316667E1	2.868567946E0
6.662306667E1	2.125982232E0
6.679910000E1	1.395190357E0
6.695906667E1	1.685701804E0
6.713503333E1	1.436388060E0
6.729513333E1	2.712422996E0
6.745516667E1	1.212549502E0
6.763100000E1	1.846901191E0
6.779110000E1	1.910681354E0
6.796710000E1	1.597869555E0
6.812706667E1	1.012301712E0
6.828713333E1	2.028162584E0
6.846310000E1	1.887820019E0
6.862306667E1	1.748753327E0
6.879903333E1	1.766757592E0
6.895910000E1	2.917871170E0
6.911896667E1	8.236671567E-1
6.929496667E1	1.734764726E0
6.945516667E1	2.973989188E0
6.963113333E1	1.470757964E0
6.979106667E1	1.859400412E0
6.996696667E1	1.721886208E0
7.012710000E1	2.141702558E0
7.028713333E1	1.608907379E0
7.046310000E1	8.860259912E-1
7.062303333E1	2.704784545E0
7.079896667E1	9.894607849E-1
7.095896667E1	1.907374378E0
7.111910000E1	1.883925284E0
7.129503333E1	1.860422212E0
7.145503333E1	1.836530986E0
7.163090000E1	1.861848658E0
7.179100000E1	1.978680219E0
7.195096667E1	1.788430400E0
7.212700000E1	1.632623843E0
7.228703333E1	1.855825372E0
7.246303333E1	1.719048694E0
7.262303333E1	2.123043816E0
7.278310000E1	1.794031114E0
7.295906667E1	7.986133904E-1
7.311900000E1	1.861561197E0
7.329503333E1	1.945588253E0
7.345506667E1	1.013546344E0
7.363093333E1	2.270176598E0
7.379106667E1	1.797310147E0
7.395103333E1	1.792352322E0
7.412683333E1	1.770640642E0
7.428690000E1	1.683540913E0
7.446283333E1	1.968129222E0
7.462300000E1	2.312356683E0
7.478303333E1	1.703510114E0
7.495896667E1	1.996909013E0
7.511903333E1	1.089390393E0
7.529496667E1	2.914926684E0
7.545503333E1	2.655204711E0
7.561506667E1	1.589351252E0
7.579103333E1	1.871080003E0
7.595103333E1	1.921511320E0
7.612700000E1	1.912908642E0
7.628686667E1	1.502170129E0
7.646283333E1	2.065941060E0
7.662300000E1	1.867857967E0
7.678290000E1	1.713239772E0
7.695896667E1	2.487994322E0
7.711893333E1	9.689297407E-1
7.729483333E1	9.001514914E-1
7.745486667E1	2.937253837E0
7.761503333E1	2.053295212E0
7.779086667E1	2.073366940E0
7.795086667E1	1.755766111E0
7.812680000E1	2.550575128E0
7.828690000E1	1.646304729E0
7.844683333E1	1.757718103E0
7.862283333E1	2.508034420E0
7.878293333E1	2.292598981E0
7.895893333E1	1.192902528E0
7.911896667E1	2.090416728E0
7.927900000E1	1.808104359E0
7.945496667E1	1.052825614E0
7.961483333E1	2.032448144E0
7.979093333E1	1.382228340E0
7.995090000E1	1.927119045E0
8.012690000E1	1.625982965E0
8.028686667E1	1.481593220E0
8.044696667E1	1.932992118E0
8.062283333E1	1.930862366E0
8.078283333E1	1.942337621E0
8.095873333E1	2.664109185E0
8.111880000E1	6.411849076E-1
8.127886667E1	2.764603897E0
8.145486667E1	2.715070158E0
8.161493333E1	1.845728592E0
8.179076667E1	1.842395284E0
8.195076667E1	2.086592055E0
8.211083333E1	2.881033350E0
8.228676667E1	6.849550751E-1
8.244680000E1	1.927198974E0
8.262273333E1	2.000630743E0
8.278276667E1	1.997584096E0
8.294283333E1	2.012078243E0
8.311893333E1	1.431466311E0
8.327893333E1	1.008723710E0
8.345473333E1	2.181623093E0
8.361486667E1	1.168969881E0
8.379070000E1	2.053307747E0
8.395076667E1	2.116624582E0
8.411083333E1	1.764202977E0
8.428690000E1	1.997862037E0
8.444690000E1	1.930131079E0
8.462276667E1	2.693115168E0
8.478273333E1	2.007036503E0
8.494293333E1	2.001534624E0
8.511880000E1	1.859249791E0
8.527890000E1	1.912847354E0
8.545473333E1	1.884551136E0
8.561490000E1	2.030403089E0
8.577480000E1	1.779803467E0
8.595073333E1	1.601265112E0
8.611080000E1	1.681827476E0
8.628666667E1	1.699400705E0
8.644690000E1	1.591333468E0
8.662283333E1	1.752087033E0
8.678286667E1	2.646279247E0
8.694290000E1	9.145993475E-1
8.711870000E1	1.300872754E0
8.727880000E1	2.222722360E0
8.745473333E1	1.767081726E0
8.761486667E1	1.905346916E0
8.777486667E1	1.889706485E0
8.795083333E1	3.008813902E0
8.811080000E1	1.643655663E0
8.828663333E1	1.977446715E0
8.844693333E1	1.921929865E0
8.860670000E1	2.154858615E0
8.878273333E1	2.698729155E0
8.894283333E1	1.767860984E0
8.911880000E1	2.022851850E0
8.927880000E1	1.868462893E0
8.943876667E1	1.843257273E0
8.961483333E1	1.746311750E0
8.977466667E1	1.694183868E0
8.995066667E1	1.495770053E0
9.011080000E1	1.812607781E0
9.028676667E1	1.651340616E0
9.044666667E1	1.514373312E0
9.060673333E1	1.780192872E0
9.078270000E1	2.375398708E0
9.094270000E1	1.917698529E0
9.111873333E1	1.875682346E0
9.127893333E1	1.804039241E0
9.143870000E1	1.998580372E0
9.161473333E1	2.166918955E0
9.177483333E1	1.998060634E0
9.195066667E1	1.536048706E0
9.211063333E1	1.781427208E0
9.227080000E1	1.964041324E0
9.244663333E1	1.567937858E0
9.260666667E1	2.053319940E0
9.278280000E1	1.870352798E0
9.294273333E1	1.017092172E0
9.310280000E1	1.850784697E0
9.327863333E1	1.672603874E0
9.343876667E1	1.930907671E0
9.361460000E1	1.271919834E0
9.377466667E1	1.607234075E0
9.395056667E1	2.026182519E0
9.411076667E1	1.341272466E0
9.427080000E1	2.192023130E0
9.444673333E1	1.758073390E0
9.460670000E1	1.474278645E0
9.478253333E1	2.904158608E0
9.494260000E1	1.911363993E0
9.510266667E1	1.844981102E0
9.527873333E1	1.878331253E0
9.543873333E1	2.507243080E0
9.561473333E1	1.449062647E0
9.577456667E1	1.926422443E0
9.593476667E1	2.692345428E0
9.611066667E1	2.093203098E0
9.627073333E1	1.736773357E0
9.644673333E1	1.537960752E0
9.660663333E1	1.500677643E0
9.678263333E1	1.628786652E0
9.694263333E1	1.988843369E0
9.710263333E1	1.173056024E0
9.727870000E1	9.186484810E-1
9.743873333E1	1.585511136E0
9.761460000E1	2.175255199E0
9.777470000E1	1.901239734E0
9.793460000E1	1.936388754E0
9.811060000E1	1.837030207E0
9.827073333E1	2.517678923E0
9.844653333E1	2.040121665E0
9.860666667E1	1.992232228E0
9.876663333E1	1.921562197E0
9.894266667E1	2.011093614E0
9.910263333E1	2.166380421E0
9.927850000E1	1.584495946E0
9.943856667E1	1.750650111E0
9.959860000E1	1.701509864E0
9.977456667E1	1.811177133E0
9.993460000E1	1.986170646E0
1.001104667E2	1.914511134E0
1.002706000E2	1.789216796E0
1.004466333E2	1.856209709E0
1.006065667E2	8.983634853E-1
1.007665667E2	1.752943754E0
1.009425667E2	2.275458332E0
1.011027000E2	1.023925315E0
1.012785333E2	1.798071655E0
1.014386000E2	1.812129249E0
1.015987000E2	1.812932589E0
1.017746667E2	1.830007253E0
1.019345333E2	1.878598499E0
1.021106333E2	1.925329385E0
1.022704667E2	1.808588964E0
1.024306667E2	2.333162606E0
1.026065667E2	1.934753387E0
1.027664667E2	1.763716191E0
1.029426000E2	2.739484815E0
1.031026333E2	1.808155345E0
1.032785667E2	1.868959127E0
1.034384333E2	1.954382658E0
1.035985667E2	2.032681877E0
1.037744667E2	1.778642560E0
1.039346333E2	1.328918220E0
1.041105667E2	1.682015226E0
1.042705667E2	1.448459929E0
1.044305667E2	1.660730599E0
1.046065333E2	1.169319198E0
1.047666333E2	1.009684509E0
1.049425667E2	2.026057277E0
1.051025333E2	1.762025765E0
1.052626333E2	1.961134521E0
1.054385333E2	1.837236248E0
1.055985000E2	1.530049268E0
1.057746000E2	2.182859729E0
1.059345000E2	1.371362171E0
1.060945333E2	2.082329973E0
1.062704333E2	2.130846837E0
1.064304667E2	2.072504156E0
1.066066000E2	1.922419771E0
1.067665000E2	2.175139041E0
1.069424667E2	1.903398788E0
1.071025667E2	1.853666907E0
1.072626000E2	2.436645685E0
1.074385333E2	1.358396204E0
1.075984000E2	1.674222835E0
1.077743667E2	1.958819860E0
1.079344667E2	1.140787259E0
1.080945333E2	2.053169651E0
1.082705000E2	1.188374308E0
1.084304333E2	1.274167594E0
1.086065000E2	1.160695389E0
1.087665333E2	1.473881584E0
1.089264000E2	1.966655300E0
1.091025333E2	2.222451278E0
1.092624667E2	1.750643717E0
1.094385333E2	2.523298192E0
1.095985000E2	1.639875348E0
1.097586000E2	1.730033263E0
1.099345667E2	1.765105903E0
1.100944667E2	1.896932572E0
1.102703667E2	3.098699196E0
1.104305000E2	1.520123252E0
1.106063000E2	2.491146078E0
1.107664000E2	1.896479237E0
1.109263667E2	1.825451011E0
1.111023333E2	2.595257616E0
1.112625000E2	1.568682800E0
1.114383667E2	1.889001339E0
1.115984333E2	1.758964912E0
1.117584667E2	1.785954315E0
1.119345333E2	1.597961382E0
1.120945000E2	1.760693932E0
1.122704000E2	1.747485501E0
1.124305000E2	1.645864716E0
1.125905333E2	1.818604728E0
1.127664333E2	1.819205503E0
1.129265333E2	1.682132767E0
1.131025000E2	2.507315074E0
1.132623667E2	2.620178157E0
1.134384333E2	1.981163526E0
1.135985000E2	1.806411617E0
1.137585000E2	1.778010025E0
1.139344667E2	1.837437439E0
1.140945000E2	1.953793140E0
1.142703000E2	1.941714585E0
1.144302667E2	2.137502495E0
1.145903000E2	2.158079297E0
1.147663000E2	1.794942201E0
1.149264667E2	2.141100377E0
1.151023667E2	1.845455424E0
1.152624000E2	1.856194120E0
1.154223667E2	1.916486753E0
1.155983000E2	1.700849104E0
1.157583667E2	1.673567372E0
1.159344667E2	1.367681519E0
1.160944667E2	1.634020183E0
1.162544000E2	1.396050465E0
1.164304333E2	1.985181365E0
1.165903333E2	1.927483633E0
1.167664333E2	1.762957533E0
1.169263000E2	1.823533988E0
1.171022667E2	1.970723388E0
1.172624667E2	1.843843164E0
1.174224333E2	1.869110499E0
1.175982667E2	1.971134582E0
1.177583000E2	1.900290573E0
1.179344000E2	1.723047635E0
1.180943333E2	1.924585674E0
1.182544333E2	2.465141197E0
1.184304000E2	1.798584491E0
1.185904000E2	1.954267304E0
1.187663000E2	1.331774553E0
1.189264333E2	1.540836180E0
1.190864333E2	2.030867476E0
1.192624000E2	1.765263352E0
1.194224333E2	1.914607455E0
1.195984000E2	1.652131959E0
1.197582333E2	1.724879399E0
1.199184000E2	1.865249447E0
1.200943333E2	1.743806245E0
1.202543333E2	1.901486445E0
1.204303000E2	1.913174983E0
1.205903000E2	1.862513331E0
1.207661667E2	1.771473606E0
1.209262333E2	1.753127795E0
1.210864000E2	1.694901113E0
1.212623000E2	1.837246122E0
1.214223667E2	1.949458279E0
1.215983333E2	1.849901729E0
1.217583667E2	1.911931856E0
1.219182000E2	1.895557584E0
1.220942333E2	1.870429902E0
1.222542667E2	1.907032212E0
1.224302667E2	1.952969007E0
1.225902667E2	1.799624015E0
1.227502000E2	1.851075638E0
1.229261667E2	1.756971613E0
1.230863667E2	1.622657371E0
1.232623333E2	1.665884507E0
1.234222667E2	1.740811486E0
1.235983000E2	1.854671905E0
1.237583333E2	1.853627035E0
1.239183667E2	1.974799371E0
1.240942333E2	1.895513674E0
1.242542333E2	2.039723673E0
1.244302667E2	1.942279386E0
1.245904000E2	2.010366357E0
1.247502333E2	1.991920114E0
1.249261667E2	1.913834394E0
1.250862000E2	2.017301710E0
1.252620667E2	1.847291637E0
1.254221667E2	1.911388551E0
1.255822667E2	1.926245848E0
1.257582000E2	1.960443122E0
1.259182000E2	1.882988722E0
1.260942333E2	1.831932170E0
1.262542000E2	1.639921487E0
1.264143333E2	1.800551519E0
1.265901667E2	1.452555236E0
1.267501667E2	1.640349891E0
1.269263000E2	1.779573814E0
1.270862667E2	1.678573601E0
1.272621333E2	1.924634954E0
1.274223333E2	1.945010540E0
1.275822667E2	1.980430139E0
1.277581667E2	1.961048872E0
1.279182000E2	1.941672191E0
1.280942333E2	1.951003382E0
1.282542000E2	1.901203280E0
1.284141667E2	1.993887264E0
1.285902000E2	1.890354202E0
1.287501000E2	1.989863665E0
1.289260667E2	1.962393804E0
1.290862333E2	1.978498671E0
1.292463000E2	1.880310657E0
1.294221333E2	2.062475589E0
1.295821667E2	1.921222492E0
1.297580667E2	1.954716818E0
1.299182667E2	1.798141446E0
1.300782000E2	1.753713659E0
1.302541000E2	1.773615173E0
1.304143333E2	1.829623415E0
1.305900667E2	1.791903915E0
1.307501667E2	1.800209991E0
1.309260667E2	1.822649940E0
1.310862333E2	1.850215365E0
1.312461333E2	1.845052480E0
1.314220667E2	1.889143125E0
1.315824333E2	1.905931619E0
1.317581333E2	1.843872987E0
1.319180667E2	1.839645577E0
1.320782333E2	1.986052224E0
1.322541000E2	1.815818706E0
1.324142333E2	1.916545732E0
1.325902000E2	2.065563892E0
1.327500667E2	1.918195999E0
1.329102333E2	1.938451269E0
1.330861333E2	1.900335704E0
1.332462000E2	1.842334390E0
1.334221333E2	1.911945059E0
1.335821333E2	1.881092229E0
1.337581333E2	1.967855612E0
1.339181000E2	1.881449605E0
1.340781000E2	1.873736863E0
1.342540667E2	1.854806820E0
1.344142000E2	1.813678935E0
1.345901667E2	2.144561506E0
1.347501333E2	1.909060612E0
1.349100667E2	1.748018828E0
1.350861667E2	1.805866122E0
1.352461000E2	1.789789919E0
1.354221000E2	1.902092204E0
1.355820333E2	1.906023758E0
1.357420000E2	1.833062676E0
1.359180333E2	1.896364555E0
1.360780333E2	1.803078736E0
1.362541333E2	1.781432989E0
1.364141667E2	2.281131511E0
1.365740000E2	1.910358732E0
1.367501667E2	1.973575804E0
1.369102000E2	1.899894914E0
1.370860000E2	1.875168020E0
1.372460667E2	1.854936314E0
1.374219667E2	1.889211209E0
1.375820000E2	1.898842445E0
1.377421333E2	1.832235216E0
1.379180667E2	1.837244923E0
1.380780667E2	1.950902924E0
1.382540000E2	1.850070068E0
1.384140667E2	1.475733372E0
1.385739667E2	1.919555662E0
1.387500333E2	1.686068456E0
1.389101333E2	1.891223972E0
1.390860000E2	1.867336315E0
1.392460000E2	1.965414585E0
1.394061667E2	1.898777204E0
1.395821000E2	1.994762561E0
1.397421333E2	2.156485903E0
1.399181667E2	1.984775571E0
1.400779667E2	1.991584729E0
1.402381667E2	1.933023577E0
1.404141000E2	1.962066938E0
1.405741000E2	1.933742928E0
1.407499333E2	1.989439568E0
1.409101000E2	1.941347333E0
1.410860667E2	1.935175847E0
1.412461000E2	1.937065364E0
1.414060000E2	1.872868482E0
1.415821667E2	1.860707805E0
1.417421667E2	1.925800738E0
1.419180333E2	1.901637682E0
1.420780333E2	1.922021854E0
1.422380667E2	1.867123455E0
1.424140667E2	1.888717505E0
1.425739000E2	1.861121619E0
1.427499000E2	1.849872494E0
1.429099333E2	1.833455364E0
1.430702667E2	1.897966737E0
1.432459667E2	1.901508084E0
1.434060333E2	1.876352292E0
1.435819333E2	1.881385093E0
1.437420333E2	1.861113200E0
1.439180000E2	1.769626689E0
1.440779667E2	1.818956343E0
1.442380000E2	1.863237528E0
1.444140667E2	1.871296042E0
1.445740333E2	1.919339417E0
1.447499333E2	2.136778998E0
1.449099667E2	1.839736225E0
1.450700333E2	1.880561446E0
1.452460333E2	1.895757977E0
1.454060667E2	1.861171839E0
1.455818667E2	1.858573906E0
1.457419000E2	1.923460092E0
1.459020333E2	1.880333851E0
1.460780000E2	1.864138394E0
1.462379333E2	1.953966941E0
1.464139667E2	1.883822974E0
1.465740333E2	1.905030189E0
1.467339667E2	1.940016452E0
1.469099333E2	1.885242539E0
1.470700000E2	1.863380395E0
1.472460000E2	1.958923612E0
1.474062000E2	1.822765315E0
1.475819667E2	1.801480005E0
1.477420000E2	1.899569027E0
1.479018667E2	1.822333267E0
1.480779000E2	1.872190302E0
1.482380000E2	1.874896683E0
1.484138333E2	1.897510947E0
1.485739333E2	1.900721816E0
1.487339667E2	1.901160115E0
1.489099000E2	1.863374214E0
1.490698333E2	1.905996727E0
1.492458667E2	1.825873133E0
1.494059667E2	1.877863337E0
1.495659000E2	1.796540865E0
1.497418333E2	1.869755078E0
1.499018333E2	1.873702804E0
1.500779333E2	1.806658556E0
1.502378667E2	1.862945752E0
1.503979000E2	1.817599623E0
1.505738667E2	1.917639209E0
1.507340000E2	1.822320287E0
1.509099667E2	2.000252562E0
1.510699667E2	1.875249313E0
1.512457667E2	1.952176971E0
1.514059333E2	1.886421399E0
1.515658333E2	1.978109382E0
1.517418333E2	1.945375479E0
1.519017667E2	2.002484313E0
1.520778000E2	1.996984050E0
1.522379667E2	1.905713503E0
1.523979667E2	2.033947139E0
1.525739000E2	1.934046570E0
1.527339667E2	1.939131194E0
1.529099333E2	1.928275938E0
1.530698667E2	1.953815806E0
1.532299667E2	1.909546946E0
1.534058667E2	1.906643002E0
1.535659333E2	1.900610506E0
1.537419000E2	1.899403269E0
1.539019000E2	1.931130276E0
1.540777333E2	1.931426729E0
1.542377667E2	1.865692909E0
1.543978000E2	1.884574898E0
1.545738667E2	1.904943993E0
1.547338667E2	1.932117791E0
1.549098333E2	1.960242151E0
1.550698000E2	1.921140074E0
1.552299333E2	1.927386378E0
1.554057333E2	1.897540463E0
1.555657333E2	1.888505938E0
1.557418000E2	1.898751270E0
1.559019333E2	1.896291055E0
1.560619333E2	1.905558730E0
1.562379000E2	1.856876274E0
1.563979000E2	1.840302945E0
1.565739333E2	1.870007314E0
1.567337667E2	1.829162232E0
1.568937667E2	1.845060705E0
1.570698333E2	1.839379349E0
1.572297667E2	1.824392503E0
1.574059333E2	1.845322429E0
1.575659333E2	1.822758300E0
1.577416667E2	1.873394993E0
1.579017333E2	1.795891790E0
1.580620000E2	1.876410766E0
1.582378333E2	1.849915815E0
1.583978333E2	1.826613363E0
1.585736667E2	1.875206473E0
1.587338000E2	1.894554254E0
1.588937000E2	1.895875309E0
1.590697333E2	1.923750447E0
1.592297000E2	1.924842742E0
1.594057333E2	1.917365982E0
1.595657667E2	1.885532891E0
1.597257333E2	1.925255414E0
1.599017667E2	1.901484759E0
1.600617667E2	1.894169045E0
1.602377000E2	1.908983156E0
1.603978333E2	1.896094982E0
1.605578000E2	1.907696927E0
1.607337667E2	1.894987430E0
1.608938333E2	1.903892898E0
1.610696333E2	1.917504399E0
1.612296667E2	1.882993015E0
1.614056667E2	1.945974135E0
1.615657333E2	1.880759440E0
1.617257333E2	1.913696779E0
1.619017000E2	1.881918799E0
1.620618333E2	1.905004185E0
1.622375667E2	1.932977596E0
1.623977333E2	1.913467674E0
1.625577333E2	1.867232979E0
1.627337000E2	1.911949128E0
1.628936667E2	1.860474024E0
1.630698000E2	1.862464146E0
1.632296333E2	1.918768936E0
1.633898000E2	1.805342864E0
1.635657000E2	1.812140904E0
1.637257667E2	1.842729817E0
1.639017667E2	1.922301051E0
1.640617667E2	1.877637530E0
1.642377000E2	1.838189752E0
1.643976667E2	1.872332469E0
1.645578000E2	1.853245583E0
1.647336667E2	1.873476184E0
1.648937000E2	1.892948729E0
1.650697000E2	1.884387457E0
1.652297333E2	1.924369607E0
1.653896000E2	1.913529896E0
1.655657000E2	1.917464482E0
1.657255667E2	1.987932800E0
1.659015333E2	1.923098198E0
1.660617000E2	2.064257917E0
1.662217333E2	1.959442375E0
1.663977333E2	1.963930717E0
1.665576333E2	1.983333647E0
1.667337333E2	1.982285524E0
1.668937667E2	2.014036985E0
1.670536667E2	1.932649378E0
1.672296667E2	1.935004674E0
1.673897667E2	1.978922407E0
1.675657000E2	1.888804357E0
1.677256667E2	1.833850139E0
1.679015333E2	1.903553900E0
1.680616000E2	1.804263535E0
1.682216333E2	1.915985637E0
1.683977333E2	1.870902266E0
1.685576333E2	1.877219947E0
1.687335000E2	1.876270005E0
