mass_A
t	x
0.000000000E0	-1.857764877E0
1.760000000E-1	-1.828786481E0
3.360333333E-1	-1.832220202E0
4.960000000E-1	-1.800621883E0
6.720000000E-1	-1.805724665E0
8.320666667E-1	-1.823133500E0
1.007866667E0	-1.809258200E0
1.168066667E0	-1.819891730E0
1.328033333E0	-1.824122918E0
1.503966667E0	-1.823734945E0
1.664100000E0	-1.829361282E0
1.839966667E0	-1.829280064E0
1.999966667E0	-1.815720836E0
2.159933333E0	-1.828316768E0
2.336000000E0	-1.843467040E0
2.496133333E0	-1.836847565E0
2.671966667E0	-1.834262787E0
2.832100000E0	-1.842733210E0
3.007966667E0	-1.853373088E0
3.168066667E0	-1.848854307E0
3.328133333E0	-1.867209815E0
3.503933333E0	-1.865383062E0
3.663966667E0	-1.837762914E0
3.840033333E0	-1.841922404E0
3.999933333E0	-1.834906855E0
4.159933333E0	-1.808116422E0
4.335900000E0	-1.803024835E0
4.496200000E0	-1.792453716E0
4.672066667E0	-1.785070261E0
4.832066667E0	-1.790021918E0
4.992033333E0	-1.773008943E0
5.168000000E0	-1.775004908E0
5.328033333E0	-1.798608056E0
5.503966667E0	-1.828938196E0
5.664166667E0	-1.817593994E0
5.824000000E0	-1.821934099E0
6.000066667E0	-1.826131692E0
6.160066667E0	-1.843098745E0
6.335900000E0	-1.844342804E0
6.496233333E0	-1.874702908E0
6.671900000E0	-1.860262539E0
6.831900000E0	-1.846693659E0
6.992000000E0	-1.870335881E0
7.168066667E0	-1.839297434E0
7.328066667E0	-1.851745401E0
7.503833333E0	-1.847545793E0
7.663933333E0	-1.828115655E0
7.824100000E0	-1.821164037E0
7.999833333E0	-1.811160764E0
8.160100000E0	-1.814338809E0
8.335933333E0	-1.807575545E0
8.496033333E0	-1.794313763E0
8.655966667E0	-1.782128588E0
8.831900000E0	-1.807140838E0
8.991900000E0	-1.788842475E0
9.167966667E0	-1.820262321E0
9.327966667E0	-1.813838150E0
9.503966667E0	-1.830162861E0
9.663966667E0	-1.830615672E0
9.823966667E0	-1.825767061E0
9.999900000E0	-1.859422783E0
1.015993333E1	-1.855315040E0
1.033590000E1	-1.863493214E0
1.049603333E1	-1.861175398E0
1.065590000E1	-1.857913138E0
1.083196667E1	-1.843776258E0
1.099186667E1	-1.850111598E0
1.116776667E1	-1.840116872E0
1.132796667E1	-1.841048026E0
1.148806667E1	-1.840279608E0
1.166390000E1	-1.830515912E0
1.182410000E1	-1.821499819E0
1.199990000E1	-1.805434816E0
1.215993333E1	-1.792013314E0
1.232003333E1	-1.809136061E0
1.249600000E1	-1.814639668E0
1.265600000E1	-1.818849619E0
1.283180000E1	-1.816903837E0
1.299190000E1	-1.809607784E0
1.316780000E1	-1.848970227E0
1.332783333E1	-3.375926716E0
1.348783333E1	-3.847865900E0
1.366390000E1	-4.804252702E0
1.382386667E1	-5.796173510E0
1.399976667E1	-6.770172600E0
1.415996667E1	-7.625193468E0
1.431990000E1	-7.950209467E0
1.449600000E1	-8.706529965E0
1.465590000E1	-8.770744675E0
1.483186667E1	-9.017753597E0
1.499186667E1	-9.016149723E0
1.515190000E1	-9.059312465E0
1.532786667E1	-8.841357094E0
1.548820000E1	-8.727270742E0
1.566376667E1	-8.401661585E0
1.582380000E1	-7.772708553E0
1.598383333E1	-6.983045269E0
1.615976667E1	-6.641447695E0
1.631996667E1	-5.278256745E0
1.649600000E1	-4.519939905E0
1.665580000E1	-3.436085617E0
1.683180000E1	-2.077593293E0
1.699196667E1	-1.075071050E0
1.715190000E1	2.060068500E-2
1.732786667E1	1.783316317E0
1.748800000E1	3.393103360E0
1.766386667E1	6.015807466E0
1.782396667E1	8.453576527E0
1.798400000E1	1.032603522E1
1.815976667E1	1.271132719E1
1.831976667E1	1.439107988E1
1.849593333E1	1.619625248E1
1.865573333E1	1.818899529E1
1.881590000E1	2.033268032E1
1.899193333E1	2.237488184E1
1.915190000E1	2.497626833E1
1.932776667E1	2.730751223E1
1.948793333E1	3.093899526E1
1.966376667E1	3.615563895E1
1.982376667E1	4.189594820E1
1.998393333E1	4.511914200E1
2.015986667E1	4.827273792E1
2.031980000E1	5.081813557E1
2.049576667E1	5.319597976E1
2.065590000E1	5.525233292E1
2.081590000E1	5.695496524E1
2.099186667E1	5.884987642E1
2.115176667E1	6.037484031E1
2.132776667E1	6.229448046E1
2.148773333E1	6.354363889E1
2.164793333E1	6.498039998E1
2.182393333E1	6.630927981E1
2.198386667E1	6.743853993E1
2.215986667E1	6.822319359E1
2.231990000E1	6.863822653E1
2.248010000E1	6.890396455E1
2.265586667E1	6.966268480E1
2.281593333E1	6.985956471E1
2.299183333E1	6.963522748E1
2.315180000E1	6.970814135E1
2.332766667E1	6.938636317E1
2.348780000E1	6.904743986E1
2.364790000E1	6.838424581E1
2.382380000E1	6.709989148E1
2.398376667E1	6.617703838E1
2.415973333E1	6.482651102E1
2.431973333E1	6.328829789E1
2.447980000E1	6.195838727E1
2.465570000E1	6.016962085E1
2.481576667E1	5.833477702E1
2.499183333E1	5.646180228E1
2.515176667E1	5.411436594E1
2.531186667E1	5.169783765E1
2.548776667E1	4.827613749E1
2.564780000E1	4.522457032E1
2.582383333E1	4.138962055E1
2.598373333E1	3.728104454E1
2.614383333E1	3.438334188E1
2.631980000E1	3.009769871E1
2.647983333E1	2.515258573E1
2.665590000E1	2.128340776E1
2.681570000E1	1.664925864E1
2.699160000E1	1.316199532E1
2.715166667E1	1.009471342E1
2.731170000E1	7.020781537E0
2.748766667E1	2.235688249E0
2.764773333E1	-2.648348648E-1
2.782360000E1	-2.183867194E0
2.798373333E1	-3.864207496E0
2.814390000E1	-5.007615205E0
2.831980000E1	-6.240824195E0
2.847986667E1	-7.096141919E0
2.865580000E1	-7.893975215E0
2.881580000E1	-8.640820534E0
2.897576667E1	-8.831548307E0
2.915166667E1	-8.928959306E0
2.931176667E1	-8.972577165E0
2.948776667E1	-9.047141714E0
2.964780000E1	-8.883738236E0
2.982363333E1	-8.752840396E0
2.998363333E1	-8.170658839E0
3.014376667E1	-7.064027397E0
3.031976667E1	-6.387696774E0
3.047970000E1	-4.912601393E0
3.065563333E1	-3.705664094E0
3.081570000E1	-2.228503450E0
3.097580000E1	-2.197144864E-1
3.115176667E1	1.549656542E0
3.131176667E1	4.862291607E0
3.148753333E1	8.049878230E0
3.164780000E1	1.028667820E1
3.180770000E1	1.315073772E1
3.198366667E1	1.538072142E1
3.214363333E1	1.790536725E1
3.231963333E1	2.022428510E1
3.247976667E1	2.295560049E1
3.263970000E1	2.607355923E1
3.281563333E1	3.015459541E1
3.297576667E1	3.470378132E1
3.315160000E1	4.092209040E1
3.331160000E1	4.606897830E1
3.348763333E1	5.008210124E1
3.364783333E1	5.349849046E1
3.380766667E1	5.632568364E1
3.398356667E1	5.912647089E1
3.414363333E1	6.145114976E1
3.431963333E1	6.394424525E1
3.447976667E1	6.538052314E1
3.463970000E1	6.677088282E1
3.481563333E1	6.758463218E1
3.497556667E1	6.818168601E1
3.515163333E1	6.930599099E1
3.531156667E1	6.959323676E1
3.547183333E1	6.952423699E1
3.564763333E1	6.947039377E1
3.580776667E1	6.911189502E1
3.598366667E1	6.857471474E1
3.614356667E1	6.741213353E1
3.630376667E1	6.616176116E1
3.647976667E1	6.475152757E1
3.663963333E1	6.273785382E1
3.681570000E1	6.103825778E1
3.697560000E1	5.932974767E1
3.715160000E1	5.718019628E1
3.731153333E1	5.506193568E1
3.747180000E1	5.219640565E1
3.764770000E1	4.873571153E1
3.780763333E1	4.561621990E1
3.798356667E1	4.018339013E1
3.814370000E1	3.602829091E1
3.830370000E1	3.133422501E1
3.847953333E1	2.609609066E1
3.863956667E1	2.088015861E1
3.881563333E1	1.577086725E1
3.897553333E1	1.122044663E1
3.913576667E1	7.422011144E0
3.931176667E1	2.164321175E0
3.947160000E1	-1.397695244E-1
3.964756667E1	-2.925049138E0
3.980770000E1	-4.616560589E0
3.998360000E1	-5.709526392E0
4.014353333E1	-6.729270505E0
4.030393333E1	-7.649101454E0
4.047956667E1	-8.219591338E0
4.063950000E1	-8.943152837E0
4.081560000E1	-8.938982590E0
4.097556667E1	-8.930477654E0
4.113556667E1	-8.915420148E0
4.131150000E1	-8.548011905E0
4.147163333E1	-8.073325294E0
4.164746667E1	-7.358932397E0
4.180756667E1	-5.997141836E0
4.196760000E1	-4.679730369E0
4.214356667E1	-2.986608537E0
4.230366667E1	-1.080657933E0
4.247953333E1	1.359982855E0
4.263963333E1	4.247980712E0
4.279960000E1	7.939938338E0
4.297553333E1	1.109895761E1
4.313560000E1	1.414428397E1
4.331146667E1	1.660995181E1
4.347160000E1	1.912428340E1
4.364746667E1	2.205359684E1
4.380750000E1	2.536339589E1
4.396760000E1	2.975546474E1
4.414363333E1	3.413870596E1
4.430363333E1	4.029875176E1
4.447946667E1	4.653969798E1
4.463953333E1	5.072096918E1
4.479950000E1	5.461148080E1
4.497543333E1	5.733985799E1
4.513566667E1	6.036033587E1
4.531143333E1	6.297702026E1
4.547146667E1	6.518262623E1
4.563146667E1	6.691435479E1
4.580756667E1	6.793508475E1
4.596743333E1	6.833673586E1
4.614350000E1	6.930011480E1
4.630360000E1	6.954981267E1
4.646360000E1	6.951445608E1
4.663953333E1	6.936255590E1
4.679960000E1	6.899848811E1
4.697543333E1	6.786754628E1
4.713553333E1	6.592154239E1
4.731153333E1	6.443413274E1
4.747156667E1	6.302937570E1
4.763150000E1	6.115256881E1
4.780743333E1	5.938885009E1
4.796743333E1	5.750330668E1
4.814353333E1	5.524378667E1
4.830356667E1	5.226986587E1
4.846343333E1	4.932998052E1
4.863943333E1	4.508762553E1
4.879940000E1	4.097384484E1
4.897556667E1	3.644416989E1
4.913540000E1	3.195577814E1
4.929550000E1	2.638399783E1
4.947150000E1	2.100731014E1
4.963143333E1	1.542842453E1
4.980740000E1	1.117727738E1
4.996743333E1	7.443267952E0
5.014336667E1	1.166883183E0
5.030346667E1	-1.398006400E0
5.046343333E1	-3.459114631E0
5.063950000E1	-4.845245204E0
5.079953333E1	-6.107644245E0
5.097543333E1	-7.495842810E0
5.113546667E1	-8.217648977E0
5.129553333E1	-8.723282283E0
5.147146667E1	-8.980197422E0
5.163143333E1	-8.947828207E0
5.180746667E1	-8.713141547E0
5.196736667E1	-8.441334688E0
5.212760000E1	-7.958423253E0
5.230340000E1	-7.177754604E0
5.246343333E1	-5.835279185E0
5.263953333E1	-4.596865494E0
5.279953333E1	-1.986669042E0
5.295956667E1	2.974785982E-1
5.313546667E1	3.195100436E0
5.329540000E1	7.220722976E0
5.347146667E1	1.009573930E1
5.363146667E1	1.306096813E1
5.380740000E1	1.531903906E1
5.396746667E1	1.794018624E1
5.412750000E1	2.095736541E1
5.430346667E1	2.410754283E1
5.446343333E1	2.740896377E1
5.463936667E1	3.205821003E1
5.479933333E1	3.722426716E1
5.495933333E1	4.340933550E1
5.513543333E1	4.858267612E1
5.529553333E1	5.314513939E1
5.547143333E1	5.640088694E1
5.563146667E1	5.967724829E1
5.579153333E1	6.245352580E1
5.596746667E1	6.522592836E1
5.612746667E1	6.720531228E1
5.630346667E1	6.818128144E1
5.646346667E1	6.873969204E1
5.662350000E1	7.020052691E1
5.679946667E1	7.029546896E1
5.695933333E1	7.024341359E1
5.713540000E1	6.998061290E1
5.729536667E1	6.888511956E1
5.747130000E1	6.715211285E1
5.763146667E1	6.494277758E1
5.779143333E1	6.380986212E1
5.796730000E1	6.117704292E1
5.812730000E1	5.906123703E1
5.830330000E1	5.683458743E1
5.846333333E1	5.380134284E1
5.862330000E1	5.044107206E1
5.879943333E1	4.715044382E1
5.895950000E1	4.287761798E1
5.913543333E1	3.826043871E1
5.929546667E1	3.318953261E1
5.945536667E1	2.906555497E1
5.963130000E1	2.412001818E1
5.979146667E1	1.818187246E1
5.996733333E1	1.308849847E1
6.012730000E1	9.043931073E0
6.030333333E1	4.036101728E0
6.046346667E1	-1.457357935E-1
6.062343333E1	-3.315329382E0
6.079930000E1	-4.846901217E0
6.095936667E1	-6.185931753E0
6.113530000E1	-7.444789124E0
6.129540000E1	-8.204764539E0
6.145543333E1	-8.894561194E0
6.163133333E1	-8.979637627E0
6.179140000E1	-9.024611486E0
6.196726667E1	-8.832095089E0
6.212740000E1	-8.198437938E0
6.228743333E1	-7.126042717E0
6.246333333E1	-5.881254802E0
6.262340000E1	-4.784626054E0
6.279936667E1	-3.218146654E0
6.295933333E1	-1.153739698E-1
6.311950000E1	2.296096292E0
6.329536667E1	7.491541161E0
6.345540000E1	1.017380672E1
6.363123333E1	1.315386477E1
6.379130000E1	1.613921287E1
6.396730000E1	1.882865773E1
6.412730000E1	2.216142867E1
6.428733333E1	2.589185241E1
6.446350000E1	3.022968277E1
6.462330000E1	3.504310549E1
6.479926667E1	4.123461645E1
6.495930000E1	4.697777704E1
6.511940000E1	5.137321174E1
6.529536667E1	5.473241420E1
6.545550000E1	5.830467788E1
6.563136667E1	6.144252624E1
6.579140000E1	6.395398690E1
6.595133333E1	6.537198237E1
6.612726667E1	6.746368718E1
6.628730000E1	6.919695692E1
6.646330000E1	6.978812141E1
6.662330000E1	6.983045504E1
6.679933333E1	6.975621042E1
6.695920000E1	6.941895877E1
6.711936667E1	6.902560557E1
6.729526667E1	6.718779938E1
6.745540000E1	6.593487286E1
6.763120000E1	6.413493020E1
6.779130000E1	6.145830381E1
6.795133333E1	5.898068347E1
6.812726667E1	5.597091395E1
6.828726667E1	5.201122503E1
6.846323333E1	4.729654364E1
6.862333333E1	4.200180332E1
6.878323333E1	3.628178242E1
6.895933333E1	3.112293442E1
6.911926667E1	2.564145443E1
6.929523333E1	1.975076654E1
6.945536667E1	1.422533228E1
6.961536667E1	1.034847111E1
6.979126667E1	5.879621194E0
6.995123333E1	9.464565616E-1
7.012716667E1	-1.824403643E0
7.028733333E1	-4.038080671E0
7.046313333E1	-5.811434400E0
7.062313333E1	-7.379110943E0
7.078346667E1	-8.162853713E0
7.095930000E1	-8.883176353E0
7.111923333E1	-8.991437513E0
7.129516667E1	-9.096994679E0
7.145530000E1	-8.760292752E0
7.161533333E1	-8.143158961E0
7.179116667E1	-7.162208476E0
7.195123333E1	-5.780643671E0
7.212716667E1	-4.040433233E0
7.228716667E1	-1.813342768E0
7.244726667E1	1.444437975E-1
7.262313333E1	3.288224195E0
7.278330000E1	7.227240265E0
7.295920000E1	1.150113821E1
7.311926667E1	1.494260850E1
7.327920000E1	1.784474734E1
7.345530000E1	2.125646549E1
7.361530000E1	2.522070251E1
7.379120000E1	3.011275356E1
7.395130000E1	3.654822771E1
7.412710000E1	4.410553392E1
7.428730000E1	4.917876723E1
7.444730000E1	5.350858957E1
7.462313333E1	5.688900918E1
7.478313333E1	6.010552131E1
7.495916667E1	6.309648632E1
7.511916667E1	6.522108272E1
7.527920000E1	6.720604450E1
7.545520000E1	6.851136278E1
7.561526667E1	6.901284713E1
7.579126667E1	6.921236711E1
7.595113333E1	6.918486385E1
7.611126667E1	6.907227871E1
7.628723333E1	6.821489400E1
7.644716667E1	6.708960405E1
7.662316667E1	6.525861866E1
7.678323333E1	6.331394146E1
7.695913333E1	6.064457002E1
7.711916667E1	5.827260499E1
7.727930000E1	5.579034604E1
7.745530000E1	5.176746404E1
7.761516667E1	4.757889842E1
7.779103333E1	4.220735769E1
7.795116667E1	3.616986677E1
7.811113333E1	3.022582139E1
7.828710000E1	2.454058641E1
7.844730000E1	1.819193270E1
7.862313333E1	1.224558393E1
7.878320000E1	7.173083050E0
7.894320000E1	1.728667336E0
7.911923333E1	-1.730031655E0
7.927926667E1	-3.978443959E0
7.945506667E1	-5.869563291E0
7.961513333E1	-7.095510826E0
7.977510000E1	-8.112495606E0
7.995113333E1	-8.901978083E0
8.011123333E1	-9.457111535E0
8.028713333E1	-8.944039905E0
8.044730000E1	-8.529976958E0
8.062316667E1	-7.854833485E0
8.078313333E1	-7.131856104E0
8.094313333E1	-4.963204591E0
8.111910000E1	-3.624543019E0
8.127933333E1	-7.972011417E-1
8.145513333E1	3.030735008E0
8.161513333E1	7.963838827E0
8.177510000E1	1.132727314E1
8.195103333E1	1.599321400E1
8.211103333E1	1.910093080E1
8.228710000E1	2.254244584E1
8.244700000E1	2.760741363E1
8.260710000E1	3.327198372E1
8.278303333E1	4.019796631E1
8.294310000E1	4.596152401E1
8.311910000E1	5.151561267E1
8.327913333E1	5.522792046E1
8.343916667E1	5.846644522E1
8.361510000E1	6.176736004E1
8.377503333E1	6.405566247E1
8.395110000E1	6.649370331E1
8.411103333E1	6.764205321E1
8.428696667E1	6.926579565E1
8.444713333E1	6.967366278E1
8.460716667E1	6.944656710E1
8.478303333E1	6.913074345E1
8.494300000E1	6.850689321E1
8.511903333E1	6.628472601E1
8.527906667E1	6.463878383E1
8.543916667E1	6.207102435E1
8.561513333E1	5.977997017E1
8.577506667E1	5.613481560E1
8.595103333E1	5.242054069E1
8.611103333E1	4.664373910E1
8.627106667E1	4.142865957E1
8.644720000E1	3.509120507E1
8.660710000E1	2.834482897E1
8.678313333E1	2.089722543E1
8.694303333E1	1.447832368E1
8.711903333E1	9.212705214E0
8.727913333E1	3.540942874E0
8.743913333E1	-7.572624517E-1
8.761510000E1	-3.857668689E0
8.777510000E1	-5.402655722E0
8.795100000E1	-6.682878660E0
8.811100000E1	-8.140842160E0
8.827116667E1	-8.983146596E0
8.844710000E1	-8.945633511E0
8.860713333E1	-9.047260248E0
8.878293333E1	-8.892865002E0
8.894293333E1	-8.367269093E0
8.910300000E1	-6.490775906E0
8.927893333E1	-4.647183227E0
8.943913333E1	-2.764258900E0
8.961500000E1	3.261257428E-1
8.977496667E1	4.214362273E0
8.993506667E1	9.145887803E0
9.011100000E1	1.225133282E1
9.027106667E1	1.588559804E1
9.044703333E1	1.957825402E1
9.060700000E1	2.338423319E1
9.078290000E1	2.828557435E1
9.094296667E1	3.399446347E1
9.110313333E1	4.130504852E1
9.127896667E1	4.878784480E1
9.143910000E1	5.413963278E1
9.161496667E1	5.852419421E1
9.177510000E1	6.220715789E1
9.193506667E1	6.515037852E1
9.211100000E1	6.748472451E1
9.227110000E1	6.914630378E1
9.244696667E1	6.999038492E1
9.260703333E1	7.001279341E1
9.276703333E1	6.989993770E1
9.294300000E1	6.935348724E1
9.310306667E1	6.819819873E1
9.327893333E1	6.587503662E1
9.343893333E1	6.316266881E1
9.359896667E1	6.106392294E1
9.377506667E1	5.792263279E1
9.393503333E1	5.417976787E1
9.411103333E1	4.863376446E1
9.427106667E1	4.218040750E1
9.444683333E1	3.590527831E1
9.460706667E1	2.944108158E1
9.476690000E1	2.211300659E1
9.494286667E1	1.500852471E1
9.510303333E1	1.021986649E1
9.527893333E1	5.399644694E0
9.543896667E1	-3.778630751E-1
9.559900000E1	-3.615903651E0
9.577493333E1	-4.926114816E0
9.593493333E1	-6.785509802E0
9.611096667E1	-7.801655025E0
9.627100000E1	-8.783916392E0
9.643103333E1	-9.226750204E0
9.660683333E1	-9.124217940E0
9.676696667E1	-8.663989753E0
9.694293333E1	-7.931260096E0
9.710306667E1	-6.135739070E0
9.727890000E1	-3.955421237E0
9.743900000E1	-1.728476826E0
9.759903333E1	1.439422643E0
9.777500000E1	6.030077187E0
9.793486667E1	1.053441763E1
9.811100000E1	1.422163334E1
9.827100000E1	1.800221848E1
9.843103333E1	2.193631951E1
9.860700000E1	2.623703611E1
9.876693333E1	3.200459093E1
9.894290000E1	3.994092351E1
9.910293333E1	4.721008013E1
9.926296667E1	5.243881577E1
9.943893333E1	5.806003548E1
9.959896667E1	6.108156818E1
9.977490000E1	6.491428677E1
9.993483333E1	6.725891151E1
1.000950000E2	6.897025476E1
1.002710333E2	6.931978789E1
1.004310333E2	6.964643125E1
1.006070333E2	6.969037296E1
1.007668333E2	6.915343536E1
1.009428667E2	6.808821387E1
1.011030000E2	6.595261466E1
1.012629000E2	6.300110847E1
1.014390333E2	5.999429690E1
1.015989000E2	5.685769027E1
1.017748000E2	5.217219808E1
1.019348333E2	4.614463903E1
1.020949333E2	3.914005762E1
1.022708333E2	3.196142635E1
1.024309667E2	2.454312180E1
1.026069333E2	1.719346502E1
1.027668667E2	1.138164901E1
1.029268667E2	5.840252621E0
1.031028667E2	-8.127736921E-2
1.032629333E2	-3.138947163E0
1.034390000E2	-5.021917930E0
1.035989667E2	-7.152292623E0
1.037589333E2	-8.102851775E0
1.039348000E2	-8.889719846E0
1.040949333E2	-8.894873261E0
1.042707667E2	-8.962791857E0
1.044309333E2	-8.725122980E0
1.046068333E2	-7.869261985E0
1.047668000E2	-5.611425597E0
1.049269333E2	-2.982827643E0
1.051029000E2	-2.540385967E-3
1.052628667E2	3.508038786E0
1.054388333E2	9.407888332E0
1.055989333E2	1.303672233E1
1.057589000E2	1.706725093E1
1.059347667E2	2.136925772E1
1.060950000E2	2.594385458E1
1.062708333E2	3.211539842E1
1.064309000E2	3.992655715E1
1.065909000E2	4.802514555E1
1.067668333E2	5.332234351E1
1.069268333E2	5.778641927E1
1.071029000E2	6.216450314E1
1.072627667E2	6.500427865E1
1.074388333E2	6.700898507E1
1.075988000E2	6.854795310E1
1.077589000E2	6.979977675E1
1.079347667E2	6.979847531E1
1.080949000E2	6.953239128E1
1.082708000E2	6.921237137E1
1.084308000E2	6.690223370E1
1.085908667E2	6.443834423E1
1.087668000E2	6.149470445E1
1.089268333E2	5.830305374E1
1.091026667E2	5.387817947E1
1.092627667E2	4.818929139E1
1.094229000E2	4.058357674E1
1.095988333E2	3.284735474E1
1.097589000E2	2.544147820E1
1.099347333E2	1.759001957E1
1.100948333E2	1.149608416E1
1.102549333E2	5.915881000E0
1.104309667E2	2.824611664E-1
1.105909333E2	-2.965616680E0
1.107668333E2	-5.070972347E0
1.109268000E2	-6.977266478E0
1.111028000E2	-8.265332123E0
1.112628667E2	-9.018199103E0
1.114229000E2	-9.049582472E0
1.115987000E2	-8.721312604E0
1.117587333E2	-8.238677309E0
1.119347333E2	-6.894885039E0
1.120947000E2	-4.134638981E0
1.122548333E2	-1.656340994E0
1.124307667E2	2.207965494E0
1.125908000E2	8.084067757E0
1.127666667E2	1.172973404E1
1.129267667E2	1.556139532E1
1.130868000E2	1.985279650E1
1.132627333E2	2.402796616E1
1.134228667E2	2.974360909E1
1.135987333E2	3.634064359E1
1.137588333E2	4.449876886E1
1.139186667E2	5.109531111E1
1.140947000E2	5.611608417E1
1.142547000E2	6.037354696E1
1.144308000E2	6.374916754E1
1.145907000E2	6.629755114E1
1.147667000E2	6.794007413E1
1.149267333E2	6.855271725E1
1.150866667E2	6.896941065E1
1.152628000E2	6.890403099E1
1.154227667E2	6.879578846E1
1.155987000E2	6.698920715E1
1.157588000E2	6.499135717E1
1.159187000E2	6.179772325E1
1.160946333E2	5.844308653E1
1.162547667E2	5.458686507E1
1.164308000E2	4.860519603E1
1.165907667E2	4.092107997E1
1.167507667E2	3.249809573E1
1.169268000E2	2.430393851E1
1.170868000E2	1.630741233E1
1.172627000E2	9.934560319E0
1.174227667E2	2.347531013E0
1.175987000E2	-1.790303440E0
1.177586667E2	-4.239766739E0
1.179186667E2	-6.040790064E0
1.180947667E2	-7.406965042E0
1.182547667E2	-8.616110594E0
1.184305667E2	-9.132652012E0
1.185906333E2	-8.862830695E0
1.187506667E2	-8.662289154E0
1.189267333E2	-7.955349069E0
1.190867667E2	-5.926453935E0
1.192627000E2	-2.434042646E0
1.194227667E2	1.284615974E0
1.195828333E2	7.106603930E0
1.197587333E2	1.004465672E1
1.199186333E2	1.413245402E1
1.200946667E2	1.814805764E1
1.202547333E2	2.240050109E1
1.204147667E2	2.804270465E1
1.205907333E2	3.428799947E1
1.207507333E2	4.218020979E1
1.209266000E2	4.941751665E1
1.210867000E2	5.434171049E1
1.212626000E2	5.919609547E1
1.214227000E2	6.218372153E1
1.215827000E2	6.507289194E1
1.217586333E2	6.709304229E1
1.219187000E2	6.787400912E1
1.220946333E2	6.808077286E1
1.222547333E2	6.801960221E1
1.224147333E2	6.802241922E1
1.225907333E2	6.663465395E1
1.227506333E2	6.458532773E1
1.229265000E2	6.196805206E1
1.230865667E2	5.820435190E1
1.232466667E2	5.482548430E1
1.234226667E2	4.899604836E1
1.235826333E2	4.113024773E1
1.237586333E2	3.277588005E1
1.239186667E2	2.487767917E1
1.240786333E2	1.649148067E1
1.242546333E2	8.545141390E0
1.244146667E2	1.394753427E0
1.245907667E2	-1.890919400E0
1.247509000E2	-4.040526698E0
1.249265000E2	-6.591614992E0
1.250865667E2	-7.873843187E0
1.252466333E2	-8.777920495E0
1.254227000E2	-9.366793884E0
1.255827333E2	-8.691779986E0
1.257586333E2	-8.009147595E0
1.259186333E2	-7.328867661E0
1.260786333E2	-5.012244411E0
1.262545000E2	-1.633872436E0
1.264146333E2	3.385790305E0
1.265906333E2	8.198663028E0
1.267507000E2	1.249337079E1
1.269106667E2	1.631014035E1
1.270865000E2	2.109839446E1
1.272465667E2	2.633083358E1
1.274225000E2	3.453660768E1
1.275825000E2	4.320261758E1
1.277584333E2	4.935060603E1
1.279184667E2	5.419451348E1
1.280785333E2	5.787608722E1
1.282545000E2	6.129195009E1
1.284146333E2	6.412423523E1
1.285905667E2	6.598716774E1
1.287505333E2	6.659762404E1
1.289106667E2	6.696196046E1
1.290865667E2	6.689303809E1
1.292466667E2	6.704928187E1
1.294224333E2	6.522314957E1
1.295825667E2	6.343252304E1
1.297427000E2	6.058010094E1
1.299184333E2	5.744611997E1
1.300785000E2	5.302021008E1
1.302545333E2	4.874646903E1
1.304145000E2	4.115998345E1
1.305746000E2	3.298883644E1
1.307506333E2	2.410751832E1
1.309105333E2	1.627211459E1
1.310867000E2	7.154393011E0
1.312465333E2	4.975763826E-1
1.314225000E2	-3.092581728E0
1.315826333E2	-5.792450580E0
1.317427000E2	-7.633405100E0
1.319185333E2	-8.619552154E0
1.320786000E2	-8.829013413E0
1.322545667E2	-9.099693845E0
1.324145667E2	-8.375613082E0
1.325744667E2	-7.024700187E0
1.327506333E2	-5.169131509E0
1.329105000E2	-2.318892789E0
1.330864667E2	1.957175564E0
1.332465333E2	8.151654165E0
1.334067000E2	1.205118523E1
1.335824667E2	1.663091323E1
1.337427000E2	2.126182504E1
1.339185333E2	2.688399847E1
1.340785333E2	3.636392597E1
1.342385000E2	4.822045374E1
1.344146667E2	5.314188404E1
1.345745333E2	5.776649575E1
1.347505333E2	6.110459323E1
1.349105667E2	6.405412814E1
1.350863667E2	6.564565341E1
1.352464667E2	6.696886685E1
1.354067333E2	6.738855508E1
1.355825667E2	6.752203375E1
1.357424667E2	6.702935216E1
1.359184000E2	6.568855645E1
1.360785000E2	6.335842341E1
1.362386333E2	6.051816152E1
1.364146000E2	5.758350460E1
1.365746000E2	5.396138704E1
1.367504000E2	4.923282099E1
1.369104333E2	4.310518311E1
1.370705000E2	3.546560609E1
1.372465333E2	2.786357147E1
1.374064667E2	1.882083611E1
1.375825333E2	1.008264876E1
1.377425333E2	3.940508603E0
1.379183667E2	-1.097093850E0
1.380784000E2	-5.597760404E0
1.382385000E2	-7.692524128E0
1.384146000E2	-8.810804843E0
1.385745667E2	-8.932925589E0
1.387504000E2	-8.867690033E0
1.389104333E2	-8.310204252E0
1.390705000E2	-7.083284217E0
1.392463667E2	-5.002078008E0
1.394065333E2	-2.081762544E0
1.395824667E2	1.145417404E0
1.397425333E2	6.231390551E0
1.399025333E2	1.219452584E1
1.400784333E2	1.656105044E1
1.402384000E2	2.172054684E1
1.404145333E2	2.726181170E1
1.405743667E2	3.552357880E1
1.407345333E2	4.798490677E1
1.409104000E2	5.452126458E1
1.410704000E2	5.946285021E1
1.412465333E2	6.308647180E1
1.414063667E2	6.655546116E1
1.415824000E2	6.809912831E1
1.417425333E2	6.930731842E1
1.419024000E2	6.943296827E1
1.420783000E2	6.901678372E1
1.422385000E2	6.804986436E1
1.424144333E2	6.464196883E1
1.425744000E2	6.193394850E1
1.427345000E2	5.894269821E1
1.429103667E2	5.509556360E1
1.430703667E2	4.978940083E1
1.432465000E2	4.208284608E1
1.434065000E2	3.300153386E1
1.435663667E2	2.509192907E1
1.437424667E2	1.701263585E1
1.439024000E2	9.029218702E0
1.440785333E2	1.226492839E0
1.442383667E2	-2.762463501E0
1.443986000E2	-5.762363707E0
1.445745333E2	-7.556775938E0
1.447345000E2	-8.802602745E0
1.449103000E2	-9.252872589E0
1.450704000E2	-9.115235290E0
1.452462667E2	-8.186080164E0
1.454064667E2	-6.798530399E0
1.455665000E2	-3.499825301E0
1.457423667E2	-1.809449070E-2
1.459025333E2	4.399450566E0
1.460784333E2	1.108472811E1
1.462384000E2	1.522691044E1
1.463985333E2	1.997054487E1
1.465743667E2	2.581293844E1
1.467344333E2	3.243937029E1
1.469102667E2	4.278789830E1
1.470704667E2	5.213558894E1
1.472304667E2	5.740803950E1
1.474063667E2	6.281169974E1
1.475664000E2	6.557348054E1
1.477424000E2	6.785537563E1
1.479022667E2	6.867470106E1
1.480782333E2	6.885541983E1
1.482383333E2	6.854035246E1
1.483983667E2	6.811039344E1
1.485744333E2	6.540696204E1
1.487343333E2	6.218326826E1
1.489103000E2	5.929771364E1
1.490703667E2	5.537746379E1
1.492303667E2	4.918835008E1
1.494064000E2	4.132541284E1
1.495663333E2	3.294512400E1
1.497423000E2	2.413642006E1
1.499022667E2	1.501851321E1
1.500623667E2	5.766640153E0
1.502382333E2	-7.965609789E-1
1.503986000E2	-3.796682934E0
1.505743333E2	-6.335157837E0
1.507342667E2	-7.853506062E0
1.508942667E2	-8.861930574E0
1.510703333E2	-9.383134143E0
1.512304000E2	-8.934133127E0
1.514063333E2	-7.910664146E0
1.515662667E2	-6.120753881E0
1.517422000E2	-2.752940372E0
1.519022667E2	1.270884836E0
1.520624000E2	8.038341018E0
1.522382333E2	1.239604644E1
1.523983333E2	1.733392780E1
1.525742333E2	2.280408703E1
1.527343000E2	2.923664058E1
1.528942667E2	4.038244616E1
1.530703000E2	5.011790507E1
1.532303333E2	5.502334460E1
1.534063667E2	5.928393997E1
1.535663667E2	6.317951841E1
1.537264000E2	6.585640248E1
1.539022333E2	6.695146875E1
1.540623000E2	6.738944114E1
1.542383667E2	6.742245386E1
1.543983667E2	6.705313944E1
1.545583667E2	6.478558577E1
1.547342000E2	6.239407496E1
1.548942667E2	5.947334236E1
1.550702000E2	5.573877090E1
1.552302667E2	5.086205397E1
1.554063000E2	4.435433311E1
1.555663667E2	3.545206292E1
1.557263667E2	2.734007775E1
1.559022000E2	1.822647521E1
1.560623000E2	9.170968385E0
1.562382667E2	1.165406499E0
1.563983333E2	-3.845611030E0
1.565583333E2	-6.258807355E0
1.567343000E2	-8.594292767E0
1.568942333E2	-8.929026218E0
1.570703333E2	-9.128486326E0
1.572303667E2	-9.074805857E0
1.573903667E2	-7.460041483E0
1.575662333E2	-4.211717926E0
1.577262000E2	-1.092633842E0
1.579021667E2	2.585059496E0
1.580621667E2	8.560700295E0
1.582381000E2	1.466466624E1
1.583981333E2	2.022375286E1
1.585581667E2	2.617397900E1
1.587342667E2	3.437961228E1
1.588943667E2	4.715447972E1
1.590702667E2	5.578920777E1
1.592303000E2	6.085091400E1
1.593903333E2	6.487180526E1
1.595661333E2	6.806115806E1
1.597262667E2	6.912738483E1
1.599021000E2	6.933629557E1
1.600621333E2	6.929656873E1
1.602223333E2	6.834012901E1
1.603982000E2	6.502199763E1
1.605582667E2	6.282462205E1
1.607341333E2	5.866185448E1
1.608941667E2	5.416948071E1
1.610541667E2	4.801448508E1
1.612302667E2	3.921011937E1
1.613901667E2	2.850971863E1
1.615661333E2	1.922661727E1
1.617261000E2	1.026496157E1
1.619020667E2	2.294209161E0
1.620621333E2	-2.436100366E0
1.622222000E2	-5.671027241E0
1.623981000E2	-8.563560066E0
1.625583000E2	-8.846172946E0
1.627341000E2	-8.938683282E0
1.628941333E2	-9.053740780E0
1.630542000E2	-8.020782264E0
1.632301667E2	-5.793050718E0
1.633902667E2	-1.575269804E0
1.635661667E2	4.216652949E0
1.637262333E2	1.045735810E1
1.638861667E2	1.506434927E1
1.640621000E2	2.064303927E1
1.642221667E2	2.708500787E1
1.643983000E2	3.503883967E1
1.645582000E2	4.805704045E1
1.647181000E2	5.539146968E1
1.648941667E2	6.007353404E1
1.650542333E2	6.424377399E1
1.652301333E2	6.708279009E1
1.653902333E2	6.814061998E1
1.655660667E2	6.846595744E1
1.657262667E2	6.816018585E1
1.658861667E2	6.663841292E1
1.660622000E2	6.392337264E1
1.662221667E2	6.004557543E1
1.663980667E2	5.595757854E1
1.665581333E2	5.098055736E1
1.667181333E2	4.390708491E1
1.668941000E2	3.406301415E1
1.670542667E2	2.495666047E1
1.672301333E2	1.576908339E1
1.673901667E2	5.146091122E0
1.675501667E2	-2.247063696E0
1.677261333E2	-4.900568954E0
1.678862000E2	-7.046908090E0
1.680620667E2	-8.952623973E0
1.682222000E2	-9.636154024E0
1.683981667E2	-9.494898962E0
1.685582667E2	-8.114317153E0
1.687182667E2	-5.623945839E0
1.688941000E2	-1.878460896E0
1.690540667E2	3.236854819E0
1.692300667E2	1.002642571E1
1.693902000E2	1.536770352E1
1.695501000E2	2.110944333E1
1.697260333E2	2.749977045E1
1.698861667E2	3.627166636E1
1.700620667E2	4.974672344E1
1.702221667E2	5.802450415E1
1.703821333E2	6.292194039E1
1.705580667E2	6.678251850E1
1.707181000E2	6.930494608E1
1.708940333E2	6.975559350E1
1.710542000E2	6.971094976E1
1.712141333E2	6.844484812E1
1.713901333E2	6.486500563E1
1.715501000E2	6.118550178E1
1.717259667E2	5.759869557E1
1.718860333E2	5.212785402E1
1.720619667E2	4.511923169E1
1.722221667E2	3.612260148E1
1.723822333E2	2.672154340E1
1.725581000E2	1.547132388E1
1.727183000E2	6.083801828E0
1.728939667E2	-9.416456269E-1
1.730542000E2	-4.927166331E0
1.732142000E2	-6.819135033E0
1.733900000E2	-8.816279774E0
1.735500333E2	-8.952706521E0
1.737261333E2	-8.629144334E0
1.738860333E2	-7.856138931E0
1.740461333E2	-5.531552649E0
1.742221667E2	-9.262701485E-1
1.743821333E2	6.104004563E0
1.745581333E2	1.171587102E1
1.747181667E2	1.711648563E1
1.748780667E2	2.288456149E1
1.750541333E2	2.950998542E1
1.752141667E2	3.854625284E1
1.753900000E2	5.176284884E1
1.755501667E2	5.840668534E1
1.757260333E2	6.317267561E1
1.758859667E2	6.651555430E1
1.760460667E2	6.865647424E1
1.762220333E2	6.901784285E1
1.763822667E2	6.859186902E1
1.765581000E2	6.671474530E1
1.767180667E2	6.329376401E1
1.768780667E2	5.911950290E1
1.770540333E2	5.437106877E1
1.772142667E2	4.846131279E1
1.773901000E2	4.012760659E1
1.775500000E2	3.094722026E1
1.777100333E2	2.107156035E1
1.778859667E2	1.140765233E1
1.780460000E2	2.961530339E0
1.782219000E2	-3.676793765E0
1.783820667E2	-6.736237011E0
1.785580667E2	-8.577125995E0
1.787181000E2	-9.401771584E0
1.788780333E2	-8.184042335E0
1.790539000E2	-7.372293167E0
1.792141000E2	-6.344420110E0
1.793899667E2	-2.046362069E0
1.795500333E2	3.143287382E0
1.797100000E2	1.027735635E1
1.798859333E2	1.602222058E1
1.800460000E2	2.211235607E1
1.802218667E2	2.892836049E1
1.803819667E2	3.803861920E1
1.805419667E2	5.118454053E1
1.807179667E2	5.904398250E1
1.808780000E2	6.356526864E1
1.810540667E2	6.681280218E1
1.812139333E2	6.865202125E1
1.813740000E2	6.951777336E1
1.815499333E2	6.918243830E1
1.817100667E2	6.794107297E1
1.818859000E2	6.438071585E1
1.820460000E2	6.017373060E1
1.822218667E2	5.566559796E1
1.823818667E2	4.944895633E1
1.825419667E2	4.018040823E1
1.827179333E2	3.058479241E1
1.828779333E2	2.106180357E1
1.830538667E2	1.144159290E1
1.832140333E2	3.017095348E0
1.833739667E2	-2.349436117E0
1.835500333E2	-6.227454034E0
1.837100333E2	-8.722204684E0
1.838858667E2	-9.726801248E0
1.840458667E2	-8.760447702E0
1.842061667E2	-8.002268588E0
1.843819333E2	-6.938150405E0
1.845420000E2	-3.372016705E0
1.847178333E2	1.388072183E0
1.848779333E2	8.339160274E0
1.850380667E2	1.383736266E1
1.852138667E2	1.993977097E1
1.853743000E2	2.659714803E1
1.855498333E2	3.593968970E1
1.857101000E2	4.799045839E1
1.858858000E2	5.634109890E1
1.860459333E2	6.234620576E1
1.862059333E2	6.537572789E1
1.863820333E2	6.794801643E1
1.865419667E2	6.900374870E1
1.867179667E2	6.891612459E1
1.868778667E2	6.778293116E1
1.870379000E2	6.421141916E1
1.872139000E2	6.087675105E1
1.873738667E2	5.624569835E1
1.875498333E2	5.116574599E1
1.877100000E2	4.161736182E1
1.878700000E2	3.134513668E1
1.880458667E2	2.219032965E1
1.882060333E2	1.261741050E1
1.883819333E2	2.640301370E0
1.885419000E2	-2.599218486E0
1.887178333E2	-5.810832164E0
1.888778000E2	-8.479910720E0
1.890380000E2	-9.805944674E0
1.892139333E2	-8.826105352E0
1.893740000E2	-8.180162212E0
1.895498667E2	-6.906230994E0
1.897098667E2	-2.635156176E0
1.898699667E2	2.355856476E0
1.900458667E2	9.428256675E0
1.902058333E2	1.538461630E1
1.903820333E2	2.144745626E1
1.905417667E2	2.896883549E1
1.907018667E2	3.837563952E1
1.908778333E2	5.189127974E1
1.910379333E2	5.916272338E1
1.912139000E2	6.428969613E1
1.913739667E2	6.702596772E1
1.915340000E2	6.847267753E1
1.917099000E2	6.883589126E1
1.918698333E2	6.829573996E1
1.920459333E2	6.590698421E1
1.922059333E2	6.274789924E1
1.923817667E2	5.836224485E1
1.925418667E2	5.338272192E1
1.927021000E2	4.711669514E1
1.928777667E2	3.663144847E1
1.930378667E2	2.512288592E1
1.932137667E2	1.471393001E1
1.933739000E2	5.266276320E0
1.935339333E2	-2.607799497E0
1.937098000E2	-5.849170571E0
1.938698000E2	-7.695053494E0
1.940458000E2	-8.843709630E0
1.942058333E2	-8.798993787E0
1.943659667E2	-8.585041662E0
1.945417333E2	-7.049698697E0
1.947018667E2	-2.714129634E0
1.948777667E2	2.107579650E0
1.950378333E2	9.373909507E0
1.951979667E2	1.579587674E1
1.953739000E2	2.210584671E1
1.955338000E2	2.932190953E1
1.957099000E2	3.892697935E1
1.958699000E2	5.175690822E1
1.960457667E2	5.860783051E1
1.962057667E2	6.537794717E1
1.963659667E2	6.810114582E1
1.965418333E2	6.962358035E1
1.967017667E2	6.985028058E1
1.968777000E2	6.886181152E1
1.970377667E2	6.508433701E1
1.971978667E2	6.205207946E1
1.973738667E2	5.716925236E1
1.975339333E2	5.025695141E1
1.977098667E2	4.116007299E1
1.978699000E2	3.250309284E1
1.980298333E2	2.124135834E1
1.982058667E2	1.112606710E1
1.983658333E2	9.913327544E-1
1.985417000E2	-4.660936870E0
1.987017000E2	-6.964957931E0
1.988776667E2	-8.832532256E0
1.990379000E2	-8.944683444E0
1.991978667E2	-8.093748107E0
1.993738667E2	-6.997572052E0
1.995338667E2	-5.148570807E0
1.997098333E2	7.922648218E-2
1.998697333E2	8.022261056E0
2.000298000E2	1.299860649E1
2.002057667E2	1.935292599E1
2.003657333E2	2.655663566E1
2.005417667E2	3.528369414E1
2.007018333E2	4.994584552E1
2.008617667E2	5.736605448E1
2.010377333E2	6.201355057E1
2.011978000E2	6.605700908E1
2.013737000E2	6.847034873E1
2.015337667E2	6.899321054E1
2.016938667E2	6.845398879E1
2.018697333E2	6.526828951E1
2.020298667E2	6.244354451E1
2.022058000E2	5.817348801E1
2.023657000E2	5.221483253E1
2.025417000E2	4.334558538E1
2.027017333E2	3.312562382E1
2.028618333E2	2.359550498E1
2.030376667E2	1.296924499E1
2.031977333E2	2.174759381E0
2.033736333E2	-3.330796637E0
2.035336000E2	-6.743325603E0
2.036937667E2	-9.074641662E0
2.038697000E2	-9.550401776E0
2.040297333E2	-8.849351907E0
2.042057667E2	-7.769579958E0
2.043658000E2	-4.922769268E0
2.045257667E2	1.020722199E-1
2.047017000E2	6.227620782E0
2.048618333E2	1.252398536E1
2.050380000E2	1.917066509E1
2.051978000E2	2.624294191E1
2.053577333E2	3.500099758E1
2.055336667E2	4.865546672E1
2.056937000E2	5.825272554E1
2.058697000E2	6.302217280E1
2.060297333E2	6.636134753E1
2.062056333E2	6.836549237E1
2.063657333E2	6.885224102E1
2.065257333E2	6.825311511E1
2.067017000E2	6.526570633E1
2.068617667E2	6.220772509E1
2.070377333E2	5.774862352E1
2.071977333E2	5.104316950E1
2.073578000E2	4.379279116E1
2.075336000E2	3.315724646E1
2.076939333E2	2.148691987E1
2.078697000E2	1.128811031E1
2.080297667E2	1.329558055E0
2.081898000E2	-4.511436463E0
2.083658000E2	-6.899831824E0
2.085257667E2	-8.703040148E0
2.087016000E2	-9.020501884E0
2.088617000E2	-8.139403567E0
2.090376333E2	-7.240934883E0
2.091977667E2	-4.396884085E0
2.093577667E2	2.166063960E0
2.095337667E2	9.721709347E0
2.096937000E2	1.511641715E1
2.098695333E2	2.221700621E1
2.100296000E2	2.971019343E1
2.101896000E2	4.030931271E1
2.103656667E2	5.298512135E1
2.105256000E2	6.118659396E1
2.107015333E2	6.558520819E1
2.108616667E2	6.833057578E1
2.110217000E2	6.944575392E1
2.111976333E2	6.922199890E1
2.113576667E2	6.769231174E1
2.115336333E2	6.410920375E1
2.116939333E2	5.944555410E1
2.118537667E2	5.393538106E1
2.120296333E2	4.524044235E1
2.121896667E2	3.400206194E1
2.123657000E2	2.335339580E1
2.125256333E2	1.241375309E1
2.127015333E2	2.969314130E0
2.128615667E2	-4.129858287E0
2.130217000E2	-7.501068462E0
2.131976000E2	-8.671626810E0
2.133578000E2	-9.041314895E0
2.135335667E2	-8.778512758E0
2.136935667E2	-7.012854890E0
2.138536333E2	-4.023812126E0
2.140296000E2	1.260605726E0
2.141895667E2	9.085369333E0
2.143656667E2	1.506322860E1
2.145255667E2	2.217065761E1
2.146858000E2	3.029678576E1
2.148616333E2	4.225861693E1
2.150216000E2	5.439522050E1
2.151975667E2	6.160615201E1
2.153578667E2	6.664945854E1
2.155336000E2	6.847547303E1
2.156935333E2	6.898447817E1
2.158535333E2	6.866478405E1
2.160296333E2	6.700722420E1
2.161897667E2	6.244516073E1
2.163655000E2	5.773678266E1
2.165255667E2	5.193443433E1
2.166855667E2	4.251623738E1
2.168615333E2	3.139531926E1
2.170215667E2	2.094679086E1
2.171976000E2	9.405859979E0
2.173575333E2	3.346383977E-1
2.175176000E2	-4.584538809E0
2.176935333E2	-7.732185921E0
2.178535000E2	-9.447770184E0
2.180296667E2	-8.942049062E0
2.181896000E2	-8.091048023E0
2.183496000E2	-6.888388476E0
2.185256333E2	-9.554404694E-1
2.186855333E2	5.285554897E0
2.188615667E2	1.204188257E1
2.190217333E2	1.865938476E1
2.191974333E2	2.589571286E1
2.193575000E2	3.489342235E1
2.195175333E2	4.804057175E1
2.196936333E2	5.794103320E1
2.198536667E2	6.447923286E1
2.200295333E2	6.679407031E1
2.201896000E2	6.836947192E1
2.203496000E2	6.891692101E1
2.205255000E2	6.813257279E1
2.206854333E2	6.439710946E1
2.208613667E2	6.008115204E1
2.210215333E2	5.538670659E1
2.211816333E2	4.839237630E1
2.213576333E2	3.773218862E1
2.215174333E2	2.596348447E1
2.216936000E2	1.491473678E1
2.218534667E2	5.302132925E0
2.220136333E2	-2.726070483E0
2.221896000E2	-7.104270390E0
2.223495000E2	-8.762685717E0
2.225254000E2	-9.496985082E0
2.226855333E2	-8.580602782E0
2.228615333E2	-6.922129192E0
2.230215333E2	-4.339508924E0
2.231814667E2	2.097204004E0
2.233576000E2	9.581875670E0
2.235176000E2	1.583681735E1
2.236935000E2	2.316032552E1
2.238534333E2	3.129127057E1
2.240134667E2	4.220407401E1
2.241894667E2	5.504724195E1
2.243494333E2	6.299057753E1
2.245254000E2	6.702711133E1
2.246854333E2	6.818358418E1
2.248455000E2	6.897472172E1
2.250214667E2	6.847708861E1
2.251816000E2	6.550548760E1
2.253575667E2	6.090063076E1
2.255175333E2	5.615083701E1
2.256934667E2	4.926722398E1
2.258535333E2	3.915324928E1
2.260136000E2	2.795013414E1
2.261894667E2	1.615991401E1
2.263495000E2	5.530658891E0
2.265255000E2	-2.726714952E0
2.266855333E2	-6.297336771E0
2.268455667E2	-8.964609197E0
2.270215667E2	-9.786687716E0
2.271815000E2	-8.009090499E0
2.273575000E2	-6.591796254E0
2.275174667E2	-4.257350813E0
2.276774333E2	3.431079204E0
2.278534667E2	1.173056362E1
2.280135333E2	1.744469863E1
2.281894667E2	2.622877144E1
2.283496667E2	3.525176644E1
2.285094333E2	4.902135582E1
2.286853667E2	5.798174033E1
2.288455000E2	6.518224278E1
2.290214333E2	6.825232996E1
2.291814333E2	6.928577668E1
2.293574000E2	6.921753011E1
2.295173667E2	6.817428452E1
2.296775333E2	6.401395751E1
2.298533667E2	5.899933660E1
2.300133667E2	5.317373584E1
2.301893667E2	4.417023740E1
2.303495000E2	3.197463019E1
2.305094667E2	2.043957926E1
2.306854333E2	8.022319347E0
2.308454000E2	-1.124478145E0
2.310214333E2	-5.983552651E0
2.311813667E2	-8.028726545E0
2.313415333E2	-9.631644164E0
2.315174333E2	-9.153020237E0
2.316775333E2	-6.773616724E0
2.318533333E2	-3.872009938E0
2.320134333E2	2.987048056E0
2.321734667E2	1.120356842E1
2.323495000E2	1.787050935E1
2.325093667E2	2.616520171E1
2.326853333E2	3.573863882E1
2.328453000E2	5.090210926E1
2.330212333E2	5.981052949E1
2.331814000E2	6.648878191E1
2.333415333E2	6.917662381E1
2.335174000E2	6.972604160E1
2.336773333E2	6.906715468E1
2.338534000E2	6.510039028E1
2.340133333E2	6.132192205E1
2.341734667E2	5.541675467E1
2.343493333E2	4.645034742E1
2.345094000E2	3.383780150E1
2.346852667E2	2.294029189E1
2.348454667E2	1.017390681E1
2.350055000E2	-1.267402295E-1
2.351813000E2	-4.917218449E0
2.353413333E2	-7.726177037E0
2.355173667E2	-9.714086077E0
2.356774667E2	-9.717586718E0
2.358533667E2	-6.978993859E0
2.360134000E2	-4.584454760E0
2.361735667E2	1.701092571E0
2.363493333E2	1.015231680E1
2.365093000E2	1.691695772E1
2.366853000E2	2.522032725E1
2.368453333E2	3.507010431E1
2.370054333E2	5.077785491E1
2.371813667E2	5.944464741E1
2.373414333E2	6.533347505E1
2.375174000E2	6.843104095E1
2.376773667E2	6.978391723E1
2.378374333E2	6.871398934E1
2.380133667E2	6.450690455E1
2.381735000E2	6.017577677E1
2.383493333E2	5.432247543E1
2.385093333E2	4.522306281E1
2.386693333E2	3.244755698E1
2.388452667E2	1.948607656E1
2.390053333E2	7.949068848E0
2.391814000E2	-3.034845308E-1
2.393414667E2	-6.638301610E0
2.395172000E2	-8.921182314E0
2.396772667E2	-9.116064949E0
2.398373000E2	-8.781623669E0
2.400133000E2	-6.982700837E0
2.401733000E2	-2.177650158E0
2.403492000E2	6.254315804E0
2.405092333E2	1.328531826E1
2.406692667E2	2.108315928E1
2.408453667E2	2.992747295E1
2.410052333E2	4.229979704E1
2.411812333E2	5.614015308E1
2.413412333E2	6.398183963E1
2.415013000E2	6.739301437E1
2.416772333E2	6.858402471E1
2.418372000E2	6.892069229E1
2.420131667E2	6.652348262E1
2.421732333E2	6.140182678E1
2.423332667E2	5.534532800E1
2.425092667E2	4.634004782E1
2.426692333E2	3.517846875E1
2.428453333E2	2.264926467E1
2.430053667E2	8.452819908E0
2.431811667E2	-1.094770623E0
2.433413667E2	-5.681686278E0
2.435012333E2	-8.660324248E0
2.436772667E2	-9.848051575E0
2.438373000E2	-8.823998705E0
2.440132667E2	-6.676362263E0
2.441732333E2	-1.811655727E0
2.443333333E2	7.246029248E0
2.445093000E2	1.480618083E1
2.446692333E2	2.251624206E1
2.448453333E2	3.198380530E1
2.450052667E2	4.527375673E1
2.451653000E2	5.760615824E1
2.453413667E2	6.423536813E1
2.455013667E2	6.787433576E1
2.456771667E2	6.855501943E1
2.458372333E2	6.842243769E1
2.460132333E2	6.441910153E1
2.461733000E2	5.974662589E1
2.463334000E2	5.382741476E1
2.465092000E2	4.350151514E1
2.466691667E2	3.190251114E1
2.468451667E2	1.841686050E1
2.470053000E2	6.231341188E0
2.471652667E2	-1.561673385E0
2.473414333E2	-6.889929672E0
2.475012333E2	-8.951453051E0
2.476771000E2	-9.849472901E0
2.478371667E2	-7.918772458E0
2.479973000E2	-4.920084000E0
2.481732667E2	4.328596933E-1
2.483333000E2	1.022817117E1
2.485092667E2	1.795962961E1
2.486692333E2	2.603699152E1
2.488292667E2	3.602813081E1
2.490053000E2	5.073709542E1
2.491653667E2	5.981466839E1
2.493412667E2	6.639201064E1
2.495012333E2	6.830472259E1
2.496770667E2	6.845365647E1
2.498372333E2	6.764900175E1
2.499972667E2	6.329035880E1
2.501731333E2	5.700836610E1
2.503333000E2	4.889438867E1
2.505090667E2	3.726812135E1
2.506691000E2	2.625028036E1
2.508291667E2	1.214538636E1
2.510050667E2	6.115637115E-1
2.511652333E2	-4.578110663E0
2.513411667E2	-7.825063300E0
2.515012667E2	-9.846858490E0
2.516612667E2	-9.375496581E0
2.518372333E2	-7.583421828E0
2.519973000E2	-1.701020388E0
2.521731333E2	6.427357109E0
2.523331667E2	1.426822547E1
2.524932667E2	2.223250901E1
2.526691000E2	3.171875668E1
2.528292000E2	4.411769194E1
2.530051333E2	5.653524785E1
2.531652667E2	6.477710151E1
2.533410667E2	6.720817255E1
2.535010333E2	6.817318197E1
2.536611000E2	6.783165460E1
2.538372667E2	6.427931321E1
2.539971667E2	5.901865698E1
2.541730333E2	5.206247641E1
2.543331667E2	3.905366629E1
2.544932333E2	2.752405988E1
2.546691000E2	1.574894033E1
2.548291667E2	2.987322056E0
2.550051000E2	-4.593019739E0
2.551651333E2	-7.266441579E0
2.553252000E2	-9.160036614E0
2.555011667E2	-9.719514140E0
2.556612000E2	-7.745580224E0
2.558371333E2	-2.135200046E0
2.559971333E2	6.747850259E0
2.561730000E2	1.420728202E1
2.563332333E2	2.208284238E1
2.564932000E2	3.155057214E1
2.566691000E2	4.410317990E1
2.568291667E2	5.671307303E1
2.570051333E2	6.468876250E1
2.571652000E2	6.794971593E1
2.573252333E2	6.831421357E1
2.575012000E2	6.760769723E1
2.576610333E2	6.306898012E1
2.578371333E2	5.737996388E1
2.579972667E2	4.888286274E1
2.581572000E2	3.611471257E1
2.583331000E2	2.222707670E1
2.584932000E2	8.931778049E0
2.586691667E2	-6.728307062E-1
2.588291667E2	-5.985196305E0
2.589891000E2	-7.862607635E0
2.591651667E2	-8.823043734E0
2.593251333E2	-8.723056551E0
2.595012000E2	-5.731263120E0
2.596612000E2	1.815472289E0
2.598371333E2	1.150666999E1
2.599971000E2	1.950707224E1
2.601572333E2	2.817385156E1
2.603331333E2	3.866968625E1
2.604930333E2	5.244161597E1
2.606689333E2	6.335313522E1
2.608291333E2	6.751291219E1
2.609892667E2	6.842884909E1
2.611650000E2	6.790793528E1
2.613251667E2	6.405122925E1
2.615010000E2	5.821909524E1
2.616610000E2	4.978082007E1
2.618210333E2	3.584940612E1
2.619970333E2	2.215955208E1
2.621570667E2	7.778419044E0
2.623331333E2	-2.196664574E0
2.624931333E2	-6.769063695E0
2.626531333E2	-8.925788532E0
2.628291000E2	-8.676676030E0
2.629891333E2	-6.351954288E0
2.631649667E2	-2.830695390E0
2.633252667E2	7.224788064E0
2.635009333E2	1.514704454E1
2.636610000E2	2.423758951E1
2.638210333E2	3.586098396E1
2.639970667E2	5.112693926E1
2.641570333E2	6.093679963E1
2.643330333E2	6.720066485E1
2.644930667E2	6.853249925E1
2.646531667E2	6.833039576E1
2.648290333E2	6.395376610E1
2.649890000E2	5.908622908E1
2.651650667E2	5.175680968E1
2.653251667E2	3.912742420E1
2.654850333E2	2.300157176E1
2.656611000E2	8.203766564E0
2.658210333E2	-1.580079633E0
2.659971333E2	-6.775537184E0
2.661569667E2	-9.230388696E0
2.663330000E2	-8.881522819E0
2.664930000E2	-7.268559527E0
2.666531333E2	-2.701958768E0
2.668291000E2	7.870646260E0
2.669893000E2	1.455114394E1
2.671649667E2	2.502227826E1
2.673250667E2	3.842514862E1
2.674851000E2	5.300853046E1
2.676610333E2	5.923696506E1
2.678209000E2	6.673744334E1
2.679969333E2	6.841063632E1
2.681570667E2	6.823042997E1
2.683170333E2	6.412504268E1
2.684930000E2	5.878279734E1
2.686530000E2	5.109903455E1
2.688290667E2	3.892619260E1
2.689889000E2	2.398606874E1
2.691490667E2	7.652662924E0
2.693250667E2	-2.371275519E0
2.694852333E2	-5.457459047E0
2.696610333E2	-7.995928689E0
2.698210000E2	-9.023348798E0
2.699969667E2	-8.182594544E0
2.701568667E2	-3.035573732E0
2.703172000E2	8.104518916E0
2.704929333E2	1.515617013E1
2.706530333E2	2.569680102E1
2.708288333E2	4.059111998E1
2.709889667E2	5.645631313E1
2.711489333E2	6.250017358E1
2.713250667E2	6.719583783E1
2.714850667E2	6.835319347E1
2.716608667E2	6.811442914E1
2.718209333E2	6.326594372E1
2.719809333E2	5.747840709E1
2.721569667E2	4.859890373E1
2.723169000E2	3.522353613E1
2.724929667E2	2.107866020E1
2.726530667E2	4.454902803E0
2.728130667E2	-4.878103729E0
2.729890333E2	-6.718116988E0
2.731490333E2	-7.226635356E0
2.733249333E2	-7.241552079E0
2.734850333E2	-6.662293880E0
2.736609333E2	-1.773010128E0
2.738209667E2	1.011506964E1
2.739810000E2	1.836065051E1
2.741570000E2	3.247393182E1
2.743169000E2	5.113778411E1
2.744928667E2	5.942434109E1
2.746530000E2	6.536351822E1
2.748129333E2	6.906653361E1
2.749889333E2	6.995163788E1
2.751490333E2	6.794986088E1
2.753250333E2	6.144432336E1
2.754848333E2	5.477859022E1
2.756450000E2	4.398714323E1
2.758210000E2	2.907792459E1
2.759809333E2	1.454741556E1
2.761568000E2	1.667418816E-2
2.763169000E2	-6.786308826E0
2.764928000E2	-8.149974066E0
2.766529000E2	-8.804852302E0
2.768130000E2	-7.094633424E0
2.769888000E2	-4.084855636E0
2.771491000E2	3.018643322E0
2.773248667E2	1.321385533E1
2.774848333E2	2.337520733E1
2.776449667E2	3.953574281E1
2.778209667E2	5.836462923E1
2.779809667E2	6.453791890E1
2.781568333E2	6.916904728E1
2.783169667E2	7.137499108E1
2.784768333E2	7.083511112E1
2.786527667E2	6.534285085E1
2.788128667E2	5.874518348E1
2.789889000E2	4.844565396E1
2.791488667E2	3.346715776E1
2.793089667E2	1.888234399E1
2.794849000E2	3.193399943E0
2.796449000E2	-4.757438953E0
2.798209000E2	-7.622326366E0
2.799808667E2	-8.657895254E0
2.801567667E2	-8.149132629E0
2.803170000E2	-6.283453128E0
2.804768667E2	-8.275312452E-1
2.806528333E2	1.088918935E1
2.808127667E2	1.945123429E1
2.809887333E2	3.144549553E1
2.811488667E2	5.096431578E1
2.813088667E2	6.329438742E1
2.814847333E2	6.904231287E1
2.816449667E2	7.177688635E1
2.818209000E2	7.185749661E1
2.819808333E2	6.798187220E1
2.821408667E2	6.193763719E1
2.823169000E2	5.244176173E1
2.824768667E2	3.627525061E1
2.826529000E2	2.048746686E1
2.828127667E2	5.330741872E0
2.829728667E2	-3.565401318E0
2.831487667E2	-7.877860726E0
2.833091333E2	-9.269662796E0
2.834848667E2	-8.014582534E0
2.836449333E2	-5.358613159E0
2.838208000E2	-9.633762518E-1
2.839807667E2	1.008996707E1
2.841410667E2	1.816866680E1
2.843169333E2	3.078765780E1
2.844769000E2	4.932676298E1
2.846527667E2	6.213598005E1
2.848129000E2	6.806230779E1
2.849728667E2	7.040103560E1
2.851488333E2	7.114686518E1
2.853089000E2	6.911296421E1
2.854848333E2	6.298600038E1
2.856448000E2	5.429341895E1
2.858047667E2	3.935448176E1
2.859808000E2	2.308035456E1
2.861409000E2	7.140850448E0
2.863168000E2	-2.213013754E0
2.864768333E2	-6.934870798E0
2.866527333E2	-8.855821870E0
2.868128333E2	-8.151556041E0
2.869729000E2	-5.872375785E0
2.871487667E2	-1.045823202E0
2.873087333E2	1.013425875E1
2.874847000E2	1.824221654E1
2.876449000E2	3.137591324E1
2.878048333E2	4.990814123E1
2.879808333E2	6.191678032E1
2.881407667E2	6.775564973E1
2.883166667E2	6.987849878E1
2.884768333E2	7.004091447E1
2.886368333E2	6.765403222E1
2.888127667E2	6.195876087E1
2.889727000E2	5.348221430E1
2.891487000E2	3.807422679E1
2.893087000E2	2.206045147E1
2.894687667E2	6.912858500E0
2.896447667E2	-3.338339164E0
2.898048667E2	-8.489321084E0
2.899807333E2	-9.652658253E0
2.901407000E2	-7.401758281E0
2.903167333E2	-3.665974135E0
2.904769000E2	1.008595322E0
2.906368000E2	1.132021667E1
2.908126667E2	1.974745097E1
2.909727667E2	3.392318293E1
2.911486333E2	5.500358465E1
2.913086667E2	6.392180308E1
2.914688000E2	6.864883970E1
2.916447333E2	7.022930117E1
2.918048000E2	6.948332921E1
2.919808333E2	6.503981553E1
2.921408000E2	5.847087387E1
2.923007000E2	4.895522606E1
2.924767667E2	3.266566676E1
2.926367667E2	1.615610534E1
2.928127000E2	2.141270095E0
2.929727000E2	-4.947151726E0
2.931326333E2	-8.858688501E0
2.933087333E2	-9.864907148E0
2.934688000E2	-7.573914425E0
2.936447333E2	-2.088746632E0
2.938047000E2	6.835625457E0
2.939807333E2	1.638901852E1
2.941406667E2	2.710304946E1
2.943008000E2	4.199075087E1
2.944767333E2	5.947870182E1
2.946367333E2	6.704474167E1
2.948125333E2	7.035797967E1
2.949726667E2	7.025137325E1
2.951327667E2	6.622224418E1
2.953087667E2	6.048771938E1
2.954686667E2	5.291649328E1
2.956446000E2	3.945648682E1
2.958047000E2	2.082673761E1
2.959647333E2	4.127383482E0
2.961406333E2	-4.262768732E0
2.963006667E2	-7.738228656E0
2.964767333E2	-8.879446411E0
2.966367667E2	-8.384301538E0
2.968126000E2	-5.292667887E0
2.969725667E2	3.360581261E0
2.971330000E2	1.384618076E1
2.973086333E2	2.367884218E1
2.974686333E2	3.647162504E1
2.976447000E2	5.266404802E1
2.978046333E2	6.278346921E1
2.979646667E2	6.822339805E1
2.981406667E2	6.950470343E1
2.983007000E2	6.888683277E1
2.984765667E2	6.252916998E1
2.986366000E2	5.534159303E1
2.987967000E2	4.488643674E1
2.989727667E2	2.932447069E1
2.991327000E2	1.140648130E1
2.993087000E2	-2.443432515E0
2.994687000E2	-6.903269822E0
2.996286667E2	-8.634427475E0
2.998046333E2	-8.618861251E0
2.999647000E2	-6.810512693E0
3.001406667E2	-1.256878530E0
3.003007000E2	1.074027960E1
3.004766000E2	1.927004124E1
3.006366000E2	3.243829920E1
3.007966333E2	5.025774814E1
3.009726000E2	6.046156762E1
3.011326667E2	6.681686997E1
3.013085667E2	6.885747500E1
3.014685333E2	6.852346655E1
3.016286000E2	6.426058223E1
3.018045000E2	5.806905889E1
3.019646333E2	4.785877429E1
3.021406667E2	3.301851261E1
3.023006667E2	1.722621627E1
3.024606667E2	2.010552753E0
3.026366667E2	-6.192833960E0
3.027967000E2	-8.822201373E0
3.029727000E2	-8.767421718E0
3.031326000E2	-6.605311864E0
3.032928000E2	-1.609638332E0
3.034685667E2	9.727128093E0
3.036287000E2	1.794381727E1
3.038045333E2	3.199562883E1
3.039645333E2	5.281225290E1
3.041405667E2	6.385208093E1
3.043006667E2	6.855548261E1
3.044606667E2	7.041158385E1
3.046365667E2	6.943916268E1
3.047966667E2	6.329119329E1
3.049724333E2	5.621336693E1
3.051325333E2	4.352397448E1
3.052927333E2	2.495541603E1
3.054686000E2	8.812235145E0
3.056287000E2	-2.135774106E0
3.058046333E2	-7.261205804E0
3.059647333E2	-9.597498641E0
3.061246667E2	-8.694156425E0
3.063004333E2	-6.344619831E0
3.064605667E2	1.098282314E0
3.066364333E2	1.428469426E1
3.067965000E2	2.378886844E1
3.069725000E2	3.914623233E1
3.071324667E2	5.611400610E1
3.072928000E2	6.592559331E1
3.074686000E2	7.031390165E1
3.076286667E2	7.089343188E1
3.078045333E2	6.813077149E1
3.079646000E2	6.107535982E1
3.081245333E2	5.194467031E1
3.083006333E2	3.793822949E1
3.084605333E2	2.031263137E1
3.086364333E2	1.119924294E0
3.087965333E2	-5.616626162E0
3.089567333E2	-7.853092571E0
3.091325667E2	-8.983683363E0
3.092926333E2	-6.329508758E0
3.094685000E2	-3.501407512E0
3.096286000E2	6.849029581E0
3.097885667E2	1.771371851E1
3.099645000E2	3.047908566E1
3.101246000E2	4.940205425E1
3.103004333E2	6.296271075E1
3.104605000E2	6.886985493E1
3.106364667E2	7.078603591E1
3.107965000E2	7.027873700E1
3.109565333E2	6.524392582E1
3.111325333E2	5.773904093E1
3.112925667E2	4.527370598E1
3.114683667E2	2.812953964E1
3.116284667E2	1.135476134E1
3.117885333E2	-3.374209382E0
3.119644667E2	-7.952486291E0
3.121247333E2	-8.765714998E0
3.123005333E2	-8.020258050E0
3.124604667E2	-4.129920699E0
3.126205333E2	2.202023962E0
3.127964333E2	1.416100938E1
3.129564000E2	2.340391434E1
3.131325333E2	3.950248338E1
3.132926333E2	5.827028701E1
3.134524667E2	6.722237788E1
3.136285667E2	7.063645568E1
3.137885667E2	7.046508780E1
3.139644000E2	6.567191036E1
3.141245667E2	5.943168227E1
3.143004667E2	5.048812579E1
3.144604667E2	3.551642626E1
3.146205667E2	1.607677776E1
3.147965333E2	-9.192408716E-1
3.149564667E2	-6.745537584E0
3.151323333E2	-8.704830120E0
3.152927000E2	-8.900670399E0
3.154524000E2	-6.258906975E0
3.156283667E2	-8.552805421E-1
3.157884333E2	1.148457536E1
3.159644667E2	2.123511502E1
3.161245333E2	3.499789036E1
3.162846667E2	5.239380424E1
3.164604667E2	6.510295184E1
3.166205333E2	6.851407098E1
3.167965000E2	6.951992161E1
3.169564333E2	6.691869760E1
3.171323667E2	5.996477668E1
3.172924667E2	4.951595530E1
3.174526667E2	3.399912055E1
3.176283667E2	1.773410874E1
3.177884333E2	2.694220237E-1
3.179644667E2	-6.994633083E0
3.181243667E2	-9.191954385E0
3.182845333E2	-8.899755478E0
3.184605000E2	-5.067278791E0
3.186203333E2	1.868456782E0
3.187962667E2	1.403674921E1
3.189564000E2	2.416238306E1
3.191165000E2	3.989246185E1
3.192924667E2	5.759026351E1
3.194524667E2	6.609899964E1
3.196284667E2	6.967507460E1
3.197883333E2	6.942861736E1
3.199484667E2	6.365771066E1
3.201243667E2	5.707910953E1
3.202846000E2	4.680864018E1
3.204603667E2	3.014985251E1
3.206205000E2	1.222933917E1
3.207963667E2	-3.738264727E0
3.209563000E2	-8.546237100E0
3.211164667E2	-9.154838146E0
3.212925333E2	-7.824160527E0
3.214525333E2	-3.970573147E0
3.216283333E2	5.081700754E0
3.217883667E2	1.633635637E1
3.219483000E2	2.845430435E1
3.221245333E2	4.606843097E1
3.222843333E2	6.264363224E1
3.224604333E2	6.819361318E1
3.226204000E2	7.008025853E1
3.227804333E2	6.984193969E1
3.229563000E2	6.325632960E1
3.231164000E2	5.327622443E1
3.232924667E2	3.731192412E1
3.234524333E2	2.087145544E1
3.236125667E2	3.879358864E0
3.237884000E2	-4.782788783E0
3.239484000E2	-8.811529504E0
3.241243667E2	-9.669699667E0
3.242844000E2	-5.802334379E0
3.244603667E2	-7.635848793E-1
3.246203333E2	1.140152947E1
3.247804000E2	2.208086393E1
3.249562667E2	3.654544650E1
3.251162667E2	5.493666034E1
3.252923667E2	6.589016706E1
3.254524333E2	6.915125171E1
3.256124333E2	6.956024831E1
3.257883333E2	6.618551558E1
3.259483333E2	5.861345456E1
3.261242333E2	4.616096917E1
3.262844667E2	2.980945512E1
3.264443667E2	1.270140642E1
3.266202667E2	-2.802021135E0
3.267803000E2	-8.507666464E0
3.269564333E2	-9.494257781E0
3.271162333E2	-7.480522535E0
3.272923667E2	-2.989436469E0
3.274523333E2	5.394841828E0
3.276124333E2	1.725378693E1
3.277884000E2	2.957168660E1
3.279483000E2	4.790278489E1
3.281243000E2	6.260705989E1
3.282843333E2	6.827816952E1
3.284443667E2	6.924006246E1
3.286202333E2	6.845740278E1
3.287802667E2	6.250323877E1
3.289562667E2	5.155206852E1
3.291163000E2	3.507632866E1
3.292763333E2	1.786749896E1
3.294522000E2	2.031154077E0
3.296123333E2	-6.813318102E0
3.297883333E2	-9.060282176E0
3.299483000E2	-8.935040490E0
3.301082667E2	-5.489096895E0
3.302845000E2	2.438023318E0
3.304443000E2	1.424757013E1
3.306202000E2	2.541139210E1
3.307803667E2	4.215919433E1
3.309561667E2	5.984675930E1
3.311164000E2	6.655304268E1
3.312762333E2	6.859654939E1
3.314521667E2	6.828170449E1
3.316122333E2	6.310998679E1
3.317883000E2	5.391629149E1
3.319482667E2	3.782826589E1
3.321083333E2	1.940751521E1
3.322843000E2	3.934947787E0
3.324442000E2	-5.816861856E0
3.326202333E2	-9.310003110E0
3.327801667E2	-9.376564548E0
3.329402667E2	-4.897763668E0
3.331163333E2	2.724545959E0
3.332763333E2	1.464199237E1
3.334521667E2	2.550051585E1
3.336122000E2	4.415221595E1
3.337722000E2	6.140224487E1
3.339482667E2	6.824724260E1
3.341083333E2	6.989602283E1
3.342843000E2	6.878982919E1
3.344442667E2	6.236573540E1
3.346201333E2	5.419625856E1
3.347803333E2	3.837626212E1
3.349403000E2	1.809163320E1
3.351163000E2	3.050430837E0
3.352764333E2	-5.782042689E0
3.354521000E2	-9.019352129E0
3.356122000E2	-9.325379155E0
3.357723333E2	-5.893987374E0
3.359482000E2	1.898461055E0
3.361082333E2	1.472980769E1
3.362841333E2	2.526841221E1
3.364442000E2	4.306802654E1
3.366043000E2	6.115962815E1
3.367801000E2	6.890567663E1
3.369403000E2	7.028227919E1
3.371162667E2	6.916134424E1
3.372764000E2	6.266275378E1
3.374522000E2	5.430910328E1
3.376122667E2	4.019593779E1
3.377722667E2	1.798597418E1
3.379481333E2	1.262058936E0
3.381081333E2	-5.830811643E0
3.382842333E2	-8.709313366E0
3.384442000E2	-8.701964558E0
3.386042667E2	-5.878759461E0
3.387803000E2	2.456908029E0
3.389402333E2	1.618021684E1
3.391161000E2	2.686571343E1
3.392762667E2	4.469867105E1
3.394361333E2	6.213961330E1
3.396122667E2	6.943716647E1
3.397722667E2	7.025637891E1
3.399481000E2	6.908325545E1
3.401081000E2	6.250626305E1
3.402681667E2	5.242351329E1
3.404442333E2	3.698569199E1
3.406042333E2	1.715878827E1
3.407802000E2	-7.481781699E-1
3.409401667E2	-6.983095530E0
3.411161667E2	-8.618501209E0
3.412762333E2	-8.620982968E0
3.414362667E2	-5.698624383E0
3.416122000E2	4.843008142E0
3.417721667E2	1.904491405E1
3.419481000E2	3.095537460E1
3.421081333E2	5.036007271E1
3.422682667E2	6.328531546E1
3.424441667E2	6.801602310E1
3.426041667E2	6.851148186E1
3.427802000E2	6.546759454E1
3.429401000E2	5.839462700E1
3.431001333E2	4.606584568E1
3.432762000E2	2.843416156E1
3.434360667E2	9.252173511E0
3.436121333E2	-4.702201066E0
3.437721333E2	-9.143650379E0
3.439322000E2	-8.687854957E0
3.441080333E2	-6.150670533E0
3.442681000E2	-7.996286245E-1
3.444440667E2	1.196040887E1
3.446041333E2	2.341696738E1
3.447800000E2	3.910671604E1
3.449400667E2	5.816967343E1
3.451000667E2	6.754003842E1
3.452761333E2	6.906567213E1
3.454361333E2	6.834361881E1
3.456121000E2	6.221538755E1
3.457721333E2	5.302657096E1
3.459321667E2	3.694721700E1
3.461081333E2	1.751983686E1
3.462680000E2	3.968796394E-1
3.464440667E2	-6.936118297E0
3.466041667E2	-9.499175478E0
3.467640667E2	-8.799635481E0
3.469400333E2	-4.840411434E0
3.471001667E2	4.102533694E0
3.472761333E2	1.622804995E1
3.474360667E2	2.864520540E1
3.476120000E2	4.681067449E1
3.477720667E2	6.284004500E1
3.479321000E2	6.855889208E1
3.481080333E2	6.981374373E1
3.482681667E2	6.804608714E1
3.484441000E2	6.112060124E1
3.486041000E2	5.059965523E1
3.487642000E2	3.351413604E1
3.489400667E2	1.314180902E1
3.491000667E2	-1.966338483E0
3.492759667E2	-7.663694628E0
3.494360667E2	-9.113045378E0
3.495960667E2	-8.564935599E0
3.497721333E2	-3.540931834E0
3.499320667E2	7.043234415E0
3.501080667E2	1.816830704E1
3.502681333E2	3.132582010E1
3.504279667E2	5.088384409E1
3.506040333E2	6.473150670E1
3.507641000E2	6.886532105E1
3.509400667E2	6.981425845E1
3.511001667E2	6.624451303E1
3.512760000E2	5.935317017E1
3.514361000E2	4.815070940E1
3.515960000E2	2.961028946E1
3.517719667E2	1.028139138E1
3.519320000E2	-3.306852385E0
3.521079333E2	-8.797392140E0
3.522681000E2	-8.896738389E0
3.524280667E2	-7.470162492E0
3.526041333E2	-1.725676529E0
3.527641000E2	1.092660742E1
3.529400000E2	2.113073994E1
3.531000000E2	3.592678628E1
3.532601333E2	5.415119796E1
3.534360000E2	6.611318945E1
3.535960333E2	6.887431303E1
3.537719333E2	6.849353183E1
3.539319667E2	6.386792105E1
3.541079667E2	5.569961198E1
3.542680000E2	4.277018033E1
3.544280333E2	2.331127505E1
3.546039333E2	4.410170523E0
3.547639667E2	-5.914598121E0
3.549399667E2	-8.868312151E0
3.551000333E2	-8.722899548E0
3.552600333E2	-5.683782168E0
3.554359333E2	1.232049286E0
3.555959667E2	1.416167252E1
3.557719000E2	2.589453406E1
3.559320000E2	4.305375011E1
3.560920333E2	6.103194264E1
3.562680667E2	6.819554597E1
3.564279333E2	6.939326295E1
3.566039667E2	6.811382963E1
3.567641000E2	6.119617292E1
3.569239667E2	5.078673063E1
3.571000333E2	3.351634789E1
3.572599333E2	1.464159044E1
3.574360000E2	-2.179650269E0
3.575959667E2	-7.821696501E0
3.577718333E2	-9.062852228E0
3.579318667E2	-7.991950849E0
3.580920333E2	-3.291283291E0
3.582680000E2	7.324528849E0
3.584279333E2	1.912851772E1
3.586040333E2	3.322488445E1
3.587639667E2	5.303830593E1
3.589239667E2	6.547045720E1
3.590998667E2	6.904062536E1
3.592601000E2	6.928033796E1
3.594359667E2	6.500737763E1
3.595959000E2	5.768317461E1
3.597560000E2	4.422056751E1
3.599319333E2	2.501063300E1
3.600920000E2	6.267386279E0
3.602680000E2	-5.168930596E0
3.604279667E2	-8.799310577E0
3.605880000E2	-8.776967844E0
3.607640667E2	-6.727070587E0
3.609240667E2	5.474797003E-1
3.611000000E2	1.409770977E1
3.612599000E2	2.510188042E1
3.614359667E2	4.249930568E1
3.615960333E2	6.057059979E1
3.617560333E2	6.823766714E1
3.619318333E2	7.005885252E1
3.620918667E2	6.840943913E1
3.622679000E2	6.120274150E1
3.624280333E2	5.075234923E1
3.625880000E2	3.383841903E1
3.627638667E2	1.356803325E1
3.629239667E2	-1.776385975E0
3.630998000E2	-7.861339609E0
3.632598667E2	-9.104969865E0
3.634198333E2	-7.727197589E0
3.635959000E2	-3.527430161E0
3.637559667E2	9.034001232E0
3.639318667E2	2.026465097E1
3.640918000E2	3.461413992E1
3.642678000E2	5.267291656E1
3.644278667E2	6.581293977E1
3.645880333E2	6.880952079E1
3.647639667E2	6.880952655E1
3.649238667E2	6.317008457E1
3.650998667E2	5.584730613E1
3.652598333E2	4.194553758E1
3.654201667E2	2.277110854E1
3.655959333E2	3.888981320E0
3.657559667E2	-6.069327043E0
3.659318333E2	-9.810646541E0
3.660918333E2	-8.540640509E0
3.662520000E2	-5.399232602E0
3.664278667E2	3.790488190E0
3.665879333E2	1.708241019E1
3.667638333E2	2.947292244E1
3.669238667E2	4.871444557E1
3.670839667E2	6.329698147E1
3.672598333E2	6.839723835E1
3.674198667E2	6.932984213E1
3.675957667E2	6.520948990E1
3.677558333E2	5.782103584E1
3.679318000E2	4.512068780E1
3.680919333E2	2.532321056E1
3.682518667E2	6.362428016E0
3.684278333E2	-5.735415321E0
3.685879667E2	-9.471181617E0
3.687638333E2	-8.943287471E0
3.689238667E2	-5.733394137E0
3.690839667E2	1.164301936E0
3.692599667E2	1.516569582E1
3.694198667E2	2.695500048E1
3.695958000E2	4.518374312E1
3.697558667E2	6.255386508E1
3.699159333E2	6.937884914E1
3.700919667E2	7.016404770E1
3.702520667E2	6.756465613E1
3.704278333E2	5.973639066E1
3.705877667E2	4.884018616E1
3.707479000E2	3.097029144E1
3.709238000E2	1.039015586E1
3.710839333E2	-4.811817241E0
3.712597333E2	-8.750692683E0
3.714199000E2	-9.682673967E0
3.715957000E2	-6.373036298E0
3.717558333E2	-3.862599402E-1
3.719158667E2	1.315042741E1
3.720918333E2	2.538603507E1
3.722517667E2	4.155332082E1
3.724277333E2	5.987858642E1
3.725877667E2	6.878712802E1
3.727478000E2	6.949067312E1
3.729237667E2	6.701501941E1
3.730837667E2	5.915642159E1
3.732599000E2	4.722728050E1
3.734197333E2	2.902311641E1
3.735797667E2	8.308766289E0
3.737557333E2	-5.235518348E0
3.739158333E2	-9.091969898E0
3.740918667E2	-9.580323880E0
3.742517667E2	-5.517205802E0
3.744276667E2	1.935137310E0
3.745877000E2	1.501027659E1
3.747477333E2	2.803263983E1
3.749237667E2	4.577600626E1
3.750838333E2	6.178579585E1
3.752596667E2	6.822194731E1
3.754197000E2	6.854386931E1
3.755798000E2	6.488384066E1
3.757558667E2	5.700488918E1
3.759157333E2	4.311644588E1
3.760917000E2	2.352485214E1
3.762518667E2	4.791924475E0
3.764118333E2	-6.636173593E0
3.765878000E2	-9.165398492E0
3.767478333E2	-8.878413745E0
3.769236667E2	-4.325675443E0
3.770837667E2	5.804078188E0
3.772441667E2	1.859468335E1
3.774197667E2	3.297717838E1
3.775798333E2	5.357927752E1
3.777556667E2	6.583098891E1
3.779157667E2	6.836723267E1
3.780917667E2	6.815727929E1
3.782517333E2	6.294684728E1
3.784118667E2	5.287950288E1
3.785877667E2	3.582824213E1
3.787477667E2	1.451004957E1
3.789236333E2	-2.584630336E0
3.790837333E2	-8.468302660E0
3.792440000E2	-9.580154024E0
3.794196333E2	-7.610677219E0
3.795798000E2	-1.034452814E0
3.797556667E2	1.185633803E1
3.799156333E2	2.392164519E1
3.800760000E2	4.127835795E1
3.802518000E2	6.212970066E1
3.804118000E2	6.882337921E1
3.805877000E2	6.924144719E1
3.807478333E2	6.605949801E1
3.809077667E2	5.912669860E1
3.810837333E2	4.523152222E1
3.812438000E2	2.441058170E1
3.814196000E2	5.163110605E0
3.815799000E2	-6.156203585E0
3.817555667E2	-9.361992122E0
3.819156333E2	-8.615124971E0
3.820758000E2	-3.920324215E0
3.822516667E2	6.664412049E0
3.824117000E2	1.877317290E1
3.825877333E2	3.383672540E1
3.827477333E2	5.312508432E1
3.829077333E2	6.835087780E1
3.830837667E2	6.911846940E1
3.832436333E2	6.780280123E1
3.834198000E2	6.044040132E1
3.835797667E2	5.002816074E1
3.837397000E2	3.204462857E1
3.839156667E2	1.052742831E1
3.840756000E2	-3.926243787E0
3.842517000E2	-9.092700017E0
3.844117333E2	-9.471931774E0
3.845876333E2	-5.635172969E0
3.847477333E2	2.904317428E0
3.849077000E2	1.508325225E1
3.850837667E2	2.989307476E1
3.852436333E2	4.853994633E1
3.854196000E2	6.560351624E1
3.855797333E2	6.999214043E1
3.857396667E2	6.904411658E1
3.859155667E2	6.116681304E1
3.860757667E2	5.380662660E1
3.862515667E2	3.853757783E1
3.864116000E2	1.603654363E1
3.865717667E2	-1.713695011E0
3.867476667E2	-7.358082526E0
3.869077333E2	-9.657281196E0
3.870836000E2	-6.959820846E0
3.872436667E2	-3.789031816E-1
3.874037667E2	1.212087022E1
3.875795333E2	2.514120333E1
3.877396000E2	4.438937473E1
3.879155333E2	6.448309856E1
3.880756333E2	7.041458023E1
3.882515000E2	7.023680121E1
3.884115667E2	6.346136654E1
3.885715333E2	5.518637284E1
3.887476667E2	4.251980144E1
3.889076333E2	2.202535632E1
3.890835333E2	7.188627602E-1
3.892437000E2	-6.840056046E0
3.894036333E2	-8.823432930E0
3.895795333E2	-7.719251159E0
3.897396667E2	-1.305539978E0
3.899156333E2	1.051402868E1
3.900756667E2	2.212973440E1
3.902357000E2	4.035226273E1
3.904115333E2	6.224521105E1
3.905715667E2	7.080292787E1
3.907476333E2	7.085896484E1
3.909075333E2	6.504346640E1
3.910676000E2	5.614458001E1
3.912436333E2	4.285769932E1
3.914037000E2	2.451747785E1
3.915795667E2	2.987231415E0
3.917396333E2	-6.841885090E0
3.919154667E2	-8.667421088E0
3.920756000E2	-6.857589818E0
3.922355667E2	2.340308434E-1
3.924116333E2	1.233808064E1
3.925717000E2	2.447000110E1
3.927474667E2	4.652479505E1
3.929075000E2	6.458144597E1
3.930675000E2	7.108540273E1
3.932436333E2	7.046447289E1
3.934036000E2	6.263365342E1
3.935796333E2	5.347898353E1
3.937396000E2	3.548374850E1
3.938995000E2	1.681714949E1
3.940755667E2	-1.046554019E0
3.942355333E2	-7.770194407E0
3.944116000E2	-8.576513696E0
3.945716667E2	-5.790539735E0
3.947475667E2	3.085591665E0
3.949074667E2	1.609351533E1
3.950676000E2	3.043911334E1
3.952436333E2	5.307420488E1
3.954035000E2	6.654534651E1
3.955795333E2	7.062721710E1
3.957396000E2	6.993432744E1
3.958995000E2	6.177164584E1
3.960756000E2	4.899919793E1
3.962356000E2	2.903861953E1
3.964115333E2	1.064255955E1
3.965716000E2	-3.682692861E0
3.967315667E2	-8.602131668E0
3.969074333E2	-8.289794351E0
3.970674667E2	-3.768239366E0
3.972434333E2	7.954371853E0
3.974038000E2	2.056073318E1
3.975635333E2	3.704441889E1
3.977395000E2	5.643344512E1
3.978995333E2	6.848536393E1
3.980754333E2	7.036499299E1
3.982355667E2	6.760948583E1
3.984114667E2	5.879270524E1
3.985715000E2	4.153148841E1
3.987314333E2	1.993937378E1
3.989074333E2	3.178234881E0
3.990675667E2	-5.876921352E0
3.992434667E2	-8.779694548E0
3.994034333E2	-7.440080788E0
3.995635000E2	6.803900296E-1
3.997394333E2	1.380275614E1
3.998994667E2	2.608081965E1
4.000754667E2	4.604951759E1
4.002354333E2	6.154900361E1
4.003955000E2	6.894052453E1
4.005715667E2	6.921323119E1
4.007316000E2	6.418317123E1
4.009074000E2	5.374127631E1
4.010675333E2	3.303704904E1
4.012276333E2	1.026027533E1
4.014034000E2	-3.884145841E0
4.015638333E2	-8.580312107E0
4.017395000E2	-9.010624794E0
4.018994333E2	-5.281204341E0
4.020753333E2	5.724223016E0
4.022353667E2	1.929383956E1
4.023955000E2	3.532594089E1
4.025715667E2	5.524657350E1
4.027315000E2	6.701162692E1
4.029073333E2	6.922257190E1
4.030674333E2	6.705434705E1
4.032276000E2	5.928290931E1
4.034034000E2	4.428367629E1
4.035635333E2	2.195552379E1
4.037395333E2	8.988433561E-1
4.038994000E2	-7.854603722E0
4.040594667E2	-8.780244954E0
4.042356667E2	-7.594923501E0
4.043956000E2	-6.472373099E-1
4.045715000E2	1.378452198E1
4.047315333E2	2.634138327E1
4.049073000E2	4.622566268E1
4.050675000E2	6.372366365E1
4.052276667E2	6.872105547E1
4.054035000E2	6.824916563E1
4.055634667E2	6.112712736E1
4.057394667E2	5.073014374E1
4.058993667E2	3.039276713E1
4.060595000E2	8.586159053E0
4.062355000E2	-5.017545423E0
4.063955000E2	-9.722647674E0
4.065713000E2	-8.771369113E0
4.067313667E2	-2.790307013E0
4.068914000E2	1.039453379E1
4.070674000E2	2.151774117E1
4.072274000E2	4.056067330E1
4.074033667E2	6.143383702E1
4.075634333E2	6.938584677E1
4.077233333E2	6.998385189E1
4.078993000E2	6.426959486E1
4.080594667E2	5.424055723E1
4.082356000E2	3.534147971E1
4.083954333E2	1.411870121E1
4.085714000E2	-2.605713458E0
4.087313333E2	-8.061287331E0
4.088914000E2	-8.824260564E0
4.090673333E2	-6.117384055E0
4.092273000E2	5.532574417E0
4.094032667E2	1.806089621E1
4.095634333E2	3.568806567E1
4.097235000E2	5.741112904E1
4.098993000E2	6.906099216E1
4.100594667E2	7.046445741E1
4.102354000E2	6.743044200E1
4.103954333E2	5.837878537E1
4.105555667E2	4.166113745E1
4.107314667E2	1.939212668E1
4.108913667E2	1.207632364E0
4.110673000E2	-6.743383910E0
4.112273333E2	-7.823977984E0
4.113874667E2	-6.417207320E0
4.115634333E2	1.337089474E0
4.117234333E2	1.549016214E1
4.118993000E2	2.976742702E1
4.120595667E2	5.210795739E1
4.122353000E2	6.652882450E1
4.123953667E2	6.916078216E1
4.125553667E2	6.815232264E1
4.127314000E2	6.024245762E1
4.128913333E2	4.566210236E1
4.130674000E2	2.227572272E1
4.132273667E2	2.035123447E0
4.133873667E2	-6.829012718E0
4.135634000E2	-8.230471455E0
4.137233667E2	-6.281695354E0
4.138992667E2	-3.251985927E-1
4.140593333E2	1.365525756E1
4.142193667E2	2.708068214E1
4.143953333E2	4.876684436E1
4.145554333E2	6.521910137E1
4.147313333E2	7.014755717E1
4.148913000E2	6.904451035E1
4.150672333E2	6.142153880E1
4.152274000E2	4.917465437E1
4.153873667E2	2.702948727E1
4.155634333E2	4.061590413E0
4.157233667E2	-7.110244236E0
4.158992333E2	-9.099262935E0
4.160593000E2	-6.925466109E0
4.162193333E2	-8.379764658E-1
4.163954000E2	1.412561074E1
4.165554000E2	2.621366219E1
4.167312667E2	4.716026242E1
4.168913000E2	6.463796107E1
4.170513333E2	7.086501116E1
4.172271667E2	6.932751892E1
4.173873000E2	6.109872493E1
4.175633667E2	4.896806263E1
4.177233667E2	2.677468184E1
4.178833000E2	5.342692892E0
4.180593000E2	-6.041071111E0
4.182192667E2	-9.796576399E0
4.183953667E2	-7.817713328E0
4.185553667E2	-1.787918440E0
4.187311333E2	1.396930203E1
4.188912000E2	2.650402288E1
4.190514000E2	4.763293458E1
4.192272667E2	6.334017681E1
4.193873000E2	6.996499997E1
4.195631667E2	6.901384482E1
4.197233333E2	6.270594507E1
4.198832333E2	6.267824808E1
