mass_A
t	x
0.000000000E0	0.000000000E0
1.601000000E-1	-4.668045061E-2
3.360666667E-1	-1.725118436E-3
4.960333333E-1	-5.818258483E-3
6.562333333E-1	-1.385398165E-2
8.321333333E-1	-4.176086830E-3
9.920000000E-1	3.268198721E-2
1.167966667E0	2.452273025E-2
1.328133333E0	5.919680342E-2
1.488100000E0	6.556325077E-2
1.664000000E0	8.222313919E-2
1.824033333E0	1.268083855E-1
1.999933333E0	1.493250897E-1
2.160066667E0	2.221921199E-1
2.320233333E0	2.170214574E-1
2.495966667E0	2.223349679E-1
2.656000000E0	1.989524863E-1
2.832066667E0	1.711371127E-1
2.992000000E0	1.299367016E-1
3.152066667E0	1.305334186E-1
3.328066667E0	6.186879658E-2
3.488066667E0	5.236596642E-2
3.663933333E0	2.696907025E-2
3.823966667E0	4.881571944E-2
4.000033333E0	4.937332044E-2
4.160033333E0	3.414906485E-2
4.320133333E0	4.391032480E-2
4.496066667E0	2.034440075E-2
4.656066667E0	4.931289232E-2
4.831900000E0	4.117174124E-2
4.991966667E0	2.650171581E-2
5.152033333E0	2.605030360E-2
5.328100000E0	5.281594759E-2
5.488066667E0	5.197326883E-2
5.664033333E0	6.265456320E-2
5.823966667E0	1.076869304E-1
5.984000000E0	1.118038958E-1
6.159933333E0	1.019678218E-1
6.320066667E0	1.016929058E-1
6.496066667E0	1.061377751E-1
6.656000000E0	7.460445629E-2
6.815966667E0	-4.779794024E0
6.991900000E0	-1.814789600E1
7.152000000E0	-3.829932259E1
7.328000000E0	-5.579907076E1
7.487966667E0	-6.823389562E1
7.663933333E0	-7.165285293E1
7.823933333E0	-6.942802780E1
7.984000000E0	-6.436537336E1
8.159900000E0	-5.232487075E1
8.320000000E0	-4.071797206E1
8.495866667E0	-2.267417197E1
8.656033333E0	-1.823825750E0
8.816100000E0	6.667048779E0
8.992066667E0	6.905313882E0
9.152000000E0	2.474403955E0
9.327900000E0	-5.249715661E0
9.487866667E0	-2.128681861E1
9.647933333E0	-4.250629369E1
9.823933333E0	-6.119523994E1
9.984033333E0	-6.952945263E1
1.015990000E1	-7.056611268E1
1.031993333E1	-6.882083505E1
1.049583333E1	-6.150895795E1
1.065600000E1	-4.866361442E1
1.081610000E1	-3.610873830E1
1.099203333E1	-1.647553827E1
1.115196667E1	1.256389337E0
1.132796667E1	6.824119418E0
1.148786667E1	6.705081132E0
1.164803333E1	4.608726435E-1
1.182390000E1	-8.846393858E0
1.198393333E1	-2.677996447E1
1.215986667E1	-4.788382003E1
1.231986667E1	-6.363850604E1
1.248030000E1	-7.014447649E1
1.265600000E1	-7.110185368E1
1.281603333E1	-6.765568891E1
1.299200000E1	-5.888591288E1
1.315193333E1	-4.547920259E1
1.331200000E1	-3.147036093E1
1.348796667E1	-9.913369776E0
1.364793333E1	3.770724718E0
1.382393333E1	7.374904346E0
1.398386667E1	6.191810719E0
1.415986667E1	-1.814770014E0
1.431980000E1	-1.398225356E1
1.448000000E1	-3.299057225E1
1.465600000E1	-5.265912951E1
1.481600000E1	-6.633989338E1
1.499180000E1	-7.060190692E1
1.515193333E1	-7.058995609E1
1.531200000E1	-6.536964367E1
1.548796667E1	-5.356166652E1
1.564793333E1	-4.212799277E1
1.582396667E1	-2.490183423E1
1.598383333E1	-3.937680619E0
1.614383333E1	6.009127531E0
1.631983333E1	7.227574410E0
1.648010000E1	4.082421927E0
1.665586667E1	-4.180246535E0
1.681590000E1	-2.014671666E1
1.697600000E1	-4.073682009E1
1.715183333E1	-5.855951981E1
1.731196667E1	-6.791133892E1
1.748790000E1	-7.052303695E1
1.764796667E1	-6.939716209E1
1.782373333E1	-6.272634630E1
1.798376667E1	-4.973630361E1
1.814386667E1	-3.755835056E1
1.831983333E1	-1.774054046E1
1.847983333E1	-2.896045596E-1
1.865573333E1	7.154632052E0
1.881583333E1	7.122522042E0
1.897583333E1	1.288951924E0
1.915176667E1	-8.749842391E0
1.931183333E1	-2.729649240E1
1.948773333E1	-4.832483659E1
1.964783333E1	-6.345468115E1
1.980780000E1	-6.974288998E1
1.998376667E1	-7.091189945E1
2.014376667E1	-6.769883938E1
2.031973333E1	-5.869109589E1
2.047976667E1	-4.514673713E1
2.065573333E1	-3.067427642E1
2.081583333E1	-9.643314040E0
2.097583333E1	2.797762198E0
2.115176667E1	7.068986691E0
2.131180000E1	6.415440655E0
2.148770000E1	-1.152523603E0
2.164776667E1	-1.460044987E1
2.180776667E1	-3.481267648E1
2.198390000E1	-5.417911266E1
2.214376667E1	-6.692958884E1
2.231980000E1	-7.017589834E1
2.247980000E1	-7.015243207E1
2.263980000E1	-6.494240534E1
2.281573333E1	-5.384896711E1
2.297590000E1	-4.180147216E1
2.315173333E1	-2.449958784E1
2.331176667E1	-3.868959451E0
2.347180000E1	5.345291731E0
2.364786667E1	6.844732307E0
2.380793333E1	3.903546620E0
2.398390000E1	-4.093071088E0
2.414376667E1	-2.065112425E1
2.431970000E1	-4.136744744E1
2.447983333E1	-5.954914101E1
2.463986667E1	-6.907883256E1
2.481583333E1	-7.038262063E1
2.497590000E1	-6.897520627E1
2.515176667E1	-6.211448454E1
2.531190000E1	-4.906614350E1
2.547180000E1	-3.673162124E1
2.564783333E1	-1.627707698E1
2.580790000E1	-8.689857270E-3
2.598380000E1	6.613723937E0
2.614376667E1	6.426708132E0
2.630370000E1	5.266422946E-1
2.647983333E1	-8.892025383E0
2.663983333E1	-2.689924569E1
2.681573333E1	-4.760799067E1
2.697573333E1	-6.353896614E1
2.713580000E1	-7.015520122E1
2.731170000E1	-7.085949279E1
2.747186667E1	-6.771600502E1
2.764770000E1	-5.982783819E1
2.780773333E1	-4.621442135E1
2.798380000E1	-3.261808193E1
2.814366667E1	-1.110373521E1
2.830373333E1	1.590962098E0
2.847966667E1	6.761751698E0
2.863970000E1	6.028397107E0
2.881560000E1	-1.068992897E0
2.897583333E1	-1.272668691E1
2.913576667E1	-3.099172476E1
2.931183333E1	-5.064011272E1
2.947176667E1	-6.560341420E1
2.964773333E1	-7.082125530E1
2.980783333E1	-7.108916890E1
2.996780000E1	-6.667328597E1
3.014370000E1	-5.689361675E1
3.030370000E1	-4.402682424E1
3.047963333E1	-2.841043985E1
3.063986667E1	-8.114518566E0
3.081576667E1	3.888548095E0
3.097580000E1	7.171958125E0
3.113576667E1	6.072136533E0
3.131170000E1	-1.722797085E0
3.147176667E1	-1.420912205E1
3.164763333E1	-3.299175380E1
3.180780000E1	-5.166897078E1
3.196780000E1	-6.590468807E1
3.214366667E1	-7.083146981E1
3.230376667E1	-7.108088887E1
3.247970000E1	-6.633206072E1
3.263970000E1	-5.622077712E1
3.279980000E1	-4.281042379E1
3.297576667E1	-2.824011832E1
3.313570000E1	-8.754265056E0
3.331176667E1	4.532836680E0
3.347183333E1	7.541763999E0
3.363170000E1	6.059900893E0
3.380776667E1	-2.197588391E0
3.396766667E1	-1.490123448E1
3.414366667E1	-3.353290556E1
3.430376667E1	-5.185342207E1
3.447956667E1	-6.625012340E1
3.463963333E1	-7.063563883E1
3.479970000E1	-7.060823664E1
3.497576667E1	-6.654189336E1
3.513563333E1	-5.500893856E1
3.531166667E1	-4.205172189E1
3.547173333E1	-2.683115418E1
3.563176667E1	-6.964917057E0
3.580763333E1	5.889251445E0
3.596773333E1	7.879363892E0
3.614366667E1	5.259914316E0
3.630380000E1	-2.743163465E0
3.646380000E1	-1.609260418E1
3.663960000E1	-3.498861290E1
3.679963333E1	-5.323870897E1
3.697573333E1	-6.677461297E1
3.713570000E1	-7.020099607E1
3.729573333E1	-7.038129818E1
3.747170000E1	-6.629971052E1
3.763176667E1	-5.432595890E1
3.780770000E1	-4.202299085E1
3.796766667E1	-2.624176463E1
3.814353333E1	-6.372465428E0
3.830356667E1	6.152387199E0
3.846366667E1	7.767792733E0
3.863973333E1	5.300070685E0
3.879973333E1	-2.961585541E0
3.897560000E1	-1.650221014E1
3.913586667E1	-3.552868744E1
3.929576667E1	-5.406874137E1
3.947166667E1	-6.727936473E1
3.963170000E1	-7.012201367E1
3.980756667E1	-7.066877103E1
3.996756667E1	-6.595886444E1
4.012760000E1	-5.397327934E1
4.030366667E1	-4.142683917E1
4.046363333E1	-2.543830588E1
4.063973333E1	-6.026584202E0
4.079973333E1	6.454829999E0
4.097566667E1	7.911126701E0
4.113563333E1	5.950515393E0
4.129556667E1	-2.870069562E0
4.147150000E1	-1.469395177E1
4.163156667E1	-3.285594143E1
4.180766667E1	-5.186972176E1
4.196763333E1	-6.611564496E1
4.212763333E1	-7.009843889E1
4.230353333E1	-7.106409087E1
4.246376667E1	-6.647837303E1
4.263963333E1	-5.662532463E1
4.279963333E1	-4.476487603E1
4.295966667E1	-2.986049582E1
4.313550000E1	-9.447382585E0
4.329556667E1	3.994777215E0
4.347166667E1	7.456995798E0
4.363183333E1	6.632080892E0
4.379153333E1	-5.902536951E-1
4.396750000E1	-1.021938245E1
4.412753333E1	-2.814648340E1
4.430363333E1	-4.825863204E1
4.446360000E1	-6.435973113E1
4.463950000E1	-6.977502530E1
4.479953333E1	-7.169947646E1
4.495966667E1	-6.726570566E1
4.513543333E1	-5.929402857E1
4.529566667E1	-4.795369563E1
4.547156667E1	-3.513976892E1
4.563160000E1	-1.456505459E1
4.579160000E1	1.886418493E0
4.596750000E1	7.165564660E0
4.612756667E1	7.017368810E0
4.630343333E1	1.082439230E0
4.646360000E1	-6.790705345E0
4.662360000E1	-2.244079724E1
4.679963333E1	-4.185235525E1
4.695963333E1	-5.985970103E1
4.713543333E1	-6.873412639E1
4.729550000E1	-7.158934427E1
4.745556667E1	-6.899555597E1
4.763160000E1	-6.295037059E1
4.779163333E1	-5.108857372E1
4.796746667E1	-4.143180691E1
4.812760000E1	-2.285523679E1
4.830350000E1	-2.654178022E0
4.846363333E1	7.055955373E0
4.862353333E1	7.899851263E0
4.879950000E1	4.509043621E0
4.895963333E1	-3.152538772E0
4.913540000E1	-1.650492530E1
4.929550000E1	-3.500013835E1
4.945563333E1	-5.363196882E1
4.963156667E1	-6.738175702E1
4.979143333E1	-7.110190556E1
4.996743333E1	-6.987713547E1
5.012756667E1	-6.555590882E1
5.028753333E1	-5.522823168E1
5.046346667E1	-4.503471611E1
5.062346667E1	-2.862039214E1
5.079963333E1	-8.010769324E0
5.095950000E1	4.177220921E0
5.113553333E1	7.066940581E0
5.129553333E1	6.252511935E0
5.145556667E1	-9.569427407E-1
5.163160000E1	-1.079907434E1
5.179150000E1	-2.725410747E1
5.196746667E1	-4.565677201E1
5.212750000E1	-6.406674388E1
5.228760000E1	-7.006479570E1
5.246350000E1	-7.093164051E1
5.262340000E1	-6.850008628E1
5.279936667E1	-6.027401970E1
5.295953333E1	-4.924348889E1
5.311950000E1	-3.716769795E1
5.329546667E1	-1.717105756E1
5.345543333E1	2.046699374E-1
5.363156667E1	7.760959345E0
5.379156667E1	7.818233776E0
5.395160000E1	1.820260092E0
5.412736667E1	-6.004539617E0
5.428753333E1	-1.939969832E1
5.446353333E1	-3.723537824E1
5.462356667E1	-5.802128471E1
5.479933333E1	-6.833051718E1
5.495943333E1	-7.096414693E1
5.511946667E1	-6.978215750E1
5.529543333E1	-6.317357725E1
5.545543333E1	-5.286184033E1
5.563140000E1	-4.383195808E1
5.579140000E1	-2.596541171E1
5.595140000E1	-6.046753503E0
5.612736667E1	7.083384105E0
5.628753333E1	8.050623825E0
5.646340000E1	6.063021572E0
5.662350000E1	-2.703489290E0
5.678340000E1	-1.221173640E1
5.695943333E1	-2.751359100E1
5.711953333E1	-4.846148585E1
5.729536667E1	-6.576365587E1
5.745546667E1	-7.064094782E1
5.761570000E1	-7.157124530E1
5.779136667E1	-6.681303839E1
5.795146667E1	-6.005473420E1
5.812750000E1	-5.008916145E1
5.828753333E1	-3.732679039E1
5.846343333E1	-1.863744767E1
5.862340000E1	1.852449311E0
5.878343333E1	8.175645818E0
5.895936667E1	7.915850052E0
5.911936667E1	1.939060144E0
5.929543333E1	-5.314954820E0
5.945560000E1	-1.747392468E1
5.961543333E1	-3.680323955E1
5.979150000E1	-5.635242548E1
5.995136667E1	-6.833489922E1
6.012726667E1	-7.163798397E1
6.028743333E1	-6.906691844E1
6.044750000E1	-6.465047737E1
6.062350000E1	-5.589511111E1
6.078346667E1	-4.604276841E1
6.095936667E1	-2.984758824E1
6.111933333E1	-8.486256172E0
6.129543333E1	5.013973622E0
6.145543333E1	7.220070366E0
6.161546667E1	6.086058878E0
6.179126667E1	-9.914287083E-1
6.195133333E1	-9.062791415E0
6.212726667E1	-2.254501219E1
6.228740000E1	-4.391762935E1
6.244733333E1	-6.291493309E1
6.262330000E1	-7.013417555E1
6.278343333E1	-7.033931522E1
6.295936667E1	-6.804423715E1
6.311933333E1	-6.300492425E1
6.327943333E1	-5.384515616E1
6.345530000E1	-4.142829465E1
6.361543333E1	-2.539261425E1
6.379143333E1	-3.382398126E0
6.395133333E1	6.969390528E0
6.411133333E1	7.720982223E0
6.428726667E1	4.938001415E0
6.444730000E1	-2.802372606E0
6.462340000E1	-1.243407541E1
6.478333333E1	-2.863150063E1
6.495933333E1	-5.071938501E1
6.511926667E1	-6.690567102E1
6.527943333E1	-7.024950954E1
6.545533333E1	-7.001610259E1
6.561540000E1	-6.673677319E1
6.579133333E1	-6.237820208E1
6.595136667E1	-5.093527308E1
6.611153333E1	-3.649616657E1
6.628730000E1	-1.889463285E1
6.644733333E1	8.870385893E-1
6.662326667E1	6.951681374E0
6.678326667E1	6.639491870E0
6.694330000E1	2.904966693E0
6.711926667E1	-3.866182897E0
6.727930000E1	-1.514127255E1
6.745520000E1	-3.433117741E1
6.761536667E1	-5.487689398E1
6.779120000E1	-6.826451852E1
6.795136667E1	-7.002827390E1
6.811126667E1	-6.937152675E1
6.828736667E1	-6.733231566E1
6.844740000E1	-6.137309129E1
6.862316667E1	-4.838727298E1
6.878340000E1	-3.354691946E1
6.894343333E1	-1.444173265E1
6.911923333E1	1.596148460E0
6.927940000E1	5.971362488E0
6.945516667E1	5.603002636E0
6.961523333E1	1.233724390E0
6.977530000E1	-5.402199935E0
6.995116667E1	-1.810214656E1
7.011126667E1	-3.997441318E1
7.028720000E1	-6.021206015E1
7.044740000E1	-6.833936016E1
7.060733333E1	-6.904233999E1
7.078336667E1	-6.939746191E1
7.094320000E1	-6.828810988E1
7.111920000E1	-5.957854958E1
7.127923333E1	-4.481014656E1
7.145516667E1	-3.065386496E1
7.161530000E1	-1.079009769E1
7.177530000E1	2.232880105E0
7.195120000E1	5.012460115E0
7.211123333E1	5.002005955E0
7.228726667E1	1.517490182E0
7.244730000E1	-6.948307812E0
7.260730000E1	-2.107902644E1
7.278316667E1	-4.387720471E1
7.294336667E1	-6.157669320E1
7.311913333E1	-6.755753524E1
7.327933333E1	-6.953702725E1
7.343920000E1	-7.021690367E1
7.361520000E1	-6.869426098E1
7.377526667E1	-5.764557247E1
7.395130000E1	-4.369698408E1
7.411120000E1	-2.924845917E1
7.427130000E1	-1.134803192E1
7.444733333E1	2.054590310E0
7.460733333E1	4.130993264E0
7.478326667E1	5.103336166E0
7.494326667E1	8.780768868E-1
7.511910000E1	-8.311258427E0
7.527916667E1	-2.507971710E1
7.543933333E1	-4.735076767E1
7.561513333E1	-6.271765643E1
7.577523333E1	-6.781486156E1
7.595110000E1	-7.060278886E1
7.611113333E1	-7.168328604E1
7.627123333E1	-6.780393336E1
7.644730000E1	-5.477518034E1
7.660733333E1	-4.078266570E1
7.678323333E1	-2.721195357E1
7.694316667E1	-1.029871008E1
7.710320000E1	2.871725055E0
7.727910000E1	4.680641363E0
7.743926667E1	5.689759426E0
7.761530000E1	1.465331946E0
7.777516667E1	-8.104368298E0
7.795106667E1	-2.542400675E1
7.811113333E1	-4.540480565E1
7.827130000E1	-6.000567518E1
7.844726667E1	-6.753681485E1
7.860720000E1	-7.122545212E1
7.878320000E1	-7.228263268E1
7.894323333E1	-6.889989418E1
7.910316667E1	-5.689792213E1
7.927913333E1	-4.200009376E1
7.943926667E1	-3.000343720E1
7.961520000E1	-1.167095442E1
7.977526667E1	1.701250993E-1
7.993513333E1	4.688984882E0
8.011113333E1	6.051373649E0
8.027120000E1	3.348253404E0
8.044720000E1	-4.164604308E0
8.060716667E1	-1.922729704E1
8.076750000E1	-3.624377065E1
8.094310000E1	-5.224898451E1
8.110316667E1	-6.538639226E1
8.127913333E1	-7.194254301E1
8.143926667E1	-7.018527628E1
8.161513333E1	-6.990355947E1
8.177523333E1	-6.152510239E1
8.193516667E1	-4.685393538E1
8.211110000E1	-3.697619893E1
8.227106667E1	-2.074914864E1
8.244716667E1	-5.648065085E0
8.260703333E1	3.836682116E0
8.276710000E1	6.742022314E0
8.294316667E1	6.624222647E0
8.310310000E1	-8.436915950E-1
8.327900000E1	-1.015369749E1
8.343923333E1	-2.416944858E1
8.359933333E1	-4.185518243E1
8.377523333E1	-6.101020151E1
8.393513333E1	-7.067510086E1
8.411103333E1	-7.398536323E1
8.427106667E1	-7.088168860E1
8.443110000E1	-6.507445829E1
8.460710000E1	-5.505858680E1
8.476720000E1	-4.397621499E1
8.494303333E1	-3.153738358E1
8.510306667E1	-1.327403383E1
8.527900000E1	2.196901171E-1
8.543913333E1	6.130236991E0
8.559946667E1	6.926804779E0
8.577520000E1	2.869251667E0
8.593513333E1	-4.023389619E0
8.611096667E1	-1.338993305E1
8.627120000E1	-3.066306731E1
8.643116667E1	-5.190014389E1
8.660700000E1	-6.745136475E1
8.676710000E1	-7.210603922E1
8.694300000E1	-7.097823621E1
8.710303333E1	-6.748888560E1
8.726303333E1	-6.285592086E1
8.743910000E1	-5.194897937E1
8.759906667E1	-4.124180525E1
8.777516667E1	-2.696168707E1
8.793516667E1	-8.772189035E0
8.811096667E1	4.135713393E0
8.827100000E1	6.261832004E0
8.843120000E1	6.201253332E0
8.860696667E1	1.637518809E0
8.876706667E1	-5.493059282E0
8.894293333E1	-1.822212764E1
8.910300000E1	-3.992580924E1
8.926310000E1	-5.829288852E1
8.943900000E1	-6.814202115E1
8.959896667E1	-7.030405125E1
8.977496667E1	-6.974349831E1
8.993510000E1	-6.675295863E1
9.009503333E1	-6.153664106E1
9.027096667E1	-4.859956865E1
9.043113333E1	-3.836805146E1
9.060696667E1	-2.130899657E1
9.076706667E1	-3.341285661E0
9.092716667E1	4.906203289E0
9.110296667E1	6.798769026E0
9.126313333E1	6.124905993E0
9.143906667E1	1.151453658E0
9.159913333E1	-8.047848691E0
9.177490000E1	-2.445354698E1
9.193503333E1	-4.364319666E1
9.209506667E1	-5.831786480E1
9.227103333E1	-6.716046345E1
9.243100000E1	-7.032177535E1
9.260710000E1	-6.989538470E1
9.276703333E1	-6.791235968E1
9.292713333E1	-5.991076032E1
9.310296667E1	-4.759444494E1
9.326296667E1	-3.680188813E1
9.343890000E1	-1.918668635E1
9.359910000E1	-2.019550341E0
9.375913333E1	5.715557000E0
9.393516667E1	7.501518229E0
9.409500000E1	6.828029435E0
9.427093333E1	2.108602598E-1
9.443106667E1	-9.507185208E0
9.459110000E1	-2.489966467E1
9.476710000E1	-4.183284355E1
9.492700000E1	-5.944111934E1
9.510290000E1	-6.789618466E1
9.526310000E1	-7.009881307E1
9.543903333E1	-7.071502204E1
9.559906667E1	-6.775112756E1
9.575906667E1	-6.023770238E1
9.593506667E1	-4.818757213E1
9.609500000E1	-3.695968861E1
9.627086667E1	-2.069670478E1
9.643093333E1	-1.827630108E0
9.659096667E1	5.732730085E0
9.676703333E1	7.259967990E0
9.692706667E1	6.163767693E0
9.710290000E1	3.827426640E-2
9.726306667E1	-8.194898477E0
9.742310000E1	-2.163447639E1
9.759896667E1	-4.199905795E1
9.775903333E1	-5.977883944E1
9.793486667E1	-6.732626032E1
9.809486667E1	-7.055144958E1
9.827100000E1	-7.185153023E1
9.843090000E1	-6.860693659E1
9.859106667E1	-6.191353622E1
9.876693333E1	-4.775497933E1
9.892690000E1	-3.722635358E1
9.910283333E1	-2.236965007E1
9.926296667E1	-4.041903863E0
9.942300000E1	5.079232557E0
9.959893333E1	6.873930428E0
9.975900000E1	6.299463015E0
9.993490000E1	1.220970760E0
1.000948667E2	-7.096601495E0
1.002549000E2	-2.126578367E1
1.004308333E2	-4.215619745E1
1.005909333E2	-5.762246804E1
1.007668667E2	-6.742161367E1
1.009269000E2	-7.166067549E1
1.010870333E2	-7.207361369E1
1.012628667E2	-6.840682243E1
1.014230333E2	-6.076522553E1
1.015989333E2	-4.726540035E1
1.017589667E2	-3.782817467E1
1.019349000E2	-2.187945261E1
1.020949000E2	-5.758297668E0
1.022550333E2	4.504019543E0
1.024309000E2	6.230432056E0
1.025908333E2	6.266610710E0
1.027668667E2	1.927110184E0
1.029269000E2	-5.928889751E0
1.030870000E2	-1.930875401E1
1.032628333E2	-3.717396932E1
1.034228667E2	-5.464417301E1
1.035987667E2	-6.714256948E1
1.037589333E2	-7.196976993E1
1.039189667E2	-7.070287511E1
1.040948333E2	-6.804427131E1
1.042549667E2	-6.225232891E1
1.044309000E2	-5.080507137E1
1.045909333E2	-4.101888793E1
1.047509667E2	-2.573104788E1
1.049269000E2	-6.975325663E0
1.050870333E2	4.173366458E0
1.052629000E2	6.342114316E0
1.054228333E2	6.851249907E0
1.055989000E2	2.971874759E0
1.057590000E2	-3.369058260E0
1.059188333E2	-1.561860582E1
1.060948333E2	-3.399299549E1
1.062548667E2	-5.173460143E1
1.064307333E2	-6.461772674E1
1.065909667E2	-7.034239094E1
1.067509000E2	-6.998588571E1
1.069269000E2	-6.941257871E1
1.070868667E2	-6.584085883E1
1.072629000E2	-5.485029967E1
1.074227667E2	-4.396390643E1
1.075829333E2	-3.103053415E1
1.077588000E2	-1.087550531E1
1.079187667E2	1.194880470E0
1.080949333E2	5.980212937E0
1.082548667E2	7.061685892E0
1.084307667E2	5.976379966E0
1.085908000E2	-6.992954893E-1
1.087509667E2	-1.099036134E1
1.089267667E2	-2.808515750E1
1.090869667E2	-4.589097143E1
1.092627000E2	-6.019164171E1
1.094227333E2	-6.799103720E1
1.095827667E2	-7.008311763E1
1.097587000E2	-7.157544813E1
1.099188333E2	-6.859892333E1
1.100948000E2	-5.898498145E1
1.102549667E2	-4.709202196E1
1.104148000E2	-3.646810611E1
1.105907667E2	-1.907341669E1
1.107508000E2	-2.155047498E0
1.109268333E2	5.067696447E0
1.110869000E2	7.015159563E0
1.112469333E2	6.838701205E0
1.114229000E2	1.394966375E0
1.115828667E2	-6.126111996E0
1.117588667E2	-1.927037034E1
1.119188333E2	-3.800659640E1
1.120948000E2	-5.382066908E1
1.122547333E2	-6.603021890E1
1.124148667E2	-7.053617420E1
1.125908000E2	-7.210228505E1
1.127507667E2	-6.983927013E1
1.129267333E2	-6.307262237E1
1.130868000E2	-5.242092788E1
1.132469000E2	-4.279953236E1
1.134228333E2	-2.892784682E1
1.135829000E2	-1.117079277E1
1.137588333E2	1.839149842E0
1.139189000E2	5.335850933E0
1.140788333E2	6.273207617E0
1.142547000E2	4.897366632E0
1.144147333E2	-9.400292529E-1
1.145908667E2	-1.186675514E1
1.147506667E2	-2.818914910E1
1.149107667E2	-4.602087864E1
1.150867000E2	-6.107619841E1
1.152467667E2	-6.905904095E1
1.154228333E2	-7.138009553E1
1.155828667E2	-7.144335603E1
1.157587333E2	-6.681114890E1
1.159188000E2	-5.904741390E1
1.160788667E2	-4.776986240E1
1.162547000E2	-3.767621555E1
1.164147333E2	-2.234967225E1
1.165907000E2	-4.949703765E0
1.167508667E2	3.948725672E0
1.169108667E2	6.154435440E0
1.170867333E2	6.628139377E0
1.172466667E2	2.953967745E0
1.174228000E2	-4.452643641E0
1.175828333E2	-1.713248473E1
1.177427333E2	-3.438258478E1
1.179187333E2	-5.022433293E1
1.180788000E2	-6.465672611E1
1.182546333E2	-7.007843147E1
1.184148000E2	-7.107896516E1
1.185907667E2	-6.941517411E1
1.187506667E2	-6.429145122E1
1.189107000E2	-5.687364302E1
1.190868000E2	-4.624367598E1
1.192467333E2	-3.388802318E1
1.194227333E2	-1.692560301E1
1.195827667E2	-2.212137604E-1
1.197428333E2	5.067308937E0
1.199188333E2	7.206778869E0
1.200788333E2	6.643362339E0
1.202546667E2	1.147301504E0
1.204147000E2	-7.950701815E0
1.205746667E2	-2.216938860E1
1.207507333E2	-3.947323502E1
1.209107333E2	-5.443230793E1
1.210867333E2	-6.584405855E1
1.212467000E2	-7.011948059E1
1.214067667E2	-7.175916884E1
1.215826333E2	-6.882066772E1
1.217426667E2	-6.423895927E1
1.219187000E2	-5.411543528E1
1.220787333E2	-4.399378671E1
1.222545667E2	-3.139746982E1
1.224146333E2	-1.341542620E1
1.225747333E2	-1.022483674E0
1.227507333E2	5.380145166E0
1.229106333E2	7.050667866E0
1.230865667E2	6.763713259E0
1.232467000E2	2.645837010E-1
1.234067000E2	-9.880919085E0
1.235828000E2	-2.428600782E1
1.237426667E2	-3.985531428E1
1.239186333E2	-5.621072150E1
1.240787000E2	-6.775044609E1
1.242387000E2	-7.170749036E1
1.244145667E2	-7.148302955E1
1.245746667E2	-6.841524094E1
1.247507333E2	-6.305389458E1
1.249107333E2	-5.241482613E1
1.250707667E2	-4.242567112E1
1.252465667E2	-2.954340555E1
1.254067000E2	-1.097472229E1
1.255825333E2	1.307124407E0
1.257427333E2	5.478378351E0
1.259186667E2	6.461999238E0
1.260785667E2	5.848765618E0
1.262387333E2	-9.091551368E-1
1.264147333E2	-1.088416896E1
1.265746333E2	-2.585116812E1
1.267505333E2	-4.171973530E1
1.269107000E2	-5.748944085E1
1.270706000E2	-6.871059862E1
1.272466667E2	-7.097850767E1
1.274068333E2	-7.057576068E1
1.275827333E2	-6.781046346E1
1.277426333E2	-6.354134780E1
1.279026000E2	-5.315221727E1
1.280787000E2	-4.268097149E1
1.282387333E2	-3.029006802E1
1.284145667E2	-1.139516717E1
1.285746667E2	3.329466078E-1
1.287505000E2	5.087115125E0
1.289107000E2	7.356761413E0
1.290707000E2	7.146569088E0
1.292465667E2	-1.115025409E-1
1.294067000E2	-8.455464144E0
1.295825000E2	-2.216697263E1
1.297426667E2	-3.760113158E1
1.299026667E2	-5.446734671E1
1.300786667E2	-6.760282866E1
1.302387000E2	-7.051075837E1
1.304145333E2	-7.074637135E1
1.305746333E2	-6.888555719E1
1.307346667E2	-6.630635504E1
1.309106000E2	-5.680807856E1
1.310705333E2	-4.503174599E1
1.312466667E2	-3.368755633E1
1.314066667E2	-1.676817248E1
1.315666000E2	-1.835871572E0
1.317425333E2	4.812007250E0
1.319025667E2	7.908958726E0
1.320786667E2	7.166789088E0
1.322385667E2	9.255987334E-1
1.324145667E2	-5.815933790E0
1.325745667E2	-1.680715667E1
1.327346333E2	-3.146773086E1
1.329104333E2	-4.996715681E1
1.330705333E2	-6.570142916E1
1.332466000E2	-6.998483407E1
1.334066333E2	-7.093805290E1
1.335665667E2	-7.061989443E1
1.337426667E2	-6.852701313E1
1.339026000E2	-5.973760792E1
1.340784000E2	-4.621001717E1
1.342385333E2	-3.702798933E1
1.343986333E2	-2.168822453E1
1.345745667E2	-5.855591623E0
1.347345333E2	2.931985973E0
1.349105667E2	7.286169445E0
1.350706333E2	7.365218344E0
1.352305667E2	2.236048398E0
1.354065667E2	-3.172021450E0
1.355666333E2	-1.295716506E1
1.357425000E2	-2.660097188E1
1.359025667E2	-4.545008853E1
1.360785000E2	-6.312068514E1
1.362385333E2	-6.875383558E1
1.363986333E2	-7.043213022E1
1.365746000E2	-7.080678777E1
1.367346333E2	-6.855828627E1
1.369105667E2	-6.323304372E1
1.370706333E2	-5.080669536E1
1.372305000E2	-4.283109383E1
1.374065333E2	-2.835599003E1
1.375667333E2	-9.851778397E0
1.377426000E2	4.135249670E-2
1.379026000E2	6.042043567E0
1.380626333E2	7.846082651E0
1.382385000E2	6.744888646E0
1.383987000E2	7.626456127E-1
1.385745667E2	-6.778693573E0
1.387346000E2	-1.722712307E1
1.389104333E2	-3.605904063E1
1.390705000E2	-5.325042135E1
1.392306333E2	-6.471294366E1
1.394065333E2	-6.897949230E1
1.395665333E2	-7.112881289E1
1.397424333E2	-7.032332722E1
1.399024000E2	-6.771809656E1
1.400624333E2	-6.024834392E1
1.402385667E2	-4.831368625E1
1.403985000E2	-3.910418599E1
1.405744333E2	-2.445154368E1
1.407345667E2	-7.262214301E0
1.408946000E2	3.043779166E0
1.410704667E2	7.371729456E0
1.412304333E2	7.752605119E0
1.414063667E2	5.833094829E0
1.415664333E2	5.717748102E-2
1.417265667E2	-8.022366630E0
1.419025333E2	-2.108336825E1
1.420626000E2	-3.933750419E1
1.422385333E2	-5.476725634E1
1.423985000E2	-6.562739652E1
1.425745000E2	-7.029869796E1
1.427344667E2	-7.106660906E1
1.428945333E2	-6.963670509E1
1.430705000E2	-6.591357689E1
1.432305333E2	-5.847114428E1
1.434063333E2	-4.803803849E1
1.435664333E2	-3.782720015E1
1.437265667E2	-2.287523229E1
1.439025000E2	-6.228248319E0
1.440625667E2	2.972367423E0
1.442383000E2	6.543885344E0
1.443983667E2	7.196695294E0
1.445583667E2	4.887523696E0
1.447344333E2	-1.018178723E0
1.448944667E2	-1.024401775E1
1.450704333E2	-2.327605656E1
1.452304333E2	-4.024641375E1
1.453906333E2	-5.772309266E1
1.455665333E2	-6.717425564E1
1.457264000E2	-7.006464332E1
1.459024667E2	-7.087906753E1
1.460624667E2	-6.919803958E1
1.462384333E2	-6.634626481E1
1.463983667E2	-5.871137550E1
1.465584667E2	-4.723817151E1
1.467345333E2	-3.707267551E1
1.468945333E2	-2.232435597E1
1.470703667E2	-3.977522295E0
1.472304000E2	3.827510614E0
1.473905333E2	6.965310326E0
1.475664667E2	7.332286719E0
1.477264667E2	4.880511522E0
1.479023667E2	-1.234239274E0
1.480624000E2	-9.254559618E0
1.482224667E2	-2.197264295E1
1.483984333E2	-4.012343410E1
1.485584333E2	-5.596223124E1
1.487344000E2	-6.594502563E1
1.488945000E2	-6.982666131E1
1.490704333E2	-7.126984070E1
1.492303667E2	-7.020033110E1
1.493903667E2	-6.766171849E1
1.495664333E2	-5.909775569E1
1.497265000E2	-4.770208077E1
1.499023333E2	-3.839319590E1
1.500624000E2	-2.433892447E1
1.502224667E2	-6.801997628E0
1.503984667E2	2.584365031E0
1.505582667E2	6.056126050E0
1.507342667E2	6.876835242E0
1.508943333E2	6.155920568E0
1.510544000E2	8.131381038E-1
1.512302667E2	-6.890776681E0
1.513903000E2	-1.983260818E1
1.515664333E2	-3.769883670E1
1.517264333E2	-5.288213744E1
1.518865000E2	-6.468238705E1
1.520623333E2	-6.930492300E1
1.522224333E2	-7.105268111E1
1.523983333E2	-7.044915697E1
1.525583667E2	-6.783225775E1
1.527342667E2	-6.173913747E1
1.528944000E2	-5.061343665E1
1.530543000E2	-4.159503088E1
1.532304333E2	-2.811694410E1
1.533904333E2	-8.583975880E0
1.535663000E2	8.203613438E-2
1.537263333E2	5.304998285E0
1.538864333E2	7.241882109E0
1.540622333E2	6.876024921E0
1.542223000E2	1.922919395E0
1.543982667E2	-5.260130201E0
1.545583333E2	-1.595095560E1
1.547184000E2	-3.196758912E1
1.548944000E2	-4.813117927E1
1.550544333E2	-6.296071105E1
1.552303000E2	-6.826105892E1
1.553904000E2	-7.069980798E1
1.555503667E2	-7.096988493E1
1.557262667E2	-6.887838332E1
1.558863667E2	-6.400815146E1
1.560622667E2	-5.254911142E1
1.562222333E2	-4.379113495E1
1.563982000E2	-3.145526424E1
1.565583667E2	-1.506074862E1
1.567184333E2	-1.458636666E0
1.568943667E2	4.872637094E0
1.570542667E2	7.108236716E0
1.572302667E2	6.890862212E0
1.573903000E2	2.906460323E0
1.575503333E2	-3.128397911E0
1.577262333E2	-1.186831382E1
1.578863000E2	-2.612276440E1
1.580622000E2	-4.489564737E1
1.582222000E2	-6.003875285E1
1.583822333E2	-6.604111939E1
1.585583000E2	-7.021622851E1
1.587182333E2	-7.134951552E1
1.588943333E2	-6.973401258E1
1.590542333E2	-6.624039042E1
1.592302667E2	-5.678227435E1
1.593902000E2	-4.691349937E1
1.595504000E2	-3.655408876E1
1.597262000E2	-2.127514141E1
1.598862667E2	-5.369214723E0
1.600622667E2	2.092705727E0
1.602222333E2	6.673972381E0
1.603823000E2	7.567510188E0
1.605583333E2	6.159572697E0
1.607183333E2	2.785380705E-1
1.608942667E2	-7.289392035E0
1.610542000E2	-1.966639675E1
1.612142667E2	-3.704836392E1
1.613903000E2	-5.198189350E1
1.615503333E2	-6.393327876E1
1.617262000E2	-6.962994454E1
1.618863333E2	-7.097362270E1
1.620463000E2	-7.080201595E1
1.622222000E2	-6.872502022E1
1.623823667E2	-6.304951248E1
1.625582000E2	-5.173553389E1
1.627181667E2	-4.439719770E1
1.628941333E2	-3.134824856E1
1.630542333E2	-1.469508924E1
1.632142667E2	-2.165734071E0
1.633902667E2	4.645152945E0
1.635501667E2	6.841676405E0
1.637262667E2	7.037844248E0
1.638861333E2	3.965712507E0
1.640462000E2	-1.961359390E0
1.642222667E2	-9.136829225E0
1.643823000E2	-2.275185211E1
1.645582000E2	-4.028384627E1
1.647182000E2	-5.529024848E1
1.648785000E2	-6.557908720E1
1.650542333E2	-6.973001935E1
1.652142333E2	-7.081717111E1
1.653903333E2	-7.012160696E1
1.655502000E2	-6.726188715E1
1.657102000E2	-6.135947003E1
1.658862000E2	-5.099498973E1
1.660462000E2	-4.230658813E1
1.662222333E2	-2.936576337E1
1.663823333E2	-1.153928651E1
1.665582000E2	-1.784260340E0
1.667182333E2	5.016444152E0
1.668782000E2	7.140528761E0
1.670541000E2	6.947416125E0
1.672142000E2	3.040664077E0
1.673902000E2	-2.084610092E0
1.675501000E2	-1.016973607E1
1.677101333E2	-2.468338963E1
1.678861667E2	-4.108959452E1
1.680462333E2	-5.532348494E1
1.682221333E2	-6.505383066E1
1.683822333E2	-6.974825528E1
1.685422667E2	-7.105490890E1
1.687182333E2	-7.023168039E1
1.688781333E2	-6.762584711E1
1.690542333E2	-6.222177087E1
1.692141667E2	-5.108352035E1
1.693900333E2	-4.289350108E1
1.695501000E2	-3.012046195E1
1.697101333E2	-1.327374647E1
1.698861667E2	-1.742543749E0
1.700462000E2	4.886411945E0
1.702221000E2	7.111723246E0
1.703822000E2	6.936696780E0
1.705422333E2	4.105682390E0
1.707180667E2	-1.813239278E0
1.708781000E2	-9.828756800E0
1.710540667E2	-2.327846302E1
1.712141333E2	-3.967950654E1
1.713742333E2	-5.404009564E1
1.715502000E2	-6.397758359E1
1.717102667E2	-6.887508486E1
1.718862667E2	-7.118542351E1
1.720460667E2	-7.080105255E1
1.722062667E2	-6.764616591E1
1.723820333E2	-6.328107837E1
1.725421333E2	-5.314509541E1
1.727180333E2	-4.462399044E1
1.728781000E2	-3.299326707E1
1.730541333E2	-1.723176622E1
1.732141000E2	-3.458951171E0
1.733742000E2	3.102048001E0
1.735501667E2	6.709931508E0
1.737102000E2	6.984552488E0
1.738862000E2	5.770693976E0
1.740460333E2	3.049490722E-2
1.742061667E2	-7.089054896E0
1.743821667E2	-1.895177940E1
1.745421667E2	-3.555042593E1
1.747181000E2	-5.000456608E1
1.748782000E2	-6.204186483E1
1.750381333E2	-6.881491214E1
1.752140333E2	-7.130415395E1
1.753742000E2	-7.100840309E1
1.755502333E2	-6.845634751E1
1.757101333E2	-6.532871234E1
1.758701000E2	-5.629525913E1
1.760460000E2	-4.704561408E1
1.762062000E2	-3.695968713E1
1.763820000E2	-2.278315526E1
1.765420333E2	-6.598362132E0
1.767179667E2	1.317944429E0
1.768781000E2	6.021863772E0
1.770381667E2	7.085788881E0
1.772141333E2	6.502394319E0
1.773741000E2	2.729921598E0
1.775501000E2	-3.650428869E0
1.777101333E2	-1.277140324E1
1.778701333E2	-2.874055621E1
1.780461333E2	-4.303761948E1
1.782060000E2	-5.549156982E1
1.783819667E2	-6.577166407E1
1.785420000E2	-7.053973905E1
1.787020667E2	-7.108117057E1
1.788780333E2	-6.996205173E1
1.790379667E2	-6.831324261E1
1.792139667E2	-6.292163381E1
1.793741333E2	-5.129662146E1
1.795499667E2	-4.382155036E1
1.797100000E2	-3.181888638E1
1.798701667E2	-1.517287570E1
1.800460667E2	-2.445456551E0
1.802060667E2	3.665675340E0
1.803820667E2	6.293054721E0
1.805419333E2	6.882932503E0
1.807020333E2	5.919745525E0
1.808781000E2	8.451077230E-1
1.810380000E2	-6.989619143E0
1.812139000E2	-1.968874212E1
1.813741000E2	-3.454860598E1
1.815339667E2	-4.699539438E1
1.817099667E2	-6.116813903E1
1.818701333E2	-6.833628103E1
1.820460333E2	-7.037328714E1
1.822060000E2	-7.089048919E1
1.823661000E2	-6.953078420E1
1.825419333E2	-6.653261724E1
1.827021000E2	-5.972739740E1
1.828779000E2	-4.935874812E1
1.830380667E2	-4.017527529E1
1.832138667E2	-2.841382995E1
1.833740667E2	-9.198176472E0
1.835340000E2	-1.352685798E0
1.837099000E2	4.747782131E0
1.838700667E2	6.710451224E0
1.840458667E2	6.888178850E0
1.842061000E2	4.957890012E0
1.843661000E2	-1.010669002E0
1.845420000E2	-9.001772183E0
1.847019667E2	-2.203121117E1
1.848779667E2	-3.493126553E1
1.850380333E2	-4.997203289E1
1.851980333E2	-6.423830932E1
1.853741333E2	-6.968034455E1
1.855340333E2	-7.064611079E1
1.857100333E2	-7.066022413E1
1.858700000E2	-6.867445569E1
1.860300333E2	-6.638609966E1
1.862059333E2	-5.801997082E1
1.863660333E2	-4.866077681E1
1.865420000E2	-3.894491560E1
1.867019333E2	-2.610286185E1
1.868779333E2	-7.536698221E0
1.870379667E2	-8.348534799E-1
1.871981000E2	4.622977141E0
1.873739333E2	6.909863604E0
1.875339667E2	7.681130639E0
1.877098667E2	4.078341351E0
1.878699000E2	-1.161171881E0
1.880299000E2	-9.232436919E0
1.882060000E2	-2.173216920E1
1.883658667E2	-3.525461425E1
1.885418333E2	-5.038194571E1
1.887019333E2	-6.470159953E1
1.888619333E2	-6.902880214E1
1.890378000E2	-7.016145956E1
1.891978333E2	-7.052169250E1
1.893738000E2	-6.959628775E1
1.895339333E2	-6.685632869E1
1.897098333E2	-5.797812218E1
1.898699333E2	-4.825487467E1
1.900300333E2	-3.878739398E1
1.902059333E2	-2.646187852E1
1.903660333E2	-8.138461714E0
1.905418667E2	-1.985662571E0
1.907019000E2	4.179337928E0
1.908619333E2	7.072971455E0
1.910379000E2	7.219412309E0
1.911979000E2	4.011393675E0
1.913738000E2	-9.257605082E-1
1.915339667E2	-8.060174522E0
1.916940333E2	-1.835815251E1
1.918700000E2	-3.195696564E1
1.920299333E2	-4.782089406E1
1.922058333E2	-6.317551039E1
1.923658667E2	-6.752374859E1
1.925259667E2	-6.918331771E1
1.927018333E2	-6.985094600E1
1.928619333E2	-6.984222707E1
1.930379000E2	-6.925140713E1
1.931978333E2	-6.257984413E1
1.933739667E2	-5.138435349E1
1.935338333E2	-4.326434032E1
1.936938667E2	-3.315924058E1
1.938698333E2	-1.742989569E1
1.940299667E2	-6.252911884E0
1.942058000E2	1.119295905E0
1.943660333E2	6.575419820E0
1.945258333E2	7.886324876E0
1.947017667E2	6.302868045E0
1.948618333E2	8.782164124E-1
1.950379000E2	-4.665641623E0
1.951978000E2	-1.202212510E1
1.953579667E2	-2.442057959E1
1.955338000E2	-4.198409001E1
1.956938333E2	-5.670986749E1
1.958698000E2	-6.530129930E1
1.960297667E2	-6.790669442E1
1.961899333E2	-7.010333510E1
1.963659000E2	-7.075872069E1
1.965259000E2	-6.998639721E1
1.967018333E2	-6.616710320E1
1.968618667E2	-5.677426579E1
1.970378333E2	-4.835704081E1
1.971979333E2	-3.932801626E1
1.973578000E2	-2.809697486E1
1.975339000E2	-1.252762508E1
1.976939000E2	-3.061786015E0
1.978698667E2	4.244500167E0
1.980299000E2	7.364540661E0
1.981898667E2	7.440615568E0
1.983658000E2	5.677680087E0
1.985258667E2	8.251192976E-1
1.987018667E2	-5.394490488E0
1.988619000E2	-1.385256720E1
1.990218667E2	-2.869952873E1
1.991977667E2	-4.457398560E1
1.993577667E2	-5.747733428E1
1.995339000E2	-6.470688433E1
1.996939000E2	-6.860266422E1
1.998698667E2	-7.073278547E1
2.000298667E2	-7.127172061E1
2.001898333E2	-6.965679604E1
2.003658667E2	-6.516167147E1
2.005257667E2	-5.496044624E1
2.007016667E2	-4.744722015E1
2.008618333E2	-3.768523511E1
2.010219000E2	-2.494455486E1
2.011977000E2	-9.003110737E0
2.013578333E2	-2.110110159E0
2.015338667E2	4.287885881E0
2.016938667E2	6.842846435E0
2.018537667E2	6.959588478E0
2.020297667E2	5.839599135E0
2.021898000E2	1.014630077E0
2.023658667E2	-5.918288425E0
2.025258667E2	-1.500146229E1
2.026858667E2	-2.905130214E1
2.028617667E2	-4.312660785E1
2.030217333E2	-5.693070166E1
2.031978000E2	-6.443007026E1
2.033577000E2	-6.870558901E1
2.035337000E2	-7.070124746E1
2.036937333E2	-7.065811512E1
2.038538667E2	-6.967496038E1
2.040298333E2	-6.564688054E1
2.041897667E2	-5.670375493E1
2.043658000E2	-4.952434189E1
2.045257667E2	-4.014326903E1
2.046857667E2	-2.924770028E1
2.048618333E2	-1.377594092E1
2.050218667E2	-3.898425071E0
2.051977667E2	2.780042850E0
2.053578667E2	6.065249699E0
2.055178667E2	7.131537034E0
2.056937333E2	6.022728893E0
2.058538333E2	1.028796844E0
2.060298667E2	-4.260917108E0
2.061896667E2	-1.248039958E1
2.063499333E2	-2.543210974E1
2.065257667E2	-4.049517144E1
2.066857667E2	-5.500497123E1
2.068616333E2	-6.371984961E1
2.070217000E2	-6.755936835E1
2.071977000E2	-6.992068950E1
2.073577667E2	-7.069094352E1
2.075178333E2	-7.052114612E1
2.076937333E2	-6.914640026E1
2.078537000E2	-6.101830516E1
2.080296333E2	-5.092680495E1
2.081898000E2	-4.278536126E1
2.083497667E2	-3.388343615E1
2.085257667E2	-1.981817532E1
2.086858333E2	-8.581552799E0
2.088618000E2	6.674513278E-1
2.090216667E2	5.852948607E0
2.091817667E2	7.004006218E0
2.093577000E2	6.372576189E0
2.095177667E2	2.893052683E0
2.096937333E2	-1.336174833E0
2.098538000E2	-7.596941842E0
2.100296000E2	-1.969570819E1
2.101897000E2	-3.566891034E1
2.103498000E2	-4.980875670E1
2.105258000E2	-6.061944689E1
2.106857333E2	-6.512855826E1
2.108617000E2	-6.888340678E1
2.110216667E2	-7.074573514E1
2.111817333E2	-7.081803457E1
2.113577333E2	-6.936518607E1
2.115178000E2	-6.400120252E1
2.116937000E2	-5.370924078E1
2.118536667E2	-4.691370958E1
2.120137000E2	-3.917505381E1
2.121896667E2	-2.743509553E1
2.123497333E2	-1.224771162E1
2.125256333E2	-2.838530833E0
2.126856667E2	3.871355059E0
2.128456000E2	5.967094297E0
2.130216000E2	6.536708036E0
2.131816333E2	6.006883184E0
2.133577000E2	1.990064685E0
2.135176000E2	-4.838555933E0
2.136937000E2	-1.376970986E1
2.138536333E2	-2.803414464E1
2.140138333E2	-4.159045392E1
2.141897000E2	-5.406893264E1
2.143497333E2	-6.296542611E1
2.145255000E2	-6.764902478E1
2.146857333E2	-6.987107192E1
2.148457667E2	-7.102386843E1
2.150216333E2	-7.065232549E1
2.151817333E2	-6.903292351E1
2.153577333E2	-6.035317866E1
2.155177000E2	-5.100121041E1
2.156776667E2	-4.386022771E1
2.158537000E2	-3.561943072E1
2.160137000E2	-2.438674187E1
2.161896000E2	-1.067353641E1
2.163496333E2	-1.098550875E0
2.165097000E2	4.971892084E0
2.166855667E2	6.448112826E0
2.168457000E2	6.431578945E0
2.170216667E2	5.476841094E0
2.171815000E2	9.647906546E-1
2.173575000E2	-6.350803432E0
2.175175667E2	-1.634644586E1
2.176775667E2	-2.998839837E1
2.178535667E2	-4.375247570E1
2.180136000E2	-5.688412704E1
2.181894667E2	-6.414418045E1
2.183496000E2	-6.721027465E1
2.185095000E2	-7.066134293E1
2.186856000E2	-7.101169027E1
2.188456667E2	-7.119616311E1
2.190215000E2	-6.857321313E1
2.191816000E2	-5.854142157E1
2.193417333E2	-5.125529542E1
2.195176000E2	-4.472476621E1
2.196776667E2	-3.642149854E1
2.198536667E2	-2.628084265E1
2.200135333E2	-1.183030344E1
2.201895000E2	-1.118249482E0
2.203496000E2	4.651962055E0
2.205095667E2	5.983585290E0
2.206856333E2	6.163581185E0
2.208456667E2	5.987377266E0
2.210215333E2	9.992384257E-1
2.211815667E2	-5.949900880E0
2.213416667E2	-1.586603161E1
2.215175333E2	-2.872412780E1
2.216776667E2	-4.237592959E1
2.218535667E2	-5.478609870E1
2.220136333E2	-6.316540097E1
2.221735333E2	-6.742161782E1
2.223495000E2	-7.058899256E1
2.225095667E2	-7.130080203E1
2.226855333E2	-7.178166670E1
2.228456333E2	-6.843835026E1
2.230055667E2	-5.984895678E1
2.231815667E2	-5.293766995E1
2.233416333E2	-4.638861980E1
2.235175333E2	-3.885943309E1
2.236775000E2	-2.947397623E1
2.238535667E2	-1.652349313E1
2.240134667E2	-4.090445031E0
2.241735333E2	2.060342490E0
2.243494333E2	5.385371015E0
2.245094667E2	6.579873100E0
2.246854000E2	6.013035668E0
2.248455333E2	8.981848293E-1
2.250056000E2	-5.134048179E0
2.251815333E2	-1.273901974E1
2.253414667E2	-2.601371187E1
2.255175000E2	-4.111091938E1
2.256775000E2	-5.303345643E1
2.258375333E2	-6.197639422E1
2.260135000E2	-6.705694817E1
2.261734333E2	-6.991104539E1
2.263495667E2	-7.194385828E1
2.265095333E2	-7.172622272E1
2.266695333E2	-6.821584539E1
2.268454333E2	-6.263928110E1
2.270054667E2	-5.425376235E1
2.271813667E2	-4.847932340E1
2.273415667E2	-4.089574457E1
2.275174333E2	-3.178164534E1
2.276774333E2	-2.090831077E1
2.278374000E2	-6.038732786E0
2.280135667E2	9.905863026E-1
2.281735333E2	4.176040219E0
2.283495000E2	6.086602625E0
2.285096000E2	5.926515276E0
2.286696000E2	2.244005201E0
2.288455000E2	-2.245403290E0
2.290056333E2	-8.775792702E0
2.291814333E2	-2.093827154E1
2.293415333E2	-3.418507733E1
2.295014667E2	-4.493555478E1
2.296774333E2	-5.490438309E1
2.298374333E2	-6.385769515E1
2.300134000E2	-6.875388363E1
2.301735333E2	-7.083668349E1
2.303494333E2	-7.216589322E1
2.305094333E2	-6.947628972E1
2.306695000E2	-6.738407453E1
2.308455000E2	-6.316468304E1
2.310055667E2	-5.304498044E1
2.311813333E2	-4.613580084E1
2.313414000E2	-3.916384411E1
2.315014667E2	-3.013093703E1
2.316775000E2	-1.849661967E1
2.318374333E2	-5.545700631E0
2.320134000E2	1.573907656E0
2.321734667E2	5.091201838E0
2.323336000E2	5.993978236E0
2.325094000E2	5.756653701E0
2.326694000E2	1.942358891E0
2.328455333E2	-2.438412338E0
2.330054333E2	-9.047809320E0
2.331654000E2	-1.830760530E1
2.333414667E2	-2.969883787E1
2.335014333E2	-4.101737691E1
2.336774667E2	-5.211604957E1
2.338373667E2	-6.099336285E1
2.340133000E2	-6.675444639E1
2.341733000E2	-7.069433094E1
2.343334333E2	-7.157732740E1
2.345093000E2	-7.102292485E1
2.346695333E2	-6.858346008E1
2.348453333E2	-6.351808896E1
2.350054333E2	-5.585995262E1
2.351654333E2	-4.736994828E1
2.353414333E2	-4.086775376E1
2.355015000E2	-3.136838700E1
2.356772667E2	-1.985101603E1
2.358373667E2	-7.048694344E0
2.359974000E2	2.117211165E-1
2.361733667E2	3.975074493E0
2.363334000E2	5.121714723E0
2.365094000E2	5.145304285E0
2.366694667E2	2.922286165E0
2.368454000E2	-1.701590648E0
2.370053667E2	-7.301655501E0
2.371654000E2	-1.487196064E1
2.373413000E2	-2.476901896E1
2.375014667E2	-3.585973766E1
2.376772667E2	-4.768828025E1
2.378373000E2	-5.719476404E1
2.379975000E2	-6.545085305E1
2.381734000E2	-7.044640967E1
2.383333333E2	-7.127386252E1
2.385093000E2	-7.170552172E1
2.386693667E2	-6.912575056E1
2.388294333E2	-6.512273090E1
2.390054667E2	-5.987147066E1
2.391656667E2	-5.038656959E1
2.393414333E2	-4.313840063E1
2.395012667E2	-3.468051167E1
2.396614333E2	-2.324403797E1
2.398373000E2	-9.109722350E0
2.399974000E2	-1.938556792E0
2.401733333E2	3.046691844E0
2.403332667E2	4.898535336E0
2.405092000E2	5.036789519E0
2.406692667E2	4.606717413E0
2.408293667E2	7.662723735E-1
2.410053333E2	-4.105145231E0
2.411654000E2	-1.002758347E1
2.413414000E2	-1.684198185E1
2.415014000E2	-2.794770347E1
2.416614000E2	-4.089658834E1
2.418372333E2	-5.266606279E1
2.419973000E2	-6.278222466E1
2.421732000E2	-6.836483590E1
2.423333333E2	-7.040205141E1
2.424932667E2	-7.142833091E1
2.426692333E2	-7.045679411E1
2.428293000E2	-6.789778440E1
2.430052333E2	-6.392362504E1
2.431652667E2	-5.495557282E1
2.433252333E2	-4.793168784E1
2.435012333E2	-4.087755423E1
2.436612333E2	-3.166902399E1
2.438372000E2	-2.004766081E1
2.439972333E2	-9.338862961E0
2.441731667E2	-1.581396527E0
2.443332333E2	3.131166478E0
2.444932333E2	4.911944232E0
2.446692000E2	5.428345337E0
2.448292333E2	4.898540343E0
2.450051667E2	2.090623939E-1
2.451652333E2	-4.383802378E0
2.453253000E2	-1.078771834E1
2.455012000E2	-1.913630845E1
2.456612333E2	-3.311515870E1
2.458372000E2	-4.508843943E1
2.459972333E2	-5.608467591E1
2.461572667E2	-6.509278920E1
2.463332000E2	-6.942346435E1
2.464932333E2	-7.115583998E1
2.466691667E2	-7.171752360E1
2.468292333E2	-6.970227916E1
2.470051333E2	-6.817595005E1
2.471652333E2	-6.300872950E1
2.473252667E2	-5.298825601E1
2.475013667E2	-4.699228265E1
2.476611667E2	-4.020000595E1
2.478371333E2	-3.098903994E1
2.479972667E2	-2.100675987E1
2.481573000E2	-8.756943972E0
2.483332333E2	-4.285762095E-1
2.484932667E2	4.040082450E0
2.486692667E2	6.079488570E0
2.488293000E2	6.215785459E0
2.489893667E2	5.090283064E0
2.491652333E2	7.911441265E-1
2.493253000E2	-4.347156853E0
2.495011333E2	-1.185282171E1
2.496613333E2	-2.218509034E1
2.498212333E2	-3.571292006E1
2.499972333E2	-4.708225342E1
2.501572667E2	-5.721313092E1
2.503333000E2	-6.563137378E1
2.504933333E2	-6.995400712E1
2.506692667E2	-7.132517372E1
2.508292667E2	-7.163957716E1
2.509891667E2	-7.012114998E1
2.511652000E2	-6.846758555E1
2.513253000E2	-6.386789449E1
2.515011000E2	-5.611924672E1
2.516611667E2	-4.932326571E1
2.518212667E2	-4.316586088E1
2.519972667E2	-3.499496316E1
2.521571667E2	-2.576761833E1
2.523332667E2	-1.236226810E1
2.524933000E2	-2.136812793E0
2.526531333E2	4.269418325E0
2.528291667E2	7.452472472E0
2.529892000E2	7.784623463E0
2.531651000E2	6.948532390E0
2.533252333E2	2.882336879E0
2.534852333E2	-9.609620497E-1
2.536611333E2	-6.142479936E0
2.538213000E2	-1.379583544E1
2.539971000E2	-2.421899526E1
2.541571333E2	-3.597349837E1
2.543331667E2	-4.730458365E1
2.544932000E2	-5.738846703E1
2.546532000E2	-6.605001456E1
2.548291000E2	-6.923318319E1
2.549892667E2	-7.037154221E1
2.551651000E2	-7.145178271E1
2.553253000E2	-6.989438912E1
2.554852333E2	-6.696159338E1
2.556610667E2	-6.450408990E1
2.558211667E2	-5.673799742E1
2.559971333E2	-4.817965161E1
2.561571667E2	-4.174015795E1
2.563172333E2	-3.267379190E1
2.564931333E2	-2.118723048E1
2.566531333E2	-8.959348151E0
2.568291000E2	-2.126632830E0
2.569891333E2	4.088755330E0
2.571650333E2	6.336579754E0
2.573251000E2	7.034589589E0
2.574852000E2	6.453381012E0
2.576611333E2	3.664303017E0
2.578212333E2	-1.198016332E-2
2.579971000E2	-5.011089512E0
2.581571667E2	-1.177604975E1
2.583171000E2	-2.272757584E1
2.584930333E2	-3.413905815E1
2.586532000E2	-4.537762996E1
2.588292000E2	-5.602625428E1
2.589890667E2	-6.435763189E1
2.591491000E2	-6.804831228E1
2.593252000E2	-7.086879228E1
2.594852333E2	-7.172441173E1
2.596610333E2	-7.076313879E1
2.598211000E2	-6.930237948E1
2.599811333E2	-6.544515897E1
2.601571333E2	-5.881139722E1
2.603172000E2	-5.074752617E1
2.604930333E2	-4.465316784E1
2.606530333E2	-3.706686606E1
2.608290000E2	-2.781618853E1
2.609892333E2	-1.573037739E1
2.611491000E2	-4.966489937E0
2.613251333E2	1.475522983E0
2.614851333E2	5.535936447E0
2.616610667E2	6.856010113E0
2.618211000E2	7.089075172E0
2.619811667E2	5.992146643E0
2.621570000E2	2.053364937E0
2.623172000E2	-2.005498450E0
2.624930667E2	-7.899590567E0
2.626531667E2	-1.738101467E1
2.628132333E2	-2.778527758E1
2.629890333E2	-3.869068803E1
2.631490667E2	-5.007408863E1
2.633251667E2	-6.054137456E1
2.634852000E2	-6.621547780E1
2.636451000E2	-6.957737431E1
2.638210000E2	-7.099560832E1
2.639811667E2	-7.118278400E1
2.641570667E2	-7.016667883E1
2.643170667E2	-6.859889560E1
2.644930667E2	-6.518822564E1
2.646531667E2	-5.824789067E1
2.648131000E2	-5.052806204E1
2.649890000E2	-4.428504064E1
2.651490000E2	-3.695784605E1
2.653249333E2	-2.770823341E1
2.654851000E2	-1.512922495E1
2.656450667E2	-3.737922888E0
2.658211000E2	2.187750111E0
2.659811333E2	4.753256162E0
2.661570333E2	6.032542890E0
2.663170000E2	6.112704682E0
2.664771333E2	5.299321529E0
2.666531333E2	1.936671539E0
2.668130667E2	-3.084517370E0
2.669890333E2	-8.097733292E0
2.671490333E2	-1.589803252E1
2.673250667E2	-2.505952550E1
2.674849667E2	-3.600284863E1
2.676449667E2	-4.715448225E1
2.678209667E2	-5.798628481E1
2.679810000E2	-6.505259891E1
2.681570000E2	-6.834511964E1
2.683171000E2	-7.032465898E1
2.684770667E2	-7.154084599E1
2.686529667E2	-7.073917771E1
2.688131000E2	-6.885387671E1
2.689890000E2	-6.532531828E1
2.691490000E2	-5.925884540E1
2.693090333E2	-5.118727521E1
2.694849667E2	-4.562075690E1
2.696450667E2	-3.814061058E1
2.698209333E2	-2.956096927E1
2.699810000E2	-1.781788611E1
2.701410667E2	-7.350001382E0
2.703170667E2	-6.759369794E-1
2.704770000E2	3.539704963E0
2.706530000E2	5.067312896E0
2.708129667E2	5.861662545E0
2.709890000E2	5.720408391E0
2.711490000E2	3.079055454E0
2.713090667E2	-8.708614270E-1
2.714850000E2	-5.016080231E0
2.716451000E2	-1.121268970E1
2.718208333E2	-2.020753718E1
2.719810667E2	-3.279728193E1
2.721409333E2	-4.406415193E1
2.723169000E2	-5.460342632E1
2.724769333E2	-6.273076455E1
2.726528667E2	-6.791653524E1
2.728130000E2	-7.058498090E1
2.729730667E2	-7.157890183E1
2.731490000E2	-7.092090017E1
2.733090667E2	-6.906593854E1
2.734850000E2	-6.770844527E1
2.736450667E2	-6.347607640E1
2.738050333E2	-5.608385194E1
2.739809000E2	-4.820896826E1
2.741409000E2	-4.242330838E1
2.743169667E2	-3.519171337E1
2.744769000E2	-2.627668317E1
2.746530000E2	-1.349931868E1
2.748129333E2	-3.044829271E0
2.749729333E2	3.073576201E0
2.751488667E2	5.766557093E0
2.753090333E2	6.601793958E0
2.754849333E2	6.551116916E0
2.756450000E2	5.945042028E0
2.758049667E2	1.857792708E0
2.759808667E2	-2.985372974E0
2.761410000E2	-7.888437106E0
2.763170667E2	-1.576546769E1
2.764769667E2	-2.708728019E1
2.766369333E2	-3.843359217E1
2.768129333E2	-4.827263282E1
2.769728667E2	-5.682053400E1
2.771489000E2	-6.542922126E1
2.773090333E2	-6.904017978E1
2.774849000E2	-7.069627798E1
2.776449667E2	-7.153094330E1
2.778050333E2	-7.058597903E1
2.779808333E2	-6.953872573E1
2.781410000E2	-6.719922120E1
2.783168000E2	-6.029459261E1
2.784769000E2	-5.289810622E1
2.786371667E2	-4.694365735E1
2.788129333E2	-3.955049126E1
2.789729667E2	-3.146860663E1
2.791487667E2	-1.976113951E1
2.793088333E2	-9.158694780E0
2.794688667E2	-1.172723290E0
2.796448000E2	3.384350953E0
2.798048333E2	5.927989227E0
2.799808000E2	6.779249058E0
2.801409000E2	6.667095854E0
2.803009667E2	5.516476352E0
2.804769667E2	1.391957897E0
2.806370333E2	-3.038272852E0
2.808130000E2	-8.086454236E0
2.809729333E2	-1.604602580E1
2.811487667E2	-2.723073323E1
2.813089667E2	-3.808913717E1
2.814688667E2	-4.880575556E1
2.816449000E2	-5.847682576E1
2.818049667E2	-6.558653797E1
2.819810333E2	-6.822777239E1
2.821407667E2	-7.043127538E1
2.823007667E2	-7.091064572E1
2.824767333E2	-7.084453063E1
2.826367667E2	-7.048790796E1
2.828127000E2	-6.788929181E1
2.829727667E2	-6.193153708E1
2.831328000E2	-5.513377449E1
2.833087333E2	-4.895589174E1
2.834687667E2	-4.267974820E1
2.836447667E2	-3.600984209E1
2.838047333E2	-2.777087567E1
2.839648000E2	-1.405085955E1
2.841407333E2	-4.226944654E0
2.843007667E2	1.239548211E0
2.844767333E2	4.037685771E0
2.846367333E2	5.890976212E0
2.848126667E2	6.199303029E0
2.849727333E2	5.905926011E0
2.851328000E2	2.739931227E0
2.853087000E2	-4.362455835E-2
2.854687333E2	-4.069453511E0
2.856447000E2	-9.097481510E0
2.858047667E2	-1.631303287E1
2.859647667E2	-2.604049994E1
2.861411667E2	-3.487687077E1
2.863007667E2	-4.396104882E1
2.864767000E2	-5.342980910E1
2.866393000E2	-6.331313664E1
2.867968333E2	-6.795635031E1
2.869727667E2	-6.928466265E1
2.871327667E2	-7.068491929E1
2.873087667E2	-7.157893367E1
2.874687667E2	-6.982364720E1
2.876447000E2	-6.911459023E1
2.878048000E2	-6.676003275E1
2.879647333E2	-6.165600962E1
2.881407667E2	-5.434261168E1
2.883009000E2	-4.964714300E1
2.884767000E2	-4.303297218E1
2.886368667E2	-3.706772315E1
2.887968333E2	-2.973404730E1
2.889728667E2	-1.910692520E1
2.891328333E2	-8.203093847E0
2.893088333E2	-1.372928945E0
2.894688667E2	2.774579302E0
2.896289000E2	5.057297566E0
2.898048333E2	6.217285968E0
2.899647333E2	6.261392865E0
2.901406667E2	5.858360787E0
2.903009333E2	2.842305660E0
2.904607667E2	-5.893644114E-1
2.906368667E2	-5.076763123E0
2.907967000E2	-1.021361307E1
2.909728667E2	-1.817453005E1
2.911327333E2	-2.839324792E1
2.913087667E2	-3.804693581E1
2.914687667E2	-4.722520087E1
2.916287667E2	-5.615024534E1
2.918048667E2	-6.411035745E1
2.919648000E2	-6.844467331E1
2.921406667E2	-6.990189476E1
2.923009333E2	-7.119937585E1
2.924608000E2	-7.106409363E1
2.926368333E2	-7.029964118E1
2.927968333E2	-6.855719184E1
2.929727000E2	-6.518366049E1
2.931326667E2	-6.149680398E1
2.932927333E2	-5.517382286E1
2.934687667E2	-4.846824048E1
2.936286667E2	-4.262946409E1
2.938048000E2	-3.600889256E1
2.939647667E2	-2.775160640E1
2.941247000E2	-1.563093435E1
2.943007333E2	-6.125780263E0
2.944607000E2	-5.390989760E-2
2.946368667E2	3.380561186E0
2.947967000E2	5.136594497E0
2.949727000E2	6.461994073E0
2.951326667E2	6.311404130E0
2.952926667E2	5.325387682E0
2.954688000E2	2.080386973E0
2.956287000E2	-9.544620398E-1
2.958046667E2	-5.979535042E0
2.959648333E2	-1.115551671E1
2.961247000E2	-1.995073075E1
2.963007667E2	-2.941734630E1
2.964607333E2	-3.964117120E1
2.966367333E2	-4.925047342E1
2.967968000E2	-5.765263500E1
2.969567333E2	-6.399485671E1
2.971326333E2	-6.777839593E1
2.972926333E2	-6.978406197E1
2.974686333E2	-7.155567191E1
2.976286667E2	-7.111252390E1
2.978045333E2	-7.045163547E1
2.979646333E2	-6.907673433E1
2.981246667E2	-6.696604657E1
2.983008000E2	-6.285021478E1
2.984606667E2	-5.749155286E1
2.986366333E2	-5.067478720E1
2.987967000E2	-4.437324855E1
2.989567333E2	-3.916759485E1
2.991326000E2	-3.210333451E1
2.992926333E2	-2.213049609E1
2.994687333E2	-9.871654455E0
2.996287667E2	-2.906117375E0
2.997888000E2	9.882789911E-1
2.999646333E2	3.903898246E0
3.001246333E2	5.633469857E0
3.003007000E2	6.077112650E0
3.004608000E2	5.976686789E0
3.006207667E2	4.809740147E0
3.007967333E2	1.632239898E0
3.009566333E2	-2.299115646E0
3.011326000E2	-6.043916861E0
3.012927667E2	-1.199211337E1
3.014685333E2	-1.988583289E1
3.016288333E2	-2.818278967E1
3.017887333E2	-3.787507778E1
3.019646667E2	-4.794427691E1
3.021246000E2	-5.682270124E1
3.023006667E2	-6.388355566E1
3.024605667E2	-6.736645033E1
3.026207333E2	-6.962377114E1
3.027966667E2	-7.125555337E1
3.029567000E2	-7.100114139E1
3.031326000E2	-7.043214356E1
3.032926000E2	-6.911498164E1
3.034527000E2	-6.787114072E1
3.036285333E2	-6.398422789E1
3.037887000E2	-5.851790514E1
3.039645667E2	-5.087754144E1
3.041246000E2	-4.581694174E1
3.042846333E2	-4.048012639E1
3.044605667E2	-3.356594068E1
3.046206000E2	-2.416304860E1
3.047966667E2	-1.108453165E1
3.049565333E2	-4.261470713E0
3.051325000E2	-6.567502342E-3
3.052925667E2	3.166343502E0
3.054525667E2	5.939992625E0
3.056286667E2	6.906708895E0
3.057885667E2	6.918329801E0
3.059645333E2	5.616566801E0
3.061245333E2	2.176092914E0
3.062847667E2	3.478700454E-2
3.064605000E2	-3.707088656E0
3.066205667E2	-8.191204729E0
3.067965667E2	-1.430553378E1
3.069566667E2	-2.225029758E1
3.071166000E2	-3.103490879E1
3.072925667E2	-4.135101188E1
3.074525333E2	-5.057992853E1
3.076286333E2	-5.866420336E1
3.077886667E2	-6.454714644E1
3.079645667E2	-6.811299631E1
3.081245000E2	-6.950081945E1
3.082846333E2	-7.087640254E1
3.084604667E2	-7.097000915E1
3.086205333E2	-7.109632922E1
3.087965000E2	-7.010111020E1
3.089565333E2	-6.709392595E1
3.091166667E2	-6.227920383E1
3.092926667E2	-5.688002913E1
3.094526333E2	-5.089951498E1
3.096286000E2	-4.582271030E1
3.097886667E2	-4.085365189E1
3.099487000E2	-3.395128256E1
3.101245667E2	-2.524001366E1
3.102846667E2	-1.292220723E1
3.104604333E2	-6.121435002E0
3.106206667E2	-1.016759418E0
3.107805667E2	3.516424124E0
3.109565333E2	5.757266174E0
3.111165333E2	6.329017578E0
3.112925667E2	6.570578865E0
3.114524667E2	6.013803469E0
3.116284000E2	3.908149311E0
3.117885333E2	9.721381259E-1
3.119486667E2	-2.967442266E0
3.121244667E2	-7.008632533E0
3.122846667E2	-1.239062755E1
3.124605667E2	-1.913961295E1
3.126204333E2	-2.886874641E1
3.127805333E2	-3.793506213E1
3.129565667E2	-4.630084451E1
3.131165000E2	-5.651938309E1
3.132925667E2	-6.405350841E1
3.134525667E2	-6.716409085E1
3.136125667E2	-6.928019316E1
3.137885000E2	-7.102389693E1
3.139486000E2	-7.134670722E1
3.141244333E2	-7.090134107E1
3.142846000E2	-6.950345527E1
3.144444667E2	-6.782111126E1
3.146205667E2	-6.517305292E1
3.147804667E2	-6.001764460E1
3.149565667E2	-5.206562013E1
3.151164333E2	-4.766269059E1
3.152924000E2	-4.271486888E1
3.154526000E2	-3.657367384E1
3.156125000E2	-2.960889959E1
3.157884000E2	-1.855604358E1
3.159484333E2	-8.028549792E0
3.161243667E2	-2.332889439E0
3.162844667E2	1.475233424E0
3.164446000E2	4.764910555E0
3.166205667E2	6.278273116E0
3.167805333E2	6.564723865E0
3.169564667E2	6.469732700E0
3.171164333E2	5.840574164E0
3.172764667E2	1.946605663E0
3.174525667E2	-9.602919437E-1
3.176125667E2	-3.872878655E0
3.177885333E2	-8.426772067E0
3.179484000E2	-1.410127726E1
3.181245000E2	-2.233264676E1
3.182845333E2	-3.091073807E1
3.184444333E2	-3.969083804E1
3.186204333E2	-4.920178222E1
3.187805667E2	-5.891162097E1
3.189564000E2	-6.472531854E1
3.191164000E2	-6.752256444E1
3.192765667E2	-6.918762678E1
3.194524667E2	-7.036534765E1
3.196125000E2	-7.102356092E1
3.197884333E2	-7.176071381E1
3.199483667E2	-7.076412544E1
3.201084000E2	-6.874758799E1
3.202845333E2	-6.440399277E1
3.204445333E2	-5.996243738E1
3.206205667E2	-5.317356964E1
3.207804000E2	-4.913122837E1
3.209405667E2	-4.397368606E1
3.211163667E2	-3.876709053E1
3.212764000E2	-3.228521561E1
3.214524667E2	-2.363631286E1
3.216125000E2	-1.136190371E1
3.217884667E2	-4.367075809E0
3.219484333E2	-2.182132342E-1
3.221084333E2	3.590533323E0
3.222844000E2	5.142766035E0
3.224444667E2	6.127132515E0
3.226202667E2	6.145396657E0
3.227803000E2	5.923435093E0
3.229404000E2	4.805448339E0
3.231163333E2	1.908237686E0
3.232764000E2	-1.218270273E0
3.234524667E2	-4.070515443E0
3.236124667E2	-8.427601969E0
3.237725000E2	-1.284956511E1
3.239485000E2	-2.086764416E1
3.241083667E2	-2.992801248E1
3.242843000E2	-3.993979980E1
3.244444333E2	-4.860304683E1
3.246045000E2	-5.681118759E1
3.247803667E2	-6.311442008E1
3.249404667E2	-6.666903330E1
3.251163333E2	-6.865668359E1
3.252764333E2	-7.000594749E1
3.254522333E2	-7.107193807E1
3.256124000E2	-7.185594013E1
3.257724000E2	-7.172550801E1
3.259483667E2	-7.036329826E1
3.261083667E2	-6.762058812E1
3.262844000E2	-6.398507534E1
3.264443000E2	-6.011880332E1
3.266044667E2	-5.567822461E1
3.267804000E2	-4.790450225E1
3.269403667E2	-4.390535651E1
3.271162667E2	-3.840813340E1
3.272762667E2	-3.098592726E1
3.274364000E2	-2.124181100E1
3.276123667E2	-1.179382344E1
3.277723667E2	-6.346131129E0
3.279484667E2	-2.089241421E0
3.281083667E2	1.062902703E0
3.282842000E2	3.952950022E0
3.284443667E2	5.153774397E0
3.286044000E2	5.637053765E0
3.287804000E2	5.714117162E0
3.289405000E2	5.106903017E0
3.291162333E2	4.156818906E0
3.292763000E2	1.752699815E0
3.294363667E2	-1.668671767E0
3.296122333E2	-4.611491925E0
3.297723000E2	-9.243693091E0
3.299482667E2	-1.517122969E1
3.301082667E2	-2.527449331E1
3.302683667E2	-3.339388625E1
3.304444333E2	-4.176826814E1
3.306044000E2	-4.946513783E1
3.307802667E2	-5.731042955E1
3.309403000E2	-6.334837544E1
3.311002333E2	-6.673774889E1
3.312763333E2	-6.871171091E1
3.314362333E2	-7.073361222E1
3.316122667E2	-7.108626348E1
3.317723333E2	-7.173519409E1
3.319483667E2	-7.099812226E1
3.321082333E2	-6.895657151E1
3.322682667E2	-6.708277597E1
3.324443333E2	-6.464831466E1
3.326043667E2	-6.185686185E1
3.327801333E2	-5.677270188E1
3.329403000E2	-4.998603143E1
3.331003000E2	-4.528233982E1
3.332763667E2	-4.076428718E1
3.334362667E2	-3.462575788E1
3.336122333E2	-2.642179165E1
3.337723333E2	-1.643588774E1
3.339323333E2	-1.038820489E1
3.341082000E2	-5.922190004E0
3.342682667E2	-1.125583522E0
3.344442333E2	1.995782624E0
3.346043000E2	4.027011932E0
3.347643000E2	5.785807367E0
3.349402000E2	6.026451286E0
3.351002333E2	5.955882180E0
3.352763667E2	5.296651129E0
3.354362333E2	3.083216621E0
3.356122667E2	1.139885430E0
3.357723333E2	-2.042042564E0
3.359323333E2	-5.911894868E0
3.361081667E2	-1.058098874E1
3.362682667E2	-1.645078200E1
3.364442667E2	-2.309662562E1
3.366042000E2	-2.975008659E1
3.367642333E2	-3.860027108E1
3.369401667E2	-4.672493727E1
3.371002667E2	-5.444984247E1
3.372761333E2	-6.144674098E1
3.374362667E2	-6.527833176E1
3.375962000E2	-6.775208788E1
3.377723000E2	-6.968910648E1
3.379323000E2	-7.064831469E1
3.381081333E2	-7.066540237E1
3.382683000E2	-7.068544078E1
3.384442000E2	-7.029972632E1
3.386043000E2	-6.974210539E1
3.387643000E2	-6.807920559E1
3.389402000E2	-6.453073373E1
3.391002000E2	-5.963918266E1
3.392762000E2	-5.316608456E1
3.394362333E2	-5.015035773E1
3.395962000E2	-4.554501622E1
3.397722333E2	-4.108958838E1
3.399323000E2	-3.614532973E1
3.401081000E2	-2.806396638E1
3.402682000E2	-1.779310006E1
3.404282333E2	-1.040326635E1
3.406042000E2	-5.052308892E0
3.407642000E2	-9.841469587E-1
3.409401333E2	2.116594146E0
3.411001667E2	4.017806248E0
3.412602000E2	4.759846905E0
3.414362667E2	5.334035685E0
3.415961667E2	5.501060956E0
3.417722333E2	5.130711580E0
3.419321333E2	4.816099456E0
3.421081000E2	2.109393041E0
3.422681000E2	-7.163978863E-1
3.424282000E2	-3.047520882E0
3.426042000E2	-6.383478035E0
3.427642333E2	-1.179295978E1
3.429400667E2	-1.807552403E1
3.431002333E2	-2.676109636E1
3.432602333E2	-3.447578290E1
3.434361667E2	-4.337337818E1
3.435963000E2	-5.100776801E1
3.437722333E2	-5.812159037E1
3.439321667E2	-6.305165127E1
3.440922333E2	-6.646824200E1
3.442682000E2	-6.837819897E1
3.444281000E2	-7.015799955E1
3.446040667E2	-7.101564585E1
3.447642667E2	-7.165773086E1
3.449242333E2	-7.128732506E1
3.451001000E2	-6.993456744E1
3.452602000E2	-6.898803499E1
3.454361000E2	-6.656849335E1
3.455960667E2	-6.400908405E1
3.457720333E2	-5.968914796E1
3.459322000E2	-5.402489524E1
3.460922333E2	-5.018435531E1
3.462682000E2	-4.580875262E1
3.464280333E2	-4.147769455E1
3.466041000E2	-3.658113485E1
3.467642000E2	-2.978634244E1
3.469241667E2	-1.987309776E1
3.471000333E2	-1.377245051E1
3.472601000E2	-8.950449906E0
3.474361333E2	-4.667326839E0
3.475961667E2	-2.223202217E-1
3.477562333E2	3.078059789E0
3.479321000E2	4.109108646E0
3.480921333E2	5.591045336E0
3.482682000E2	5.886618942E0
3.484282000E2	5.802284771E0
3.486040000E2	5.086083055E0
3.487640333E2	3.090509079E0
3.489242667E2	1.603383467E0
3.491000333E2	-1.595260494E0
3.492600667E2	-4.148057870E0
3.494361000E2	-8.426498451E0
3.495961333E2	-1.247574978E1
3.497562000E2	-1.872268450E1
3.499320333E2	-2.610306118E1
3.500921667E2	-3.371474489E1
3.502679667E2	-4.254884123E1
3.504282333E2	-5.037877796E1
3.505884667E2	-5.708078018E1
3.507641333E2	-6.308231297E1
3.509240333E2	-6.579463848E1
3.511002000E2	-6.794720195E1
3.512601000E2	-6.960510610E1
3.514201333E2	-7.092653221E1
3.515961333E2	-7.111240269E1
3.517560333E2	-7.161723347E1
3.519319667E2	-7.080904506E1
3.520920333E2	-6.975490186E1
3.522679333E2	-6.801139216E1
3.524279667E2	-6.546989046E1
3.525882667E2	-6.230718126E1
3.527640667E2	-5.811124311E1
3.529241000E2	-5.196013925E1
3.530999333E2	-4.873054222E1
3.532601333E2	-4.464452043E1
3.534201667E2	-4.002969058E1
3.535960000E2	-3.503106330E1
3.537560667E2	-2.618221124E1
3.539320667E2	-1.745069268E1
3.540921333E2	-1.218743295E1
3.542521333E2	-7.868580976E0
3.544280333E2	-4.040505148E0
3.545881667E2	-8.996915335E-1
3.547642000E2	1.680269894E0
3.549239667E2	3.927002024E0
3.550841000E2	5.078823639E0
3.552601667E2	5.492843634E0
3.554200667E2	5.521147841E0
3.555961000E2	5.101150547E0
3.557561333E2	4.535690542E0
3.559319000E2	2.812035799E0
3.560920000E2	-3.884824928E-2
3.562521333E2	-3.162096916E0
3.564280667E2	-6.006655864E0
3.565881333E2	-1.029285359E1
3.567640333E2	-1.539148946E1
3.569239667E2	-2.270866309E1
3.570841000E2	-2.933865322E1
3.572599333E2	-3.608845450E1
3.574199333E2	-4.385691801E1
3.575961000E2	-5.088161178E1
3.577561000E2	-5.750853645E1
3.579161333E2	-6.283374247E1
3.580919333E2	-6.631481262E1
3.582521000E2	-6.860598253E1
3.584280333E2	-6.938891727E1
3.585881000E2	-6.993839270E1
3.587640333E2	-7.097185718E1
3.589240333E2	-7.132387725E1
3.590840000E2	-7.065861557E1
3.592601333E2	-7.071353621E1
3.594199333E2	-6.935981300E1
3.595960333E2	-6.665685820E1
3.597560667E2	-6.319440525E1
3.599161000E2	-5.963618898E1
3.600919333E2	-5.427322946E1
3.602520333E2	-5.059741501E1
3.604278667E2	-4.692525793E1
3.605880667E2	-4.301355600E1
3.607482333E2	-3.890872153E1
3.609239667E2	-3.285735958E1
3.610840333E2	-2.510399514E1
3.612599333E2	-1.710018978E1
3.614199333E2	-1.191496834E1
3.615800000E2	-6.981282636E0
3.617559000E2	-3.881007142E0
3.619160000E2	-3.320810008E-1
3.620918667E2	2.304800888E0
3.622518667E2	3.332060635E0
3.624279333E2	4.973886099E0
3.625880000E2	5.569401958E0
3.627479000E2	5.729503174E0
3.629240333E2	5.323026319E0
3.630840333E2	5.023343553E0
3.632599333E2	3.120802639E0
3.634199000E2	5.000583347E-1
3.635799667E2	-2.343227928E0
3.637559000E2	-5.888094378E0
3.639158667E2	-1.021916591E1
3.640920333E2	-1.571447956E1
3.642519333E2	-2.332259298E1
3.644120333E2	-3.012281650E1
3.645879333E2	-3.794085338E1
3.647479000E2	-4.516640307E1
3.649240000E2	-5.177191080E1
3.650838333E2	-5.861969543E1
3.652440333E2	-6.326021572E1
3.654199000E2	-6.582975758E1
3.655799000E2	-6.784402130E1
3.657558667E2	-6.944611394E1
3.659159000E2	-7.060267395E1
3.660918667E2	-7.110245665E1
3.662521667E2	-7.097146167E1
3.664119000E2	-7.076067822E1
3.665878667E2	-7.044210052E1
3.667480000E2	-6.913270177E1
3.669239000E2	-6.662635017E1
3.670838333E2	-6.366979601E1
3.672441000E2	-6.008621500E1
3.674200333E2	-5.485156277E1
3.675800000E2	-5.127066093E1
3.677559000E2	-4.702086148E1
3.679158667E2	-4.384202707E1
3.680760000E2	-4.021240906E1
3.682519333E2	-3.528355408E1
3.684119000E2	-2.899843460E1
3.685878333E2	-2.153648429E1
3.687478667E2	-1.499642798E1
3.689239000E2	-1.081893282E1
3.690839333E2	-6.369081989E0
3.692440000E2	-2.357155236E0
3.694200000E2	5.851513742E-1
3.695798667E2	2.919610683E0
3.697558667E2	4.144470646E0
3.699158667E2	5.434938309E0
3.700759000E2	5.913828091E0
3.702518667E2	5.893178960E0
3.704119667E2	5.889525105E0
3.705877333E2	5.165062935E0
3.707478333E2	3.935440778E0
3.709078333E2	8.660835125E-1
3.710838000E2	-1.792090125E0
3.712438667E2	-4.851946315E0
3.714199000E2	-8.187329311E0
3.715798333E2	-1.392346001E1
3.717398333E2	-1.988085856E1
3.719158000E2	-2.632258018E1
3.720759000E2	-3.331869494E1
3.722518667E2	-4.073215933E1
3.724118000E2	-4.814066459E1
3.725877000E2	-5.385365371E1
3.727477667E2	-5.920469985E1
3.729078333E2	-6.322402409E1
3.730839667E2	-6.604142108E1
3.732439333E2	-6.788337462E1
3.734198000E2	-6.876897353E1
3.735797667E2	-7.064705591E1
3.737398000E2	-7.136823520E1
3.739158000E2	-7.114989243E1
3.740758333E2	-7.091414093E1
3.742519333E2	-7.073109342E1
3.744117667E2	-6.980992196E1
3.745719333E2	-6.769091295E1
3.747479000E2	-6.564863398E1
3.749078333E2	-6.198352774E1
3.750837000E2	-5.869736477E1
3.752439000E2	-5.336271245E1
3.754041333E2	-5.033821358E1
3.755797667E2	-4.624910126E1
3.757398333E2	-4.308759297E1
3.759159000E2	-3.925536288E1
3.760759000E2	-3.435055023E1
3.762517667E2	-2.878831036E1
3.764117667E2	-2.231036132E1
3.765718333E2	-1.664058944E1
3.767478667E2	-1.110843033E1
3.769078333E2	-6.933727918E0
3.770837000E2	-2.880111007E0
3.772438000E2	3.303286086E-1
3.774038000E2	3.034997524E0
3.775797000E2	5.045604559E0
3.777397333E2	6.457020761E0
3.779158333E2	7.270693865E0
3.780757333E2	7.505732124E0
3.782357333E2	7.163896126E0
3.784118333E2	6.879708459E0
3.785717667E2	4.926350843E0
3.787477000E2	2.949084090E0
3.789077333E2	6.918165419E-1
3.790836333E2	-1.979802995E0
3.792436667E2	-4.802318035E0
3.794036667E2	-8.539094717E0
3.795797333E2	-1.291597675E1
3.797397000E2	-1.966027888E1
3.799157000E2	-2.584687248E1
3.800756667E2	-3.215197887E1
3.802358667E2	-3.939181393E1
3.804118000E2	-4.649201779E1
3.805717667E2	-5.178071666E1
3.807477667E2	-5.724686549E1
3.809078000E2	-6.087761855E1
3.810678333E2	-6.400311264E1
3.812438333E2	-6.643595985E1
3.814037333E2	-6.798871873E1
3.815797333E2	-6.951027535E1
3.817396667E2	-7.136032929E1
3.818996667E2	-7.110817176E1
3.820757333E2	-7.120364708E1
3.822357000E2	-7.076277941E1
3.824116333E2	-7.012611542E1
3.825716333E2	-6.936126934E1
3.827477000E2	-6.859820140E1
3.829076333E2	-6.627261190E1
3.830676667E2	-6.480512878E1
3.832436667E2	-6.164739159E1
3.834036667E2	-5.815820913E1
3.835796000E2	-5.309589310E1
3.837396333E2	-5.057230102E1
3.838997000E2	-4.671111893E1
3.840756333E2	-4.359820643E1
3.842356667E2	-4.038431155E1
3.844116333E2	-3.606221737E1
3.845716333E2	-3.114685870E1
3.847317000E2	-2.503357919E1
3.849077333E2	-1.688684328E1
3.850676667E2	-1.022131045E1
3.852436000E2	-6.048202143E0
3.854036333E2	-1.842471510E0
3.855637000E2	1.131953616E0
3.857396333E2	3.364860132E0
3.858996667E2	5.323376415E0
3.860756333E2	6.676582304E0
3.862356333E2	7.089545921E0
3.864115333E2	7.380513409E0
3.865716000E2	7.479087716E0
3.867316667E2	7.012919360E0
3.869076000E2	6.220469113E0
3.870675667E2	4.148004617E0
3.872435333E2	2.949202660E0
3.874036000E2	1.851773958E-1
3.875636000E2	-2.148047880E0
3.877396000E2	-5.024756102E0
3.878996333E2	-8.257263912E0
3.880756000E2	-1.272799599E1
3.882356333E2	-1.762174504E1
3.883957000E2	-2.285418263E1
3.885716333E2	-2.834321102E1
3.887317667E2	-3.306280802E1
3.889076000E2	-3.912116515E1
3.890676333E2	-4.498510017E1
3.892436667E2	-5.010944970E1
3.894035667E2	-5.411375065E1
3.895636667E2	-5.946307055E1
3.897395667E2	-6.286494516E1
3.898997333E2	-6.600222942E1
3.900755000E2	-6.809017231E1
3.902355333E2	-6.901037073E1
3.903957667E2	-7.011830285E1
3.905716333E2	-7.100541825E1
3.907317333E2	-7.129717249E1
3.909076333E2	-7.160030374E1
3.910676000E2	-7.028754858E1
3.912276000E2	-7.007268598E1
3.914037333E2	-6.941807330E1
3.915637667E2	-6.720093857E1
3.917397000E2	-6.594151901E1
3.918996667E2	-6.361865507E1
3.920596667E2	-6.165003270E1
3.922356000E2	-5.715538350E1
3.923956333E2	-5.293995229E1
3.925715333E2	-5.003696619E1
3.927315667E2	-4.619812476E1
3.929076000E2	-4.331400337E1
3.930678000E2	-4.007366046E1
3.932276333E2	-3.582433820E1
3.934035333E2	-3.005390702E1
3.935636333E2	-2.304378985E1
3.937395667E2	-1.709584335E1
3.938995333E2	-1.239399736E1
3.940595333E2	-8.165916983E0
3.942356333E2	-4.236726882E0
3.943957000E2	-1.107114741E0
3.945716667E2	1.132835458E0
3.947315333E2	3.096048716E0
3.948916667E2	4.712304413E0
3.950676000E2	5.368333431E0
3.952277000E2	6.031665663E0
3.954035000E2	6.146400582E0
3.955636000E2	6.104359989E0
3.957394667E2	5.967148852E0
3.958995000E2	5.132542519E0
3.960595667E2	3.274791995E0
3.962355000E2	2.155221028E0
3.963956333E2	2.062120461E-1
3.965715333E2	-1.676984245E0
3.967314667E2	-3.980886127E0
3.968915667E2	-6.678629796E0
3.970676333E2	-9.595873453E0
3.972276000E2	-1.373604974E1
3.974034333E2	-1.861277564E1
3.975635000E2	-2.408126243E1
3.977236667E2	-2.881688219E1
3.978995000E2	-3.465640777E1
3.980595667E2	-4.108541039E1
3.982356333E2	-4.688918641E1
3.983956000E2	-5.124565634E1
3.985554667E2	-5.494663565E1
3.987316000E2	-6.100192735E1
3.988916000E2	-6.430558652E1
3.990674333E2	-6.595597764E1
3.992276333E2	-6.758538401E1
3.994035333E2	-6.891063474E1
3.995634667E2	-6.989927941E1
3.997235000E2	-7.112222351E1
3.998995000E2	-7.096188172E1
4.000596000E2	-7.121913588E1
4.002355667E2	-7.144040865E1
4.003954333E2	-7.073263284E1
4.005555333E2	-7.000414165E1
4.007315000E2	-6.917387568E1
4.008915000E2	-6.747375584E1
4.010674000E2	-6.602328302E1
4.012276000E2	-6.424953562E1
4.013875000E2	-6.116875748E1
4.015636000E2	-5.842539614E1
4.017234667E2	-5.437019930E1
4.018995667E2	-5.211087600E1
4.020594000E2	-4.907237920E1
4.022195000E2	-4.637286107E1
4.023954333E2	-4.402990562E1
4.025556000E2	-4.157250530E1
4.027314667E2	-3.822483781E1
4.028914667E2	-3.437905834E1
4.030674000E2	-3.068531837E1
4.032275667E2	-2.549046682E1
4.033875667E2	-1.989977596E1
4.035634000E2	-1.399274570E1
4.037235667E2	-9.834610181E0
4.038995000E2	-6.022329635E0
4.040595667E2	-2.770450223E0
4.042195333E2	-1.667960299E-1
4.043955000E2	2.911281882E0
4.045554667E2	4.188881728E0
4.047313667E2	5.368920339E0
4.048914000E2	6.000968808E0
4.050516000E2	6.914228605E0
4.052275667E2	7.437392844E0
4.053875000E2	7.648614985E0
4.055635333E2	7.307374267E0
4.057235333E2	6.893883519E0
4.058993667E2	6.036970180E0
4.060593667E2	3.998215602E0
4.062194667E2	2.875109809E0
4.063956000E2	8.801517201E-1
4.065555333E2	-5.418069673E-1
4.067314333E2	-2.342082540E0
4.068914000E2	-3.965511859E0
4.070514000E2	-6.140281409E0
4.072273667E2	-8.033122472E0
4.073874000E2	-1.079731870E1
4.075634000E2	-1.320932395E1
4.077235333E2	-1.710252403E1
4.078834667E2	-2.065998024E1
4.080593667E2	-2.440794607E1
4.082194667E2	-2.854819054E1
4.083954333E2	-3.380052329E1
4.085555667E2	-3.854267184E1
4.087154000E2	-4.318801977E1
4.088914333E2	-4.828983289E1
4.090516667E2	-5.197287156E1
4.092273333E2	-5.515052579E1
4.093874667E2	-5.991953867E1
4.095633333E2	-6.227182003E1
4.097235000E2	-6.552870391E1
4.098834000E2	-6.659159616E1
4.100594333E2	-6.816390207E1
4.102195000E2	-6.900163080E1
4.103953333E2	-6.930566197E1
4.105554333E2	-7.002614259E1
4.107153667E2	-7.068226225E1
4.108913667E2	-7.068347941E1
4.110514667E2	-7.093944309E1
4.112274000E2	-7.108008979E1
4.113873333E2	-7.075255012E1
4.115475333E2	-7.064314816E1
4.117234333E2	-7.013964878E1
4.118833667E2	-6.900794709E1
4.120595333E2	-6.825204477E1
4.122194333E2	-6.690892898E1
4.123795000E2	-6.476773980E1
4.125554667E2	-6.343991418E1
4.127154333E2	-6.101811625E1
4.128914333E2	-5.977324693E1
4.130514000E2	-5.641368361E1
4.132273333E2	-5.310570181E1
4.133874333E2	-5.129334781E1
4.135474000E2	-4.882809672E1
4.137233000E2	-4.662311375E1
4.138833333E2	-4.464143450E1
4.140592667E2	-4.225685074E1
4.142193000E2	-3.969936517E1
4.143793333E2	-3.708122061E1
4.145552667E2	-3.316634028E1
4.147154000E2	-2.874475853E1
4.148914000E2	-2.272800181E1
4.150514333E2	-1.669151055E1
4.152114667E2	-1.268731047E1
4.153873667E2	-9.131406337E0
4.155473667E2	-6.900959276E0
4.157233667E2	-4.237412287E0
4.158834000E2	-2.135663239E0
4.160593667E2	-3.558012690E-2
4.162193333E2	1.788422221E0
4.163794333E2	3.030270133E0
4.165554000E2	4.007615454E0
4.167152667E2	4.401644569E0
4.168912333E2	5.831171120E0
4.170513667E2	5.964412888E0
4.172113000E2	5.992318790E0
4.173873333E2	6.030394189E0
4.175474667E2	6.018446263E0
4.177232000E2	5.974572866E0
4.178833667E2	5.911295588E0
4.180434333E2	5.684861269E0
4.182192333E2	5.064186904E0
4.183794667E2	3.594585178E0
4.185552667E2	2.882753049E0
4.187153333E2	2.049655021E0
4.188757000E2	4.109314842E-1
4.190513667E2	-8.917774461E-1
4.192112667E2	-2.404708805E0
4.193872000E2	-4.116211078E0
4.195472667E2	-6.007492887E0
4.197231333E2	-9.031973887E0
4.198832333E2	-1.117226031E1
4.200432667E2	-1.531397422E1
4.202191667E2	-1.901172942E1
4.203792333E2	-2.398684524E1
4.205552333E2	-2.789644568E1
4.207153000E2	-3.179118735E1
4.208752333E2	-3.621550231E1
4.210513000E2	-4.173321948E1
4.212112333E2	-4.636481857E1
4.213872667E2	-4.962610370E1
4.215473667E2	-5.217021764E1
4.217073333E2	-5.532773123E1
4.218832667E2	-5.874664540E1
4.220433667E2	-6.184843494E1
4.222192667E2	-6.328894045E1
4.223793667E2	-6.499583252E1
4.225394000E2	-6.694814569E1
4.227153333E2	-6.786883346E1
4.228753333E2	-6.859713866E1
4.230513333E2	-6.940955633E1
4.232112333E2	-7.013827907E1
4.233872000E2	-7.062026634E1
4.235473333E2	-7.060784302E1
4.237073333E2	-7.081084809E1
4.238832667E2	-7.103484242E1
4.240432000E2	-7.092419916E1
4.242192667E2	-7.074921332E1
4.243792667E2	-7.030110550E1
4.245393333E2	-6.973933757E1
4.247151333E2	-6.914351844E1
4.248753000E2	-6.844593879E1
4.250512333E2	-6.716775501E1
4.252115667E2	-6.608138862E1
4.253713000E2	-6.447848889E1
4.255472333E2	-6.289421223E1
4.257072000E2	-6.106187338E1
4.258831667E2	-5.801264338E1
4.260433000E2	-5.690122840E1
4.262192000E2	-5.251036673E1
4.263793333E2	-5.096957687E1
4.265393000E2	-4.898576389E1
4.267152667E2	-4.703384158E1
4.268752667E2	-4.500410772E1
4.270511000E2	-4.305537311E1
4.272111000E2	-4.109728768E1
4.273712667E2	-3.878240742E1
4.275472000E2	-3.605332134E1
4.277072667E2	-3.277629463E1
4.278831000E2	-2.840562454E1
4.280433000E2	-2.395363314E1
4.282031667E2	-1.934726675E1
4.283792667E2	-1.624382837E1
4.285392000E2	-1.345479841E1
4.287152333E2	-1.077979051E1
4.288753333E2	-8.118045838E0
4.290352667E2	-6.055359881E0
4.292111000E2	-4.062013676E0
4.293711333E2	-2.814823382E0
4.295471667E2	-1.040828676E0
4.297072000E2	1.037784705E0
4.298830667E2	2.297161064E0
4.300431667E2	3.337079205E0
4.302031667E2	4.953077438E0
4.303791000E2	5.936386509E0
4.305393000E2	6.320780126E0
4.307152333E2	6.475122064E0
4.308752000E2	6.350838562E0
4.310351667E2	6.312358546E0
4.312112000E2	6.250319976E0
4.313711000E2	6.296454194E0
4.315470333E2	6.259049621E0
4.317072333E2	6.279593104E0
4.318673000E2	6.299799855E0
4.320431333E2	6.329154895E0
4.322032667E2	6.314364681E0
4.323790667E2	6.263587224E0
4.325391000E2	6.314065328E0
4.326991333E2	6.308058476E0
4.328752000E2	6.225687612E0
4.330351000E2	6.250873865E0
4.332112333E2	6.244303439E0
4.333710667E2	6.251521012E0
4.335470333E2	6.302517644E0
4.337072000E2	6.306829380E0
4.338671000E2	6.295489341E0
4.340431667E2	6.306609736E0
4.342032333E2	6.293378185E0
4.343791000E2	6.278860483E0
4.345392000E2	6.312587229E0
