mass_A
t	x
0.000000000E0	-5.400124792E-13
1.759000000E-1	1.064984976E-3
3.359666667E-1	-2.920223885E-3
4.960333333E-1	1.135476674E-2
6.720000000E-1	1.341303306E-2
8.319333333E-1	-8.067415556E-3
1.007866667E0	-2.535403658E-2
1.168033333E0	-8.530023750E-3
1.328133333E0	-7.534712122E-3
1.504100000E0	-3.119849087E-3
1.664066667E0	-1.068238946E-2
1.839933333E0	-2.977890896E-2
2.000000000E0	-1.743471029E-2
2.160033333E0	-1.442331991E-2
2.335933333E0	-5.795133451E-3
2.496100000E0	-2.070394369E-3
2.671966667E0	-1.047211175E-2
2.832066667E0	-2.482801665E-3
3.007900000E0	6.701688733E-3
3.168033333E0	-1.638353633E-2
3.327933333E0	5.135573886E-3
3.504066667E0	-4.174318434E-3
3.664100000E0	-1.278554781E-2
3.839900000E0	-8.060176333E-3
3.999900000E0	-2.539833451E-2
4.160100000E0	-1.810109918E-2
4.336066667E0	-1.087602079E-2
4.496066667E0	2.379757344E-3
4.671866667E0	-6.546685121E-2
4.831900000E0	-8.796186387E-2
4.992033333E0	-9.801080175E-2
5.168066667E0	-7.683590254E-2
5.327966667E0	-6.666243443E-2
5.504000000E0	-6.957502851E-2
5.664133333E0	-3.103805131E-2
5.839933333E0	-2.617911411E-2
6.000033333E0	-3.295463837E-2
6.160033333E0	-1.941569050E-3
6.335933333E0	-4.696043321E-3
6.496033333E0	1.145166413E-2
6.671933333E0	1.411861097E-2
6.831900000E0	2.425011296E-2
6.992000000E0	3.224768542E-2
7.168000000E0	2.895389226E-2
7.327900000E0	2.317297315E-2
7.503966667E0	2.364226222E-2
7.663900000E0	1.116760816E-2
7.823933333E0	1.160782092E-2
7.999866667E0	4.501746220E-2
8.159966667E0	1.684517491E0
8.335900000E0	3.187179380E0
8.495966667E0	5.124087634E0
8.655966667E0	7.001667222E0
8.831866667E0	9.069559466E0
8.991966667E0	1.106789702E1
9.167966667E0	1.326505599E1
9.327900000E0	1.591325981E1
9.503833333E0	1.850873687E1
9.663833333E0	2.217448470E1
9.823833333E0	2.717116322E1
9.999900000E0	3.224924295E1
1.015996667E1	3.599115839E1
1.033590000E1	3.891793373E1
1.049586667E1	4.159399707E1
1.065596667E1	4.446072778E1
1.083190000E1	4.658890255E1
1.099200000E1	4.847253330E1
1.116780000E1	5.051710119E1
1.132796667E1	5.280355089E1
1.148796667E1	5.412086354E1
1.166383333E1	5.561307360E1
1.182383333E1	5.696022899E1
1.199980000E1	5.778314059E1
1.215983333E1	5.814752855E1
1.231993333E1	5.933648090E1
1.249583333E1	5.960853706E1
1.265596667E1	5.969145773E1
1.283186667E1	5.971950798E1
1.299190000E1	5.974864950E1
1.316783333E1	5.954902295E1
1.332793333E1	5.914988985E1
1.348800000E1	5.899591330E1
1.366383333E1	5.800617493E1
1.382380000E1	5.680775229E1
1.399993333E1	5.588662380E1
1.415993333E1	5.480982498E1
1.431983333E1	5.342512319E1
1.449593333E1	5.205325646E1
1.465600000E1	5.062811429E1
1.483186667E1	4.883832027E1
1.499193333E1	4.697993991E1
1.515186667E1	4.470574208E1
1.532793333E1	4.240169306E1
1.548796667E1	3.960945093E1
1.566393333E1	3.597105116E1
1.582390000E1	3.215511182E1
1.599976667E1	2.809325379E1
1.615993333E1	2.416874686E1
1.631983333E1	2.005621485E1
1.649590000E1	1.516675201E1
1.665583333E1	1.083089806E1
1.683180000E1	5.888025658E0
1.699173333E1	2.586005815E0
1.715186667E1	-2.888741019E-1
1.732790000E1	-3.067691690E0
1.748783333E1	-7.626102894E0
1.766370000E1	-9.411399842E0
1.782383333E1	-1.147003286E1
1.798400000E1	-1.301829211E1
1.815983333E1	-1.411987423E1
1.831980000E1	-1.495674153E1
1.849573333E1	-1.583102921E1
1.865576667E1	-1.618514124E1
1.881580000E1	-1.712653606E1
1.899173333E1	-1.710649975E1
1.915190000E1	-1.757062629E1
1.932776667E1	-1.768181164E1
1.948776667E1	-1.729165605E1
1.966380000E1	-1.703351905E1
1.982380000E1	-1.716186344E1
1.998383333E1	-1.685687878E1
2.015990000E1	-1.584263656E1
2.031986667E1	-1.477672597E1
2.049580000E1	-1.373144535E1
2.065576667E1	-1.211448479E1
2.081583333E1	-1.019081066E1
2.099183333E1	-8.007374995E0
2.115180000E1	-6.059112070E0
2.132786667E1	-3.947225695E0
2.148773333E1	2.391133468E-3
2.164783333E1	2.210412984E0
2.182370000E1	4.915028117E0
2.198386667E1	7.531298535E0
2.215986667E1	9.899401090E0
2.231986667E1	1.282366554E1
2.247990000E1	1.580623918E1
2.265570000E1	1.910648933E1
2.281580000E1	2.362585455E1
2.299183333E1	2.936447401E1
2.315170000E1	3.420290739E1
2.332770000E1	3.859675842E1
2.348766667E1	4.191377793E1
2.364780000E1	4.491616874E1
2.382373333E1	4.762933290E1
2.398383333E1	5.027384973E1
2.415960000E1	5.230061571E1
2.431980000E1	5.454633980E1
2.447996667E1	5.586395646E1
2.465580000E1	5.690949346E1
2.481576667E1	5.791983289E1
2.499176667E1	5.898787683E1
2.515176667E1	5.929714412E1
2.531180000E1	5.961084641E1
2.548776667E1	5.967265556E1
2.564770000E1	5.975397204E1
2.582363333E1	5.948055743E1
2.598363333E1	5.930103997E1
2.615956667E1	5.873625292E1
2.631963333E1	5.707442011E1
2.647970000E1	5.629707687E1
2.665563333E1	5.438270762E1
2.681573333E1	5.296412203E1
2.699173333E1	5.129369546E1
2.715176667E1	4.970897000E1
2.731186667E1	4.678717082E1
2.748780000E1	4.424340977E1
2.764773333E1	4.193181027E1
2.782366667E1	3.846502160E1
2.798366667E1	3.338087437E1
2.814376667E1	2.889114343E1
2.831966667E1	2.512699067E1
2.847983333E1	1.980482807E1
2.865580000E1	1.491581063E1
2.881570000E1	9.693089733E0
2.897566667E1	4.280349535E0
2.915176667E1	1.096815155E0
2.931176667E1	-2.038606270E0
2.948776667E1	-6.353835153E0
2.964780000E1	-9.377833336E0
2.982356667E1	-1.151161072E1
2.998363333E1	-1.273038106E1
3.014363333E1	-1.401676445E1
3.031966667E1	-1.494329760E1
3.047983333E1	-1.600361337E1
3.065570000E1	-1.678950377E1
3.081570000E1	-1.774851170E1
3.097570000E1	-1.774666661E1
3.115176667E1	-1.746082481E1
3.131163333E1	-1.737152488E1
3.148773333E1	-1.713205926E1
3.164766667E1	-1.692947539E1
3.180760000E1	-1.621684692E1
3.198363333E1	-1.504958615E1
3.214356667E1	-1.384738217E1
3.231973333E1	-1.199960080E1
3.247966667E1	-1.025491273E1
3.263996667E1	-8.240175228E0
3.281566667E1	-5.816655304E0
3.297570000E1	-1.919343422E0
3.315160000E1	7.787667143E-1
3.331166667E1	3.797877339E0
3.348750000E1	6.000539170E0
3.364760000E1	8.617682506E0
3.380766667E1	1.122439552E1
3.398373333E1	1.426991106E1
3.414370000E1	1.791087552E1
3.431953333E1	2.208992133E1
3.447973333E1	2.759682707E1
3.463980000E1	3.463840557E1
3.481563333E1	3.915293949E1
3.497560000E1	4.307292641E1
3.515150000E1	4.592763478E1
3.531156667E1	4.938776034E1
3.547183333E1	5.176093370E1
3.564770000E1	5.461900624E1
3.580760000E1	5.643150379E1
3.598353333E1	5.742978170E1
3.614356667E1	5.862668980E1
3.631950000E1	5.953247245E1
3.647953333E1	5.980385740E1
3.663963333E1	5.989462534E1
3.681560000E1	5.981673735E1
3.697556667E1	5.982032793E1
3.715150000E1	5.950371332E1
3.731150000E1	5.842910376E1
3.747163333E1	5.671302273E1
3.764760000E1	5.588277909E1
3.780750000E1	5.389947436E1
3.798363333E1	5.213555767E1
3.814360000E1	5.009802573E1
3.830370000E1	4.817913339E1
3.847963333E1	4.601536136E1
3.863963333E1	4.306208801E1
3.881560000E1	4.042473273E1
3.897570000E1	3.556881426E1
3.913556667E1	3.179983075E1
3.931166667E1	2.672534251E1
3.947160000E1	2.243587268E1
3.964756667E1	1.670927608E1
3.980763333E1	1.116187717E1
3.998360000E1	5.462426137E0
4.014356667E1	1.263376156E0
4.030383333E1	-2.142259645E0
4.047963333E1	-6.784811653E0
4.063956667E1	-9.926453383E0
4.081553333E1	-1.262956423E1
4.097566667E1	-1.330674736E1
4.113566667E1	-1.478933194E1
4.131150000E1	-1.593098061E1
4.147150000E1	-1.669545681E1
4.164756667E1	-1.713836798E1
4.180750000E1	-1.781150130E1
4.196766667E1	-1.743632654E1
4.214346667E1	-1.715331624E1
4.230356667E1	-1.708200158E1
4.247960000E1	-1.701107507E1
4.263953333E1	-1.701537392E1
4.279956667E1	-1.578884753E1
4.297560000E1	-1.405069816E1
4.313563333E1	-1.213859041E1
4.331166667E1	-1.002453557E1
4.347163333E1	-7.714091321E0
4.364753333E1	-4.710820529E0
4.380746667E1	-1.061484730E0
4.396750000E1	2.184151402E0
4.414346667E1	4.954766897E0
4.430353333E1	7.378689217E0
4.447960000E1	1.009123452E1
4.463956667E1	1.303001821E1
4.479953333E1	1.650927306E1
4.497550000E1	2.030741837E1
4.513560000E1	2.568985121E1
4.531150000E1	3.096791227E1
4.547150000E1	3.694442931E1
4.563163333E1	4.108052574E1
4.580746667E1	4.502280415E1
4.596753333E1	4.815539953E1
4.614356667E1	5.203276246E1
4.630360000E1	5.469439376E1
4.647940000E1	5.665667399E1
4.663950000E1	5.787285032E1
4.679946667E1	5.922036788E1
4.697550000E1	6.042418186E1
4.713556667E1	6.056331265E1
4.731143333E1	6.079822159E1
4.747163333E1	6.068019148E1
4.763163333E1	6.035172496E1
4.780746667E1	5.971753427E1
4.796743333E1	5.819908118E1
4.814336667E1	5.657972917E1
4.830343333E1	5.478668515E1
4.846353333E1	5.269343997E1
4.863953333E1	5.087944713E1
4.879950000E1	4.911349133E1
4.897540000E1	4.643072308E1
4.913550000E1	4.371019867E1
4.929556667E1	4.096631262E1
4.947146667E1	3.716793889E1
4.963153333E1	3.248723693E1
4.980740000E1	2.786065132E1
4.996750000E1	2.384844271E1
5.014333333E1	1.889265244E1
5.030346667E1	1.301747781E1
5.046350000E1	7.409455314E0
5.063946667E1	2.116984331E0
5.079940000E1	-1.102863278E0
5.097546667E1	-6.630163125E0
5.113546667E1	-1.000576614E1
5.129543333E1	-1.258538088E1
5.147153333E1	-1.400074179E1
5.163160000E1	-1.512988892E1
5.180736667E1	-1.639508245E1
5.196753333E1	-1.711659029E1
5.212750000E1	-1.784125589E1
5.230336667E1	-1.772859319E1
5.246350000E1	-1.735804977E1
5.263936667E1	-1.709386126E1
5.279933333E1	-1.689916039E1
5.295936667E1	-1.651041891E1
5.313543333E1	-1.503989124E1
5.329546667E1	-1.352482043E1
5.347143333E1	-1.195478719E1
5.363153333E1	-8.964631466E0
5.380740000E1	-6.007478775E0
5.396733333E1	-1.879767517E0
5.412753333E1	7.787186616E-1
5.430333333E1	3.443514842E0
5.446350000E1	6.157352022E0
5.463926667E1	8.665167281E0
5.479940000E1	1.184704862E1
5.495953333E1	1.503671518E1
5.513530000E1	1.875556342E1
5.529540000E1	2.374460409E1
5.547130000E1	2.836967598E1
5.563140000E1	3.455326158E1
5.579140000E1	3.987420411E1
5.596743333E1	4.407242387E1
5.612743333E1	4.748892057E1
5.630343333E1	5.059503624E1
5.646330000E1	5.399115704E1
5.663930000E1	5.587632896E1
5.679950000E1	5.785570138E1
5.695940000E1	5.941894649E1
5.713540000E1	6.000167112E1
5.729533333E1	6.027675115E1
5.747123333E1	6.050116805E1
5.763143333E1	6.040945242E1
5.779133333E1	6.003057217E1
5.796740000E1	5.945201470E1
5.812743333E1	5.717372506E1
5.830333333E1	5.607168256E1
5.846346667E1	5.370358306E1
5.862340000E1	5.127640486E1
5.879930000E1	4.899075441E1
5.895943333E1	4.663712833E1
5.913533333E1	4.277283637E1
5.929543333E1	3.835117598E1
5.945536667E1	3.372440874E1
5.963130000E1	2.909867350E1
5.979143333E1	2.401960416E1
5.996740000E1	1.822620258E1
6.012736667E1	1.275563880E1
6.030336667E1	7.728158964E0
6.046340000E1	3.014912462E0
6.062340000E1	-9.089044607E-1
6.079933333E1	-4.770068257E0
6.095943333E1	-8.915767913E0
6.113520000E1	-1.198537012E1
6.129540000E1	-1.394361418E1
6.145546667E1	-1.522410623E1
6.163133333E1	-1.622192879E1
6.179130000E1	-1.718578379E1
6.196723333E1	-1.745019965E1
6.212730000E1	-1.798873176E1
6.228730000E1	-1.798656801E1
6.246330000E1	-1.761696861E1
6.262336667E1	-1.711260227E1
6.279923333E1	-1.632008879E1
6.295926667E1	-1.464825248E1
6.311933333E1	-1.315703153E1
6.329523333E1	-1.161427194E1
6.345536667E1	-9.449533891E0
6.363130000E1	-6.059068380E0
6.379126667E1	-2.687258634E0
6.396730000E1	1.109789334E0
6.412730000E1	4.263665657E0
6.428730000E1	7.594123481E0
6.446333333E1	1.084234542E1
6.462326667E1	1.440585755E1
6.479926667E1	1.912805376E1
6.495926667E1	2.570198046E1
6.511943333E1	3.380865890E1
6.529536667E1	3.910206058E1
6.545536667E1	4.330705981E1
6.563130000E1	4.701688769E1
6.579123333E1	5.075597825E1
6.595143333E1	5.334855346E1
6.612736667E1	5.581636521E1
6.628733333E1	5.749472991E1
6.646320000E1	5.879295395E1
6.662320000E1	5.914475420E1
6.679920000E1	5.979429882E1
6.695926667E1	5.988316053E1
6.711920000E1	5.968954982E1
6.729526667E1	5.901903589E1
6.745536667E1	5.718268555E1
6.763120000E1	5.603509361E1
6.779126667E1	5.376084235E1
6.795133333E1	5.117664878E1
6.812716667E1	4.894399835E1
6.828733333E1	4.598246333E1
6.846326667E1	4.217982488E1
6.862333333E1	3.786488200E1
6.878330000E1	3.245079873E1
6.895926667E1	2.668994405E1
6.911920000E1	2.105970655E1
6.929530000E1	1.414289433E1
6.945533333E1	8.073184552E0
6.961530000E1	2.735674804E0
6.979116667E1	-1.222912076E0
6.995126667E1	-7.880805153E0
7.012723333E1	-1.076103029E1
7.028726667E1	-1.313213503E1
7.046330000E1	-1.494048350E1
7.062330000E1	-1.592270143E1
7.078323333E1	-1.700279796E1
7.095916667E1	-1.791951120E1
7.111933333E1	-1.804330251E1
7.129510000E1	-1.771020393E1
7.145536667E1	-1.723322616E1
7.161530000E1	-1.688198612E1
7.179113333E1	-1.596263153E1
7.195116667E1	-1.385319714E1
7.212723333E1	-1.212016046E1
7.228713333E1	-9.483576347E0
7.244726667E1	-6.007103099E0
7.262316667E1	-1.051330924E0
7.278313333E1	1.725442359E0
7.295916667E1	5.073633918E0
7.311930000E1	8.197612489E0
7.327923333E1	1.140022283E1
7.345513333E1	1.583436765E1
7.361530000E1	2.045163884E1
7.379113333E1	2.644269940E1
7.395120000E1	3.299753685E1
7.412723333E1	3.901153294E1
7.428730000E1	4.347929162E1
7.444720000E1	4.772862535E1
7.462310000E1	5.123812927E1
7.478316667E1	5.407619869E1
7.495910000E1	5.629742268E1
7.511920000E1	5.803023013E1
7.527920000E1	5.947867237E1
7.545520000E1	6.017728250E1
7.561526667E1	6.040988083E1
7.579110000E1	6.030553779E1
7.595126667E1	6.010735482E1
7.611123333E1	5.947161318E1
7.628720000E1	5.740302515E1
7.644716667E1	5.564287721E1
7.662313333E1	5.325562350E1
7.678336667E1	5.089348590E1
7.695920000E1	4.780534724E1
7.711916667E1	4.449865627E1
7.727926667E1	4.019703092E1
7.745516667E1	3.478025278E1
7.761553333E1	2.816223217E1
7.779106667E1	2.207351216E1
7.795110000E1	1.547525630E1
7.811110000E1	8.835038461E0
7.828720000E1	3.224691191E0
7.844710000E1	-9.368220591E-1
7.862316667E1	-6.986994540E0
7.878303333E1	-1.001976883E1
7.894326667E1	-1.285905582E1
7.911903333E1	-1.485893506E1
7.927936667E1	-1.605534962E1
7.945516667E1	-1.690262704E1
7.961520000E1	-1.757539478E1
7.977516667E1	-1.787877339E1
7.995110000E1	-1.742726619E1
8.011106667E1	-1.704403441E1
8.028703333E1	-1.666593151E1
8.044703333E1	-1.551498134E1
8.062316667E1	-1.310053944E1
8.078320000E1	-1.187642244E1
8.094320000E1	-8.174590078E0
8.111906667E1	-4.090480294E0
8.127920000E1	2.041850354E-1
8.145513333E1	3.926361850E0
8.161513333E1	7.614374446E0
8.177523333E1	1.106314583E1
8.195110000E1	1.480154126E1
8.211113333E1	1.994440269E1
8.228700000E1	2.700111226E1
8.244720000E1	3.394729035E1
8.260716667E1	4.005106263E1
8.278303333E1	4.428097063E1
8.294306667E1	4.885701599E1
8.311910000E1	5.238136870E1
8.327916667E1	5.562710757E1
8.343920000E1	5.746043885E1
8.361506667E1	5.857662500E1
8.377506667E1	6.006653222E1
8.395106667E1	6.039654639E1
8.411103333E1	6.026456562E1
8.428710000E1	6.006746667E1
8.444713333E1	5.938533241E1
8.460716667E1	5.707302377E1
8.478306667E1	5.524776125E1
8.494303333E1	5.277125713E1
8.511903333E1	4.980646555E1
8.527903333E1	4.702873110E1
8.543916667E1	4.288255255E1
8.561513333E1	3.843493182E1
8.577503333E1	3.185193169E1
8.595113333E1	2.591497789E1
8.611100000E1	1.962482150E1
8.627100000E1	1.300245528E1
8.644706667E1	5.985435882E0
8.660710000E1	8.676792562E-1
8.678296667E1	-3.656143271E0
8.694296667E1	-8.502356729E0
8.711893333E1	-1.241551847E1
8.727900000E1	-1.405751106E1
8.743903333E1	-1.538365425E1
8.761500000E1	-1.620526365E1
8.777500000E1	-1.778043526E1
8.795093333E1	-1.784735395E1
8.811110000E1	-1.737915721E1
8.827106667E1	-1.707836673E1
8.844696667E1	-1.696961172E1
8.860706667E1	-1.577690956E1
8.878290000E1	-1.301920351E1
8.894313333E1	-1.173405721E1
8.910313333E1	-8.673158400E0
8.927893333E1	-4.680169882E0
8.943910000E1	7.674080028E-1
8.961506667E1	3.935447261E0
8.977493333E1	7.995809906E0
8.993513333E1	1.179967694E1
9.011096667E1	1.566506242E1
9.027100000E1	2.150829256E1
9.044703333E1	2.874076989E1
9.060710000E1	3.609873162E1
9.078286667E1	4.126277882E1
9.094300000E1	4.586337348E1
9.110310000E1	5.014604465E1
9.127906667E1	5.304386694E1
9.143893333E1	5.616705133E1
9.161483333E1	5.787114688E1
9.177496667E1	5.908620369E1
9.193490000E1	6.006656444E1
9.211086667E1	6.022639412E1
9.227090000E1	6.003319405E1
9.244696667E1	5.959532900E1
9.260700000E1	5.800561590E1
9.276696667E1	5.625217483E1
9.294296667E1	5.368303620E1
9.310303333E1	5.101757952E1
9.327893333E1	4.799276437E1
9.343900000E1	4.515239340E1
9.359910000E1	3.971583969E1
9.377490000E1	3.399875676E1
9.393506667E1	2.707876548E1
9.411096667E1	2.167706629E1
9.427100000E1	1.461093599E1
9.444696667E1	7.104017365E0
9.460700000E1	1.594070771E0
9.476696667E1	-2.520500361E0
9.494300000E1	-9.094748909E0
9.510293333E1	-1.190650200E1
9.527880000E1	-1.405756721E1
9.543900000E1	-1.562272002E1
9.559896667E1	-1.684390858E1
9.577503333E1	-1.716472337E1
9.593503333E1	-1.800040255E1
9.611083333E1	-1.799364488E1
9.627090000E1	-1.718871813E1
9.643113333E1	-1.683728392E1
9.660686667E1	-1.557276288E1
9.676716667E1	-1.287858529E1
9.694300000E1	-1.102411493E1
9.710300000E1	-7.565226683E0
9.727890000E1	-3.023199874E0
9.743883333E1	1.940016158E0
9.759896667E1	5.015871913E0
9.777486667E1	8.926334262E0
9.793500000E1	1.298276145E1
9.811090000E1	1.727350268E1
9.827100000E1	2.496865702E1
9.843100000E1	3.161828589E1
9.860680000E1	3.837271599E1
9.876686667E1	4.312470178E1
9.894293333E1	4.755330295E1
9.910290000E1	5.206631286E1
9.926293333E1	5.516333218E1
9.943883333E1	5.735604667E1
9.959893333E1	5.863704335E1
9.977480000E1	5.987004894E1
9.993500000E1	5.994534414E1
1.000950333E2	5.977770670E1
1.002708000E2	5.946694539E1
1.004310333E2	5.805109528E1
1.006069000E2	5.639981463E1
1.007669333E2	5.372644584E1
1.009429000E2	5.088273383E1
1.011029667E2	4.786900054E1
1.012629667E2	4.406068940E1
1.014388667E2	3.862504103E1
1.015989000E2	3.226724866E1
1.017747667E2	2.577128817E1
1.019348667E2	1.873124530E1
1.020949000E2	1.076631453E1
1.022709333E2	4.166957007E0
1.024309333E2	-4.141054725E-1
1.026067667E2	-6.114760045E0
1.027668000E2	-1.087209006E1
1.029269000E2	-1.358534769E1
1.031028000E2	-1.474305791E1
1.032628333E2	-1.616075611E1
1.034389000E2	-1.758193779E1
1.035987667E2	-1.769273377E1
1.037747667E2	-1.769318542E1
1.039348000E2	-1.768117376E1
1.040949667E2	-1.746083016E1
1.042708333E2	-1.597620954E1
1.044309667E2	-1.330091768E1
1.046069000E2	-1.197790250E1
1.047667667E2	-8.170976866E0
1.049267667E2	-4.012669972E0
1.051027333E2	1.466155810E0
1.052629000E2	4.283158175E0
1.054388667E2	8.646586754E0
1.055989667E2	1.217539335E1
1.057589000E2	1.691692442E1
1.059348667E2	2.403806297E1
1.060948333E2	3.020832121E1
1.062708333E2	3.771560166E1
1.064308333E2	4.271182040E1
1.065908667E2	4.780683250E1
1.067668000E2	5.139254775E1
1.069269000E2	5.455967590E1
1.071027667E2	5.708951917E1
1.072629333E2	5.859397973E1
1.074388333E2	5.979990775E1
1.075987667E2	6.008240765E1
1.077587667E2	5.984532251E1
1.079347333E2	5.955237524E1
1.080948000E2	5.806845863E1
1.082708333E2	5.629531962E1
1.084309000E2	5.395652032E1
1.085909333E2	5.090397195E1
1.087667333E2	4.808131584E1
1.089267000E2	4.370645301E1
1.091028000E2	3.829171349E1
1.092628000E2	3.103104139E1
1.094228667E2	2.455956151E1
1.095987667E2	1.771620063E1
1.097587333E2	1.029245222E1
1.099347000E2	3.158410027E0
1.100949000E2	-2.256448308E0
1.102548000E2	-8.118944850E0
1.104308667E2	-1.118677541E1
1.105907333E2	-1.340957354E1
1.107666667E2	-1.522368625E1
1.109267000E2	-1.643217507E1
1.111026667E2	-1.723752481E1
1.112629000E2	-1.782875930E1
1.114228333E2	-1.775046669E1
1.115987000E2	-1.728792106E1
1.117587333E2	-1.715076038E1
1.119347000E2	-1.572970277E1
1.120948667E2	-1.314278443E1
1.122547000E2	-1.056808297E1
1.124307333E2	-6.960325695E0
1.125909667E2	-1.716087071E0
1.127666667E2	2.272708926E0
1.129266333E2	5.982330762E0
1.130867000E2	9.913342650E0
1.132626333E2	1.392017666E1
1.134227000E2	1.926528524E1
1.135986000E2	2.699346421E1
1.137586333E2	3.321357858E1
1.139345667E2	3.990086267E1
1.140949333E2	4.499034716E1
1.142548333E2	4.972871414E1
1.144307667E2	5.336411963E1
1.145907667E2	5.662462554E1
1.147666333E2	5.813373531E1
1.149267333E2	5.946689108E1
1.150867667E2	5.996881870E1
1.152627000E2	5.995956199E1
1.154227333E2	5.973360182E1
1.155986667E2	5.895610031E1
1.157586333E2	5.723128765E1
1.159187333E2	5.413351120E1
1.160946000E2	5.106326237E1
1.162546667E2	4.786789402E1
1.164308333E2	4.371822557E1
1.165906667E2	3.783231923E1
1.167508000E2	3.004457306E1
1.169266000E2	2.261131124E1
1.170870333E2	1.499737785E1
1.172626333E2	7.063803414E0
1.174227667E2	1.320369400E0
1.175985667E2	-4.253484931E0
1.177586333E2	-8.891723619E0
1.179188000E2	-1.218497937E1
1.180946667E2	-1.423036288E1
1.182547000E2	-1.603920671E1
1.184307333E2	-1.727305600E1
1.185906667E2	-1.810023439E1
1.187507000E2	-1.794222670E1
1.189267333E2	-1.728808100E1
1.190867333E2	-1.697535739E1
1.192626333E2	-1.614743360E1
1.194226000E2	-1.343128529E1
1.195827000E2	-1.021722983E1
1.197586333E2	-7.394739707E0
1.199187000E2	-1.212297072E0
1.200946667E2	1.962782419E0
1.202546333E2	5.745692262E0
1.204148667E2	9.813968993E0
1.205906000E2	1.396286866E1
1.207507333E2	1.933601394E1
1.209266333E2	2.576879795E1
1.210866333E2	3.376321178E1
1.212625333E2	3.988824824E1
1.214226333E2	4.505505204E1
1.215826333E2	4.968615640E1
1.217585667E2	5.371050028E1
1.219186333E2	5.625435852E1
1.220946000E2	5.787795065E1
1.222546667E2	5.935137364E1
1.224146000E2	5.977481791E1
1.225906667E2	5.957693390E1
1.227506000E2	5.967950419E1
1.229265667E2	5.797095639E1
1.230867000E2	5.614417883E1
1.232467000E2	5.324372108E1
1.234225333E2	5.023841181E1
1.235827333E2	4.706758847E1
1.237585667E2	4.148026290E1
1.239186000E2	3.496777102E1
1.240946333E2	2.699502067E1
1.242545667E2	1.950838571E1
1.244147333E2	1.114297957E1
1.245905333E2	3.331607332E0
1.247506667E2	-2.205131503E0
1.249266333E2	-8.436343908E0
1.250866000E2	-1.214542617E1
1.252467333E2	-1.371717889E1
1.254227000E2	-1.527310645E1
1.255826000E2	-1.659114045E1
1.257585000E2	-1.763075240E1
1.259186667E2	-1.785133899E1
1.260786000E2	-1.730639072E1
1.262546667E2	-1.769047722E1
1.264146667E2	-1.675166348E1
1.265906333E2	-1.349498065E1
1.267506333E2	-1.000541876E1
1.269107000E2	-5.536168541E0
1.270865667E2	-1.729804016E0
1.272466000E2	2.339881302E0
1.274226667E2	5.931303040E0
1.275826333E2	9.985965460E0
1.277584667E2	1.476070068E1
1.279186333E2	2.029978559E1
1.280787000E2	2.708239893E1
1.282544667E2	3.518985813E1
1.284144667E2	4.144394505E1
1.285904333E2	4.620087945E1
1.287506000E2	5.014960527E1
1.289106667E2	5.374335750E1
1.290866333E2	5.590156537E1
1.292465000E2	5.745643310E1
1.294224333E2	5.857574136E1
1.295826333E2	5.855549919E1
1.297426667E2	5.877563744E1
1.299186000E2	5.833452598E1
1.300786000E2	5.683692619E1
1.302544333E2	5.409825598E1
1.304145000E2	5.113035948E1
1.305746333E2	4.776938494E1
1.307505000E2	4.327315508E1
1.309106333E2	3.811121777E1
1.310866000E2	2.930245485E1
1.312466333E2	2.158511701E1
1.314224667E2	1.351586013E1
1.315826000E2	4.875524909E0
1.317425000E2	-1.648973111E0
1.319184000E2	-7.516088391E0
1.320784333E2	-1.181010051E1
1.322544667E2	-1.438315993E1
1.324144333E2	-1.550850011E1
1.325745333E2	-1.623645180E1
1.327504333E2	-1.794302770E1
1.329106000E2	-1.793715362E1
1.330865667E2	-1.698185367E1
1.332464333E2	-1.689539518E1
1.334066667E2	-1.591459627E1
1.335825000E2	-1.251520221E1
1.337426000E2	-9.508961275E0
1.339184333E2	-3.232053812E0
1.340786000E2	1.229803328E-1
1.342543667E2	4.042093545E0
1.344144333E2	7.978778876E0
1.345745667E2	1.206276825E1
1.347505667E2	1.794073690E1
1.349106000E2	2.514821826E1
1.350864000E2	3.492819545E1
1.352464667E2	4.054263289E1
1.354065000E2	4.516084344E1
1.355824000E2	4.967233408E1
1.357426000E2	5.230007867E1
1.359184000E2	5.483417345E1
1.360785333E2	5.681086764E1
1.362386000E2	5.781668812E1
1.364145333E2	5.784640321E1
1.365745333E2	5.781167941E1
1.367504667E2	5.786168333E1
1.369105667E2	5.636217083E1
1.370704333E2	5.400070747E1
1.372463667E2	5.083888227E1
1.374064000E2	4.756598762E1
1.375825667E2	4.365275375E1
1.377424667E2	3.966090075E1
1.379185333E2	3.217627597E1
1.380784000E2	2.404231012E1
1.382385667E2	1.558483412E1
1.384145000E2	7.260080267E0
1.385745667E2	1.792653419E-1
1.387503333E2	-6.889478044E0
1.389104333E2	-1.196677825E1
1.390705333E2	-1.464850185E1
1.392465333E2	-1.590713270E1
1.394065333E2	-1.718997650E1
1.395824333E2	-1.776134022E1
1.397423333E2	-1.806574873E1
1.399025000E2	-1.717316817E1
1.400784000E2	-1.607355924E1
1.402385000E2	-1.500001353E1
1.404143000E2	-1.280007707E1
1.405743667E2	-8.850317259E0
1.407344000E2	-3.876094188E0
1.409103333E2	1.220687070E0
1.410703667E2	5.627195534E0
1.412463667E2	9.657690072E0
1.414063667E2	1.415347465E1
1.415823000E2	2.105610421E1
1.417424333E2	3.340988271E1
1.419024000E2	4.002550342E1
1.420785333E2	4.425379076E1
1.422383667E2	4.879947314E1
1.424144000E2	5.247324636E1
1.425745000E2	5.531505827E1
1.427343667E2	5.673655806E1
1.429103333E2	5.808201249E1
1.430704667E2	5.840806486E1
1.432464667E2	5.822979516E1
1.434064000E2	5.739375261E1
1.435664333E2	5.525620918E1
1.437424333E2	5.313075102E1
1.439023667E2	5.049317522E1
1.440783667E2	4.678475142E1
1.442384333E2	4.286410505E1
1.444144000E2	3.840254831E1
1.445743667E2	3.129479474E1
1.447346667E2	2.357610030E1
1.449103333E2	1.504660340E1
1.450703000E2	7.564034568E0
1.452462667E2	7.560524220E-1
1.454064000E2	-5.852517493E0
1.455665000E2	-1.172143368E1
1.457424667E2	-1.501524570E1
1.459024667E2	-1.631860774E1
1.460783667E2	-1.776427767E1
1.462384667E2	-1.758866741E1
1.463984667E2	-1.740012402E1
1.465745667E2	-1.704937769E1
1.467343333E2	-1.593969212E1
1.469103333E2	-1.321705823E1
1.470704333E2	-1.074998032E1
1.472304000E2	-6.183326042E0
1.474064333E2	-1.110363528E0
1.475664000E2	3.920516185E0
1.477424000E2	8.829391376E0
1.479022667E2	1.349479107E1
1.480783667E2	1.918870158E1
1.482383000E2	2.828256963E1
1.483984333E2	4.000792018E1
1.485742333E2	4.536308636E1
1.487344000E2	4.948280417E1
1.489102333E2	5.381829850E1
1.490703667E2	5.707579558E1
1.492304333E2	5.820821291E1
1.494064000E2	5.942011932E1
1.495664333E2	5.962021945E1
1.497423000E2	5.936269475E1
1.499022333E2	5.858566297E1
1.500623000E2	5.513406173E1
1.502383667E2	5.294201056E1
1.503983333E2	5.008684998E1
1.505744333E2	4.607491983E1
1.507343333E2	4.146923565E1
1.508944000E2	3.457987475E1
1.510702333E2	2.655783927E1
1.512302667E2	1.917121221E1
1.514063333E2	1.096261460E1
1.515664000E2	2.829962871E0
1.517422667E2	-3.424139594E0
1.519023667E2	-1.084377505E1
1.520623000E2	-1.335717258E1
1.522382333E2	-1.499613939E1
1.523983000E2	-1.725018582E1
1.525743333E2	-1.791808968E1
1.527342333E2	-1.769374751E1
1.528944000E2	-1.727337737E1
1.530703000E2	-1.629764690E1
1.532302667E2	-1.486244849E1
1.534063667E2	-1.195375842E1
1.535662667E2	-8.493250267E0
1.537262667E2	-3.515449156E0
1.539022000E2	2.982495310E0
1.540623333E2	6.975464043E0
1.542383000E2	1.129763373E1
1.543982000E2	1.686947542E1
1.545742333E2	2.423231419E1
1.547344667E2	3.548508708E1
1.548943333E2	4.303133582E1
1.550703000E2	4.737359540E1
1.552303000E2	5.181267771E1
1.554062000E2	5.513700337E1
1.555662667E2	5.714300559E1
1.557262667E2	5.893347246E1
1.559023333E2	5.967347667E1
1.560622000E2	5.947181466E1
1.562381000E2	5.883399411E1
1.563981667E2	5.668242933E1
1.565582000E2	5.417890887E1
1.567341667E2	5.097242023E1
1.568942667E2	4.743349095E1
1.570702667E2	4.277512420E1
1.572303667E2	3.725628540E1
1.573903667E2	2.874119180E1
1.575663000E2	2.033260585E1
1.577263667E2	1.124905144E1
1.579022667E2	3.273129707E0
1.580622000E2	-2.971997464E0
1.582381667E2	-9.977732048E0
1.583983000E2	-1.346463651E1
1.585583000E2	-1.539453061E1
1.587342000E2	-1.719571751E1
1.588942333E2	-1.785303234E1
1.590702333E2	-1.782753107E1
1.592303000E2	-1.732896146E1
1.593903667E2	-1.610561462E1
1.595663000E2	-1.492857316E1
1.597262667E2	-1.194398307E1
1.599021000E2	-7.071810404E0
1.600622333E2	-1.664758265E0
1.602222333E2	2.740197505E0
1.603982000E2	7.677938000E0
1.605584333E2	1.239373121E1
1.607342333E2	1.816425731E1
1.608942667E2	2.786986154E1
1.610542000E2	3.944521308E1
1.612302000E2	4.469152873E1
1.613902333E2	4.892929843E1
1.615662667E2	5.258592533E1
1.617263000E2	5.626253883E1
1.619020667E2	5.787909100E1
1.620621667E2	5.842069773E1
1.622221333E2	5.887338621E1
1.623983000E2	5.864466559E1
1.625581000E2	5.795659585E1
1.627341667E2	5.506646979E1
1.628942000E2	5.181263758E1
1.630541667E2	4.841992065E1
1.632301000E2	4.427147137E1
1.633901000E2	3.955465874E1
1.635662667E2	3.163640746E1
1.637263667E2	2.299629812E1
1.638862333E2	1.453081484E1
1.640622333E2	6.172200117E0
1.642221667E2	-1.788403267E0
1.643982000E2	-9.176035023E0
1.645581333E2	-1.301806056E1
1.647340333E2	-1.521409836E1
1.648941000E2	-1.766010821E1
1.650541333E2	-1.787073067E1
1.652301333E2	-1.777182080E1
1.653901667E2	-1.746378930E1
1.655661667E2	-1.621785539E1
1.657260667E2	-1.369947573E1
1.658861000E2	-1.056474752E1
1.660621333E2	-5.956731341E0
1.662221333E2	-8.492356803E-1
1.663981667E2	5.043519541E0
1.665581667E2	1.024038836E1
1.667182667E2	1.580142238E1
1.668940667E2	2.324395031E1
1.670541333E2	3.492964550E1
1.672300000E2	4.426927106E1
1.673901667E2	4.908135191E1
1.675501667E2	5.308339808E1
1.677262000E2	5.705427448E1
1.678862333E2	5.946053598E1
1.680621000E2	6.019544457E1
1.682223000E2	6.022419369E1
1.683981000E2	5.982233669E1
1.685581000E2	5.830725422E1
1.687182333E2	5.525184917E1
1.688940333E2	5.194883316E1
1.690540667E2	4.832533115E1
1.692299667E2	4.403376473E1
1.693900667E2	3.812330000E1
1.695502333E2	2.836450629E1
1.697261667E2	2.011458840E1
1.698861333E2	1.032083858E1
1.700620667E2	1.802070720E0
1.702221667E2	-4.924561033E0
1.703821000E2	-1.175436886E1
1.705580000E2	-1.471316682E1
1.707182000E2	-1.668588854E1
1.708941333E2	-1.786194037E1
1.710541667E2	-1.786926935E1
1.712142000E2	-1.796759028E1
1.713900667E2	-1.700052085E1
1.715500333E2	-1.461529592E1
1.717260000E2	-1.013225165E1
1.718860333E2	-5.759711888E0
1.720621000E2	8.016638424E-1
1.722219667E2	5.117256742E0
1.723821667E2	1.064605684E1
1.725579667E2	1.692107301E1
1.727181333E2	2.490508020E1
1.728940667E2	3.712619779E1
1.730540000E2	4.481671899E1
1.732143333E2	5.008331078E1
1.733900000E2	5.429846938E1
1.735501000E2	5.713318806E1
1.737262000E2	5.882694179E1
1.738861333E2	5.910272022E1
1.740460333E2	5.880696695E1
1.742220333E2	5.798305482E1
1.743821333E2	5.533045050E1
1.745581333E2	5.156105380E1
1.747180000E2	4.829105933E1
1.748939000E2	4.330364833E1
1.750540333E2	3.821233948E1
1.752141333E2	2.902668794E1
1.753900667E2	2.012931249E1
1.755500000E2	1.009580374E1
1.757259333E2	1.019877044E0
1.758861000E2	-6.884886049E0
1.760461333E2	-1.191622447E1
1.762219667E2	-1.495613003E1
1.763820000E2	-1.700533889E1
1.765580333E2	-1.780955716E1
1.767180667E2	-1.757048959E1
1.768780333E2	-1.765968159E1
1.770541000E2	-1.627615686E1
1.772140333E2	-1.317565680E1
1.773900333E2	-9.169766927E0
1.775501667E2	-2.434903853E0
1.777101333E2	3.018867058E0
1.778859333E2	8.001413692E0
1.780459667E2	1.374236719E1
1.782219667E2	2.092310886E1
1.783820667E2	3.126376554E1
1.785579000E2	4.386666940E1
1.787179333E2	4.945109151E1
1.788779667E2	5.390592242E1
1.790540667E2	5.777039477E1
1.792140333E2	5.965823768E1
1.793899000E2	6.006622746E1
1.795500667E2	5.996907655E1
1.797100667E2	5.902696089E1
1.798861000E2	5.560165995E1
1.800460000E2	5.213635926E1
1.802220000E2	4.892681817E1
1.803820000E2	4.404771392E1
1.805420667E2	3.886686949E1
1.807180333E2	2.953037795E1
1.808780333E2	2.058794204E1
1.810539000E2	1.054045532E1
1.812140000E2	2.148668799E0
1.813739667E2	-5.968318481E0
1.815499667E2	-1.244830774E1
1.817100667E2	-1.465426042E1
1.818859333E2	-1.612638732E1
1.820459000E2	-1.766479952E1
1.822219667E2	-1.769815929E1
1.823819000E2	-1.785535632E1
1.825419333E2	-1.623268303E1
1.827180000E2	-1.301873968E1
1.828780000E2	-8.972669589E0
1.830540000E2	-2.050343043E0
1.832139333E2	3.020447161E0
1.833739667E2	8.377282901E0
1.835500000E2	1.395384032E1
1.837100000E2	2.103578166E1
1.838859333E2	3.065641538E1
1.840460333E2	4.330994279E1
1.842059333E2	4.927075847E1
1.843818667E2	5.392053858E1
1.845419333E2	5.766406217E1
1.847178333E2	5.913361997E1
1.848778667E2	5.968041426E1
1.850538000E2	5.944431717E1
1.852138333E2	5.803008074E1
1.853742667E2	5.473624633E1
1.855498333E2	5.073801491E1
1.857100333E2	4.707572380E1
1.858859667E2	4.198398008E1
1.860459333E2	3.599209559E1
1.862059667E2	2.652336264E1
1.863819000E2	1.791070207E1
1.865419333E2	8.031499565E0
1.867179333E2	-6.112597822E-1
1.868779667E2	-9.866720715E0
1.870380000E2	-1.382359746E1
1.872140000E2	-1.528788657E1
1.873738667E2	-1.691054824E1
1.875500333E2	-1.779416330E1
1.877099333E2	-1.713617953E1
1.878700000E2	-1.634412873E1
1.880459333E2	-1.482118974E1
1.882059667E2	-9.965786763E0
1.883818333E2	-4.050354675E0
1.885420000E2	2.806079877E0
1.887178000E2	7.813457469E0
1.888778667E2	1.303963010E1
1.890379333E2	1.996203694E1
1.892139667E2	2.804855702E1
1.893739333E2	4.184799240E1
1.895498000E2	4.882890356E1
1.897099333E2	5.384680936E1
1.898700000E2	5.780842089E1
1.900458000E2	6.020195187E1
1.902059000E2	6.059770287E1
1.903819000E2	6.019929939E1
1.905418333E2	5.864536414E1
1.907019667E2	5.516720924E1
1.908779333E2	5.119858929E1
1.910379000E2	4.660939002E1
1.912138667E2	4.093574767E1
1.913738000E2	3.401825133E1
1.915339667E2	2.523151834E1
1.917099333E2	1.497914794E1
1.918699667E2	6.015375121E0
1.920457667E2	-1.958823242E0
1.922058333E2	-1.109918817E1
1.923817333E2	-1.488852148E1
1.925418000E2	-1.607096077E1
1.927018000E2	-1.770239218E1
1.928779000E2	-1.716062305E1
1.930378667E2	-1.671519042E1
1.932137333E2	-1.596197188E1
1.933739333E2	-1.208427243E1
1.935339000E2	-7.063565073E0
1.937098000E2	5.817748990E-1
1.938699000E2	5.560122990E0
1.940458000E2	1.120076020E1
1.942059000E2	1.819628415E1
1.943658667E2	2.732339106E1
1.945417000E2	3.993089103E1
1.947018000E2	4.719503651E1
1.948778000E2	5.283157315E1
1.950379000E2	5.654222922E1
1.952137667E2	5.895433744E1
1.953737667E2	5.995902667E1
1.955338000E2	5.996148372E1
1.957097333E2	5.866319299E1
1.958697667E2	5.503151854E1
1.960457000E2	5.113181555E1
1.962058667E2	4.655412357E1
1.963659000E2	3.989457219E1
1.965418000E2	3.077830286E1
1.967017333E2	2.172337144E1
1.968777000E2	1.214313712E1
1.970377333E2	2.707005086E0
1.971977667E2	-3.998378335E0
1.973737667E2	-1.087433758E1
1.975338333E2	-1.569665078E1
1.977097667E2	-1.733244076E1
1.978698000E2	-1.882831500E1
1.980297667E2	-1.786969058E1
1.982057000E2	-1.632189368E1
1.983658667E2	-1.508595706E1
1.985418000E2	-1.125203066E1
1.987018333E2	-6.117455453E0
1.988778333E2	9.270837426E-2
1.990377000E2	5.808310765E0
1.991977667E2	1.213253016E1
1.993737000E2	1.974376764E1
1.995337667E2	3.071074647E1
1.997097333E2	4.182541113E1
1.998697667E2	4.911623161E1
2.000298000E2	5.384129497E1
2.002058000E2	5.688392080E1
2.003659667E2	5.859542052E1
2.005417333E2	5.903984033E1
2.007017333E2	5.886964897E1
2.008616667E2	5.768448071E1
2.010377333E2	5.441967351E1
2.011976667E2	5.009600589E1
2.013736667E2	4.519511793E1
2.015337000E2	3.956037047E1
2.016937333E2	2.851536184E1
2.018698000E2	1.791610845E1
2.020298667E2	8.194720196E0
2.022057667E2	-2.527658456E-1
2.023656667E2	-9.440588745E0
2.025417000E2	-1.330150587E1
2.027016333E2	-1.531672546E1
2.028618000E2	-1.794828504E1
2.030377667E2	-1.877042404E1
2.031977333E2	-1.725337647E1
2.033737000E2	-1.670291658E1
2.035336667E2	-1.393242558E1
2.036938333E2	-9.011279692E0
2.038697000E2	-3.783036117E0
2.040297000E2	5.684978040E0
2.042057333E2	1.047844065E1
2.043656333E2	1.767864791E1
2.045257667E2	2.653535250E1
2.047017000E2	3.814193071E1
2.048617333E2	4.639490929E1
2.050377667E2	5.239423175E1
2.051978000E2	5.721671654E1
2.053735333E2	5.944338060E1
2.055336333E2	6.000429435E1
2.056938000E2	5.969981972E1
2.058696333E2	5.822038421E1
2.060297667E2	5.445596451E1
2.062055667E2	5.041601610E1
2.063656333E2	4.576117239E1
2.065257000E2	4.017119736E1
2.067016667E2	3.253425257E1
2.068617667E2	2.222646639E1
2.070376667E2	1.121148422E1
2.071977667E2	1.768844665E0
2.073577667E2	-6.955543331E0
2.075336000E2	-1.323987290E1
2.076936000E2	-1.585034844E1
2.078695667E2	-1.684080170E1
2.080297000E2	-1.718420570E1
2.081896333E2	-1.706397899E1
2.083655333E2	-1.715083805E1
2.085256333E2	-1.423402606E1
2.087017333E2	-8.878682808E0
2.088615667E2	-1.959796098E0
2.090376000E2	2.790175254E0
2.091975667E2	8.976642373E0
2.093577333E2	1.528040451E1
2.095337000E2	2.307803716E1
2.096937000E2	3.439316520E1
2.098697000E2	4.464596505E1
2.100297333E2	5.124945072E1
2.101897000E2	5.654906506E1
2.103655667E2	5.891451285E1
2.105257000E2	5.972986614E1
2.107015667E2	5.962941876E1
2.108616333E2	5.891053683E1
2.110216667E2	5.516765575E1
2.111975667E2	5.075228392E1
2.113577333E2	4.641824974E1
2.115337000E2	3.936493141E1
2.116937000E2	3.006466233E1
2.118536667E2	2.107090838E1
2.120296333E2	1.082939771E1
2.121896000E2	1.225604932E0
2.123656667E2	-7.094897871E0
2.125256667E2	-1.307462696E1
2.127014667E2	-1.613280774E1
2.128615333E2	-1.723347359E1
2.130215667E2	-1.774559425E1
2.131976667E2	-1.681121301E1
2.133575667E2	-1.565119701E1
2.135335333E2	-1.299657496E1
2.136936667E2	-8.766627457E0
2.138535667E2	-1.113548979E0
2.140296000E2	4.056200737E0
2.141895667E2	1.063734068E1
2.143656000E2	1.791617075E1
2.145255333E2	2.702261332E1
2.146856000E2	4.029174997E1
2.148615000E2	4.782078016E1
2.150216333E2	5.258124879E1
2.151975000E2	5.670955006E1
2.153575333E2	5.893344137E1
2.155336333E2	5.934226864E1
2.156936667E2	5.903970712E1
2.158536667E2	5.697786434E1
2.160296333E2	5.410706857E1
2.161896333E2	4.990171774E1
2.163654333E2	4.428890336E1
2.165254667E2	3.701101990E1
2.166857000E2	2.620232355E1
2.168614333E2	1.685279649E1
2.170215667E2	6.010349208E0
2.171975667E2	-3.759749914E0
2.173576000E2	-1.076227628E1
2.175175333E2	-1.474355712E1
2.176935667E2	-1.697270872E1
2.178535667E2	-1.803377626E1
2.180294667E2	-1.790920213E1
2.181896333E2	-1.724711237E1
2.183495333E2	-1.544527540E1
2.185256333E2	-1.113891525E1
2.186856333E2	-6.643013095E0
2.188615333E2	1.250906153E0
2.190216000E2	6.125665079E0
2.191975000E2	1.369829341E1
2.193575000E2	2.160372528E1
2.195176333E2	3.272074921E1
2.196935000E2	4.471434002E1
2.198534667E2	5.068158178E1
2.200294333E2	5.568629911E1
2.201894667E2	5.847882539E1
2.203497333E2	5.960784764E1
2.205254667E2	5.950584534E1
2.206856333E2	5.883753446E1
2.208616000E2	5.508664738E1
2.210215333E2	5.087147586E1
2.211815000E2	4.666502819E1
2.213575333E2	4.085805744E1
2.215175333E2	3.185715524E1
2.216935667E2	2.123615474E1
2.218535333E2	1.119288167E1
2.220136333E2	1.707792938E0
2.221896000E2	-7.335447346E0
2.223496000E2	-1.334106753E1
2.225256000E2	-1.590130014E1
2.226854667E2	-1.774994207E1
2.228615000E2	-1.775229168E1
2.230215000E2	-1.687117030E1
2.231815000E2	-1.666103358E1
2.233574000E2	-1.278101507E1
2.235175000E2	-6.702086902E0
2.236935000E2	9.210981276E-1
2.238535000E2	5.827426940E0
2.240135333E2	1.220040431E1
2.241895000E2	1.994080261E1
2.243494333E2	2.907154838E1
2.245253667E2	4.234593306E1
2.246854000E2	4.922558846E1
2.248454333E2	5.442121000E1
2.250215333E2	5.746367274E1
2.251814333E2	5.985832279E1
2.253575333E2	5.995835685E1
2.255176667E2	5.935723607E1
2.256934333E2	5.593673386E1
2.258534333E2	5.216351692E1
2.260136000E2	4.727024743E1
2.261895000E2	4.068352329E1
2.263496000E2	3.090997684E1
2.265253000E2	2.165330559E1
2.266854000E2	1.010461705E1
2.268454000E2	2.244134222E-1
2.270215000E2	-9.465680799E0
2.271815333E2	-1.375570170E1
2.273574667E2	-1.608087332E1
2.275173333E2	-1.802378201E1
2.276775333E2	-1.790860698E1
2.278534333E2	-1.677031784E1
2.280135000E2	-1.507847879E1
2.281893333E2	-1.128010987E1
2.283494667E2	-5.277005666E0
2.285094667E2	2.039051100E0
2.286853667E2	7.985865425E0
2.288455000E2	1.519501046E1
2.290213333E2	2.416184170E1
2.291815000E2	3.702882459E1
2.293574333E2	4.649671968E1
2.295174000E2	5.294490897E1
2.296774333E2	5.736125181E1
2.298535000E2	5.871899281E1
2.300133667E2	5.962439690E1
2.301894667E2	5.897618287E1
2.303494667E2	5.573150107E1
2.305094333E2	5.292736138E1
2.306853333E2	4.825378943E1
2.308454667E2	4.231367831E1
2.310213667E2	3.378838212E1
2.311814000E2	2.330674095E1
2.313417667E2	1.312469614E1
2.315174000E2	2.178922819E0
2.316774333E2	-7.337570301E0
2.318533667E2	-1.338123294E1
2.320134667E2	-1.603444936E1
2.321734667E2	-1.735948930E1
2.323494333E2	-1.800046990E1
2.325094667E2	-1.689423215E1
2.326853333E2	-1.592149121E1
2.328454000E2	-1.264089234E1
2.330213667E2	-6.875041612E0
2.331814000E2	1.841566710E0
2.333415000E2	6.979184463E0
2.335172667E2	1.432827165E1
2.336773333E2	2.300988448E1
2.338532667E2	3.408491691E1
2.340133667E2	4.541961721E1
2.341734667E2	5.284579667E1
2.343494000E2	5.736695071E1
2.345094000E2	5.912069214E1
2.346853000E2	5.963569973E1
2.348453667E2	5.912768870E1
2.350054333E2	5.591995823E1
2.351814000E2	5.225913894E1
2.353414667E2	4.766028663E1
2.355173000E2	4.024314102E1
2.356773333E2	2.963979380E1
2.358533000E2	1.826566628E1
2.360133333E2	8.391247386E0
2.361735000E2	-2.011217202E0
2.363492667E2	-1.085531035E1
2.365094000E2	-1.460442100E1
2.366853667E2	-1.692139620E1
2.368453333E2	-1.814263344E1
2.370052667E2	-1.751628570E1
2.371813000E2	-1.642136587E1
2.373414333E2	-1.424253520E1
2.375173333E2	-7.943419898E0
2.376774000E2	-1.730799173E0
2.378373000E2	5.915368432E0
2.380132333E2	1.293075175E1
2.381733000E2	2.050556412E1
2.383493333E2	3.183273573E1
2.385092667E2	4.323882706E1
2.386694000E2	5.038238179E1
2.388453333E2	5.667425665E1
2.390053333E2	5.860371654E1
2.391813000E2	5.949622897E1
2.393414333E2	5.937193557E1
2.395172000E2	5.780388504E1
2.396772667E2	5.382429642E1
2.398373333E2	4.871683892E1
2.400132667E2	4.311174563E1
2.401732333E2	3.487181102E1
2.403492333E2	2.331389363E1
2.405092667E2	1.197383679E1
2.406692667E2	9.281004596E-1
2.408451667E2	-8.049258732E0
2.410053333E2	-1.397177142E1
2.411812000E2	-1.664505026E1
2.413413667E2	-1.806401231E1
2.415013667E2	-1.791650770E1
2.416773333E2	-1.606999140E1
2.418373000E2	-1.475236025E1
2.420134000E2	-9.907392951E0
2.421732667E2	-2.040248308E0
2.423333000E2	3.931903550E0
2.425092333E2	1.078286312E1
2.426692333E2	1.853746178E1
2.428452333E2	2.831821994E1
2.430053333E2	4.127288006E1
2.431813000E2	4.961900152E1
2.433412000E2	5.561802640E1
2.435013333E2	5.845640291E1
2.436773000E2	5.919826580E1
2.438372667E2	5.912688819E1
2.440132333E2	5.869264245E1
2.441732667E2	5.458394974E1
2.443333667E2	4.898642141E1
2.445091333E2	4.396117854E1
2.446693333E2	3.492460256E1
2.448451667E2	2.334797377E1
2.450055000E2	1.164338094E1
2.451652333E2	1.178769094E0
2.453413333E2	-7.794199661E0
2.455012667E2	-1.300627066E1
2.456772667E2	-1.607694611E1
2.458372667E2	-1.817702028E1
2.460132333E2	-1.804099667E1
2.461734000E2	-1.609975358E1
2.463333000E2	-1.563514370E1
2.465092000E2	-1.121851548E1
2.466692667E2	-3.200084572E0
2.468451667E2	4.286300858E0
2.470053000E2	1.016065390E1
2.471652000E2	1.800613264E1
2.473413000E2	2.786882104E1
2.475011333E2	4.098458837E1
2.476770667E2	4.981157572E1
2.478372000E2	5.657279279E1
2.479973000E2	5.890076770E1
2.481733333E2	5.973286207E1
2.483333667E2	5.967875367E1
2.485092667E2	5.758938910E1
2.486692000E2	5.333156144E1
2.488292333E2	4.807038332E1
2.490051667E2	4.172645463E1
2.491653333E2	3.225532274E1
2.493411333E2	2.065995668E1
2.495011667E2	9.012646990E0
2.496770667E2	-8.974997893E-1
2.498371667E2	-1.102775967E1
2.499971333E2	-1.517919470E1
2.501732333E2	-1.694805099E1
2.503332333E2	-1.825527634E1
2.505092000E2	-1.772721635E1
2.506692667E2	-1.522299577E1
2.508291667E2	-1.291495323E1
2.510053000E2	-6.956520213E0
2.511651000E2	1.037257435E0
2.513412000E2	7.790495318E0
2.515012667E2	1.525781877E1
2.516612667E2	2.515744719E1
2.518370667E2	3.818636835E1
2.519971000E2	4.843910051E1
2.521732000E2	5.410302352E1
2.523331667E2	5.777209671E1
2.524932667E2	5.934388096E1
2.526691667E2	5.955436356E1
2.528291000E2	5.868228618E1
2.530052333E2	5.500630082E1
2.531652333E2	5.006405966E1
2.533411667E2	4.469004221E1
2.535011333E2	3.659051854E1
2.536610667E2	2.603967840E1
2.538371333E2	1.376089867E1
2.539971000E2	2.100086345E0
2.541730667E2	-7.149571075E0
2.543331333E2	-1.328315140E1
2.544932667E2	-1.686141342E1
2.546691000E2	-1.794649883E1
2.548292000E2	-1.747639271E1
2.550050000E2	-1.687794301E1
2.551653000E2	-1.461106450E1
2.553253000E2	-8.520931407E0
2.555012000E2	-3.657612706E-1
2.556612333E2	5.885794572E0
2.558372333E2	1.320527917E1
2.559972000E2	2.188056561E1
2.561730000E2	3.313552252E1
2.563330667E2	4.470953297E1
2.564930667E2	5.333822658E1
2.566691333E2	5.784043957E1
2.568291333E2	5.923580063E1
2.570051333E2	5.968059154E1
2.571651333E2	5.897004164E1
2.573251667E2	5.482017909E1
2.575012333E2	5.082133107E1
2.576610667E2	4.505053171E1
2.578370333E2	3.602238409E1
2.579970333E2	2.506734963E1
2.581572000E2	1.432784933E1
2.583332333E2	2.236548845E0
2.584931333E2	-7.888797128E0
2.586690333E2	-1.324912181E1
2.588291333E2	-1.632730288E1
2.589891000E2	-1.830095793E1
2.591651667E2	-1.787223666E1
2.593251000E2	-1.605270864E1
2.595011333E2	-1.489422865E1
2.596612000E2	-8.941319680E0
2.598370333E2	-1.495835750E0
2.599971000E2	5.961860242E0
2.601571000E2	1.313216067E1
2.603330667E2	2.147008528E1
2.604930667E2	3.292530739E1
2.606689333E2	4.397924912E1
2.608291000E2	5.315649760E1
2.609890667E2	5.833127328E1
2.611649667E2	5.957699662E1
2.613250333E2	5.980724163E1
2.615009333E2	5.870807772E1
2.616609667E2	5.432200838E1
2.618210000E2	5.005723518E1
2.619970333E2	4.397947209E1
2.621569667E2	3.512841685E1
2.623329667E2	2.392403385E1
2.624930000E2	1.323579607E1
2.626530000E2	1.915994278E0
2.628289667E2	-8.691706254E0
2.629890333E2	-1.406018224E1
2.631649667E2	-1.692774059E1
2.633249667E2	-1.811452886E1
2.635009333E2	-1.795413967E1
2.636609667E2	-1.591345762E1
2.638209667E2	-1.260150076E1
2.639969667E2	-6.867324676E0
2.641569333E2	1.915466696E0
2.643329000E2	7.876272403E0
2.644929333E2	1.601648924E1
2.646530000E2	2.604758167E1
2.648289333E2	3.990297278E1
2.649889667E2	4.856446772E1
2.651649333E2	5.500035870E1
2.653249333E2	5.820967843E1
2.654850000E2	5.960288060E1
2.656609333E2	5.921253703E1
2.658209667E2	5.644253712E1
2.659969000E2	5.288641405E1
2.661569333E2	4.790865192E1
2.663328667E2	4.057364990E1
2.664929333E2	2.968190250E1
2.666532000E2	1.799171408E1
2.668289333E2	7.843998243E0
2.669889333E2	-3.123101149E0
2.671649333E2	-1.235892990E1
2.673250667E2	-1.571074760E1
2.674849333E2	-1.730164011E1
2.676609000E2	-1.789037869E1
2.678210333E2	-1.681925204E1
2.679970333E2	-1.497746159E1
2.681569667E2	-1.030906974E1
2.683171000E2	-2.228333633E0
2.684930333E2	4.859889321E0
2.686530667E2	1.186772106E1
2.688288667E2	2.034911436E1
2.689890333E2	3.196192369E1
2.691489667E2	4.386283037E1
2.693250000E2	5.199438688E1
2.694849667E2	5.753420313E1
2.696610667E2	5.941361920E1
2.698209667E2	5.961322431E1
2.699968333E2	5.866247723E1
2.701569000E2	5.433227978E1
2.703169333E2	4.950131820E1
2.704929333E2	4.398806088E1
2.706529000E2	3.509154934E1
2.708289000E2	2.177409223E1
2.709889333E2	9.991925683E0
2.711489667E2	-2.604258543E-1
2.713251667E2	-9.930664985E0
2.714849667E2	-1.510796778E1
2.716610000E2	-1.701935348E1
2.718209333E2	-1.806681126E1
2.719809000E2	-1.734364941E1
2.721569333E2	-1.524852003E1
2.723169667E2	-1.164102348E1
2.724929333E2	-5.031162538E0
2.726530000E2	3.450623609E0
2.728289333E2	1.001784760E1
2.729889333E2	1.809376103E1
2.731489333E2	2.876591153E1
2.733248333E2	4.287780863E1
2.734850000E2	5.165909702E1
2.736609000E2	5.692518002E1
2.738209000E2	5.928168635E1
2.739809333E2	5.979908677E1
2.741569333E2	5.908687295E1
2.743170667E2	5.466474394E1
2.744928667E2	5.009535731E1
2.746529000E2	4.425275754E1
2.748128667E2	3.610585068E1
2.749889000E2	2.318583767E1
2.751489667E2	1.045089636E1
2.753249000E2	-6.052256624E-2
2.754849333E2	-9.486969575E0
2.756450000E2	-1.489739097E1
2.758208667E2	-1.701367288E1
2.759808333E2	-1.820625724E1
2.761567667E2	-1.794304119E1
2.763169333E2	-1.495224577E1
2.764927333E2	-1.021737156E1
2.766529000E2	-2.975654716E0
2.768129000E2	4.299720127E0
2.769888667E2	1.148001365E1
2.771488667E2	2.070774597E1
2.773248333E2	3.227439761E1
2.774849000E2	4.516288067E1
2.776449667E2	5.288715273E1
2.778208667E2	5.749299493E1
2.779809000E2	5.917658542E1
2.781568667E2	5.946565778E1
2.783169333E2	5.835383377E1
2.784769333E2	5.336890163E1
2.786528000E2	4.822140911E1
2.788128667E2	4.126600069E1
2.789887667E2	3.076725793E1
2.791489333E2	1.905180116E1
2.793089667E2	6.353661412E0
2.794848333E2	-3.903780740E0
2.796449000E2	-1.275348990E1
2.798208333E2	-1.624494510E1
2.799809333E2	-1.718244591E1
2.801568333E2	-1.779234913E1
2.803169000E2	-1.697705549E1
2.804770333E2	-1.434328660E1
2.806527333E2	-7.952450031E0
2.808128000E2	1.355846002E0
2.809888333E2	7.475963726E0
2.811489333E2	1.520402987E1
2.813089333E2	2.605527534E1
2.814847333E2	4.079968608E1
2.816448000E2	4.948368562E1
2.818207000E2	5.584653101E1
2.819808667E2	5.840674003E1
2.821408667E2	5.962893158E1
2.823168667E2	5.897675228E1
2.824768333E2	5.541941387E1
2.826528000E2	5.038007783E1
2.828128000E2	4.491432779E1
2.829886667E2	3.549874593E1
2.831487667E2	2.326367659E1
2.833088000E2	1.089103471E1
2.834848667E2	-1.683458426E0
2.836447667E2	-1.086246510E1
2.838206667E2	-1.524858285E1
2.839807000E2	-1.783029749E1
2.841408667E2	-1.793437045E1
2.843168333E2	-1.691138408E1
2.844767667E2	-1.533473843E1
2.846527667E2	-9.933947085E0
2.848128333E2	-1.177369034E0
2.849727333E2	6.228379578E0
2.851487667E2	1.435165562E1
2.853088667E2	2.353742129E1
2.854847000E2	3.590138042E1
2.856448333E2	4.740906501E1
2.858048667E2	5.471543770E1
2.859808000E2	5.783486014E1
2.861407667E2	5.926465130E1
2.863168000E2	5.924163635E1
2.864768333E2	5.660072496E1
2.866527667E2	5.229903087E1
2.868127667E2	4.653902292E1
2.869728667E2	3.876516726E1
2.871487000E2	2.611889962E1
2.873089000E2	1.379292024E1
2.874848000E2	1.849473821E0
2.876447667E2	-8.650886742E0
2.878047333E2	-1.472024319E1
2.879807667E2	-1.707824517E1
2.881407667E2	-1.833630127E1
2.883166667E2	-1.767721220E1
2.884767000E2	-1.516399534E1
2.886367333E2	-1.195639479E1
2.888126667E2	-5.302411566E0
2.889728000E2	5.356627532E0
2.891488000E2	1.174578325E1
2.893087000E2	2.145337863E1
2.894687667E2	3.335278604E1
2.896448000E2	4.510498429E1
2.898047333E2	5.311612838E1
2.899808000E2	5.751566626E1
2.901407667E2	5.920939844E1
2.903167333E2	5.923479964E1
2.904767333E2	5.729378066E1
2.906366333E2	5.235114833E1
2.908126667E2	4.613277935E1
2.909726667E2	3.770851153E1
2.911487333E2	2.617279767E1
2.913087333E2	1.290805724E1
2.914687667E2	1.837203753E-1
2.916446333E2	-9.291143571E0
2.918048000E2	-1.424877919E1
2.919807000E2	-1.734666219E1
2.921407667E2	-1.885345291E1
2.923008000E2	-1.779408110E1
2.924766333E2	-1.483912584E1
2.926368000E2	-9.517267173E0
2.928126333E2	-1.061689891E0
2.929726333E2	6.720920123E0
2.931487333E2	1.476271131E1
2.933088000E2	2.433012862E1
2.934686000E2	3.806460570E1
2.936446667E2	4.891950696E1
2.938047667E2	5.546056503E1
2.939806667E2	5.843474329E1
2.941408000E2	5.928910591E1
2.943006667E2	5.888793813E1
2.944767667E2	5.548263376E1
2.946367000E2	5.012069760E1
2.948126333E2	4.376392756E1
2.949727333E2	3.319404367E1
2.951326667E2	2.223597604E1
2.953087667E2	8.885421593E0
2.954686667E2	-2.699527909E0
2.956446667E2	-1.128307538E1
2.958046333E2	-1.600838673E1
2.959646667E2	-1.802405930E1
2.961406333E2	-1.846153257E1
2.963007667E2	-1.707400997E1
2.964765667E2	-1.371051727E1
2.966365667E2	-7.162568882E0
2.968125000E2	1.974077245E0
2.969725333E2	9.060192025E0
2.971326333E2	1.729702290E1
2.973085667E2	2.793154969E1
2.974685333E2	4.220569008E1
2.976445000E2	5.175194540E1
2.978045333E2	5.730410139E1
2.979646000E2	5.898225540E1
2.981405333E2	5.921368968E1
2.983006667E2	5.823081630E1
2.984766000E2	5.368253987E1
2.986367333E2	4.699610062E1
2.987966000E2	3.844183280E1
2.989726667E2	2.588301653E1
2.991327000E2	1.514377805E1
2.993086333E2	2.870706761E0
2.994687000E2	-8.809469682E0
2.996287333E2	-1.379946664E1
2.998045333E2	-1.689416483E1
2.999645333E2	-1.898594630E1
3.001406333E2	-1.810938201E1
3.003007000E2	-1.523987485E1
3.004766333E2	-9.587355027E0
3.006366333E2	-8.539420482E-1
3.007966000E2	6.073233234E0
3.009726000E2	1.409263985E1
3.011325667E2	2.391026610E1
3.013086333E2	3.705498698E1
3.014686333E2	4.821228351E1
3.016286667E2	5.521972958E1
3.018046000E2	5.881676814E1
3.019645333E2	5.937519749E1
3.021406333E2	5.890912557E1
3.023006000E2	5.499225466E1
3.024606333E2	4.968377490E1
3.026366000E2	4.273695774E1
3.027966333E2	3.095439355E1
3.029725000E2	1.875043012E1
3.031325333E2	7.081382187E0
3.033085333E2	-4.085183980E0
3.034685333E2	-1.332981793E1
3.036285667E2	-1.592776428E1
3.038045333E2	-1.784414773E1
3.039644667E2	-1.884936620E1
3.041404000E2	-1.684255181E1
3.043006667E2	-1.185889940E1
3.044606667E2	-3.850869601E0
3.046365000E2	4.648980736E0
3.047966000E2	1.200501700E1
3.049725667E2	2.094463192E1
3.051325667E2	3.232384583E1
3.052928333E2	4.546649263E1
3.054686000E2	5.374130210E1
3.056285000E2	5.783999353E1
3.058045333E2	5.927806621E1
3.059645000E2	5.882945949E1
3.061245667E2	5.512088864E1
3.063005000E2	5.081984234E1
3.064605333E2	4.423988637E1
3.066364333E2	3.374578083E1
3.067964667E2	2.007723682E1
3.069724667E2	8.597646700E0
3.071326667E2	-2.892175108E0
3.072927000E2	-1.191331106E1
3.074686333E2	-1.526144535E1
3.076284667E2	-1.734470954E1
3.078045000E2	-1.877490102E1
3.079644667E2	-1.670745464E1
3.081246333E2	-1.294861424E1
3.083005000E2	-5.908856553E0
3.084605333E2	3.768815907E0
3.086365667E2	1.093249226E1
3.087965333E2	1.913845500E1
3.089564333E2	3.012907181E1
3.091325333E2	4.391698081E1
3.092924667E2	5.286783577E1
3.094684667E2	5.753262216E1
3.096284667E2	5.904902115E1
3.097885000E2	5.893214040E1
3.099644667E2	5.625459791E1
3.101246333E2	5.149958082E1
3.103005667E2	4.465619971E1
3.104605667E2	3.426023953E1
3.106365333E2	2.101952484E1
3.107965667E2	8.885756405E0
3.109564333E2	-1.684548397E0
3.111324000E2	-1.295300695E1
3.112925000E2	-1.582197041E1
3.114683333E2	-1.677314198E1
3.116285333E2	-1.863948633E1
3.117884667E2	-1.678245959E1
3.119646000E2	-1.169441323E1
3.121245667E2	-4.209016968E0
3.123005667E2	3.941974755E0
3.124605333E2	1.193254511E1
3.126205000E2	2.045195006E1
3.127964667E2	3.174672375E1
3.129564000E2	4.594797913E1
3.131324333E2	5.507745938E1
3.132925667E2	5.859408335E1
3.134684333E2	5.915182715E1
3.136283667E2	5.865247713E1
3.137884000E2	5.476023355E1
3.139644333E2	4.963925452E1
3.141245333E2	4.210790895E1
3.143003333E2	3.012811495E1
3.144604000E2	1.695109141E1
3.146204333E2	4.635563908E0
3.147964000E2	-5.060150142E0
3.149565000E2	-1.351879599E1
3.151324667E2	-1.694234455E1
3.152925333E2	-1.697621052E1
3.154524667E2	-1.770046512E1
3.156284000E2	-1.622117356E1
3.157885000E2	-9.951568896E0
3.159643667E2	-5.099265362E-1
3.161244333E2	5.687844503E0
3.162845333E2	1.395133834E1
3.164604000E2	2.394735793E1
3.166205333E2	3.593704122E1
3.167964000E2	4.887933477E1
3.169564667E2	5.597333601E1
3.171323667E2	5.801323087E1
3.172924000E2	5.864260479E1
3.174523667E2	5.839204059E1
3.176283333E2	5.375978580E1
3.177883667E2	4.767824517E1
3.179643000E2	3.846090882E1
3.181243667E2	2.538381166E1
3.182844333E2	1.284872368E1
3.184603667E2	1.635734689E-1
3.186204667E2	-1.024538109E1
3.187963000E2	-1.485112236E1
3.189564333E2	-1.694601562E1
3.191164667E2	-1.734198658E1
3.192924667E2	-1.633868211E1
3.194524333E2	-1.436518678E1
3.196284333E2	-6.835189665E0
3.197883333E2	2.398941849E0
3.199484333E2	9.894113686E0
3.201243333E2	1.877663362E1
3.202844333E2	2.910988863E1
3.204604333E2	4.215259553E1
3.206204667E2	5.362663394E1
3.207963667E2	5.774672131E1
3.209563667E2	5.899034845E1
3.211163667E2	5.883215394E1
3.212923333E2	5.569136101E1
3.214523333E2	5.061883418E1
3.216284000E2	4.372212169E1
3.217883000E2	3.199772043E1
3.219483333E2	1.789424509E1
3.221243333E2	5.569288224E0
3.222843333E2	-6.158096571E0
3.224604000E2	-1.399338756E1
3.226204000E2	-1.667724009E1
3.227804000E2	-1.713672753E1
3.229563333E2	-1.683402490E1
3.231163667E2	-1.506833516E1
3.232923667E2	-1.066539538E1
3.234523000E2	-2.325160733E-1
3.236283000E2	6.018821641E0
3.237883333E2	1.473307619E1
3.239483667E2	2.525315141E1
3.241243333E2	3.876940344E1
3.242844667E2	4.935850179E1
3.244603000E2	5.744587945E1
3.246204000E2	5.921596245E1
3.247803000E2	5.922285238E1
3.249563667E2	5.779959093E1
3.251163000E2	5.301726302E1
3.252922000E2	4.607247308E1
3.254524333E2	3.582969653E1
3.256123333E2	2.204933187E1
3.257882667E2	9.059876562E0
3.259483333E2	-3.601362863E0
3.261243000E2	-1.267836979E1
3.262844333E2	-1.629517976E1
3.264444667E2	-1.799724728E1
3.266202667E2	-1.786083004E1
3.267802667E2	-1.525577200E1
3.269564000E2	-1.100577815E1
3.271162667E2	-1.730895088E0
3.272922667E2	5.166137730E0
3.274523333E2	1.375237042E1
3.276123000E2	2.478946810E1
3.277882000E2	3.853431573E1
3.279483667E2	4.915009017E1
3.281243667E2	5.687419929E1
3.282842333E2	5.905136197E1
3.284443667E2	5.918425009E1
3.286202667E2	5.797649127E1
3.287802667E2	5.344294683E1
3.289563000E2	4.658230072E1
3.291163667E2	3.723664025E1
3.292765333E2	2.309572499E1
3.294522000E2	9.249823248E0
3.296122000E2	-2.191212052E0
3.297882667E2	-1.195846110E1
3.299482667E2	-1.578546535E1
3.301083667E2	-1.794843729E1
3.302844000E2	-1.848508638E1
3.304442667E2	-1.578638409E1
3.306201667E2	-1.154332791E1
3.307802333E2	-2.235448545E0
3.309561333E2	5.139172873E0
3.311163667E2	1.298828111E1
3.312763000E2	2.407512845E1
3.314521667E2	3.883081756E1
3.316123333E2	4.928279530E1
3.317881000E2	5.630783660E1
3.319485000E2	5.910779411E1
3.321082333E2	5.916556322E1
3.322842667E2	5.751773257E1
3.324443333E2	5.233649608E1
3.326203333E2	4.576482204E1
3.327802000E2	3.445430217E1
3.329403000E2	1.919782616E1
3.331162667E2	5.616749524E0
3.332762000E2	-5.953252282E0
3.334523000E2	-1.202469104E1
3.336122333E2	-1.589791846E1
3.337881000E2	-1.776576747E1
3.339483000E2	-1.797051468E1
3.341082333E2	-1.572542211E1
3.342841000E2	-8.323550019E0
3.344443000E2	8.648270950E-1
3.346200667E2	8.361024305E0
3.347801667E2	1.714462013E1
3.349403333E2	2.952910129E1
3.351161667E2	4.359509452E1
3.352763667E2	5.307904657E1
3.354521667E2	5.767396946E1
3.356123333E2	5.882234896E1
3.357722000E2	5.839244598E1
3.359482667E2	5.468827478E1
3.361083333E2	4.995011442E1
3.362841333E2	4.252683816E1
3.364441333E2	2.992527661E1
3.366042000E2	1.388494364E1
3.367801667E2	5.984975102E-1
3.369403000E2	-9.151649718E0
3.371161000E2	-1.310668972E1
3.372761667E2	-1.606810656E1
3.374521333E2	-1.710610722E1
3.376121000E2	-1.692924265E1
3.377722000E2	-1.498940786E1
3.379482667E2	-5.015903479E0
3.381082667E2	2.821038533E0
3.382841333E2	1.155657559E1
3.384442000E2	2.217135614E1
3.386042667E2	3.794834986E1
3.387802333E2	4.844736355E1
3.389402333E2	5.528617197E1
3.391160667E2	5.838689392E1
3.392761333E2	5.894446916E1
3.394362000E2	5.775383425E1
3.396123000E2	5.259303188E1
3.397721000E2	4.654273031E1
3.399482333E2	3.834377308E1
3.401082333E2	2.323139673E1
3.402682667E2	6.644198952E0
3.404441333E2	-5.616611682E0
3.406042333E2	-1.176800793E1
3.407800667E2	-1.471961267E1
3.409401333E2	-1.696026440E1
3.411161333E2	-1.627091586E1
3.412761667E2	-1.518174938E1
3.414361333E2	-1.013794779E1
3.416122000E2	-3.080790061E-2
3.417720667E2	8.148925761E0
3.419482000E2	1.924458320E1
3.421081333E2	3.836679164E1
3.422682000E2	4.699729120E1
3.424441667E2	5.409905606E1
3.426042333E2	5.827263178E1
3.427800333E2	5.941134014E1
3.429400333E2	5.870870315E1
3.431001000E2	5.297510263E1
3.432760333E2	4.804737859E1
3.434361333E2	4.068707644E1
3.436120000E2	2.831855254E1
3.437720667E2	1.135003222E1
3.439481000E2	-2.760968324E0
3.441081667E2	-1.087343300E1
3.442682333E2	-1.438560300E1
3.444440333E2	-1.684171934E1
3.446041000E2	-1.684538580E1
3.447799667E2	-1.597240146E1
3.449401000E2	-1.217665189E1
3.451001667E2	-1.840447025E0
3.452760667E2	5.014538218E0
3.454362000E2	1.587240157E1
3.456120333E2	3.481780602E1
3.457720333E2	4.808114272E1
3.459320000E2	5.364156873E1
3.461081667E2	5.855774814E1
3.462681667E2	6.041121248E1
3.464441000E2	6.011191622E1
3.466040667E2	5.547001187E1
3.467643000E2	5.017724171E1
3.469400667E2	4.258882567E1
3.471002000E2	3.086270227E1
3.472761333E2	1.586709208E1
3.474361000E2	3.361790832E-1
3.476120667E2	-1.099403291E1
3.477720000E2	-1.372300228E1
3.479320333E2	-1.571280744E1
3.481081333E2	-1.634580922E1
3.482679667E2	-1.598786256E1
3.484440667E2	-1.395647240E1
3.486041333E2	-4.594467389E0
3.487642667E2	4.897896094E0
3.489401000E2	1.502349551E1
3.491002000E2	3.141658551E1
3.492759333E2	4.863350907E1
3.494361000E2	5.421819167E1
3.495961667E2	5.930494703E1
3.497720333E2	6.113770909E1
3.499321667E2	6.098250797E1
3.501079333E2	5.698893087E1
3.502679667E2	5.112574514E1
3.504280667E2	4.304007673E1
3.506040667E2	3.024936098E1
3.507640000E2	1.611654663E1
3.509401333E2	1.158735177E0
3.511001000E2	-1.094655481E1
3.512759000E2	-1.501984933E1
3.514360667E2	-1.595618566E1
3.515959667E2	-1.603372913E1
3.517719333E2	-1.545087962E1
3.519321333E2	-1.389520512E1
3.521080333E2	-5.068549176E0
3.522680667E2	3.819143017E0
3.524280000E2	1.388183763E1
3.526040667E2	2.758530035E1
3.527640000E2	4.757523357E1
3.529400667E2	5.486788316E1
3.531001000E2	5.995057082E1
3.532601333E2	6.235316265E1
3.534360000E2	6.207454952E1
3.535961333E2	5.717889788E1
3.537719333E2	5.186565797E1
3.539319667E2	4.371908576E1
3.541080000E2	2.991440628E1
3.542679667E2	1.452748972E1
3.544281333E2	4.505441243E-1
3.546039667E2	-1.121237909E1
3.547639667E2	-1.589449616E1
3.549400000E2	-1.701266884E1
3.550999667E2	-1.698520020E1
3.552601667E2	-1.523305149E1
3.554359667E2	-1.279754937E1
3.555960333E2	-3.812084385E0
3.557718667E2	6.028378953E0
3.559320667E2	1.642623284E1
3.560920000E2	3.105799573E1
3.562679667E2	4.831505710E1
3.564280667E2	5.492554770E1
3.566039667E2	6.008464615E1
3.567639000E2	6.212626689E1
3.569240000E2	6.177712916E1
3.571000000E2	5.637545620E1
3.572601667E2	5.057270468E1
3.574360000E2	4.173575036E1
3.575959000E2	2.760654155E1
3.577718667E2	1.136846688E1
3.579318667E2	-3.208157338E0
3.580921667E2	-1.198326693E1
3.582680667E2	-1.554058558E1
3.584280667E2	-1.707100786E1
3.586039000E2	-1.676014297E1
3.587639667E2	-1.572118642E1
3.589240000E2	-1.253370731E1
3.590999667E2	-9.851775929E-1
3.592599000E2	7.985958332E0
3.594360667E2	1.928145418E1
3.595960333E2	3.499577179E1
3.597559333E2	4.963395206E1
3.599320000E2	5.613864853E1
3.600918667E2	6.050870278E1
3.602678667E2	6.199250995E1
3.604280333E2	6.119445435E1
3.605880333E2	5.498823813E1
3.607638667E2	4.767083405E1
3.609238667E2	3.682174737E1
3.610998333E2	2.103075174E1
3.612601000E2	5.802567729E0
3.614358667E2	-8.720965494E0
3.615958333E2	-1.487915497E1
3.617559000E2	-1.639926652E1
3.619319667E2	-1.633021261E1
3.620918667E2	-1.555446727E1
3.622678667E2	-1.384093774E1
3.624279000E2	-6.108098163E0
3.625879333E2	4.378838259E0
3.627638333E2	1.412124750E1
3.629240000E2	2.688227392E1
3.630998333E2	4.568298570E1
3.632598667E2	5.369965728E1
3.634199667E2	5.864936737E1
3.635958333E2	6.076699635E1
3.637560000E2	6.068704905E1
3.639320333E2	5.691923668E1
3.640919000E2	5.079781823E1
3.642678667E2	4.211705522E1
3.644278000E2	2.823022233E1
3.645879000E2	1.361106530E1
3.647638000E2	-1.084546023E0
3.649239667E2	-1.303114527E1
3.650998667E2	-1.673884371E1
3.652599333E2	-1.695686326E1
3.654198000E2	-1.603269344E1
3.655959667E2	-1.445244002E1
3.657559333E2	-1.095068915E1
3.659317333E2	6.121787281E-3
3.660918000E2	8.761274133E0
3.662518667E2	2.090515629E1
3.664277667E2	3.838934304E1
3.665877667E2	5.002727608E1
3.667638000E2	5.585247801E1
3.669237667E2	5.899326735E1
3.670839333E2	6.012869140E1
3.672598667E2	5.932343781E1
3.674199333E2	5.385758569E1
3.675958333E2	4.627687314E1
3.677559667E2	3.528778263E1
3.679317667E2	2.074069072E1
3.680919333E2	7.077146307E0
3.682519333E2	-6.893320660E0
3.684278000E2	-1.571877559E1
3.685877667E2	-1.762373335E1
3.687637000E2	-1.633319543E1
3.689238667E2	-1.435460377E1
3.690837667E2	-1.231220732E1
3.692599000E2	-4.970205363E0
3.694198000E2	5.882320281E0
3.695957333E2	1.613124616E1
3.697559000E2	3.198757818E1
3.699159333E2	4.854270373E1
3.700917333E2	5.508427036E1
3.702520000E2	5.866031026E1
3.704277333E2	5.983135883E1
3.705877667E2	5.974176777E1
3.707478667E2	5.466472942E1
3.709238000E2	4.709479902E1
3.710838667E2	3.639357081E1
3.712597333E2	2.174099434E1
3.714197667E2	8.147841434E0
3.715957667E2	-4.881753695E0
3.717558333E2	-1.554362128E1
3.719159333E2	-1.877682295E1
3.720918000E2	-1.729276490E1
3.722518667E2	-1.498874387E1
3.724278000E2	-1.203297705E1
3.725879000E2	-4.907346074E0
3.727477667E2	5.356428759E0
3.729237333E2	1.551744152E1
3.730837667E2	3.075816363E1
3.732598667E2	4.745330772E1
3.734198000E2	5.543959954E1
3.735799000E2	5.924945984E1
3.737558333E2	6.003748767E1
3.739159000E2	5.971467229E1
3.740917333E2	5.534068364E1
3.742519000E2	4.772053800E1
3.744276667E2	3.607038525E1
3.745877667E2	2.004095040E1
3.747478333E2	6.779975668E0
3.749237333E2	-5.758043543E0
3.750838333E2	-1.395995855E1
3.752596333E2	-1.792188266E1
3.754198667E2	-1.815138554E1
3.755797333E2	-1.537519614E1
3.757557333E2	-1.056663742E1
3.759157000E2	-1.099533118E0
3.760917667E2	7.153850323E0
3.762517333E2	1.955593733E1
3.764118667E2	3.614063753E1
3.765877333E2	5.073539275E1
3.767478333E2	5.757923713E1
3.769237667E2	6.039608097E1
3.770837667E2	6.023761916E1
3.772439333E2	5.669042498E1
3.774197000E2	5.164183655E1
3.775797000E2	4.241519390E1
3.777557333E2	2.621777912E1
3.779157333E2	8.084486800E0
3.780916000E2	-5.786712885E0
3.782518333E2	-1.285919268E1
3.784117333E2	-1.608146705E1
3.785877333E2	-1.795463733E1
3.787477333E2	-1.693641077E1
3.789237667E2	-1.294029036E1
3.790837333E2	-3.944888974E0
3.792438333E2	6.971859273E0
3.794196333E2	1.726252927E1
3.795799000E2	3.348669740E1
3.797556333E2	4.767947500E1
3.799156333E2	5.584844468E1
3.800757333E2	6.003010909E1
3.802517667E2	6.090190365E1
3.804117667E2	5.837134867E1
3.805876667E2	5.216260758E1
3.807476667E2	4.546578674E1
3.809077667E2	3.488013448E1
3.810839000E2	1.528981648E1
3.812437000E2	-1.503232863E0
3.814196667E2	-1.280821797E1
3.815798000E2	-1.532454708E1
3.817557333E2	-1.635674050E1
3.819157333E2	-1.606363935E1
3.820757333E2	-1.434961726E1
3.822516000E2	-7.740706906E0
3.824117000E2	3.953870339E0
3.825877333E2	1.345512104E1
3.827477333E2	2.893850276E1
3.829077667E2	4.723597800E1
3.830837000E2	5.529629063E1
3.832436667E2	5.970083781E1
3.834195667E2	6.071748027E1
3.835797667E2	5.993384067E1
3.837397667E2	5.333804055E1
3.839157333E2	4.467433084E1
3.840757000E2	3.280226778E1
3.842517333E2	1.683198044E1
3.844115667E2	2.242210782E-1
3.845875667E2	-1.322002061E1
3.847477000E2	-1.705778175E1
3.849076667E2	-1.781640070E1
3.850836667E2	-1.612848988E1
3.852436333E2	-1.294887832E1
3.854195000E2	-5.842258574E0
3.855795667E2	5.865674269E0
3.857397000E2	1.497059338E1
3.859156333E2	2.998486400E1
3.860756333E2	4.849681167E1
3.862515000E2	5.757201024E1
3.864117333E2	6.003759671E1
3.865717667E2	6.040051501E1
3.867475667E2	5.805240186E1
3.869078333E2	5.216903488E1
3.870837000E2	4.314798791E1
3.872436667E2	2.787372722E1
3.874037000E2	1.065169401E1
3.875796667E2	-3.760565801E0
3.877397333E2	-1.380847294E1
3.879156667E2	-1.750615705E1
3.880756667E2	-1.767648885E1
3.882516333E2	-1.560168191E1
3.884117000E2	-1.224930183E1
3.885715667E2	-2.661488480E0
3.887475667E2	8.705962741E0
3.889076333E2	1.999023199E1
3.890835667E2	3.594873200E1
3.892437000E2	4.996316659E1
3.894036000E2	5.802155186E1
3.895795667E2	6.045671143E1
3.897395333E2	6.014661675E1
3.899156333E2	5.517932747E1
3.900757000E2	4.922005042E1
3.902357333E2	4.012742876E1
3.904116667E2	2.520643847E1
3.905717000E2	7.009425290E0
3.907475667E2	-8.759822946E0
3.909076333E2	-1.506565365E1
3.910676667E2	-1.693680591E1
3.912436333E2	-1.723431383E1
3.914037333E2	-1.477672096E1
3.915794667E2	-9.708456050E0
3.917395333E2	1.048193573E0
3.919156000E2	1.036914255E1
3.920756333E2	2.379279411E1
3.922356333E2	4.330196987E1
3.924116333E2	5.328389236E1
3.925715667E2	5.890389749E1
3.927475000E2	6.033173719E1
3.929076333E2	5.951929901E1
3.930676667E2	5.406683866E1
3.932436333E2	4.537245299E1
3.934036000E2	3.363607904E1
3.935795667E2	1.764654485E1
3.937395667E2	2.142020359E0
3.938996333E2	-1.190508976E1
3.940755000E2	-1.629296237E1
3.942356667E2	-1.715214154E1
3.944115667E2	-1.705714598E1
3.945714667E2	-1.369391513E1
3.947475667E2	-5.903096812E0
3.949074333E2	5.077701262E0
3.950676333E2	1.479251085E1
3.952435333E2	2.906070008E1
3.954036000E2	4.703334565E1
3.955795333E2	5.636180909E1
3.957395333E2	6.016280790E1
3.958994667E2	6.045287455E1
3.960755000E2	5.810523856E1
3.962356667E2	5.210839483E1
3.964115333E2	4.320827878E1
3.965714667E2	2.856769682E1
3.967315667E2	9.771933041E0
3.969075000E2	-4.131780139E0
3.970674667E2	-1.363961584E1
3.972436000E2	-1.682786217E1
3.974035333E2	-1.698671622E1
3.975635333E2	-1.600768168E1
3.977396000E2	-1.222652971E1
3.978995667E2	-1.731086922E0
3.980754667E2	8.157536255E0
3.982354333E2	2.079505083E1
3.984115333E2	3.868296218E1
3.985715667E2	5.221101925E1
3.987315667E2	5.878286010E1
3.989074000E2	6.080575055E1
3.990674667E2	6.021079698E1
3.992433667E2	5.534975495E1
3.994035667E2	4.816487818E1
3.995634667E2	3.813109609E1
3.997395333E2	2.190220113E1
3.998995000E2	4.050978394E0
4.000755333E2	-1.018950193E1
4.002355000E2	-1.514678637E1
4.003955000E2	-1.708570050E1
4.005714667E2	-1.709353708E1
4.007315667E2	-1.391900009E1
4.009075667E2	-8.468568921E0
4.010674667E2	2.213494306E0
4.012277667E2	1.150064396E1
4.014035667E2	2.518444130E1
4.015634333E2	4.574300247E1
4.017395000E2	5.618222492E1
4.018995667E2	5.999484675E1
4.020754000E2	6.067986730E1
4.022355667E2	5.965958756E1
4.023955000E2	5.360410255E1
4.025714333E2	4.493945542E1
4.027313667E2	3.154289029E1
4.029075000E2	1.394466537E1
4.030674333E2	-1.762951990E0
4.032278333E2	-1.382498264E1
4.034033667E2	-1.691174532E1
4.035634667E2	-1.714819474E1
4.037394333E2	-1.605553840E1
4.038994333E2	-1.208639986E1
4.040595333E2	-2.379530925E0
4.042355000E2	7.817475204E0
4.043954333E2	1.990602307E1
4.045713333E2	3.633091564E1
4.047315000E2	5.201969211E1
4.049074000E2	5.912086316E1
4.050673333E2	6.109492853E1
4.052273667E2	6.049460200E1
4.054033667E2	5.493445961E1
4.055634333E2	4.785617888E1
4.057393667E2	3.706253912E1
4.058995000E2	2.019720492E1
4.060595000E2	2.464838678E0
4.062355333E2	-1.186852555E1
4.063953667E2	-1.582365040E1
4.065713000E2	-1.698931594E1
4.067313333E2	-1.641164389E1
4.068914333E2	-1.382025442E1
4.070673667E2	-6.966083974E0
4.072274667E2	4.971134208E0
4.074033667E2	1.488418322E1
4.075635667E2	3.020359876E1
4.077234667E2	4.697878337E1
4.078993333E2	5.686065763E1
4.080595000E2	5.983895285E1
4.082354667E2	6.008762081E1
4.083954667E2	5.694880735E1
4.085714000E2	5.085732687E1
4.087314000E2	4.135159869E1
4.088913333E2	2.693421904E1
4.090674333E2	1.023406671E1
4.092273333E2	-5.135396156E0
4.094032667E2	-1.536723420E1
4.095633333E2	-1.718668375E1
4.097233000E2	-1.718087657E1
4.098994000E2	-1.486911245E1
4.100593333E2	-9.863827489E0
4.102354333E2	1.928789402E0
4.103954000E2	1.093560428E1
4.105553667E2	2.509342866E1
4.107313333E2	4.485444680E1
4.108915667E2	5.498626942E1
4.110674000E2	5.972378611E1
4.112274000E2	6.083982652E1
4.113874333E2	5.868935584E1
4.115633333E2	5.218217441E1
4.117233333E2	4.374680053E1
4.118993000E2	3.014069810E1
4.120594667E2	1.305529566E1
4.122353667E2	-3.880184004E0
4.123952333E2	-1.476486094E1
4.125553000E2	-1.700114193E1
4.127312667E2	-1.711764435E1
4.128912667E2	-1.536118223E1
4.130673000E2	-1.163352089E1
4.132272667E2	-9.111664475E-1
4.133874000E2	9.673964274E0
4.135632667E2	2.237031826E1
4.137234333E2	4.115350246E1
4.138993333E2	5.252589068E1
4.140593667E2	5.856360277E1
4.142193000E2	6.088858162E1
4.143952000E2	5.984768648E1
4.145552333E2	5.382418719E1
4.147312000E2	4.547177587E1
4.148912333E2	3.373825714E1
4.150671667E2	1.614859574E1
4.152272000E2	1.799698571E-1
4.153872000E2	-1.377516966E1
4.155632000E2	-1.694806437E1
4.157232000E2	-1.717527745E1
4.158992000E2	-1.596791918E1
4.160592333E2	-1.222476057E1
4.162194333E2	-2.205526984E0
4.163951667E2	7.995780665E0
4.165552667E2	2.078826842E1
4.167312667E2	3.898944688E1
4.168913000E2	5.220257335E1
4.170513000E2	5.855182686E1
4.172273667E2	6.074621060E1
4.173873000E2	5.977862087E1
4.175633333E2	5.323479785E1
4.177232333E2	4.505416404E1
4.178834000E2	3.389791485E1
4.180593667E2	1.590400427E1
4.182193000E2	-1.677568803E-1
4.183952667E2	-1.424389446E1
4.185551667E2	-1.713298447E1
4.187312000E2	-1.724140834E1
4.188912667E2	-1.554706527E1
4.190513333E2	-1.196428140E1
4.192273000E2	-1.615459491E0
4.193873333E2	9.016428011E0
4.195632667E2	2.197156127E1
4.197231667E2	4.038589041E1
4.198833000E2	5.302375455E1
4.200592667E2	5.853095957E1
4.202192667E2	6.117665500E1
4.203953333E2	6.020497966E1
4.205554333E2	5.325678947E1
4.207152000E2	4.461838191E1
4.208911000E2	3.188176840E1
4.210512000E2	1.498052686E1
4.212273000E2	-2.936131490E-1
4.213873333E2	-1.383647353E1
4.215475333E2	-1.805902031E1
4.217232333E2	-1.775948725E1
4.218832333E2	-1.549687092E1
4.220592333E2	-1.193737364E1
4.222193333E2	-1.003246617E0
4.223951667E2	9.050558476E0
4.225553000E2	2.197210684E1
4.227152333E2	4.000334359E1
4.228911333E2	5.235144811E1
4.230513000E2	5.862437880E1
4.232272000E2	6.070526060E1
4.233871667E2	6.002082486E1
4.235472333E2	5.306114651E1
4.237232333E2	4.456693299E1
4.238832667E2	3.181669148E1
4.240591333E2	1.440312954E1
4.242193000E2	-2.059068498E0
4.243792333E2	-1.432445534E1
4.245551667E2	-1.787428646E1
4.247153000E2	-1.720316621E1
4.248912333E2	-1.486495823E1
4.250512667E2	-1.009671923E1
4.252272333E2	2.974643062E0
4.253871000E2	1.258616106E1
4.255471333E2	2.746599173E1
4.257232333E2	4.519807387E1
4.258832000E2	5.680779442E1
4.260592000E2	5.963319824E1
4.262193000E2	6.015118417E1
4.263792000E2	5.686379635E1
4.265550667E2	4.849380838E1
4.267152000E2	3.597302644E1
4.268910667E2	1.981296411E1
4.270511667E2	5.018839231E0
4.272111667E2	-1.080957337E1
4.273871667E2	-1.653182766E1
4.275472000E2	-1.800144909E1
4.277231333E2	-1.673829897E1
4.278831333E2	-1.203843645E1
4.280431667E2	-2.960806768E0
4.282192000E2	9.128516301E0
4.283792667E2	2.148557818E1
4.285551333E2	3.862717192E1
4.287151000E2	5.191671033E1
4.288911000E2	5.777345561E1
4.290512333E2	5.979221215E1
4.292114000E2	5.943506492E1
4.293871333E2	5.307961568E1
4.295471000E2	4.151953081E1
4.297231667E2	2.615650515E1
4.298831333E2	9.872250347E0
4.300432000E2	-4.914525199E0
4.302192333E2	-1.569810494E1
4.303791000E2	-1.751834125E1
4.305552000E2	-1.702747215E1
4.307152000E2	-1.416402323E1
4.308751667E2	-7.122920806E0
4.310511667E2	4.868794588E0
4.312112667E2	1.577228608E1
4.313871000E2	3.171607286E1
4.315470667E2	4.927464864E1
4.317231333E2	5.732323962E1
4.318830333E2	5.960650470E1
4.320432000E2	5.953274332E1
4.322191667E2	5.539897361E1
4.323790667E2	4.679147569E1
4.325550667E2	3.281792408E1
4.327150333E2	1.490090095E1
4.328752333E2	3.621005371E-1
4.330510667E2	-1.319353489E1
4.332113333E2	-1.786354564E1
4.333870667E2	-1.739715016E1
4.335471333E2	-1.519649154E1
4.337071667E2	-1.023732170E1
4.338831667E2	4.716690003E-1
4.340431667E2	1.002205855E1
4.342191667E2	2.499885337E1
4.343791000E2	4.498693306E1
4.345392000E2	5.520171277E1
4.347150000E2	5.887210954E1
4.348750333E2	5.968575702E1
4.350509667E2	5.752692684E1
4.352112333E2	5.082902494E1
4.353870667E2	3.924299835E1
4.355471000E2	2.183929317E1
4.357072000E2	5.846467366E0
4.358830667E2	-8.817576800E0
4.360433667E2	-1.598021544E1
4.362190667E2	-1.800921902E1
4.363790667E2	-1.666349422E1
4.365391667E2	-1.272779230E1
4.367150333E2	-3.942869373E0
4.368751333E2	6.173397773E0
4.370509667E2	1.848771062E1
4.372110333E2	3.716566298E1
4.373711000E2	5.295739272E1
4.375471000E2	5.879215752E1
4.377070000E2	6.007434752E1
4.378831333E2	5.956047057E1
4.380432333E2	5.360654911E1
4.382033667E2	4.382767266E1
4.383790333E2	2.753317612E1
4.385391000E2	9.763197820E0
4.387149333E2	-4.235101862E0
4.388751333E2	-1.521109507E1
4.390509333E2	-1.819382959E1
4.392109667E2	-1.795345467E1
4.393710667E2	-1.388492734E1
4.395470333E2	-5.950669407E0
4.397070000E2	5.408462834E0
4.398830000E2	1.602661566E1
4.400430000E2	3.388328606E1
4.402031333E2	5.123295292E1
4.403789333E2	5.873078002E1
4.405391333E2	6.048285904E1
4.407149333E2	5.985695236E1
4.408750667E2	5.444531442E1
4.410351333E2	4.576458619E1
4.412109000E2	3.111552243E1
4.413710333E2	1.079085609E1
4.415469000E2	-2.569883637E0
4.417069333E2	-1.383276920E1
4.418830333E2	-1.784937263E1
4.420430667E2	-1.842127825E1
4.422031667E2	-1.530405122E1
4.423790667E2	-7.045087587E0
4.425390667E2	5.012078969E0
4.427148667E2	1.472765587E1
4.428750333E2	3.106958170E1
4.430350333E2	4.891681463E1
4.432109667E2	5.798289152E1
4.433710333E2	5.974471254E1
4.435468333E2	5.955776058E1
4.437070000E2	5.461347654E1
4.438669333E2	4.667033375E1
4.440430667E2	3.465767387E1
4.442030333E2	1.393537070E1
4.443790333E2	-1.399440779E0
4.445389000E2	-1.296135615E1
4.446990000E2	-1.672477105E1
4.448749000E2	-1.811183299E1
4.450350667E2	-1.634495722E1
4.452110667E2	-9.003400187E0
4.453710000E2	3.912278092E0
4.455468000E2	1.303771539E1
4.457068667E2	2.914744534E1
4.458669667E2	4.674347821E1
4.460428667E2	5.806017166E1
4.462029667E2	6.017804065E1
4.463790000E2	6.010177615E1
4.465390333E2	5.509487913E1
4.466989333E2	4.766390704E1
4.468750667E2	3.587255999E1
4.470349333E2	1.596908854E1
4.472108000E2	-1.277399006E0
4.473710667E2	-1.307255109E1
4.475310000E2	-1.632069238E1
4.477068667E2	-1.688799372E1
4.478669333E2	-1.618304984E1
4.480430000E2	-1.086918017E1
4.482030000E2	2.717625841E0
4.483629333E2	1.209001525E1
4.485389000E2	2.777967806E1
4.486990000E2	4.598536633E1
4.488749000E2	5.709267286E1
4.490348667E2	5.982147748E1
4.492108667E2	5.984735766E1
4.493709000E2	5.571507280E1
4.495310000E2	4.831179910E1
4.497069333E2	3.709003274E1
4.498668667E2	1.895940626E1
4.500429333E2	3.210797208E-1
4.502030000E2	-1.321805041E1
4.503630333E2	-1.680755780E1
4.505388333E2	-1.641753318E1
4.506989667E2	-1.599172377E1
4.508749333E2	-1.144642998E1
4.510349667E2	1.113522625E0
4.511949667E2	1.196629084E1
4.513709667E2	2.711524109E1
4.515309000E2	4.587364834E1
4.517070000E2	5.686414012E1
4.518669000E2	5.981674295E1
4.520427333E2	5.994530111E1
4.522028667E2	5.572329380E1
4.523628000E2	4.746727766E1
4.525389333E2	3.516623346E1
4.526989667E2	1.724210193E1
4.528747333E2	1.715827764E-1
4.530348000E2	-1.354573705E1
4.531948333E2	-1.799978118E1
4.533708667E2	-1.685318088E1
4.535309333E2	-1.533978124E1
4.537067667E2	-9.961654806E0
4.538668667E2	3.298221011E0
4.540269667E2	1.370414960E1
4.542028667E2	2.990629610E1
4.543629667E2	4.707415736E1
4.545389333E2	5.763522836E1
4.546989667E2	5.969110199E1
4.548588667E2	5.968827044E1
4.550349333E2	5.514422256E1
4.551948000E2	4.628186204E1
4.553708333E2	3.292268757E1
4.555309667E2	1.470804271E1
4.557069000E2	-1.015464032E0
4.558669000E2	-1.384521626E1
4.560269000E2	-1.802721460E1
4.562029000E2	-1.726689395E1
4.563629000E2	-1.503686297E1
4.565388333E2	-8.814714187E0
4.566988333E2	4.301581294E0
4.568588000E2	1.479561831E1
4.570349000E2	3.183650609E1
4.571949000E2	4.994642438E1
4.573707667E2	5.893948738E1
4.575309333E2	6.069153238E1
4.576908333E2	5.990225932E1
4.578668333E2	5.381497724E1
4.580269000E2	4.476200985E1
4.582029000E2	2.952034941E1
4.583627333E2	1.011972556E1
4.585227667E2	-5.041845909E0
4.586988000E2	-1.473230017E1
4.588588333E2	-1.796339162E1
4.590348667E2	-1.733258644E1
4.591948000E2	-1.424674769E1
4.593708000E2	-5.288706080E0
4.595308000E2	7.121142365E0
4.596909333E2	1.908073477E1
4.598669000E2	3.723122779E1
4.600267667E2	5.347112140E1
4.602027333E2	5.911003295E1
4.603628667E2	6.025970191E1
4.605228667E2	5.746691380E1
4.606988667E2	5.039845053E1
4.608588667E2	3.984964339E1
4.610348333E2	2.113013773E1
4.611948333E2	1.851671701E0
4.613548333E2	-1.295022875E1
4.615307333E2	-1.689589767E1
4.616908000E2	-1.717932101E1
4.618668000E2	-1.555606432E1
4.620268333E2	-9.967340097E0
4.622027000E2	3.031753419E0
4.623627667E2	1.350309301E1
4.625228000E2	2.920452442E1
4.626988000E2	4.725170147E1
4.628588333E2	5.810745610E1
4.630347333E2	6.047086765E1
4.631948667E2	5.978907584E1
4.633548000E2	5.368938478E1
4.635308333E2	4.457948731E1
4.636907000E2	3.097582851E1
4.638667000E2	1.181421997E1
4.640267333E2	-4.966964556E0
4.641868667E2	-1.531038052E1
4.643626667E2	-1.825869512E1
4.645227000E2	-1.679926599E1
4.646987667E2	-1.371062367E1
4.648586333E2	-4.936460248E0
4.650187000E2	7.952537925E0
4.651947667E2	2.040977769E1
4.653547333E2	3.920751996E1
4.655306667E2	5.305926856E1
4.656907000E2	5.845936231E1
4.658666667E2	5.989140625E1
4.660268000E2	5.686353892E1
4.661868000E2	4.943337087E1
4.663627333E2	3.707757219E1
4.665227333E2	1.858347480E1
4.666987667E2	9.724246760E-1
4.668586667E2	-1.302556877E1
4.670187333E2	-1.744442220E1
4.671947667E2	-1.711082395E1
4.673547333E2	-1.509717400E1
4.675307667E2	-8.088211275E0
4.676908000E2	4.238493795E0
4.678507000E2	1.569205521E1
4.680267333E2	3.229255599E1
4.681868667E2	5.096914784E1
4.683627667E2	5.906474469E1
4.685227667E2	6.030572738E1
4.686827667E2	5.925293579E1
4.688587000E2	5.199477191E1
4.690186667E2	4.229191396E1
4.691947667E2	2.603290002E1
4.693547333E2	5.430929101E0
4.695305667E2	-9.809274892E0
4.696907333E2	-1.584751309E1
4.698507333E2	-1.794496099E1
4.700266000E2	-1.653503203E1
4.701868667E2	-1.268310051E1
4.703626333E2	-6.968534445E-2
4.705227000E2	1.054973617E1
4.706827000E2	2.567270756E1
4.708586333E2	4.391906389E1
4.710187333E2	5.683033920E1
4.711946000E2	5.958713088E1
4.713546000E2	5.966401852E1
4.715146333E2	5.481595078E1
4.716905667E2	4.652367917E1
4.718507000E2	3.381152878E1
4.720266667E2	1.429383787E1
4.721867667E2	-2.769296369E0
4.723626000E2	-1.518653511E1
4.725226000E2	-1.848987038E1
4.726827667E2	-1.636031503E1
4.728586333E2	-1.409672687E1
4.730186333E2	-5.185756381E0
4.731945333E2	8.252893023E0
4.733546333E2	2.093321423E1
4.735146333E2	3.971242161E1
4.736907000E2	5.381125110E1
4.738505667E2	5.930387456E1
4.740265333E2	6.010433399E1
4.741867333E2	5.606996890E1
4.743466667E2	4.845299793E1
4.745226667E2	3.578619410E1
4.746827333E2	1.602459247E1
4.748586333E2	-9.269659499E-1
4.750187333E2	-1.439630808E1
4.751787667E2	-1.801526718E1
4.753546333E2	-1.720646581E1
4.755147333E2	-1.396274036E1
4.756905667E2	-6.990741654E0
4.758505667E2	6.168237688E0
4.760265667E2	1.824633807E1
4.761867000E2	3.606727737E1
4.763465667E2	5.268017998E1
4.765225667E2	5.964238530E1
4.766826667E2	6.036338566E1
4.768586333E2	5.715408554E1
4.770186667E2	4.928043599E1
4.771786667E2	3.796764438E1
4.773546000E2	1.986953836E1
4.775146000E2	7.955233973E-1
4.776905667E2	-1.400309665E1
4.778505333E2	-1.740124179E1
4.780106333E2	-1.757891423E1
4.781866667E2	-1.454783496E1
4.783465667E2	-8.155355575E0
4.785225333E2	4.862693733E0
4.786826667E2	1.679912626E1
4.788426333E2	3.329568671E1
4.790185000E2	5.121951341E1
4.791787000E2	5.898059725E1
4.793545667E2	6.037651266E1
4.795145333E2	5.794775114E1
4.796904667E2	5.032593373E1
4.798505667E2	3.882440681E1
4.800105333E2	2.187532836E1
4.801865333E2	2.729532676E0
4.803466000E2	-1.306875747E1
4.805225333E2	-1.712834096E1
4.806826000E2	-1.779456689E1
4.808426333E2	-1.476626581E1
4.810185000E2	-8.438615482E0
4.811785667E2	4.849504824E0
4.813544667E2	1.619973050E1
4.815146333E2	3.338219003E1
4.816746000E2	5.023607366E1
4.818504667E2	5.841492931E1
4.820105000E2	5.975840310E1
4.821866667E2	5.796791547E1
4.823464667E2	5.016868399E1
4.825224000E2	3.819230454E1
4.826824667E2	2.024388074E1
4.828424667E2	2.029578792E0
4.830185000E2	-1.309282742E1
4.831787000E2	-1.704459694E1
4.833545000E2	-1.802425322E1
4.835146000E2	-1.481558992E1
4.836745000E2	-8.400403297E0
4.838504333E2	4.582702238E0
4.840106333E2	1.637407308E1
4.841865000E2	3.324691589E1
4.843464667E2	5.094967055E1
4.845065000E2	5.868169339E1
4.846824000E2	6.011245246E1
4.848424667E2	5.777281525E1
4.850184000E2	4.992232159E1
4.851785000E2	3.823250853E1
4.853385000E2	1.991894816E1
4.855144667E2	1.153582667E0
4.856744333E2	-1.402044047E1
4.858505000E2	-1.704216600E1
4.860105333E2	-1.802316594E1
4.861864000E2	-1.480272160E1
4.863465000E2	-7.425393450E0
4.865065667E2	5.472176922E0
4.866823667E2	1.788320153E1
4.868424667E2	3.507639232E1
4.870183667E2	5.129968633E1
4.871784333E2	5.793670545E1
4.873385667E2	5.976193297E1
4.875145000E2	5.714350138E1
4.876745667E2	4.926501450E1
4.878504667E2	3.626895489E1
4.880104000E2	1.712258613E1
4.881706333E2	1.913989403E-2
4.883464667E2	-1.468971226E1
4.885064333E2	-1.734715870E1
4.886825000E2	-1.796861099E1
4.888424667E2	-1.457527454E1
4.890025000E2	-6.071380131E0
4.891785333E2	7.015920215E0
4.893385333E2	2.021925829E1
4.895143667E2	3.855826785E1
4.896744333E2	5.293107598E1
4.898505000E2	5.828849574E1
4.900105333E2	5.901532765E1
4.901704333E2	5.570447526E1
4.903465000E2	4.765840353E1
4.905064667E2	3.432881627E1
4.906824333E2	1.436483520E1
4.908424333E2	-2.115022475E0
4.910024000E2	-1.570224747E1
4.911783333E2	-1.783587763E1
4.913385333E2	-1.778268923E1
4.915144333E2	-1.419505645E1
4.916745333E2	-4.053023187E0
4.918344333E2	8.806411544E0
4.920105000E2	2.247513717E1
4.921705333E2	4.211002352E1
4.923465333E2	5.431407202E1
4.925064333E2	5.812466422E1
4.926823333E2	5.914324577E1
4.928424000E2	5.540901360E1
4.930024000E2	4.614116647E1
4.931785000E2	3.193903377E1
4.933383667E2	1.223736419E1
4.935144000E2	-3.929666016E0
4.936744667E2	-1.609396263E1
4.938344667E2	-1.801306670E1
4.940104333E2	-1.735359158E1
4.941705333E2	-1.312191066E1
4.943462667E2	-1.702322350E0
4.945063333E2	1.110049647E1
4.946665000E2	2.688228247E1
4.948423333E2	4.676136443E1
4.950023667E2	5.621389218E1
4.951784667E2	5.842426025E1
4.953387000E2	5.889178154E1
4.954984333E2	5.380004079E1
4.956743000E2	4.303682135E1
4.958344000E2	2.633466331E1
4.960104333E2	6.874871310E0
4.961704667E2	-8.961483293E0
4.963462667E2	-1.684922516E1
4.965063333E2	-1.772393530E1
4.966663667E2	-1.689124131E1
4.968423667E2	-1.127983709E1
4.970024667E2	2.750300800E0
4.971784000E2	1.439009412E1
4.973383667E2	3.247158239E1
4.974984667E2	5.079836562E1
4.976742667E2	5.802307950E1
4.978343667E2	5.914895277E1
4.980103667E2	5.828629527E1
4.981704333E2	5.153787189E1
4.983303667E2	3.884614896E1
4.985063000E2	2.089904522E1
4.986664000E2	2.120366129E0
4.988423667E2	-1.286410336E1
4.990024000E2	-1.790633019E1
4.991623667E2	-1.789233003E1
4.993384333E2	-1.531483373E1
4.994983667E2	-8.130752765E0
4.996742667E2	5.741437869E0
4.998343000E2	1.796040693E1
5.000103667E2	3.720908902E1
5.001704333E2	5.325561865E1
5.003303667E2	5.860841376E1
5.005063667E2	5.890718698E1
5.006664000E2	5.583416365E1
5.008422333E2	4.871200917E1
5.010022667E2	3.432084578E1
5.011622333E2	1.387583411E1
5.013383667E2	-2.776212880E0
5.014985333E2	-1.494737171E1
5.016743667E2	-1.811424772E1
5.018343333E2	-1.755188308E1
5.019943667E2	-1.364919229E1
5.021703667E2	-3.215481758E0
5.023304000E2	9.525983937E0
5.025063000E2	2.429442051E1
5.026663667E2	4.409113604E1
5.028422333E2	5.686195463E1
5.030024000E2	5.901967157E1
5.031623000E2	5.865421238E1
5.033384000E2	5.293020352E1
5.034983333E2	4.350910657E1
5.036743000E2	2.662633213E1
5.038343000E2	6.029426279E0
5.039942333E2	-9.378850083E0
5.041704000E2	-1.668868338E1
5.043303000E2	-1.802008144E1
5.045063000E2	-1.646503887E1
5.046663667E2	-9.984886818E0
5.048263333E2	3.028491128E0
5.050022667E2	1.492863325E1
5.051623000E2	3.152324546E1
5.053381667E2	5.055452852E1
5.054983333E2	5.938902426E1
5.056584333E2	5.982689371E1
5.058343000E2	5.614717702E1
5.059943000E2	4.953495654E1
5.061704333E2	3.723203826E1
5.063302667E2	1.652145962E1
5.065062667E2	-1.387769550E0
5.066662667E2	-1.457311912E1
5.068263000E2	-1.790761071E1
5.070023667E2	-1.779565554E1
5.071623667E2	-1.416151578E1
5.073381333E2	-3.234590731E0
5.074982000E2	9.210245984E0
5.076583000E2	2.488023558E1
5.078344333E2	4.454494996E1
5.079942333E2	5.799716783E1
5.081701667E2	5.990546545E1
5.083301333E2	5.876456188E1
5.084903000E2	5.121282164E1
5.086663333E2	4.117680199E1
5.088263333E2	2.473314985E1
5.090022333E2	2.714640744E0
5.091622333E2	-1.216847999E1
5.093222667E2	-1.686489669E1
5.094983000E2	-1.761163900E1
5.096582333E2	-1.474859348E1
5.098341333E2	-6.963790159E0
5.099943000E2	6.019359701E0
5.101702000E2	2.030627677E1
5.103301333E2	4.091314725E1
5.104902333E2	5.635990962E1
5.106662000E2	5.997460074E1
5.108262333E2	5.955101089E1
5.110020667E2	5.242796188E1
5.111622000E2	4.435510826E1
5.113222667E2	2.965510159E1
5.114982000E2	8.804907659E0
5.116582000E2	-8.552548138E0
5.118341333E2	-1.516487978E1
5.119942333E2	-1.728321506E1
5.121542000E2	-1.591951693E1
5.123301333E2	-9.570684116E0
5.124901667E2	2.824072604E0
5.126662333E2	1.576269208E1
5.128262000E2	3.481398734E1
5.130020667E2	5.506466328E1
5.131621667E2	6.135681965E1
5.133222667E2	6.092797995E1
5.134982333E2	5.478208669E1
5.136583000E2	4.724204171E1
5.138341333E2	3.371429099E1
5.139942667E2	1.415652447E1
5.141542000E2	-4.724435441E0
5.143301667E2	-1.496345936E1
5.144901333E2	-1.699528082E1
5.146660333E2	-1.584156527E1
5.148261000E2	-9.937078297E0
5.149861333E2	1.764360419E0
5.151622333E2	1.379421012E1
5.153222000E2	3.475403816E1
5.154981000E2	5.494576023E1
5.156581000E2	6.178191886E1
5.158181333E2	6.142697778E1
5.159941333E2	5.553196906E1
5.161542333E2	4.719328253E1
5.163302333E2	3.268211514E1
5.164902333E2	1.328038525E1
5.166661333E2	-4.859368024E0
5.168262000E2	-1.493640290E1
5.169862333E2	-1.684546162E1
5.171621667E2	-1.520303317E1
5.173221333E2	-8.904746787E0
5.174981000E2	2.725173333E0
5.176580667E2	1.414363716E1
5.178181667E2	3.528402511E1
5.179940667E2	5.468053789E1
5.181542667E2	6.195237435E1
5.183300333E2	6.198654724E1
5.184902000E2	5.547936778E1
5.186501333E2	4.700007533E1
5.188260333E2	3.174480618E1
5.189862667E2	1.386664871E1
5.191622333E2	-3.624258468E0
5.193220667E2	-1.554104042E1
5.194821333E2	-1.689525762E1
5.196581333E2	-1.485798493E1
5.198180333E2	-8.726723848E0
5.199940667E2	3.755567764E0
5.201541667E2	1.482884147E1
5.203301333E2	3.611314356E1
5.204900333E2	5.456739859E1
5.206502000E2	6.182864397E1
5.208260000E2	6.211062709E1
5.209861000E2	5.517413066E1
5.211619667E2	4.554850669E1
5.213221667E2	2.766148217E1
5.214821000E2	9.647861312E0
5.216580667E2	-7.729820128E0
5.218181000E2	-1.674789555E1
5.219941333E2	-1.711688760E1
5.221541667E2	-1.331772231E1
5.223141667E2	-4.662512161E0
5.224901000E2	7.383748986E0
5.226501667E2	2.228599522E1
5.228261000E2	4.309259319E1
5.229860000E2	5.621450557E1
5.231619667E2	6.094437850E1
5.233220667E2	6.036414407E1
5.234820333E2	5.225940603E1
5.236580000E2	3.866230355E1
5.238181333E2	1.722311415E1
5.239939333E2	1.969382996E-1
5.241541000E2	-1.304604338E1
5.243140667E2	-1.728722601E1
5.244900667E2	-1.697910203E1
5.246501667E2	-1.171505269E1
5.248260000E2	1.192714490E0
5.249861333E2	1.306005593E1
5.251462000E2	3.090641081E1
5.253220667E2	4.814733435E1
5.254820667E2	5.870650548E1
5.256580667E2	6.006510214E1
5.258180667E2	5.681055336E1
5.259780000E2	4.821673527E1
5.261539667E2	3.075826762E1
5.263140000E2	8.083623799E0
5.264900333E2	-7.466450487E0
5.266501333E2	-1.595641001E1
5.268259000E2	-1.771136315E1
5.269859667E2	-1.605509679E1
5.271460000E2	-7.086483684E0
5.273220333E2	7.727158186E0
5.274819333E2	2.177949625E1
5.276580333E2	4.222701893E1
5.278180000E2	5.432850538E1
5.279780333E2	5.914141393E1
5.281540667E2	5.895292475E1
5.283139667E2	5.228315185E1
5.284900000E2	3.975023892E1
5.286500000E2	1.801371740E1
5.288100333E2	-2.792800319E0
5.289859333E2	-1.560053941E1
5.291460667E2	-1.773807780E1
5.293219000E2	-1.636323600E1
5.294820667E2	-1.206255432E1
5.296420333E2	9.147234489E-1
5.298179000E2	1.344744648E1
5.299780333E2	3.188117647E1
5.301541000E2	5.229135446E1
5.303140000E2	5.914853025E1
5.304898667E2	5.945073107E1
5.306500333E2	5.401577786E1
5.308099667E2	4.537575289E1
5.309859667E2	2.865075891E1
5.311461667E2	5.875504773E0
5.313220333E2	-1.094867216E1
5.314819667E2	-1.703001676E1
5.316421000E2	-1.769161538E1
5.318179000E2	-1.442233858E1
5.319782000E2	-4.911780294E0
5.321540667E2	8.243654315E0
5.323140000E2	2.494829347E1
5.324739333E2	4.601937612E1
5.326500333E2	5.874700147E1
5.328100000E2	6.060661739E1
5.329858667E2	5.843719717E1
5.331459000E2	4.945911951E1
5.333219000E2	3.557495292E1
5.334818667E2	1.471145310E1
5.336418667E2	-3.802316579E0
5.338179333E2	-1.495079928E1
5.339779000E2	-1.761966281E1
5.341540000E2	-1.616688761E1
5.343139333E2	-8.634962535E0
5.344740333E2	4.925581027E0
5.346500000E2	1.764693793E1
5.348099667E2	3.959047964E1
5.349858333E2	5.591536130E1
5.351460333E2	6.019849917E1
5.353060333E2	6.005301407E1
5.354819667E2	5.309692525E1
5.356419000E2	4.073563459E1
5.358179333E2	1.980947873E1
5.359779000E2	1.230213424E0
5.361380333E2	-1.284721342E1
5.363140333E2	-1.676625878E1
5.364741000E2	-1.600818589E1
5.366500000E2	-1.281847903E1
5.368099333E2	1.154584686E0
5.369858333E2	1.245115597E1
5.371460000E2	3.267999657E1
5.373059667E2	5.187284938E1
5.374818667E2	5.973744149E1
5.376420000E2	6.033964270E1
5.378178000E2	5.565150571E1
5.379778333E2	4.599956179E1
5.381379333E2	2.605743892E1
5.383140333E2	4.051039589E0
5.384739667E2	-1.105630524E1
5.386499667E2	-1.604071547E1
5.388098333E2	-1.624251412E1
5.389701000E2	-1.377645172E1
5.391459000E2	-3.132665086E0
5.393059000E2	9.039379694E0
5.394818667E2	2.624224355E1
5.396419000E2	4.714782751E1
5.398019000E2	5.873855620E1
5.399779333E2	5.995330234E1
5.401378667E2	5.760622523E1
5.403138667E2	4.932988872E1
5.404738333E2	3.400288136E1
5.406497333E2	9.909348577E0
5.408098333E2	-9.008235477E0
5.409698667E2	-1.699868561E1
5.411459333E2	-1.697725380E1
5.413058000E2	-1.467354996E1
5.414818000E2	-6.340278080E0
5.416419333E2	7.896397277E0
5.418018667E2	2.231223415E1
5.419778333E2	4.318698922E1
5.421379000E2	5.823540031E1
5.423138667E2	6.046184983E1
5.424738000E2	5.845019455E1
5.426339000E2	5.002537259E1
5.428098667E2	3.631799516E1
5.429699333E2	1.382843177E1
5.431457667E2	-5.846086747E0
5.433058667E2	-1.680445415E1
5.434817333E2	-1.823601531E1
5.436418333E2	-1.554460257E1
5.438019333E2	-8.062411274E0
5.439778000E2	6.741494690E0
5.441377667E2	1.982535356E1
5.443137333E2	4.099012988E1
5.444737667E2	5.645298453E1
5.446338000E2	6.083547354E1
5.448097333E2	5.938484431E1
5.449699000E2	5.093177528E1
5.451458333E2	3.799072142E1
5.453058333E2	1.556564754E1
5.454658000E2	-2.808691261E0
5.456418333E2	-1.452592716E1
5.458017667E2	-1.796778464E1
5.459778667E2	-1.681698240E1
5.461377667E2	-1.073998403E1
5.462978000E2	4.432285963E0
5.464737667E2	1.729997125E1
5.466339000E2	3.873826624E1
5.468097667E2	5.551759303E1
5.469698000E2	6.021619108E1
5.471458333E2	5.985511769E1
5.473057333E2	5.241014980E1
5.474659000E2	4.046350917E1
5.476417333E2	1.837662118E1
5.478018000E2	-6.494524278E-1
5.479777667E2	-1.376934096E1
5.481378333E2	-1.679772836E1
5.482978333E2	-1.540754484E1
5.484739667E2	-1.200529580E1
5.486339000E2	2.148999212E0
5.488097000E2	1.469097916E1
5.489698000E2	3.632762146E1
5.491299667E2	5.470922494E1
5.493057667E2	6.046019042E1
5.494659000E2	6.004513564E1
5.496418333E2	5.242636411E1
5.498017667E2	4.170010109E1
5.499618667E2	1.929636860E1
5.501377333E2	-1.662400947E0
5.502979333E2	-1.494843857E1
5.504737333E2	-1.749808402E1
5.506339333E2	-1.447525018E1
5.508096000E2	-1.006474195E1
5.509698000E2	3.647966966E0
5.511298000E2	1.507562576E1
5.513058333E2	3.845639010E1
5.514657333E2	5.492905857E1
5.516416333E2	6.031536862E1
5.518017667E2	5.969736147E1
5.519617333E2	5.190007534E1
5.521376667E2	4.005916750E1
5.522977667E2	1.858836877E1
5.524736667E2	-2.694737057E0
5.526337333E2	-1.579306552E1
5.527938000E2	-1.826014161E1
5.529697333E2	-1.547747199E1
5.531299000E2	-9.033587553E0
5.533056333E2	6.018786892E0
5.534657000E2	1.800556662E1
5.536416000E2	4.092520671E1
