mass_A
t	x
0.000000000E0	-3.410605132E-13
1.601333333E-1	-1.199741772E-2
3.202000000E-1	-6.467909717E-2
4.960000000E-1	2.627945821E-2
6.560666667E-1	-1.780963329E-2
8.319666667E-1	9.438023334E-3
9.920333333E-1	1.611716959E-2
1.152133333E0	-4.373605515E-2
1.328066667E0	-1.639835033E-3
1.488166667E0	1.358138861E-2
1.664166667E0	5.800673891E-3
1.824033333E0	-1.955762798E-2
1.984033333E0	-1.285025594E-2
2.160033333E0	-4.452893626E0
2.320100000E0	-2.383121750E1
2.496066667E0	-3.041106326E1
2.656166667E0	-3.406871202E1
2.831933333E0	-3.093743022E1
2.992000000E0	-1.977400562E1
3.152033333E0	-5.962674239E0
3.327933333E0	1.185621933E1
3.488000000E0	3.081378864E1
3.663900000E0	4.596296810E1
3.824000000E0	6.106256859E1
3.984133333E0	7.379070366E1
4.160066667E0	9.000395160E1
4.320066667E0	9.782629579E1
4.496133333E0	1.023250429E2
4.656133333E0	1.029165202E2
4.816000000E0	1.021840652E2
4.991966667E0	9.678929735E1
5.152000000E0	8.925045181E1
5.327933333E0	7.802042897E1
5.488000000E0	5.601648197E1
5.648233333E0	3.249021496E1
5.824100000E0	9.708649338E0
5.984100000E0	-1.051305402E1
6.160066667E0	-2.625186035E1
6.320100000E0	-3.179584153E1
6.495966667E0	-3.413064542E1
6.655900000E0	-2.800190136E1
6.816000000E0	-1.667151196E1
6.991966667E0	-2.003629530E0
7.151933333E0	1.695082098E1
7.327966667E0	3.461229801E1
7.487966667E0	4.960313244E1
7.647966667E0	6.482572094E1
7.824066667E0	7.936971540E1
7.984033333E0	9.466858120E1
8.160066667E0	9.936649792E1
8.319933333E0	1.024674834E2
8.480300000E0	1.029427544E2
8.655933333E0	1.017317171E2
8.816100000E0	9.527955833E1
8.992066667E0	8.596697444E1
9.152000000E0	7.333953829E1
9.327866667E0	4.994962429E1
9.487933333E0	2.602870276E1
9.647933333E0	3.951508922E0
9.823866667E0	-1.522750594E1
9.983933333E0	-2.799675555E1
1.015983333E1	-3.255431314E1
1.031990000E1	-3.338387158E1
1.047993333E1	-2.561475708E1
1.065586667E1	-1.352942939E1
1.081593333E1	3.821491069E0
1.099183333E1	2.272833047E1
1.115190000E1	3.927661698E1
1.131213333E1	5.401830514E1
1.148786667E1	6.833855844E1
1.164796667E1	8.464465967E1
1.182406667E1	9.968209612E1
1.198386667E1	1.018849940E2
1.214390000E1	1.024440366E2
1.232000000E1	1.026042454E2
1.248000000E1	9.954444307E1
1.265600000E1	9.350077566E1
1.281600000E1	8.367445751E1
1.299193333E1	6.818241598E1
1.315193333E1	4.453661581E1
1.331193333E1	2.178134299E1
1.348796667E1	3.643743000E-2
1.364800000E1	-1.840631848E1
1.382380000E1	-2.929246358E1
1.398396667E1	-3.305786348E1
1.414400000E1	-3.276294734E1
1.431983333E1	-2.328650334E1
1.448000000E1	-1.005856434E1
1.465600000E1	6.672794438E0
1.481596667E1	2.586939068E1
1.497603333E1	4.178397875E1
1.515193333E1	5.704134847E1
1.531200000E1	6.937888044E1
1.548796667E1	8.623051404E1
1.564796667E1	9.930690490E1
1.580800000E1	1.026418907E2
1.598390000E1	1.024584544E2
1.614396667E1	1.020097261E2
1.631980000E1	9.761056260E1
1.647986667E1	9.182624930E1
1.665583333E1	8.110748265E1
1.681593333E1	6.390594706E1
1.697590000E1	3.967556504E1
1.715196667E1	1.674163645E1
1.731186667E1	-4.054345352E0
1.748776667E1	-2.234642137E1
1.764786667E1	-3.002211945E1
1.780796667E1	-3.345566388E1
1.798393333E1	-3.126554169E1
1.814386667E1	-2.042808864E1
1.831976667E1	-6.287122878E0
1.847996667E1	1.143380522E1
1.863986667E1	2.976639875E1
1.881583333E1	4.513952162E1
1.897583333E1	6.037007041E1
1.915183333E1	7.223536479E1
1.931190000E1	8.914029102E1
1.948776667E1	9.755931876E1
1.964783333E1	1.018806000E2
1.980783333E1	1.026408410E2
1.998390000E1	1.019618782E2
2.014390000E1	9.587555566E1
2.031990000E1	8.868046052E1
2.047990000E1	7.788020463E1
2.063980000E1	5.773486638E1
2.081573333E1	3.218711692E1
2.097580000E1	9.977459719E0
2.115176667E1	-1.022146067E1
2.131183333E1	-2.615671793E1
2.147200000E1	-3.109210812E1
2.164776667E1	-3.378180992E1
2.180786667E1	-2.866278414E1
2.198370000E1	-1.638272238E1
2.214390000E1	-9.427232957E-1
2.230383333E1	1.793134445E1
2.247986667E1	3.511475307E1
2.263986667E1	5.052355635E1
2.281576667E1	6.561403932E1
2.297573333E1	8.041372531E1
2.315170000E1	9.585131397E1
2.331180000E1	9.956154190E1
2.347176667E1	1.020156945E2
2.364776667E1	1.026813018E2
2.380786667E1	1.010175953E2
2.398383333E1	9.420931205E1
2.414376667E1	8.499582203E1
2.430373333E1	7.248767517E1
2.447983333E1	4.951318172E1
2.463986667E1	2.601419121E1
2.481580000E1	3.886414086E0
2.497576667E1	-1.462868406E1
2.513576667E1	-2.758545156E1
2.531176667E1	-3.240204677E1
2.547193333E1	-3.338662592E1
2.564766667E1	-2.582296221E1
2.580770000E1	-1.293880962E1
2.596770000E1	3.173511702E0
2.614383333E1	2.203348747E1
2.630376667E1	3.858924594E1
2.647980000E1	5.366092698E1
2.663980000E1	6.745812092E1
2.681573333E1	8.368654185E1
2.697580000E1	9.931235044E1
2.713573333E1	1.016194315E2
2.731163333E1	1.019576603E2
2.747173333E1	1.019713198E2
2.764766667E1	9.879695823E1
2.780776667E1	9.303347488E1
2.796776667E1	8.340831774E1
2.814380000E1	6.888380549E1
2.830373333E1	4.506023336E1
2.847970000E1	2.178857134E1
2.863973333E1	3.229929163E-1
2.879996667E1	-1.794951147E1
2.897580000E1	-2.888239038E1
2.913573333E1	-3.293554040E1
2.931176667E1	-3.279715025E1
2.947160000E1	-2.371325383E1
2.964770000E1	-1.011703301E1
2.980776667E1	6.659812927E0
2.996766667E1	2.562093939E1
3.014383333E1	4.183114531E1
3.030363333E1	5.698161935E1
3.047953333E1	6.891287228E1
3.063960000E1	8.598411193E1
3.079976667E1	9.910640815E1
3.097570000E1	1.019514669E2
3.113570000E1	1.019037610E2
3.131163333E1	1.016610586E2
3.147170000E1	9.702514174E1
3.163170000E1	9.137881203E1
3.180760000E1	8.075174112E1
3.196760000E1	6.354297966E1
3.214356667E1	3.857119886E1
3.230360000E1	1.683790307E1
3.246363333E1	-3.981756392E0
3.263956667E1	-2.216838075E1
3.279960000E1	-3.039098855E1
3.297560000E1	-3.331446589E1
3.313560000E1	-3.094304107E1
3.331153333E1	-2.017172349E1
3.347153333E1	-6.210905949E0
3.363160000E1	1.160751762E1
3.380750000E1	3.004066472E1
3.396760000E1	4.513268663E1
3.414350000E1	6.023089816E1
3.430373333E1	7.242800548E1
3.446373333E1	8.929884745E1
3.463953333E1	9.749390445E1
3.479963333E1	1.020588713E2
3.497550000E1	1.022861493E2
3.513556667E1	1.018443392E2
3.529570000E1	9.579507729E1
3.547170000E1	8.878598698E1
3.563163333E1	7.804955614E1
3.580766667E1	5.769802234E1
3.596760000E1	3.273361159E1
3.612763333E1	1.077167210E1
3.630350000E1	-9.396757280E0
3.646370000E1	-2.579886870E1
3.663963333E1	-3.109846050E1
3.679963333E1	-3.359472806E1
3.697546667E1	-2.902314771E1
3.713550000E1	-1.723831186E1
3.729556667E1	-2.178090675E0
3.747156667E1	1.631086578E1
3.763156667E1	3.382991961E1
3.780743333E1	4.882669791E1
3.796763333E1	6.360742549E1
3.812763333E1	7.810387285E1
3.830356667E1	9.342560083E1
3.846356667E1	9.873837576E1
3.863953333E1	1.020579985E2
3.879956667E1	1.027027124E2
3.895960000E1	1.013363603E2
3.913560000E1	9.479215901E1
3.929566667E1	8.565633137E1
3.947150000E1	7.373612039E1
3.963153333E1	5.062120767E1
3.980750000E1	2.676033608E1
3.996746667E1	4.523173296E0
4.012746667E1	-1.422678593E1
4.030343333E1	-2.770648892E1
4.046346667E1	-3.236368998E1
4.063940000E1	-3.315969538E1
4.079950000E1	-2.600827422E1
4.095946667E1	-1.307771236E1
4.113546667E1	2.950575874E0
4.129553333E1	2.214664846E1
4.147140000E1	3.886693383E1
4.163146667E1	5.401004994E1
4.179173333E1	6.805565878E1
4.196753333E1	8.436493067E1
4.212750000E1	9.964405637E1
4.230350000E1	1.016987873E2
4.246366667E1	1.021428171E2
4.262356667E1	1.019153577E2
4.279950000E1	9.815987564E1
4.295946667E1	9.232084701E1
4.313550000E1	8.189774045E1
4.329573333E1	6.605031053E1
4.347153333E1	4.192556218E1
4.363146667E1	1.887146349E1
4.379146667E1	-2.663761438E0
4.396743333E1	-2.081214168E1
4.412746667E1	-3.012734541E1
4.430343333E1	-3.297602162E1
4.446353333E1	-3.158990937E1
4.462346667E1	-2.150205797E1
4.479946667E1	-7.115579150E0
4.495946667E1	1.030806940E1
4.513546667E1	2.916731668E1
4.529563333E1	4.421082279E1
4.545556667E1	5.977583826E1
4.563153333E1	7.139952139E1
4.579140000E1	8.865946238E1
4.596736667E1	9.774397959E1
4.612746667E1	1.018983268E2
4.628756667E1	1.022097810E2
4.646353333E1	1.019781517E2
4.662343333E1	9.599293842E1
4.679950000E1	8.916508394E1
4.695956667E1	7.804476795E1
4.713550000E1	5.804280411E1
4.729536667E1	3.331890819E1
4.745553333E1	1.084066217E1
4.763143333E1	-9.731446708E0
4.779156667E1	-2.598563092E1
4.796733333E1	-3.139561826E1
4.812733333E1	-3.338101238E1
4.828753333E1	-2.877253501E1
4.846336667E1	-1.723942946E1
4.862340000E1	-1.802950716E0
4.879940000E1	1.699030794E1
4.895940000E1	3.442022461E1
4.911953333E1	4.969406383E1
4.929546667E1	6.467461349E1
4.945550000E1	7.931384700E1
4.963153333E1	9.457960214E1
4.979150000E1	9.892842056E1
4.996746667E1	1.017724956E2
5.012746667E1	1.026680770E2
5.028736667E1	1.013513743E2
5.046356667E1	9.467870661E1
5.062356667E1	8.534446055E1
5.079943333E1	7.312439371E1
5.095943333E1	5.003622337E1
5.111950000E1	2.613749408E1
5.129536667E1	4.193058309E0
5.145540000E1	-1.441043830E1
5.163140000E1	-2.770748471E1
5.179140000E1	-3.266860411E1
5.195150000E1	-3.302919346E1
5.212736667E1	-2.607623153E1
5.228750000E1	-1.299865764E1
5.246330000E1	3.335795839E0
5.262336667E1	2.212767257E1
5.278350000E1	3.886281272E1
5.295926667E1	5.384499135E1
5.311936667E1	6.791589750E1
5.329543333E1	8.381399842E1
5.345543333E1	9.913713572E1
5.363140000E1	1.016356471E2
5.379143333E1	1.021160078E2
5.395130000E1	1.019116058E2
5.412733333E1	9.798822139E1
5.428726667E1	9.212020520E1
5.446323333E1	8.261128209E1
5.462330000E1	6.765797312E1
5.478333333E1	4.453808864E1
5.495926667E1	2.069825745E1
5.511933333E1	-8.377477629E-1
5.529526667E1	-1.871833971E1
5.545543333E1	-2.920047451E1
5.561530000E1	-3.305657254E1
5.579126667E1	-3.239905332E1
5.595130000E1	-2.352421907E1
5.612723333E1	-9.865002450E0
5.628740000E1	7.232933174E0
5.644733333E1	2.603370074E1
5.662336667E1	4.193545389E1
5.678340000E1	5.724818994E1
5.695930000E1	6.919852720E1
5.711940000E1	8.586089640E1
5.729533333E1	9.877084952E1
5.745540000E1	1.018093776E2
5.761536667E1	1.017168070E2
5.779126667E1	1.015431349E2
5.795120000E1	9.663287013E1
5.812716667E1	9.088845393E1
5.828740000E1	8.051485799E1
5.844736667E1	6.320987727E1
5.862330000E1	3.883318543E1
5.878326667E1	1.639602203E1
5.895933333E1	-4.544987874E0
5.911923333E1	-2.229448396E1
5.927953333E1	-3.052190031E1
5.945536667E1	-3.324581473E1
5.961530000E1	-3.108786485E1
5.979120000E1	-2.071502913E1
5.995123333E1	-6.394019906E0
6.012720000E1	1.142511363E1
6.028730000E1	2.926718974E1
6.044726667E1	4.435496670E1
6.062336667E1	5.946016783E1
6.078336667E1	7.122694422E1
6.095916667E1	8.831819203E1
6.111920000E1	9.708562943E1
6.127923333E1	1.014962680E2
6.145533333E1	1.021009843E2
6.161536667E1	1.017166193E2
6.179123333E1	9.586747828E1
6.195130000E1	8.909370788E1
6.211123333E1	7.829525533E1
6.228720000E1	5.825065197E1
6.244716667E1	3.312742549E1
6.262330000E1	1.091003042E1
6.278320000E1	-9.380184501E0
6.294323333E1	-2.593408382E1
6.311930000E1	-3.122335898E1
6.327923333E1	-3.371302591E1
6.345513333E1	-2.902683961E1
6.361536667E1	-1.719250299E1
6.379110000E1	-2.008194056E0
6.395120000E1	1.685311959E1
6.411133333E1	3.386668160E1
6.428716667E1	4.884264683E1
6.444743333E1	6.376648892E1
6.462323333E1	7.845786195E1
6.478323333E1	9.366811033E1
6.494333333E1	9.855274188E1
6.511920000E1	1.018161663E2
6.527933333E1	1.024623055E2
6.545526667E1	1.009984153E2
6.561513333E1	9.464744123E1
6.577526667E1	8.564244188E1
6.595123333E1	7.414691524E1
6.611116667E1	5.146451918E1
6.628726667E1	2.698628681E1
6.644713333E1	4.917272732E0
6.660726667E1	-1.403512507E1
6.678306667E1	-2.760100828E1
6.694316667E1	-3.242540022E1
6.711916667E1	-3.321201252E1
6.727926667E1	-2.621986550E1
6.745516667E1	-1.374522366E1
6.761520000E1	2.268348959E0
6.777520000E1	2.178949629E1
6.795116667E1	3.827561285E1
6.811126667E1	5.369166693E1
6.828706667E1	6.774485528E1
6.844720000E1	8.388073473E1
6.860716667E1	9.914309279E1
6.878306667E1	1.015874176E2
6.894306667E1	1.018606153E2
6.911923333E1	1.017525878E2
6.927910000E1	9.793019511E1
6.943913333E1	9.211643883E1
6.961506667E1	8.234017504E1
6.977510000E1	6.750013165E1
6.995103333E1	4.318543598E1
7.011106667E1	1.998340766E1
7.028696667E1	-1.154267012E0
