mass_A
t	x
0.000000000E0	1.857764877E0
1.601666667E-1	1.843321156E0
3.360000000E-1	1.831239425E0
4.960000000E-1	1.858248390E0
6.720666667E-1	1.843019942E0
8.319666667E-1	1.831034696E0
9.920666667E-1	1.849469785E0
1.168000000E0	1.852207020E0
1.328133333E0	1.859659784E0
1.504033333E0	1.842221660E0
1.663966667E0	1.828796311E0
1.824033333E0	1.828773129E0
2.000033333E0	1.843241950E0
2.160133333E0	1.852722836E0
2.336066667E0	1.083192008E1
2.496033333E0	2.955607021E1
2.671900000E0	4.952738657E1
2.832000000E0	6.709113399E1
2.992133333E0	8.253975922E1
3.168000000E0	9.541037537E1
3.328066667E0	1.138669940E2
3.503933333E0	1.220287073E2
3.664000000E0	1.262888393E2
3.823966667E0	1.262108630E2
4.000100000E0	1.227053040E2
4.160100000E0	1.166809300E2
4.335966667E0	1.067741760E2
4.496066667E0	9.246131176E1
4.656033333E0	6.807323913E1
4.831933333E0	4.292235593E1
4.992066667E0	2.084594009E1
5.167866667E0	1.345067884E0
5.327933333E0	-7.180149699E0
5.503833333E0	-1.005485305E1
5.663966667E0	-5.250366062E0
5.824000000E0	7.718183694E0
5.999900000E0	2.362633000E1
6.159966667E0	4.373301504E1
6.335933333E0	6.278791980E1
6.496066667E0	7.808855114E1
6.656033333E0	9.407118816E1
6.832033333E0	1.116495564E2
6.991866667E0	1.248108716E2
7.167900000E0	1.275896621E2
7.327966667E0	1.275464232E2
7.487966667E0	1.252851921E2
7.663966667E0	1.193132353E2
7.824033333E0	1.097051447E2
8.000000000E0	9.764880753E1
8.160033333E0	7.087519470E1
8.320066667E0	4.624973506E1
8.495866667E0	2.356505213E1
8.655933333E0	3.443497741E0
8.831900000E0	-6.366433936E0
8.992000000E0	-9.963236988E0
9.167866667E0	-6.104334930E0
9.327900000E0	6.719781771E0
9.488033333E0	2.183598271E1
9.663966667E0	4.163668885E1
9.823933333E0	6.140761214E1
9.999833333E0	7.698726572E1
1.015983333E1	9.327008223E1
1.031986667E1	1.108054635E2
1.049596667E1	1.249223256E2
1.065600000E1	1.277367254E2
1.083186667E1	1.276401383E2
1.099190000E1	1.268008960E2
1.115190000E1	1.200305890E2
1.132780000E1	1.108717519E2
1.148780000E1	9.831096336E1
1.166376667E1	7.164463316E1
1.182383333E1	4.682773254E1
1.198386667E1	2.400043355E1
1.215980000E1	4.402253068E0
1.231983333E1	-6.205116903E0
1.249580000E1	-9.831264378E0
1.265576667E1	-6.392607182E0
1.283176667E1	5.860268080E0
1.299183333E1	2.113383857E1
1.315186667E1	4.084248011E1
1.332786667E1	5.997369563E1
1.348796667E1	7.575589745E1
1.366383333E1	9.216746713E1
1.382390000E1	1.088740263E2
1.398393333E1	1.240445147E2
1.415976667E1	1.265644958E2
1.431986667E1	1.266507607E2
1.449590000E1	1.263616690E2
1.465586667E1	1.203031955E2
1.481590000E1	1.115624305E2
1.499183333E1	1.001427080E2
1.515180000E1	7.499063645E1
1.532790000E1	4.987472847E1
1.548780000E1	2.671258464E1
1.566386667E1	6.383864700E0
1.582373333E1	-5.764417996E0
1.598390000E1	-9.470065539E0
1.615990000E1	-7.083855967E0
1.631980000E1	4.157234567E0
1.649580000E1	1.942335781E1
1.665590000E1	3.785271831E1
1.681590000E1	5.893628902E1
1.699186667E1	7.444642667E1
1.715183333E1	9.114588436E1
1.732770000E1	1.070290946E2
1.748803333E1	1.230925974E2
1.764790000E1	1.261883933E2
1.782380000E1	1.276943157E2
1.798380000E1	1.267494323E2
1.815980000E1	1.213047762E2
1.831990000E1	1.133893233E2
1.847996667E1	1.019192012E2
1.865580000E1	7.771822404E1
1.881573333E1	5.247341458E1
1.899180000E1	2.908290307E1
1.915186667E1	8.383092695E0
1.932770000E1	-4.666212478E0
1.948766667E1	-9.216610671E0
1.964780000E1	-7.745651478E0
1.982370000E1	2.731122783E0
1.998373333E1	1.748246628E1
2.015966667E1	3.556461401E1
2.031980000E1	5.676018928E1
2.047986667E1	7.209847201E1
2.065563333E1	8.949049807E1
2.081570000E1	1.036354836E2
2.099180000E1	1.199513854E2
2.115180000E1	1.249372588E2
2.131176667E1	1.271793247E2
2.148790000E1	1.274734225E2
2.164783333E1	1.224894659E2
2.182366667E1	1.156251957E2
2.198376667E1	1.043460767E2
2.214403333E1	8.221969791E1
2.231970000E1	5.638960301E1
2.247983333E1	3.244196047E1
2.265573333E1	1.089649846E1
2.281583333E1	-3.779360015E0
2.299160000E1	-9.005185492E0
2.315183333E1	-8.854167818E0
2.331183333E1	1.376856192E-1
2.348780000E1	1.478754371E1
2.364783333E1	3.199916473E1
2.382376667E1	5.381209584E1
2.398383333E1	7.011813865E1
2.414383333E1	8.674685395E1
2.431966667E1	1.006577229E2
2.447970000E1	1.173730998E2
2.465576667E1	1.244118205E2
2.481570000E1	1.277896433E2
2.497573333E1	1.280206539E2
2.515170000E1	1.251669208E2
2.531186667E1	1.179982701E2
2.548776667E1	1.058593474E2
2.564770000E1	8.703360792E1
2.582370000E1	5.991846649E1
2.598376667E1	3.581686292E1
2.614363333E1	1.359007855E1
2.631963333E1	-3.101055979E0
2.647980000E1	-8.137692275E0
2.665556667E1	-9.281173779E0
2.681563333E1	-1.447809302E0
2.697566667E1	1.303879165E1
2.715180000E1	2.943072886E1
2.731170000E1	5.068026984E1
2.748766667E1	6.812110185E1
2.764776667E1	8.495341880E1
2.780770000E1	9.797799740E1
2.798370000E1	1.159295097E2
2.814373333E1	1.244448287E2
2.831973333E1	1.282408846E2
2.847976667E1	1.284898247E2
2.863976667E1	1.262978491E2
2.881556667E1	1.193995524E2
2.897573333E1	1.077646756E2
2.915173333E1	9.083629565E1
2.931170000E1	6.375162027E1
2.948766667E1	3.983972940E1
2.964766667E1	1.715431787E1
2.980776667E1	-1.252716194E0
2.998363333E1	-7.350273522E0
3.014366667E1	-9.831760802E0
3.031956667E1	-3.930772289E0
3.047953333E1	1.031328405E1
3.063963333E1	2.583060748E1
3.081553333E1	4.711228863E1
3.097560000E1	6.556606298E1
3.115150000E1	8.143218117E1
3.131156667E1	9.583741038E1
3.147160000E1	1.137495114E2
3.164753333E1	1.248442368E2
3.180753333E1	1.290037860E2
3.198353333E1	1.281757513E2
3.214360000E1	1.275356105E2
3.230353333E1	1.204079190E2
3.247953333E1	1.096628868E2
3.263960000E1	9.492811356E1
3.281566667E1	6.832721202E1
3.297563333E1	4.372375577E1
3.315163333E1	2.074493607E1
3.331150000E1	1.698018147E0
3.347170000E1	-7.166070814E0
3.364760000E1	-9.889354808E0
3.380750000E1	-5.217376432E0
3.398346667E1	7.900899910E0
3.414350000E1	2.276304072E1
3.430356667E1	4.364816959E1
3.447950000E1	6.255562367E1
3.463950000E1	7.824144483E1
3.481556667E1	9.473365265E1
3.497556667E1	1.121853366E2
3.513576667E1	1.255622129E2
3.531153333E1	1.285403352E2
3.547153333E1	1.277276275E2
3.564770000E1	1.273610900E2
3.580756667E1	1.212460791E2
3.598340000E1	1.110884840E2
3.614353333E1	9.782171719E1
3.630360000E1	7.005327237E1
3.647963333E1	4.601438210E1
3.663946667E1	2.290500430E1
3.681543333E1	3.824201205E0
3.697553333E1	-6.844062900E0
3.713556667E1	-9.973389250E0
3.731153333E1	-6.066137675E0
3.747153333E1	6.690582288E0
3.764746667E1	2.156639289E1
3.780760000E1	4.171153550E1
3.796753333E1	6.133567694E1
3.814346667E1	7.688060307E1
3.830353333E1	9.351604208E1
3.847956667E1	1.099962541E2
3.863950000E1	1.249339196E2
3.879950000E1	1.277538204E2
3.897556667E1	1.275866974E2
3.913550000E1	1.275018073E2
3.931150000E1	1.213771411E2
3.947160000E1	1.119208915E2
3.964743333E1	9.995957070E1
3.980740000E1	7.326132020E1
3.996756667E1	4.870101618E1
4.014350000E1	2.524045577E1
4.030360000E1	5.222197400E0
4.047940000E1	-6.165834984E0
4.063950000E1	-9.873484529E0
4.079943333E1	-6.972992278E0
4.097546667E1	5.173649312E0
4.113553333E1	1.996930256E1
4.131143333E1	3.972396048E1
4.147146667E1	5.969136920E1
4.163150000E1	7.565921736E1
4.180746667E1	9.276617427E1
4.196750000E1	1.084364251E2
4.214350000E1	1.240581985E2
4.230356667E1	1.272456969E2
4.246350000E1	1.275330891E2
4.263943333E1	1.272851581E2
4.279950000E1	1.214414627E2
4.297546667E1	1.131296678E2
4.313540000E1	1.009918810E2
4.331140000E1	7.560645965E1
4.347153333E1	5.055206989E1
4.363146667E1	2.743479202E1
4.380743333E1	7.137656098E0
4.396753333E1	-5.458617458E0
4.414346667E1	-9.591308367E0
4.430343333E1	-7.394728636E0
4.446353333E1	3.886998490E0
4.463943333E1	1.876076968E1
4.479933333E1	3.768877485E1
4.497536667E1	5.849745949E1
4.513540000E1	7.401817706E1
4.529543333E1	9.082654131E1
4.547146667E1	1.061383712E2
4.563153333E1	1.225196718E2
4.580740000E1	1.261558232E2
4.596743333E1	1.275467879E2
4.614346667E1	1.275763496E2
4.630346667E1	1.222119223E2
4.646333333E1	1.147869644E2
4.663946667E1	1.025328909E2
4.679950000E1	7.989696347E1
4.697536667E1	5.371007735E1
4.713553333E1	2.998513661E1
4.729546667E1	9.555085411E0
4.747160000E1	-4.517164710E0
4.763136667E1	-9.302625832E0
4.780740000E1	-8.739324245E0
4.796750000E1	1.314427221E0
4.812740000E1	1.599399221E1
4.830346667E1	3.386349139E1
4.846343333E1	5.505928649E1
4.863930000E1	7.138086584E1
4.879940000E1	8.819829487E1
4.895936667E1	1.018663254E2
4.913543333E1	1.185340560E2
4.929546667E1	1.244060484E2
4.947130000E1	1.277217269E2
4.963133333E1	1.278844532E2
4.980733333E1	1.241174140E2
4.996740000E1	1.172399612E2
5.012730000E1	1.051664507E2
5.030326667E1	8.521738545E1
5.046330000E1	5.869511732E1
5.063920000E1	3.497266454E1
5.079926667E1	1.298837839E1
5.095930000E1	-3.309131932E0
5.113526667E1	-8.426822924E0
5.129530000E1	-9.359285565E0
5.147120000E1	-1.368843880E0
5.163130000E1	1.291081562E1
5.179133333E1	2.956066883E1
5.196730000E1	5.052673701E1
5.212726667E1	6.805016475E1
5.230323333E1	8.457439764E1
5.246333333E1	9.738242485E1
5.262336667E1	1.158767290E2
5.279926667E1	1.245133433E2
5.295940000E1	1.280581849E2
5.313533333E1	1.281177110E2
5.329530000E1	1.265665431E2
5.347120000E1	1.194740409E2
5.363130000E1	1.081251069E2
5.379133333E1	9.119606100E1
5.396726667E1	6.414994694E1
5.412723333E1	3.979910144E1
5.430323333E1	1.740326556E1
5.446336667E1	-1.219461852E0
5.462343333E1	-7.621222657E0
5.479930000E1	-1.008858586E1
5.495933333E1	-4.096092302E0
5.513536667E1	9.442039510E0
5.529523333E1	2.492340493E1
5.545546667E1	4.640095244E1
5.563130000E1	6.481121602E1
5.579126667E1	8.056100951E1
5.596726667E1	9.556624329E1
5.612733333E1	1.129518328E2
5.630313333E1	1.254794103E2
5.646343333E1	1.286529893E2
5.662323333E1	1.278392005E2
5.679930000E1	1.276406502E2
5.695933333E1	1.213075479E2
5.713516667E1	1.108097371E2
5.729536667E1	9.721281157E1
5.745523333E1	6.993311599E1
5.763136667E1	4.512874147E1
5.779123333E1	2.284985494E1
5.796730000E1	3.098271323E0
5.812723333E1	-6.514118334E0
5.828726667E1	-1.006489289E1
5.846330000E1	-6.185545026E0
5.862323333E1	6.029505334E0
5.879930000E1	2.067497682E1
5.895926667E1	4.122321151E1
5.911926667E1	6.007541593E1
5.929530000E1	7.600883548E1
5.945526667E1	9.302019393E1
5.963113333E1	1.091852106E2
5.979113333E1	1.245368801E2
5.996726667E1	1.276038135E2
6.012726667E1	1.276326593E2
6.028723333E1	1.274029336E2
6.046330000E1	1.215857081E2
6.062316667E1	1.134389080E2
6.079906667E1	1.014415354E2
6.095913333E1	7.670780827E1
6.111923333E1	5.146492526E1
6.129530000E1	2.828187222E1
6.145516667E1	7.693523676E0
6.163120000E1	-5.242024847E0
6.179110000E1	-9.441443590E0
6.195133333E1	-8.306643711E0
6.212726667E1	2.169296117E0
6.228713333E1	1.657683177E1
6.246326667E1	3.574190761E1
6.262326667E1	5.584496626E1
6.278310000E1	7.173146597E1
6.295936667E1	8.843684291E1
6.311926667E1	1.022044129E2
6.329506667E1	1.189735608E2
6.345533333E1	1.245870226E2
6.363120000E1	1.276394482E2
6.379123333E1	1.276951525E2
6.395116667E1	1.237480126E2
6.412726667E1	1.170445137E2
6.428726667E1	1.050021715E2
6.446320000E1	8.525633652E1
6.462326667E1	5.867852763E1
6.478320000E1	3.441373882E1
6.495906667E1	1.290006191E1
6.511913333E1	-3.812057816E0
6.529506667E1	-8.428253104E0
6.545520000E1	-9.853030052E0
6.561523333E1	-1.243841561E0
6.579116667E1	1.266948145E1
6.595106667E1	2.982927030E1
6.612710000E1	5.061786074E1
6.628713333E1	6.815218724E1
6.646306667E1	8.456441051E1
6.662313333E1	9.745710632E1
6.678310000E1	1.158652973E2
6.695920000E1	1.239414255E2
6.711910000E1	1.277063028E2
6.729500000E1	1.278604341E2
6.745506667E1	1.264265874E2
6.761513333E1	1.191789480E2
6.779103333E1	1.078492939E2
6.795113333E1	9.112225827E1
6.812706667E1	6.444670153E1
6.828710000E1	3.999429313E1
6.844716667E1	1.791934595E1
6.862310000E1	-1.049552868E0
6.878303333E1	-7.573429901E0
6.895906667E1	-1.015247812E1
6.911910000E1	-4.047470120E0
6.927906667E1	9.060799717E0
6.945500000E1	2.460741032E1
6.961503333E1	4.573469527E1
6.979100000E1	6.383448540E1
6.995100000E1	7.918467213E1
7.012693333E1	9.526103179E1
7.028700000E1	1.129604298E2
7.044706667E1	1.248260817E2
7.062296667E1	1.280377189E2
7.078300000E1	1.277921037E2
7.095893333E1	1.273534499E2
7.111900000E1	1.210878873E2
7.127900000E1	1.109510106E2
7.145496667E1	9.741211682E1
7.161500000E1	7.074717678E1
7.179096667E1	4.577783966E1
7.195096667E1	2.293067131E1
7.211103333E1	3.512386592E0
7.228696667E1	-6.503900672E0
7.244703333E1	-1.018650220E1
7.262316667E1	-6.332446100E0
7.278300000E1	5.413258232E0
7.294300000E1	1.985218986E1
7.311903333E1	4.051841467E1
7.327893333E1	5.967262100E1
7.345513333E1	7.561067487E1
7.361496667E1	9.222253696E1
7.379086667E1	1.085314978E2
7.395100000E1	1.237835226E2
7.411140000E1	1.268029209E2
7.428696667E1	1.274498865E2
7.444710000E1	1.271254652E2
7.462306667E1	1.213458741E2
7.478296667E1	1.132036751E2
7.494300000E1	1.012453943E2
7.511890000E1	7.688226583E1
7.527900000E1	5.179272112E1
7.545486667E1	2.840270399E1
7.561500000E1	7.659438417E0
7.577510000E1	-5.283793471E0
7.595093333E1	-9.939236107E0
7.611100000E1	-7.976157474E0
7.628696667E1	2.751151853E0
7.644710000E1	1.682781040E1
7.662300000E1	3.592038838E1
7.678300000E1	5.638475729E1
7.694300000E1	7.206542306E1
7.711893333E1	8.938891933E1
7.727900000E1	1.037808479E2
