mass_A
t	x
0.000000000E0	1.857764877E0
1.600333333E-1	1.826079847E0
3.201666667E-1	1.818253113E0
4.960000000E-1	1.838415061E0
6.560333333E-1	1.849099898E0
8.320333333E-1	1.869172235E0
9.920333333E-1	1.894762848E0
1.167933333E0	1.811377099E0
1.328033333E0	1.841138734E0
1.488033333E0	1.914088902E0
1.663966667E0	1.877535610E0
1.824033333E0	1.822349979E0
2.000100000E0	-1.252778873E0
2.160066667E0	2.859467969E0
2.320066667E0	1.485628262E1
2.495966667E0	3.179981846E1
2.656033333E0	5.137305585E1
2.831933333E0	7.085279822E1
2.992033333E0	8.661097266E1
3.152066667E0	1.032712260E2
3.327966667E0	1.208485411E2
3.488000000E0	1.334399125E2
3.664000000E0	1.362500257E2
3.824000000E0	1.357576991E2
3.999933333E0	1.349716395E2
4.160033333E0	1.289084260E2
4.320133333E0	1.191944304E2
4.496133333E0	1.059645004E2
4.656000000E0	7.990229613E1
4.831966667E0	5.425800714E1
4.992100000E0	3.167794426E1
5.152166667E0	1.144639321E1
5.327966667E0	1.815762180E0
5.488100000E0	-1.188245842E0
5.663933333E0	3.582539265E0
5.824033333E0	1.647028515E1
5.984033333E0	3.182820442E1
6.159933333E0	5.265167553E1
6.319900000E0	7.180351003E1
6.495900000E0	8.791812867E1
6.656000000E0	1.054605932E2
6.815966667E0	1.227035205E2
6.991933333E0	1.338349664E2
7.151966667E0	1.368195820E2
7.327900000E0	1.366169665E2
7.487933333E0	1.339074692E2
7.663833333E0	1.282976464E2
7.823900000E0	1.179997803E2
7.983966667E0	1.042824538E2
8.159900000E0	7.766846511E1
8.319866667E0	5.294550051E1
8.495833333E0	3.047317806E1
8.655900000E0	9.948872236E0
8.815933333E0	1.742933123E0
8.991866667E0	-1.271825691E0
9.151833333E0	3.742213474E0
9.328000000E0	1.684660952E1
9.488000000E0	3.209028688E1
9.647933333E0	5.280604989E1
9.823900000E0	7.173506966E1
9.984133333E0	8.771720316E1
1.015983333E1	1.045440232E2
1.031993333E1	1.216066730E2
1.047993333E1	1.336893327E2
1.065580000E1	1.370078794E2
1.081593333E1	1.366528294E2
1.099183333E1	1.357923033E2
1.115190000E1	1.294380860E2
1.132780000E1	1.195694176E2
1.148786667E1	1.066405044E2
1.164790000E1	8.046612186E1
1.182383333E1	5.560362754E1
1.198386667E1	3.250569914E1
1.215976667E1	1.219707321E1
1.231983333E1	2.149431510E0
1.247986667E1	-1.487651847E0
1.265583333E1	2.844927465E0
1.281583333E1	1.492458514E1
1.299180000E1	2.977703923E1
1.315183333E1	5.000886654E1
1.331186667E1	6.967522345E1
1.348783333E1	8.595556792E1
1.364783333E1	1.029242500E2
1.382386667E1	1.193893921E2
1.398390000E1	1.335778261E2
1.415973333E1	1.366476977E2
1.431980000E1	1.364996052E2
1.447983333E1	1.357939501E2
1.465580000E1	1.296833050E2
1.481576667E1	1.211497031E2
1.499173333E1	1.093102187E2
1.515180000E1	8.463595183E1
1.531190000E1	5.896539433E1
1.548790000E1	3.543976367E1
1.564800000E1	1.515870723E1
1.582376667E1	2.908017624E0
1.598380000E1	-1.105161315E0
1.614383333E1	1.806392243E0
1.631976667E1	1.297720142E1
1.647986667E1	2.788861532E1
1.665576667E1	4.658350413E1
1.681576667E1	6.791636264E1
1.697583333E1	8.370558701E1
1.715176667E1	1.008799563E2
1.731180000E1	1.160074269E2
1.748773333E1	1.319910175E2
1.764776667E1	1.357944426E2
1.782373333E1	1.366371298E2
1.798383333E1	1.365060152E2
1.814406667E1	1.313113366E2
1.831973333E1	1.237239472E2
1.847983333E1	1.115170382E2
1.865580000E1	8.920202034E1
1.881586667E1	6.232165621E1
1.897590000E1	3.848853041E1
1.915173333E1	1.788511139E1
1.931176667E1	3.914435840E0
1.948786667E1	-9.564475820E-1
1.964786667E1	6.485957283E-1
1.980790000E1	1.072172909E1
1.998376667E1	2.510533769E1
2.014373333E1	4.372557426E1
2.031970000E1	6.557743013E1
2.047973333E1	8.128857384E1
2.063976667E1	9.864705935E1
2.081570000E1	1.126907016E2
2.097576667E1	1.294230467E2
2.115170000E1	1.345756024E2
2.131173333E1	1.367459474E2
2.148763333E1	1.369041963E2
2.164770000E1	1.327634486E2
2.180773333E1	1.259659764E2
2.198376667E1	1.135778522E2
2.214380000E1	9.316438576E1
2.231980000E1	6.654018293E1
2.247970000E1	4.216335423E1
2.263970000E1	2.058355981E1
2.281570000E1	4.845864005E0
2.297570000E1	-9.498076967E-2
2.315180000E1	-9.271846943E-2
2.331166667E1	8.843393256E0
2.347193333E1	2.331436557E1
2.364783333E1	4.084177487E1
2.380766667E1	6.253148515E1
2.398373333E1	7.949423280E1
2.414373333E1	9.706381125E1
2.431960000E1	1.102370980E2
2.447973333E1	1.275928697E2
2.463976667E1	1.339068433E2
2.481566667E1	1.374055751E2
2.497566667E1	1.373866331E2
2.515160000E1	1.332399598E2
2.531163333E1	1.267095727E2
2.547163333E1	1.151551462E2
2.564763333E1	9.651471657E1
2.580766667E1	6.882851575E1
2.598360000E1	4.413628155E1
2.614366667E1	2.242742484E1
2.630366667E1	5.673787489E0
2.647973333E1	7.201764154E-1
2.663963333E1	-9.844638863E-1
2.681573333E1	6.913778050E0
2.697573333E1	2.168131808E1
2.713566667E1	3.845830732E1
2.731163333E1	6.009090190E1
2.747180000E1	7.837129374E1
2.764760000E1	9.467395383E1
2.780776667E1	1.080141850E2
2.798363333E1	1.256549432E2
2.814366667E1	1.336254876E2
2.830366667E1	1.374203669E2
2.847963333E1	1.372689928E2
2.863963333E1	1.345544018E2
2.881556667E1	1.282371558E2
2.897576667E1	1.168263363E2
2.913566667E1	9.963150270E1
2.931173333E1	7.193044655E1
2.947170000E1	4.775888373E1
2.964756667E1	2.525482753E1
2.980766667E1	6.766291499E0
2.996760000E1	1.136990731E0
3.014366667E1	-1.193609059E0
3.030363333E1	5.717137018E0
3.047960000E1	1.981164578E1
3.063973333E1	3.558119412E1
3.081566667E1	5.716697181E1
3.097563333E1	7.473208962E1
3.113556667E1	9.238302238E1
3.131160000E1	1.066214607E2
3.147166667E1	1.244490167E2
3.164770000E1	1.336944018E2
3.180756667E1	1.374609887E2
3.196773333E1	1.370211801E2
3.214363333E1	1.363716557E2
3.230370000E1	1.294784390E2
3.247950000E1	1.182595454E2
3.263953333E1	1.029877062E2
3.279973333E1	7.652706378E1
3.297570000E1	5.108503861E1
3.313560000E1	2.881226054E1
3.331166667E1	9.320668295E0
3.347153333E1	1.716901285E0
3.363160000E1	-1.421702750E0
3.380753333E1	3.923434992E0
3.396756667E1	1.739573442E1
3.414350000E1	3.226424193E1
3.430373333E1	5.371536385E1
3.447943333E1	7.195800971E1
3.463953333E1	8.772884075E1
3.479956667E1	1.045551868E2
3.497553333E1	1.213940197E2
3.513550000E1	1.342554089E2
3.531146667E1	1.369889946E2
3.547150000E1	1.366287664E2
3.563160000E1	1.361152087E2
3.580756667E1	1.300326127E2
3.596753333E1	1.204501889E2
3.614360000E1	1.077542672E2
3.630383333E1	8.175574880E1
3.646356667E1	5.670238325E1
3.663963333E1	3.357834569E1
3.679966667E1	1.368391994E1
3.697560000E1	2.546083439E0
3.713553333E1	-1.342478040E0
3.729583333E1	1.985286746E0
3.747166667E1	1.388179960E1
3.763156667E1	2.850137551E1
3.780750000E1	4.842895122E1
3.796753333E1	6.832476426E1
3.814340000E1	8.442790238E1
3.830356667E1	1.013873587E2
3.846363333E1	1.166763796E2
3.863956667E1	1.327271405E2
3.879946667E1	1.355545881E2
3.897560000E1	1.364427057E2
3.913560000E1	1.364187893E2
3.929563333E1	1.310942193E2
3.947160000E1	1.234750779E2
3.963156667E1	1.112748566E2
3.980743333E1	8.769064370E1
3.996746667E1	6.277162935E1
4.012753333E1	3.879290473E1
4.030343333E1	1.798091890E1
4.046360000E1	3.824391938E0
4.063940000E1	-8.325567006E-1
4.079950000E1	2.207270146E-1
4.097543333E1	1.084781955E1
4.113550000E1	2.520415066E1
4.129553333E1	4.366946258E1
4.147156667E1	6.424143297E1
4.163153333E1	8.044052496E1
4.180750000E1	9.764458631E1
4.196760000E1	1.114667767E2
4.212753333E1	1.281736790E2
4.230350000E1	1.335481317E2
4.246340000E1	1.365187327E2
4.263936667E1	1.365876748E2
4.279956667E1	1.327128904E2
4.295946667E1	1.261168291E2
4.313540000E1	1.142460914E2
4.329570000E1	9.436866502E1
4.347153333E1	6.767693194E1
4.363160000E1	4.302655825E1
4.379156667E1	2.129385244E1
4.396746667E1	4.949555673E0
4.412750000E1	2.851962071E-1
4.430340000E1	-9.729420753E-1
4.446366667E1	7.858925701E0
4.463943333E1	2.202900742E1
4.479946667E1	3.926450191E1
4.495946667E1	6.054066314E1
4.513543333E1	7.865891510E1
4.529553333E1	9.464567393E1
4.547133333E1	1.075434094E2
4.563136667E1	1.256463286E2
4.579143333E1	1.329694952E2
4.596740000E1	1.366115877E2
4.612746667E1	1.367622277E2
4.630336667E1	1.348417899E2
4.646343333E1	1.279560888E2
4.662353333E1	1.166930890E2
4.679936667E1	9.964656282E1
4.695940000E1	7.243041225E1
4.713550000E1	4.795589880E1
4.729536667E1	2.615388841E1
4.745556667E1	6.934248749E0
4.763153333E1	1.161782714E0
4.779133333E1	-1.338722877E0
4.796746667E1	5.090991618E0
4.812743333E1	1.894658243E1
4.830333333E1	3.431022570E1
4.846350000E1	5.606812311E1
4.862353333E1	7.395770157E1
4.879936667E1	9.078375273E1
4.895940000E1	1.052438755E2
4.913533333E1	1.232201091E2
4.929546667E1	1.335598401E2
4.945543333E1	1.371326501E2
4.963136667E1	1.366504337E2
4.979150000E1	1.359724848E2
4.996730000E1	1.295464542E2
5.012736667E1	1.187938287E2
5.028733333E1	1.041860980E2
5.046350000E1	7.766266361E1
5.062346667E1	5.263308219E1
5.079936667E1	3.013495347E1
5.095933333E1	1.017371130E1
5.113520000E1	1.646240472E0
5.129546667E1	-1.252558692E0
5.145533333E1	3.152932612E0
5.163150000E1	1.593530621E1
5.179140000E1	3.086165098E1
5.196726667E1	5.184134557E1
5.212730000E1	7.081834785E1
5.228770000E1	8.667848940E1
5.246346667E1	1.034773380E2
5.262326667E1	1.199509868E2
5.279926667E1	1.339717593E2
5.295930000E1	1.366679945E2
5.311936667E1	1.364378922E2
5.329533333E1	1.361761001E2
5.345536667E1	1.299612336E2
5.363143333E1	1.215508753E2
5.379133333E1	1.088646505E2
5.395136667E1	8.409037848E1
5.412733333E1	5.894100531E1
5.428730000E1	3.527518916E1
5.446343333E1	1.573229626E1
5.462333333E1	2.957814606E0
5.479936667E1	-1.104681689E0
5.495930000E1	9.321977577E-1
5.511930000E1	1.194878879E1
5.529543333E1	2.600707517E1
5.545530000E1	4.567715755E1
5.563116667E1	6.581089653E1
5.579123333E1	8.154584484E1
5.595120000E1	9.865050442E1
5.612720000E1	1.127493573E2
5.628720000E1	1.294046822E2
5.646316667E1	1.338828986E2
5.662323333E1	1.364343098E2
5.678326667E1	1.364395787E2
5.695920000E1	1.327153866E2
5.711923333E1	1.260451727E2
5.729516667E1	1.142408745E2
5.745520000E1	9.410799403E1
5.761523333E1	6.811614487E1
5.779123333E1	4.407410846E1
5.795120000E1	2.209178580E1
5.812720000E1	5.701884821E0
5.828740000E1	3.716143796E-1
5.846323333E1	-1.173481003E0
5.862320000E1	6.812301857E0
5.878323333E1	2.055585736E1
5.895913333E1	3.781293067E1
5.911926667E1	5.808802930E1
5.929530000E1	7.543597867E1
5.945533333E1	9.239325045E1
5.961520000E1	1.050519374E2
5.979116667E1	1.234142279E2
5.995120000E1	1.329772018E2
6.012710000E1	1.367695438E2
6.028723333E1	1.366248768E2
6.044730000E1	1.358176682E2
6.062320000E1	1.292600918E2
6.078326667E1	1.188045271E2
6.095916667E1	1.042586498E2
6.111923333E1	7.787620601E1
6.129520000E1	5.301169919E1
6.145526667E1	3.045099364E1
6.161540000E1	1.101027026E1
6.179133333E1	1.811636070E0
6.195123333E1	-1.557436510E0
6.212706667E1	2.850516592E0
6.228723333E1	1.510647369E1
6.244730000E1	2.991150479E1
6.262320000E1	5.077712462E1
6.278336667E1	6.922959660E1
6.295926667E1	8.548127019E1
6.311926667E1	1.019176834E2
6.327920000E1	1.184064215E2
6.345516667E1	1.335385284E2
6.361533333E1	1.358869580E2
6.379110000E1	1.363407853E2
6.395110000E1	1.359064029E2
6.411120000E1	1.304095461E2
6.428713333E1	1.225293501E2
6.444730000E1	1.108042745E2
6.462316667E1	8.675736955E1
6.478320000E1	6.140631178E1
6.495906667E1	3.856295035E1
6.511910000E1	1.757551206E1
6.527913333E1	3.888033278E0
6.545506667E1	-1.022328977E0
6.561510000E1	1.978256671E-1
6.579100000E1	1.064157914E1
6.595106667E1	2.472217343E1
6.611133333E1	4.369257615E1
6.628703333E1	6.342062838E1
6.644730000E1	7.991240590E1
6.662300000E1	9.621732809E1
6.678323333E1	1.102064714E2
