mass_A
t	x
0.000000000E0	-9.288824383E-1
1.602333333E-1	-9.210039562E-1
3.201666667E-1	-9.357714702E-1
4.959666667E-1	-9.533831478E-1
6.561333333E-1	-9.294929641E-1
8.320666667E-1	-9.427131731E-1
9.921333333E-1	-8.897207013E-1
1.168100000E0	-9.616062679E-1
1.327933333E0	-9.763173157E-1
1.488233333E0	-8.869174709E-1
1.664133333E0	-8.911950088E-1
1.824000000E0	-8.903267024E-1
2.000066667E0	-9.946570815E-1
2.160100000E0	-9.422965384E-1
2.320133333E0	-3.611947485E0
2.496100000E0	-6.300351465E0
2.656000000E0	-3.271359015E0
2.832100000E0	6.077721672E0
2.992033333E0	1.987123608E1
3.152066667E0	3.579698487E1
3.328233333E0	5.409018276E1
3.488100000E0	6.890526882E1
3.664100000E0	8.286659085E1
3.824100000E0	9.491053412E1
3.999866667E0	1.106267124E2
4.160000000E0	1.262943144E2
4.320100000E0	1.296575953E2
4.496066667E0	1.297968302E2
4.656000000E0	1.298465895E2
4.831900000E0	1.290361983E2
4.991966667E0	1.226639208E2
5.151966667E0	1.139707952E2
5.328000000E0	1.027192779E2
5.488066667E0	7.992463147E1
5.663966667E0	5.749869407E1
5.824066667E0	3.604166047E1
5.984066667E0	1.650554982E1
6.159933333E0	1.203448135E0
6.319933333E0	-3.987443286E0
6.496033333E0	-6.831204871E0
6.656000000E0	-1.998510446E0
6.815966667E0	8.374111703E0
6.992000000E0	2.206903445E1
7.152000000E0	3.893346875E1
7.327866667E0	5.674265889E1
7.487966667E0	7.221795289E1
7.664000000E0	8.579932682E1
7.823966667E0	9.675512544E1
7.983933333E0	1.126840252E2
8.160033333E0	1.254856553E2
8.319966667E0	1.295972660E2
8.495833333E0	1.301279061E2
8.656033333E0	1.302165062E2
8.816000000E0	1.282203350E2
8.992033333E0	1.220179299E2
9.152033333E0	1.123672873E2
9.327833333E0	9.852010789E1
9.487900000E0	7.514611222E1
9.647900000E0	5.208727316E1
9.823966667E0	3.123851875E1
9.984033333E0	1.302138392E1
1.015983333E1	9.345734342E-1
1.032000000E1	-5.133668327E0
1.048003333E1	-6.687986658E0
1.065586667E1	-2.391696214E-1
1.081600000E1	1.091636542E1
1.099200000E1	2.594561226E1
1.115203333E1	4.379510225E1
1.132786667E1	6.001913259E1
1.148790000E1	7.433974892E1
1.164786667E1	8.813498461E1
1.182386667E1	1.013419791E2
1.198386667E1	1.151111635E2
1.215993333E1	1.237975166E2
1.231993333E1	1.290315399E2
1.247996667E1	1.299240091E2
1.265590000E1	1.292353597E2
1.281593333E1	1.244310146E2
1.299196667E1	1.187942810E2
1.315180000E1	1.096299687E2
1.331196667E1	9.400292727E1
1.348793333E1	7.050454554E1
1.364790000E1	4.863870519E1
1.382376667E1	2.727478283E1
1.398383333E1	9.376676911E0
1.415983333E1	-8.654542023E-1
1.431986667E1	-6.151182692E0
1.447983333E1	-5.847185837E0
1.465583333E1	2.094209070E0
1.481596667E1	1.338235515E1
1.499173333E1	2.887130969E1
1.515186667E1	4.789417795E1
1.531196667E1	6.349547281E1
1.548776667E1	7.802474123E1
1.564796667E1	9.228926397E1
1.582370000E1	1.074284459E2
1.598376667E1	1.212749375E2
1.614380000E1	1.266472123E2
1.631976667E1	1.296217691E2
1.647980000E1	1.301903523E2
1.665593333E1	1.297311164E2
1.681583333E1	1.238939654E2
1.697586667E1	1.168234490E2
1.715193333E1	1.066116302E2
1.731186667E1	8.705785307E1
1.748790000E1	6.321682542E1
1.764786667E1	4.229274927E1
1.782383333E1	2.188795715E1
1.798386667E1	4.536715674E0
1.814383333E1	-2.040426159E0
1.831973333E1	-6.954119325E0
1.847986667E1	-4.314287349E0
1.865576667E1	5.183728024E0
1.881590000E1	1.750037340E1
1.897593333E1	3.394136048E1
1.915186667E1	5.292705746E1
1.931186667E1	6.717474804E1
1.948776667E1	8.174741620E1
1.964776667E1	9.415172986E1
1.980793333E1	1.099282062E2
1.998373333E1	1.261822235E2
2.014396667E1	1.289785237E2
2.031976667E1	1.297485959E2
2.047973333E1	1.300590559E2
2.063983333E1	1.294321303E2
2.081573333E1	1.229429125E2
2.097583333E1	1.142240592E2
2.115176667E1	1.034626511E2
2.131186667E1	8.131472454E1
2.148770000E1	5.782365125E1
2.164776667E1	3.705343106E1
2.180786667E1	1.733372867E1
2.198383333E1	2.080032767E0
2.214380000E1	-3.218796915E0
2.231980000E1	-7.193743606E0
2.247990000E1	-2.767000291E0
2.263970000E1	7.329312971E0
2.281573333E1	2.072278982E1
2.297583333E1	3.803133961E1
2.315163333E1	5.569394829E1
2.331170000E1	6.942004492E1
2.347173333E1	8.393805769E1
2.364773333E1	9.549787395E1
2.380776667E1	1.112247680E2
2.398380000E1	1.262001465E2
2.414366667E1	1.296159924E2
2.431976667E1	1.305085959E2
2.447980000E1	1.300760588E2
2.463973333E1	1.263985538E2
2.481566667E1	1.210890776E2
2.497573333E1	1.118481364E2
2.515173333E1	1.001139560E2
2.531180000E1	7.684967435E1
2.547170000E1	5.439796752E1
2.564780000E1	3.339655626E1
2.580773333E1	1.421516664E1
2.598356667E1	1.140668977E0
2.614370000E1	-4.935537029E0
2.630396667E1	-6.940990468E0
2.647976667E1	-6.124777467E-1
2.663973333E1	1.008335988E1
2.681570000E1	2.417146568E1
2.697580000E1	4.272328191E1
2.713573333E1	5.924437565E1
2.731170000E1	7.386672693E1
2.747173333E1	8.752320134E1
2.764763333E1	1.004662491E2
2.780763333E1	1.148837134E2
2.798370000E1	1.243317710E2
2.814363333E1	1.293259503E2
2.830366667E1	1.301299436E2
2.847973333E1	1.300500332E2
2.863973333E1	1.258441903E2
2.881560000E1	1.194889761E2
2.897563333E1	1.095726389E2
2.913566667E1	9.293134982E1
2.931156667E1	6.879098860E1
2.947160000E1	4.676859843E1
2.964770000E1	2.539358704E1
2.980760000E1	7.642519671E0
2.996773333E1	-9.919824978E-1
3.014363333E1	-6.880696820E0
3.030363333E1	-5.890857150E0
3.047970000E1	3.259936477E0
3.063963333E1	1.505633449E1
3.079973333E1	3.147942129E1
3.097560000E1	5.062475518E1
3.113570000E1	6.529008892E1
3.131163333E1	7.978942933E1
3.147156667E1	9.330197146E1
3.164763333E1	1.090487402E2
3.180773333E1	1.244187507E2
3.196770000E1	1.279001962E2
3.214373333E1	1.301648525E2
3.230380000E1	1.302120499E2
3.247966667E1	1.288468224E2
3.263960000E1	1.228174186E2
3.279963333E1	1.141868879E2
3.297560000E1	1.037178147E2
3.313566667E1	8.219931704E1
3.331160000E1	5.814491449E1
3.347150000E1	3.721343409E1
3.363160000E1	1.669946452E1
3.380756667E1	1.285931937E0
3.396756667E1	-3.725771536E0
3.414350000E1	-7.204273067E0
3.430353333E1	-1.963085467E0
3.447946667E1	8.750647186E0
3.463950000E1	2.212163110E1
3.479956667E1	4.005482913E1
3.497550000E1	5.793389908E1
3.513560000E1	7.251309874E1
3.531143333E1	8.636166003E1
3.547146667E1	9.784746046E1
3.563170000E1	1.131396834E2
3.580763333E1	1.249179004E2
3.596753333E1	1.297264019E2
3.614360000E1	1.297667557E2
3.630373333E1	1.297838722E2
3.646366667E1	1.268198965E2
3.663956667E1	1.206433118E2
3.679956667E1	1.107749425E2
3.697560000E1	9.601932434E1
3.713550000E1	7.216338647E1
3.729563333E1	4.921003206E1
3.747150000E1	2.829233208E1
3.763166667E1	9.850630527E0
3.780750000E1	-7.940569657E-1
3.796763333E1	-5.981982279E0
3.814343333E1	-6.549700147E0
3.830360000E1	1.316475169E0
3.846370000E1	1.327324923E1
3.863946667E1	2.783721875E1
3.879950000E1	4.694995825E1
3.897543333E1	6.287904513E1
3.913546667E1	7.705933643E1
3.929553333E1	9.105780928E1
3.947160000E1	1.059210839E2
3.963160000E1	1.196816606E2
3.980753333E1	1.258629563E2
3.996753333E1	1.297188103E2
4.012756667E1	1.305026308E2
4.030346667E1	1.299594894E2
4.046350000E1	1.242322798E2
4.063960000E1	1.174385228E2
4.079943333E1	1.070262466E2
4.095960000E1	8.801733909E1
4.113556667E1	6.398929350E1
4.129556667E1	4.261066021E1
4.147140000E1	2.177973934E1
4.163143333E1	3.989155081E0
4.180753333E1	-2.631601545E0
4.196756667E1	-6.971824025E0
4.212760000E1	-4.841795350E0
4.230340000E1	5.187901042E0
4.246360000E1	1.727991237E1
4.263943333E1	3.385511936E1
4.279950000E1	5.254735065E1
4.295960000E1	6.716621550E1
4.313546667E1	8.177152219E1
4.329543333E1	9.392710685E1
4.347150000E1	1.099823681E2
4.363136667E1	1.261575569E2
4.379166667E1	1.288685152E2
4.396746667E1	1.295423506E2
4.412743333E1	1.298518707E2
4.430336667E1	1.290952456E2
4.446360000E1	1.228905519E2
4.463950000E1	1.141537876E2
4.479946667E1	1.031488019E2
4.495956667E1	8.049639037E1
4.513556667E1	5.742304565E1
4.529550000E1	3.666146710E1
4.547146667E1	1.704033240E1
4.563146667E1	1.786468392E0
4.579133333E1	-3.621150048E0
4.596740000E1	-7.230184434E0
4.612740000E1	-2.327979115E0
4.630343333E1	8.072808058E0
4.646356667E1	2.114329879E1
4.662343333E1	3.846321212E1
4.679946667E1	5.635361633E1
4.695943333E1	7.019455997E1
4.713540000E1	8.458229163E1
4.729550000E1	9.531558132E1
4.745536667E1	1.113077588E2
4.763140000E1	1.258053981E2
4.779150000E1	1.295963521E2
4.796733333E1	1.297264966E2
4.812776667E1	1.296817889E2
4.830340000E1	1.264608247E2
4.846333333E1	1.208265613E2
4.862333333E1	1.117279673E2
4.879933333E1	9.891171664E1
4.895936667E1	7.571276256E1
4.913526667E1	5.228160182E1
4.929530000E1	3.134695279E1
4.945530000E1	1.264656576E1
4.963130000E1	6.935489945E-1
4.979146667E1	-5.418402735E0
4.996743333E1	-7.029468007E0
5.012733333E1	-1.624072705E-1
5.028740000E1	1.081548015E1
5.046330000E1	2.529413939E1
5.062346667E1	4.410260610E1
5.079926667E1	6.036724995E1
5.095940000E1	7.453043493E1
5.111936667E1	8.866601674E1
5.129533333E1	1.018361351E2
5.145530000E1	1.154798932E2
5.163126667E1	1.241391203E2
5.179146667E1	1.290977454E2
5.196740000E1	1.298268670E2
5.212736667E1	1.297710087E2
5.228730000E1	1.246505152E2
5.246346667E1	1.186346201E2
5.262343333E1	1.089643948E2
5.279920000E1	9.227265718E1
5.295926667E1	6.755704019E1
5.311930000E1	4.631815991E1
5.329526667E1	2.508875976E1
5.345526667E1	6.996338835E0
5.363123333E1	-1.620823863E0
5.379130000E1	-6.871349799E0
5.395130000E1	-5.644846098E0
5.412723333E1	3.842239288E0
5.428723333E1	1.564965008E1
5.446320000E1	3.194398634E1
5.462326667E1	5.120860023E1
5.479920000E1	6.584274947E1
5.495926667E1	8.053165270E1
5.511946667E1	9.345665250E1
5.529526667E1	1.097054626E2
5.545526667E1	1.256205419E2
5.563116667E1	1.284521518E2
5.579133333E1	1.295328283E2
5.595130000E1	1.298360567E2
5.612723333E1	1.289515184E2
5.628736667E1	1.227161225E2
5.646330000E1	1.138899111E2
5.662330000E1	1.029793376E2
5.678326667E1	8.036675813E1
5.695933333E1	5.694183260E1
5.711926667E1	3.600748736E1
5.729516667E1	1.598774323E1
5.745540000E1	1.149132585E0
5.761536667E1	-3.931502843E0
5.779133333E1	-7.385917391E0
5.795133333E1	-1.817743622E0
5.812716667E1	9.253623643E0
5.828733333E1	2.316048605E1
5.846326667E1	4.127855537E1
5.862333333E1	5.898028877E1
5.878333333E1	7.333309960E1
5.895916667E1	8.710684869E1
5.911920000E1	9.880023361E1
5.929526667E1	1.137884324E2
5.945516667E1	1.244785608E2
5.961513333E1	1.298018685E2
5.979116667E1	1.300796883E2
5.995120000E1	1.300151441E2
6.012720000E1	1.260784540E2
6.028730000E1	1.197819093E2
6.044733333E1	1.099244968E2
6.062320000E1	9.403425858E1
6.078333333E1	7.124100517E1
6.095930000E1	4.804605510E1
6.111916667E1	2.699077822E1
6.127933333E1	8.351612991E0
6.145536667E1	-1.000219920E0
