mass_A
t	x
0.000000000E0	9.288824383E-1
1.600333333E-1	9.263777231E-1
3.361666667E-1	9.219887702E-1
4.960333333E-1	9.268069937E-1
6.719333333E-1	9.212725968E-1
8.319666667E-1	9.211053791E-1
9.920333333E-1	9.273444400E-1
1.167966667E0	9.195722408E-1
1.328133333E0	9.229970558E-1
1.503966667E0	9.349194503E-1
1.664033333E0	9.294887398E-1
1.824066667E0	9.385667252E-1
2.000000000E0	9.320548072E-1
2.160000000E0	1.420124795E1
2.335966667E0	1.749411180E1
2.496100000E0	1.909019936E1
2.671933333E0	1.916179764E1
2.832033333E0	1.369027226E1
2.991933333E0	4.839855324E0
3.168000000E0	-8.710486377E0
3.328300000E0	-3.497523290E1
3.504000000E0	-6.141861310E1
3.664033333E0	-8.583702693E1
3.824100000E0	-1.074789670E2
3.999933333E0	-1.139330261E2
4.159966667E0	-1.158991398E2
4.336000000E0	-1.080740318E2
4.496066667E0	-9.194017819E1
4.656000000E0	-7.302830431E1
4.831933333E0	-5.181342388E1
4.991933333E0	-3.399116024E1
5.167900000E0	-1.635198255E1
5.327966667E0	-6.746178060E-1
5.503866667E0	1.648536892E1
5.663966667E0	1.895492688E1
5.823933333E0	1.999629407E1
5.999900000E0	2.046627815E1
6.159933333E0	1.438877180E1
6.336000000E0	4.217586337E0
6.495966667E0	-1.093172769E1
6.656066667E0	-3.841496975E1
6.832133333E0	-6.513532195E1
6.991966667E0	-8.911944173E1
7.167933333E0	-1.091124241E2
7.327900000E0	-1.146953838E2
7.488333333E0	-1.154107691E2
7.663933333E0	-1.065713857E2
7.824266667E0	-8.985643874E1
7.999966667E0	-7.007720128E1
8.159900000E0	-4.889402319E1
8.320000000E0	-3.138262265E1
8.496033333E0	-1.401569872E1
8.656000000E0	3.005683631E0
8.831833333E0	1.763876246E1
8.991933333E0	2.027425072E1
9.167833333E0	2.080318553E1
9.328000000E0	2.056509742E1
9.487900000E0	1.377061634E1
9.663933333E0	2.373441251E0
9.823966667E0	-1.485447757E1
9.999900000E0	-4.328535341E1
1.015980000E1	-6.843873450E1
1.032000000E1	-9.239130593E1
1.049593333E1	-1.101120521E2
1.065596667E1	-1.151753968E2
1.083180000E1	-1.147765960E2
1.099186667E1	-1.036921474E2
1.115186667E1	-8.670661571E1
1.132790000E1	-6.674604676E1
1.148800000E1	-4.527793582E1
1.166380000E1	-2.896425107E1
1.182383333E1	-1.202657112E1
1.199976667E1	6.123899661E0
1.215980000E1	1.859812837E1
1.231983333E1	2.140780781E1
1.249580000E1	2.103625374E1
1.265580000E1	1.993260886E1
1.283173333E1	1.254304929E1
1.299180000E1	7.887817554E-1
1.315183333E1	-1.923303927E1
1.332776667E1	-4.818796571E1
1.348780000E1	-7.345764069E1
1.366376667E1	-9.682218591E1
1.382393333E1	-1.111872953E2
1.398383333E1	-1.158886820E2
1.416000000E1	-1.134947788E2
1.431990000E1	-1.002869328E2
1.449586667E1	-8.389936297E1
1.465600000E1	-6.237104269E1
1.481596667E1	-4.187407144E1
1.499190000E1	-2.483157381E1
1.515173333E1	-9.261838930E0
1.532786667E1	9.160151112E0
1.548790000E1	1.891162448E1
1.566390000E1	2.183961594E1
1.582383333E1	2.176625729E1
1.598390000E1	1.880609842E1
1.615973333E1	1.125938932E1
1.632000000E1	-1.783317422E0
1.649570000E1	-2.506949472E1
1.665580000E1	-5.223843458E1
1.681590000E1	-7.769045746E1
1.699176667E1	-1.002226082E2
1.715176667E1	-1.124622880E2
1.732783333E1	-1.164734030E2
1.748790000E1	-1.119836178E2
1.764780000E1	-9.689474303E1
1.782386667E1	-7.993705143E1
1.798376667E1	-5.763991916E1
1.815973333E1	-3.872230280E1
1.831973333E1	-2.076395059E1
1.848016667E1	-7.241833206E0
1.865576667E1	1.217763651E1
1.881590000E1	1.807695911E1
1.899176667E1	2.076225396E1
1.915180000E1	2.088211490E1
1.932763333E1	1.594700850E1
1.948793333E1	7.957092766E0
1.964786667E1	-6.135261900E0
1.982380000E1	-3.279317503E1
1.998370000E1	-6.000721281E1
2.015966667E1	-8.466433632E1
2.031976667E1	-1.064474339E2
2.047966667E1	-1.141188423E2
2.065573333E1	-1.163494169E2
2.081583333E1	-1.085814600E2
2.099180000E1	-9.185020296E1
2.115170000E1	-7.410826171E1
2.131183333E1	-5.115098787E1
2.148770000E1	-3.331903535E1
2.164790000E1	-1.499291532E1
2.182370000E1	2.265006165E-1
2.198383333E1	1.702986517E1
2.215970000E1	2.001472354E1
2.231986667E1	2.095948250E1
2.247976667E1	2.104309349E1
2.265560000E1	1.472286424E1
2.281593333E1	3.801461411E0
2.299163333E1	-1.303074477E1
2.315170000E1	-4.210942665E1
2.331176667E1	-6.807371863E1
2.348780000E1	-9.273419350E1
2.364783333E1	-1.101684120E2
2.382370000E1	-1.152566688E2
2.398370000E1	-1.151720619E2
2.414376667E1	-1.033396448E2
2.431966667E1	-8.603318046E1
2.447990000E1	-6.692864735E1
2.465576667E1	-4.391212078E1
2.481563333E1	-2.732321474E1
2.497606667E1	-9.888040208E0
2.515166667E1	8.259314648E0
2.531170000E1	1.946827723E1
2.548783333E1	2.277094028E1
2.564766667E1	2.209620947E1
2.582356667E1	1.995422772E1
2.598366667E1	1.251771050E1
2.614370000E1	-6.489240063E-1
2.631966667E1	-2.198615257E1
2.647976667E1	-5.124861653E1
2.665556667E1	-7.647281973E1
2.681563333E1	-9.976347274E1
2.697563333E1	-1.122622228E2
2.715160000E1	-1.160670579E2
2.731163333E1	-1.125169886E2
2.748753333E1	-9.778168265E1
2.764760000E1	-8.006872980E1
2.780763333E1	-5.913638109E1
2.798356667E1	-3.808107288E1
2.814360000E1	-2.068932695E1
2.831956667E1	-6.877967357E0
2.847960000E1	1.263153333E1
2.863963333E1	1.858684992E1
2.881553333E1	2.109814474E1
2.897563333E1	2.125312811E1
2.915160000E1	1.662409951E1
2.931160000E1	8.084889637E0
2.948750000E1	-6.019103237E0
2.964756667E1	-3.253729889E1
2.980760000E1	-5.980755363E1
2.998353333E1	-8.449185601E1
3.014356667E1	-1.064563990E2
3.031950000E1	-1.140432160E2
3.047956667E1	-1.162776414E2
3.063960000E1	-1.089172221E2
3.081553333E1	-9.217266741E1
3.097556667E1	-7.368821007E1
3.115153333E1	-5.185986124E1
3.131153333E1	-3.293885312E1
3.147160000E1	-1.506296835E1
3.164753333E1	1.020814801E0
3.180756667E1	1.772141329E1
3.198350000E1	2.070808192E1
3.214356667E1	2.104307958E1
3.231946667E1	2.111931692E1
3.247953333E1	1.493142650E1
3.263960000E1	3.911528163E0
3.281553333E1	-1.282620548E1
3.297553333E1	-4.118037369E1
3.315146667E1	-6.694526954E1
3.331150000E1	-9.117457437E1
3.347156667E1	-1.096367590E2
3.364750000E1	-1.149316242E2
3.380753333E1	-1.153219000E2
3.398343333E1	-1.049772017E2
3.414353333E1	-8.695247721E1
3.430353333E1	-6.796104760E1
3.447950000E1	-4.568343964E1
3.463956667E1	-2.899320076E1
3.481546667E1	-1.115612379E1
3.497550000E1	6.933436623E0
3.513556667E1	1.911828643E1
3.531153333E1	2.260701114E1
3.547153333E1	2.202132008E1
3.564746667E1	2.097050612E1
3.580756667E1	1.296354412E1
3.598343333E1	1.009659219E0
3.614346667E1	-1.873878519E1
3.630346667E1	-4.783342278E1
3.647970000E1	-7.314583510E1
3.663953333E1	-9.712646282E1
3.681550000E1	-1.115319618E2
3.697546667E1	-1.156850490E2
3.713556667E1	-1.135889461E2
3.731156667E1	-1.000931883E2
3.747146667E1	-8.268206736E1
3.764746667E1	-6.216974357E1
3.780760000E1	-4.060243353E1
3.796753333E1	-2.357130234E1
3.814353333E1	-8.341643819E0
3.830343333E1	1.108332764E1
3.847950000E1	1.911212373E1
3.863946667E1	2.193969718E1
3.879953333E1	2.160849280E1
3.897546667E1	1.784201460E1
3.913553333E1	9.648713656E0
3.931143333E1	-3.392973543E0
3.947150000E1	-2.825842836E1
3.964746667E1	-5.590439969E1
3.980756667E1	-8.115657809E1
3.996760000E1	-1.040461550E2
4.014356667E1	-1.135780269E2
4.030343333E1	-1.161490825E2
4.047953333E1	-1.099006029E2
4.063940000E1	-9.394283285E1
4.079973333E1	-7.605311959E1
4.097543333E1	-5.422498349E1
4.113560000E1	-3.444365676E1
4.131140000E1	-1.687189925E1
4.147143333E1	-1.189432321E0
4.163146667E1	1.631234537E1
4.180753333E1	1.959520082E1
4.196753333E1	2.101367599E1
4.214346667E1	2.118485843E1
4.230356667E1	1.497835130E1
4.247933333E1	4.674137639E0
4.263943333E1	-1.182472367E1
4.279940000E1	-4.121617681E1
4.297550000E1	-6.723159389E1
4.313543333E1	-9.177375148E1
4.331140000E1	-1.101866459E2
4.347156667E1	-1.151555212E2
4.363150000E1	-1.151408590E2
4.380730000E1	-1.035283148E2
4.396743333E1	-8.539174099E1
4.414346667E1	-6.534781182E1
4.430353333E1	-4.283733183E1
4.446383333E1	-2.597415136E1
4.463933333E1	-9.634304406E0
4.479940000E1	9.930738866E0
4.497543333E1	1.937539680E1
4.513543333E1	2.273023628E1
4.529553333E1	2.204332949E1
4.547136667E1	1.855111313E1
4.563153333E1	1.092414458E1
4.580740000E1	-2.868539978E0
4.596736667E1	-2.629842591E1
4.614346667E1	-5.584403821E1
4.630350000E1	-8.083282421E1
4.646350000E1	-1.040098308E2
4.663950000E1	-1.137078298E2
4.679946667E1	-1.164150791E2
4.697523333E1	-1.101386142E2
4.713533333E1	-9.339802019E1
4.729536667E1	-7.478606221E1
4.747130000E1	-5.319541158E1
4.763133333E1	-3.330599614E1
4.780733333E1	-1.546218715E1
4.796730000E1	9.131690647E-1
4.812743333E1	1.782864315E1
4.830330000E1	2.062852117E1
4.846340000E1	2.102364852E1
4.863940000E1	2.098202759E1
4.879933333E1	1.438755978E1
4.895936667E1	2.263809787E0
4.913533333E1	-1.501023992E1
4.929540000E1	-4.539497959E1
4.947126667E1	-7.118999977E1
4.963133333E1	-9.546913427E1
4.980723333E1	-1.116588040E2
4.996726667E1	-1.157338913E2
5.012733333E1	-1.135882587E2
5.030326667E1	-1.003997738E2
5.046330000E1	-8.132575757E1
5.063923333E1	-6.049006259E1
5.079930000E1	-3.917245226E1
5.095933333E1	-2.201198638E1
5.113526667E1	-7.458284789E0
5.129530000E1	1.219492677E1
5.147123333E1	1.880139277E1
5.163140000E1	2.107312652E1
5.179140000E1	2.094410807E1
5.196740000E1	1.585618105E1
5.212733333E1	6.991917968E0
5.230340000E1	-7.118858166E0
5.246323333E1	-3.273273669E1
5.263933333E1	-6.151232845E1
5.279953333E1	-8.569058496E1
5.295930000E1	-1.084033492E2
5.313526667E1	-1.147785295E2
5.329540000E1	-1.154039621E2
5.347113333E1	-1.073586685E2
5.363126667E1	-9.030687923E1
5.379126667E1	-7.014407697E1
5.396726667E1	-4.892115830E1
5.412730000E1	-3.034588713E1
5.430316667E1	-1.301962871E1
5.446330000E1	5.682315086E0
5.462330000E1	1.894843576E1
5.479920000E1	2.190141826E1
5.495923333E1	2.165629713E1
5.513520000E1	2.084512056E1
5.529520000E1	1.292868746E1
5.545526667E1	2.054982872E-1
5.563123333E1	-1.963115662E1
5.579123333E1	-4.933496018E1
5.596720000E1	-7.496460866E1
5.612723333E1	-9.806750776E1
5.630313333E1	-1.125999014E2
5.646320000E1	-1.161737307E2
5.662320000E1	-1.120548851E2
5.679920000E1	-9.819714513E1
5.695923333E1	-7.982536936E1
5.713523333E1	-5.877457330E1
5.729546667E1	-3.794892257E1
5.745523333E1	-2.058339344E1
5.763120000E1	-6.656732660E0
5.779130000E1	1.298499976E1
5.796723333E1	1.811037282E1
5.812733333E1	2.091952071E1
5.828733333E1	2.091188516E1
5.846333333E1	1.533355624E1
5.862336667E1	6.404436085E0
5.879923333E1	-8.613159639E0
5.895920000E1	-3.449770357E1
5.911923333E1	-6.352840752E1
5.929520000E1	-8.711726720E1
5.945536667E1	-1.085716981E2
5.963113333E1	-1.150338008E2
5.979116667E1	-1.156346992E2
5.996706667E1	-1.068297364E2
6.012720000E1	-8.955475031E1
6.028730000E1	-6.936064944E1
6.046330000E1	-4.788618177E1
6.062330000E1	-2.944968831E1
6.079906667E1	-1.271848196E1
6.095910000E1	6.055070238E0
6.111946667E1	1.892523787E1
6.129510000E1	2.202622369E1
6.145510000E1	2.138970397E1
6.163110000E1	2.029654819E1
6.179113333E1	1.288616572E1
6.195116667E1	1.019528427E-1
6.212716667E1	-1.941229205E1
6.228723333E1	-4.899239614E1
6.246330000E1	-7.476652688E1
6.262326667E1	-9.789443094E1
6.279913333E1	-1.120975612E2
6.295940000E1	-1.164684536E2
6.311920000E1	-1.125083711E2
6.329526667E1	-9.922421474E1
6.345513333E1	-8.043245155E1
6.363113333E1	-5.995609227E1
6.379126667E1	-3.877413826E1
6.395150000E1	-2.137312683E1
6.412713333E1	-6.965443980E0
6.428710000E1	1.253800292E1
6.446320000E1	1.813637703E1
6.462326667E1	2.096401083E1
6.478326667E1	2.094863385E1
6.495913333E1	1.583081106E1
6.511903333E1	6.922076464E0
6.529506667E1	-7.238110001E0
6.545506667E1	-3.330601132E1
6.561503333E1	-6.190569661E1
6.579120000E1	-8.584436380E1
