mass_A
t	x
0.000000000E0	9.288824383E-1
1.760666667E-1	9.246156426E-1
3.361000000E-1	9.110491057E-1
5.119333333E-1	9.071341465E-1
6.720333333E-1	9.102598831E-1
8.321000000E-1	9.295403303E-1
1.008000000E0	9.515195918E-1
1.168033333E0	9.568649528E-1
1.344000000E0	9.648010551E-1
1.503900000E0	9.625208429E-1
1.679966667E0	9.617819618E-1
1.839900000E0	9.580612559E-1
2.000033333E0	9.830744226E-1
2.176100000E0	9.846187861E-1
2.336000000E0	9.818255124E-1
2.511966667E0	9.800282670E-1
2.671933333E0	9.569901338E-1
2.832000000E0	9.784641112E-1
3.007933333E0	9.886817311E-1
3.168166667E0	9.586696622E-1
3.343900000E0	1.955268543E0
3.503933333E0	4.075306451E0
3.664000000E0	7.587868275E0
3.839900000E0	1.154619382E1
3.999933333E0	1.677422359E1
4.176000000E0	2.161141317E1
4.335866667E0	2.349681272E1
4.495933333E0	2.724559792E1
4.671933333E0	3.029071245E1
4.832033333E0	3.441103608E1
5.008000000E0	3.802221638E1
5.167933333E0	4.113905889E1
5.343966667E0	4.411442775E1
5.504000000E0	4.685758446E1
5.663866667E0	4.908635456E1
5.839866667E0	5.116635778E1
5.999866667E0	5.382332959E1
6.175833333E0	5.757526849E1
6.335833333E0	6.129956911E1
6.495900000E0	6.548768927E1
6.671833333E0	6.898195409E1
6.831866667E0	7.256391183E1
7.007766667E0	7.411744297E1
7.167866667E0	8.005463121E1
7.327933333E0	8.418011409E1
7.504000000E0	8.806205778E1
7.664033333E0	9.286518965E1
7.839966667E0	9.772577227E1
7.999900000E0	1.013251748E2
8.159866667E0	1.055394277E2
8.335866667E0	1.096482102E2
8.495966667E0	1.125392274E2
8.671866667E0	1.125866075E2
8.831933333E0	1.143375104E2
9.007933333E0	1.156956627E2
9.167866667E0	1.167372549E2
9.327833333E0	1.174955383E2
9.503933333E0	1.181931941E2
9.663866667E0	1.186035017E2
9.839900000E0	1.189302255E2
9.999833333E0	1.190293526E2
1.015983333E1	1.188992696E2
1.033593333E1	1.186069167E2
1.049590000E1	1.175971851E2
1.067183333E1	1.156780439E2
1.083190000E1	1.142142495E2
1.099196667E1	1.120326287E2
1.116780000E1	1.091758451E2
1.132790000E1	1.063281593E2
1.150376667E1	1.040151499E2
1.166380000E1	1.015848422E2
1.183986667E1	9.827740276E1
1.199980000E1	9.423469895E1
1.215990000E1	8.782333074E1
1.233580000E1	8.187899838E1
1.249596667E1	7.340356152E1
1.267180000E1	6.562527907E1
1.283180000E1	5.867478765E1
1.299193333E1	5.181023993E1
1.316776667E1	4.426447824E1
1.332790000E1	3.773037818E1
1.350373333E1	3.126295143E1
1.366373333E1	2.505312771E1
1.382390000E1	1.885527877E1
1.399973333E1	1.325158745E1
1.415980000E1	7.951249571E0
1.433576667E1	3.733633165E0
1.449583333E1	-8.445767115E-1
1.465580000E1	-3.400550506E0
1.483183333E1	-7.857162367E0
1.499173333E1	-9.996880638E0
1.516776667E1	-1.189661980E1
1.532780000E1	-1.311848810E1
1.550376667E1	-1.354073227E1
1.566400000E1	-1.401200629E1
1.582380000E1	-1.336265373E1
1.599983333E1	-1.145539222E1
1.615983333E1	-9.308859359E0
1.633573333E1	-5.665654461E0
1.649570000E1	-2.156406501E0
1.665586667E1	2.522566147E0
1.683186667E1	7.823256443E0
1.699173333E1	1.224913228E1
1.716770000E1	2.012142791E1
1.732776667E1	2.645414507E1
1.748766667E1	3.202701913E1
1.766376667E1	3.736493177E1
1.782380000E1	4.136626866E1
1.799970000E1	4.502285574E1
1.815973333E1	4.911300616E1
1.831966667E1	5.558527388E1
1.849563333E1	6.166773371E1
1.865573333E1	6.795386240E1
1.883180000E1	7.396528542E1
1.899193333E1	7.860939158E1
1.916776667E1	8.582478034E1
1.932770000E1	9.313582767E1
1.948783333E1	1.007563597E2
1.966370000E1	1.060865155E2
1.982383333E1	1.124486594E2
1.999973333E1	1.166009849E2
2.015966667E1	1.166908107E2
2.031973333E1	1.182513777E2
2.049580000E1	1.192789694E2
2.065580000E1	1.198497361E2
2.083170000E1	1.203747156E2
2.099173333E1	1.200047801E2
2.115183333E1	1.191576462E2
2.132763333E1	1.168878563E2
2.148776667E1	1.140207168E2
2.166380000E1	1.108343265E2
2.182363333E1	1.069723422E2
2.199966667E1	1.032223883E2
2.215963333E1	9.870688177E1
2.231970000E1	9.161825274E1
2.249580000E1	8.341278347E1
2.265563333E1	7.139954506E1
2.283156667E1	6.184235622E1
2.299170000E1	5.093659890E1
2.315163333E1	4.123365558E1
2.332773333E1	3.203862547E1
2.348776667E1	2.327948586E1
2.366363333E1	1.482502058E1
2.382360000E1	6.981813151E0
2.398376667E1	6.407860344E-2
2.415966667E1	-3.747957623E0
2.431970000E1	-8.346519124E0
2.449556667E1	-1.123901871E1
2.465573333E1	-1.324974520E1
2.481573333E1	-1.388960319E1
2.499156667E1	-1.387866940E1
2.515163333E1	-1.140208090E1
2.532766667E1	-8.146056300E0
2.548766667E1	-3.150131007E0
2.566360000E1	2.912200255E0
2.582366667E1	9.671800176E0
2.598373333E1	1.768985855E1
2.615970000E1	2.697074239E1
2.631966667E1	3.420225616E1
2.649563333E1	4.094555301E1
2.665560000E1	4.609665088E1
2.681576667E1	5.100172904E1
2.699153333E1	5.882870765E1
2.715170000E1	6.687421183E1
2.732766667E1	7.468372507E1
2.748773333E1	8.159327567E1
2.764773333E1	8.974935129E1
2.782360000E1	9.890713855E1
2.798363333E1	1.080699589E2
2.815963333E1	1.156983374E2
2.831960000E1	1.167395211E2
2.847963333E1	1.185806487E2
2.865560000E1	1.201007688E2
2.881560000E1	1.203312041E2
2.899170000E1	1.201882314E2
2.915166667E1	1.195928985E2
2.932746667E1	1.167657318E2
2.948753333E1	1.137342440E2
2.964796667E1	1.095700032E2
2.982366667E1	1.048342263E2
2.998360000E1	9.941534598E1
3.015963333E1	9.099348754E1
3.031966667E1	7.987665033E1
3.047970000E1	6.639576566E1
3.065563333E1	5.368613380E1
3.081546667E1	4.190339376E1
3.099150000E1	3.068563277E1
3.115160000E1	2.034270068E1
3.131166667E1	9.881765104E0
3.148766667E1	1.645302822E0
3.164770000E1	-3.228776871E0
3.182363333E1	-9.023087394E0
3.198366667E1	-1.227528885E1
3.215950000E1	-1.329651484E1
3.231953333E1	-1.329107081E1
3.247953333E1	-1.093323234E1
3.265556667E1	-6.754216753E0
3.281566667E1	-1.224781388E-1
3.299153333E1	7.897335214E0
3.315146667E1	1.633177532E1
3.331160000E1	2.735627140E1
3.348760000E1	3.718573536E1
3.364763333E1	4.781051260E1
3.382343333E1	5.673769372E1
3.398350000E1	6.512792173E1
3.414366667E1	7.238499873E1
3.431953333E1	7.875673844E1
3.447960000E1	8.996948824E1
3.465560000E1	1.015357774E2
3.481553333E1	1.100257850E2
3.497563333E1	1.107361835E2
3.515156667E1	1.143772051E2
3.531146667E1	1.171867144E2
3.548760000E1	1.179204455E2
3.564763333E1	1.181175550E2
3.582336667E1	1.174278712E2
3.598340000E1	1.143343510E2
3.614360000E1	1.105277296E2
3.631943333E1	1.051572360E2
3.647946667E1	9.987338358E1
3.665550000E1	9.299788625E1
3.681550000E1	8.257134003E1
3.697556667E1	6.756666853E1
3.715150000E1	5.333853034E1
3.731150000E1	3.966534125E1
3.748736667E1	2.641208943E1
3.764753333E1	1.473993720E1
3.780756667E1	3.943078744E0
3.798346667E1	-3.026008715E0
3.814363333E1	-9.514587996E0
3.831950000E1	-1.298854935E1
3.847950000E1	-1.325915803E1
3.863943333E1	-1.231870266E1
3.881560000E1	-7.601695079E0
3.897553333E1	-8.960725786E-1
3.915160000E1	8.174774403E0
3.931156667E1	1.877552526E1
3.948733333E1	3.095217717E1
3.964743333E1	4.281826142E1
3.980746667E1	5.354961652E1
3.998353333E1	6.414600468E1
4.014343333E1	7.229497372E1
4.031940000E1	8.105988138E1
4.047953333E1	9.291314748E1
4.063953333E1	1.041071350E2
4.081536667E1	1.117138219E2
4.097540000E1	1.136552053E2
4.115140000E1	1.159949293E2
4.131153333E1	1.174759112E2
4.147156667E1	1.181326756E2
4.164750000E1	1.175267297E2
4.180743333E1	1.139165091E2
4.198340000E1	1.091074196E2
4.214340000E1	1.018847546E2
4.231936667E1	9.592786300E1
4.247950000E1	8.504819773E1
4.263956667E1	6.976431761E1
4.281550000E1	5.279492999E1
4.297540000E1	3.771815112E1
4.315143333E1	2.285461971E1
4.331130000E1	9.035971361E0
4.347156667E1	-2.318652960E0
4.364746667E1	-7.641042351E0
4.380740000E1	-1.320938109E1
4.398336667E1	-1.401528427E1
4.414336667E1	-1.220929726E1
4.430350000E1	-6.182293700E0
4.447950000E1	2.624709970E0
4.463950000E1	1.395725315E1
4.481540000E1	2.857933445E1
4.497543333E1	4.084053965E1
4.513530000E1	5.334091989E1
4.531130000E1	6.474363365E1
4.547136667E1	7.419046507E1
4.564733333E1	8.215087811E1
4.580746667E1	9.715644999E1
4.598326667E1	1.106860373E2
4.614336667E1	1.144474174E2
4.630333333E1	1.181208897E2
4.647943333E1	1.194524957E2
4.663943333E1	1.193051211E2
4.681540000E1	1.166321618E2
4.697540000E1	1.125652364E2
4.713546667E1	1.065097836E2
4.731123333E1	9.956369918E1
4.747163333E1	8.770971839E1
4.764723333E1	7.099790537E1
4.780733333E1	5.196632404E1
4.796740000E1	3.486815664E1
4.814333333E1	1.906740170E1
4.830336667E1	4.075754710E0
4.847940000E1	-5.179143217E0
4.863943333E1	-1.128839358E1
4.879940000E1	-1.434951460E1
4.897533333E1	-1.229567088E1
4.913536667E1	-6.857873794E0
4.931136667E1	2.816317294E0
4.947123333E1	1.470301068E1
4.964720000E1	2.980922459E1
4.980723333E1	4.408730438E1
4.996730000E1	5.677068406E1
5.014323333E1	6.799810341E1
5.030323333E1	7.934039425E1
5.047913333E1	9.152989455E1
5.063920000E1	1.046079200E2
5.079926667E1	1.133990699E2
5.097520000E1	1.175536720E2
5.113536667E1	1.178960026E2
5.131133333E1	1.185328375E2
5.147136667E1	1.174112795E2
5.163140000E1	1.131214682E2
5.180726667E1	1.067191492E2
5.196740000E1	9.929283000E1
5.214320000E1	8.611176547E1
5.230323333E1	6.614996991E1
5.247926667E1	4.724466363E1
5.263920000E1	2.888536247E1
5.279923333E1	1.305854525E1
5.297533333E1	-1.950787933E0
5.313526667E1	-8.850182903E0
5.331126667E1	-1.373963356E1
5.347136667E1	-1.356529117E1
5.363130000E1	-8.699680982E0
5.380730000E1	7.997823930E-1
5.396720000E1	1.366126742E1
5.414313333E1	2.918645634E1
5.430323333E1	4.442930217E1
5.446353333E1	5.800156478E1
5.463936667E1	7.022999234E1
5.479930000E1	8.150076931E1
5.497513333E1	9.645359316E1
5.513523333E1	1.102834799E2
5.529516667E1	1.136123422E2
5.547130000E1	1.183014811E2
5.563130000E1	1.197062188E2
5.580730000E1	1.192312244E2
5.596723333E1	1.146053519E2
5.614310000E1	1.086564784E2
5.630310000E1	9.987302450E1
5.646326667E1	8.749020037E1
5.663930000E1	6.802508186E1
5.679930000E1	4.628412963E1
5.697510000E1	2.697713292E1
5.713516667E1	9.461829305E0
5.729516667E1	-5.220657408E0
5.747123333E1	-1.092227339E1
5.763126667E1	-1.457830226E1
5.780716667E1	-1.123997703E1
5.796710000E1	-2.761804559E0
5.812720000E1	8.276397199E0
5.830313333E1	2.474447987E1
5.846330000E1	4.208186268E1
5.863910000E1	5.787896699E1
5.879930000E1	7.141396999E1
5.895930000E1	8.486241542E1
5.913510000E1	1.006029952E2
5.929513333E1	1.144567448E2
5.947116667E1	1.153101422E2
5.963123333E1	1.165635738E2
5.980713333E1	1.177550051E2
5.996706667E1	1.159236334E2
6.012720000E1	1.107030348E2
6.030326667E1	1.014581192E2
6.046333333E1	9.140680145E1
6.063916667E1	7.249716542E1
6.079926667E1	4.968271133E1
6.095926667E1	2.904230621E1
6.113520000E1	1.038405329E1
6.129516667E1	-5.770740842E0
6.147113333E1	-1.148098720E1
6.163106667E1	-1.437408438E1
6.179123333E1	-1.022272383E1
6.196716667E1	5.458200238E-3
6.212723333E1	1.398211475E1
6.230313333E1	3.082107657E1
6.246323333E1	4.911110192E1
6.263910000E1	6.509284737E1
6.279913333E1	7.934819839E1
6.295923333E1	9.091603907E1
6.313510000E1	1.076139918E2
6.329513333E1	1.145963210E2
6.347100000E1	1.196612174E2
6.363116667E1	1.195412943E2
6.379103333E1	1.186119606E2
6.396713333E1	1.129562221E2
6.412723333E1	1.041942807E2
6.430300000E1	9.488636075E1
6.446303333E1	7.421123841E1
6.462303333E1	5.038217058E1
6.479903333E1	2.812139068E1
6.495903333E1	8.669441815E0
6.513500000E1	-6.360657671E0
6.529503333E1	-1.183973621E1
6.545503333E1	-1.411680794E1
6.563103333E1	-8.240767692E0
6.579113333E1	4.105893702E0
6.596700000E1	2.005943025E1
6.612700000E1	3.967383110E1
6.630313333E1	5.693196068E1
6.646313333E1	7.266995775E1
6.662303333E1	8.759040439E1
6.679913333E1	1.046220906E2
6.695916667E1	1.168681020E2
6.713493333E1	1.194851902E2
6.729506667E1	1.193906043E2
6.745523333E1	1.189359343E2
6.763103333E1	1.133271048E2
6.779110000E1	1.043918414E2
6.796710000E1	9.335165869E1
6.812706667E1	7.204488378E1
6.828706667E1	4.667158362E1
6.846316667E1	2.364417847E1
6.862316667E1	3.893392226E0
6.879903333E1	-8.774862007E0
6.895913333E1	-1.393976357E1
6.911916667E1	-1.221220983E1
6.929496667E1	-2.027346537E0
6.945513333E1	1.293446803E1
6.963106667E1	3.270911069E1
6.979113333E1	5.258097261E1
6.996693333E1	6.834297304E1
7.012710000E1	8.508914338E1
7.028713333E1	1.012275623E2
7.046293333E1	1.166404515E2
7.062323333E1	1.184833751E2
7.079896667E1	1.193547462E2
7.095910000E1	1.185728915E2
7.111903333E1	1.127127443E2
7.129493333E1	1.024409488E2
7.145496667E1	8.844096691E1
7.163100000E1	6.356661588E1
7.179110000E1	3.700211091E1
7.195113333E1	1.472329904E1
7.212700000E1	-5.549186466E0
7.228706667E1	-1.143204707E1
7.246300000E1	-1.411571213E1
7.262300000E1	-6.786495209E0
7.279890000E1	9.774459675E0
7.295896667E1	2.825707689E1
7.311893333E1	4.816148034E1
7.329490000E1	6.693318459E1
7.345493333E1	8.377524039E1
7.363083333E1	1.011504036E2
7.379106667E1	1.159510852E2
7.395103333E1	1.188264139E2
7.412686667E1	1.192785312E2
7.428696667E1	1.177552838E2
7.446286667E1	1.108410944E2
7.462293333E1	9.967203813E1
7.478300000E1	8.189718500E1
7.495893333E1	5.356473389E1
7.511906667E1	2.809046676E1
7.529486667E1	4.700642229E0
7.545490000E1	-9.338103025E0
7.561493333E1	-1.411850970E1
7.579090000E1	-1.003819879E1
7.595103333E1	4.185117297E0
7.612700000E1	2.372084946E1
7.628696667E1	4.421351498E1
7.646283333E1	6.306770506E1
7.662293333E1	7.985119531E1
7.678303333E1	9.845585371E1
7.695890000E1	1.155739417E2
7.711890000E1	1.148232702E2
7.729483333E1	1.164064855E2
7.745483333E1	1.137997475E2
7.761493333E1	1.065754976E2
7.779096667E1	9.560999570E1
7.795080000E1	7.540220324E1
7.812703333E1	4.664166960E1
7.828693333E1	1.990011120E1
7.844700000E1	-1.845810361E0
7.862293333E1	-1.175365481E1
7.878293333E1	-1.396807815E1
7.895883333E1	-5.286951296E0
7.911890000E1	1.394738453E1
7.927893333E1	3.538364534E1
7.945496667E1	5.598698860E1
7.961496667E1	7.407390271E1
7.979100000E1	8.948042220E1
7.995083333E1	1.117287076E2
8.012676667E1	1.165493832E2
8.028693333E1	1.185324386E2
8.044700000E1	1.178956851E2
8.062293333E1	1.098532722E2
8.078303333E1	9.862385985E1
8.095886667E1	7.858285804E1
8.111890000E1	4.948766188E1
8.127890000E1	2.156775051E1
8.145500000E1	-2.404106660E0
8.161483333E1	-1.131266764E1
8.179090000E1	-1.368716883E1
8.195096667E1	-3.982056056E0
8.211086667E1	1.695368708E1
8.228676667E1	3.761408876E1
8.244693333E1	5.899332671E1
8.262283333E1	7.801885572E1
8.278286667E1	9.578366638E1
8.295886667E1	1.149614717E2
8.311886667E1	1.170513769E2
8.327876667E1	1.180235069E2
8.345490000E1	1.154548175E2
8.361486667E1	1.074559220E2
8.379073333E1	9.549229966E1
8.395090000E1	6.849888330E1
8.411083333E1	3.871537302E1
8.428673333E1	1.248523163E1
8.444676667E1	-8.261584277E0
8.462273333E1	-1.333481604E1
8.478276667E1	-1.132873056E1
8.494280000E1	3.817439547E0
8.511886667E1	2.552805185E1
8.527883333E1	4.739696056E1
8.545486667E1	6.809913939E1
8.561476667E1	8.562991776E1
8.577480000E1	1.076083459E2
8.595070000E1	1.173436515E2
8.611076667E1	1.200507434E2
8.628686667E1	1.196427270E2
8.644673333E1	1.122665853E2
8.662263333E1	9.948301965E1
8.678273333E1	7.954884570E1
8.694286667E1	4.647114108E1
8.711880000E1	1.950034313E1
8.727873333E1	-5.248929267E0
8.745473333E1	-1.275659505E1
8.761480000E1	-1.302122058E1
8.777470000E1	1.885001499E-1
8.795083333E1	2.328022635E1
8.811086667E1	4.552094409E1
8.828670000E1	6.709608618E1
8.844683333E1	8.697062046E1
8.860686667E1	1.072946487E2
8.878273333E1	1.157707731E2
8.894283333E1	1.186551078E2
8.911876667E1	1.185014815E2
8.927890000E1	1.103904191E2
8.943893333E1	9.752809314E1
8.961473333E1	7.413155897E1
8.977486667E1	4.185689787E1
8.995066667E1	1.420672232E1
9.011086667E1	-8.331653270E0
9.028670000E1	-1.318213248E1
9.044680000E1	-1.000099856E1
9.060676667E1	7.775741995E0
9.078273333E1	3.096425977E1
9.094283333E1	5.497711078E1
9.111860000E1	7.612939470E1
9.127866667E1	9.518507341E1
9.143870000E1	1.159562879E2
9.161466667E1	1.173833716E2
9.177480000E1	1.182947634E2
9.195073333E1	1.133639009E2
9.211063333E1	1.020155004E2
9.227063333E1	8.534797139E1
9.244680000E1	5.155644047E1
9.260673333E1	1.910225615E1
9.278280000E1	-6.123223466E0
9.294270000E1	-1.335233471E1
9.311860000E1	-1.113441875E1
9.327863333E1	3.944745270E0
9.343880000E1	2.993048884E1
9.361473333E1	5.378758400E1
9.377483333E1	7.587772280E1
9.395056667E1	9.625133234E1
9.411063333E1	1.158997603E2
9.427060000E1	1.176265181E2
9.444673333E1	1.178496751E2
9.460676667E1	1.118353715E2
9.478256667E1	1.001836000E2
9.494263333E1	8.131119819E1
9.510260000E1	4.712420278E1
9.527856667E1	1.642766041E1
9.543863333E1	-9.104936060E0
9.561456667E1	-1.344696748E1
9.577463333E1	-9.089905717E0
9.593463333E1	9.604806038E0
9.611063333E1	3.668927945E1
9.627073333E1	5.975168485E1
9.644656667E1	8.343371382E1
9.660656667E1	1.021352388E2
9.678253333E1	1.144936473E2
9.694273333E1	1.180051637E2
9.710266667E1	1.174363257E2
9.727870000E1	1.086309034E2
9.743866667E1	9.474187349E1
9.761460000E1	6.567828381E1
9.777463333E1	3.122962859E1
9.793473333E1	2.034355319E0
9.811056667E1	-1.305654427E1
9.827060000E1	-1.297899506E1
9.844670000E1	9.137898055E-1
9.860663333E1	2.711770463E1
9.876666667E1	5.157128270E1
9.894270000E1	7.539693492E1
9.910270000E1	9.746929834E1
9.927860000E1	1.143106653E2
9.943870000E1	1.165268950E2
9.959870000E1	1.171529334E2
9.977470000E1	1.096077840E2
9.993463333E1	9.598355560E1
1.001106333E2	7.019193267E1
1.002706333E2	3.417834413E1
1.004465000E2	4.301186860E0
1.006066000E2	-1.306675162E1
1.007666333E2	-1.328455764E1
1.009427000E2	-3.466847234E-1
1.011026333E2	2.715631895E1
1.012786333E2	5.409472584E1
1.014386333E2	7.867401314E1
1.015986000E2	1.014929477E2
1.017745333E2	1.156411555E2
1.019346667E2	1.182322371E2
1.021105333E2	1.174525504E2
1.022706667E2	1.083597260E2
1.024307000E2	9.331952472E1
1.026065333E2	6.299604851E1
1.027666000E2	2.592615847E1
1.029424667E2	-3.162141307E0
1.031026333E2	-1.504407610E1
1.032784333E2	-9.125750669E0
1.034386333E2	8.593056826E0
1.035985333E2	3.796414061E1
1.037745000E2	6.547533259E1
1.039345333E2	8.820865976E1
1.041105000E2	1.132533569E2
1.042705000E2	1.175850339E2
1.044309000E2	1.187032788E2
1.046065000E2	1.129380936E2
1.047666333E2	9.982358409E1
1.049424333E2	7.704543996E1
1.051025667E2	3.757962051E1
1.052626000E2	6.724707688E0
1.054386333E2	-1.213191347E1
1.055986000E2	-1.328248118E1
1.057744667E2	1.028701897E0
1.059345333E2	3.008984629E1
1.060946667E2	5.857491871E1
1.062705000E2	8.493605583E1
1.064304333E2	1.094304147E2
1.066066000E2	1.169889829E2
1.067666000E2	1.184332871E2
1.069425333E2	1.137826398E2
1.071026667E2	1.009329037E2
1.072625000E2	7.899581971E1
1.074386000E2	3.960053314E1
1.075984333E2	7.052920250E0
1.077745667E2	-1.320001359E1
1.079346000E2	-1.210904355E1
1.080945333E2	4.393782592E0
1.082705667E2	3.203808324E1
1.084306000E2	6.215399514E1
1.086064667E2	8.757686860E1
1.087665000E2	1.140311459E2
1.089265667E2	1.184884532E2
1.091024333E2	1.191428667E2
1.092624333E2	1.117100584E2
1.094384000E2	9.708809606E1
1.095984333E2	6.705609993E1
1.097584667E2	2.622739511E1
1.099345667E2	-4.754481545E0
1.100944667E2	-1.436769868E1
1.102703667E2	-8.165301365E0
1.104305667E2	1.695169804E1
1.106063333E2	4.758791944E1
1.107665000E2	7.373032780E1
1.109265667E2	9.864620136E1
1.111024333E2	1.157854769E2
1.112624000E2	1.187157694E2
1.114385000E2	1.152188523E2
1.115983333E2	1.040269872E2
1.117584667E2	8.183485361E1
1.119344000E2	4.230325524E1
1.120944333E2	6.684325100E0
1.122705000E2	-1.346049269E1
1.124305000E2	-1.131990667E1
1.125905333E2	8.764003777E0
1.127663667E2	3.787809927E1
1.129264667E2	6.905479089E1
1.131025333E2	9.529792475E1
1.132623333E2	1.208417015E2
1.134384333E2	1.226484251E2
1.135984333E2	1.213285849E2
1.137585000E2	1.084771159E2
1.139343000E2	8.686180535E1
1.140945333E2	4.664412003E1
1.142703333E2	8.813942986E0
1.144304333E2	-1.278825123E1
1.145904333E2	-1.189896728E1
1.147663667E2	6.799556602E0
1.149263667E2	3.907375903E1
1.151024333E2	6.813899627E1
1.152625000E2	9.700287665E1
1.154224333E2	1.232150715E2
1.155983333E2	1.259262984E2
1.157583667E2	1.244876699E2
1.159344333E2	1.120327240E2
1.160944000E2	8.305586049E1
1.162544000E2	4.220429856E1
1.164306000E2	1.224604959E1
1.165904333E2	1.607991450E1
1.167664667E2	1.463209557E1
1.169264667E2	1.444141058E1
