mass_A
t	x
0.000000000E0	2.273736754E-13
1.600000000E-1	3.890824106E-3
3.359333333E-1	-3.016181800E-3
4.960000000E-1	-2.645488649E-3
6.720333333E-1	9.146008633E-3
8.321333333E-1	2.257536922E-2
1.008000000E0	1.471337374E-2
1.167966667E0	-1.586783296E-2
1.328000000E0	1.206489786E-2
1.504066667E0	1.284915095E-2
1.663900000E0	-4.608618717E-3
1.839966667E0	2.461447173E-2
1.999933333E0	2.336878497E-3
2.160266667E0	9.476300864E-4
2.336033333E0	9.809780558E-4
2.496066667E0	8.596450203E-3
2.672000000E0	4.376099267E-3
2.832033333E0	1.293489726E-3
2.992000000E0	-6.818289049E-3
3.167933333E0	8.977232142E-3
3.328000000E0	3.765700652E-3
3.504133333E0	9.384012316E-3
3.664066667E0	-8.621724056E-3
3.824033333E0	3.156449136E-3
4.000066667E0	-6.105399170E-3
4.159966667E0	5.535464165E-3
4.335966667E0	2.226306235E-3
4.496100000E0	5.761948116E-3
4.672000000E0	1.401329508E-2
4.831966667E0	2.490494248E-3
4.992066667E0	4.525630985E-2
5.168033333E0	5.689722651E-2
5.327933333E0	2.994753296E-2
5.503900000E0	1.722580704E-2
5.664033333E0	4.459845355E-3
5.824033333E0	2.720956303E-2
6.000033333E0	3.647218624E-2
6.160033333E0	4.667640420E-2
6.335900000E0	4.491667240E-2
6.496133333E0	1.727023535E-2
6.655966667E0	4.639613163E-3
6.832033333E0	-1.001163125E-3
6.992033333E0	-9.425196052E-3
7.167833333E0	-4.961907030E-3
7.328000000E0	-2.211489728E-3
7.503800000E0	3.835084490E-3
7.663866667E0	1.607892928E-2
7.824033333E0	5.273860347E-4
7.999866667E0	-5.904185880E-4
8.159866667E0	5.896759627E-3
8.335766667E0	1.777985035E-3
8.496100000E0	1.694559700E-2
8.656300000E0	3.647200972E-2
8.831900000E0	6.812889129E-3
8.992000000E0	-9.744794606E-4
9.167933333E0	-1.938052761E-3
9.328000000E0	2.579713975E-2
9.488000000E0	1.829675713E-2
9.663833333E0	1.817708500E-2
9.823866667E0	4.931683965E-2
9.999866667E0	3.749059954E-2
1.016003333E1	2.586990652E0
1.031990000E1	5.597743243E0
1.049593333E1	8.361194063E0
1.065596667E1	1.128261289E1
1.083180000E1	1.324632996E1
1.099180000E1	1.732090788E1
1.116793333E1	2.014874850E1
1.132790000E1	2.377825933E1
1.148796667E1	2.724812948E1
1.166386667E1	3.122258613E1
1.182380000E1	3.491064105E1
1.199986667E1	3.794289210E1
1.215996667E1	3.606122661E1
1.231990000E1	3.874502737E1
1.249583333E1	4.826823514E1
1.265590000E1	5.215899224E1
1.283190000E1	5.419928507E1
1.299180000E1	6.107177195E1
1.315200000E1	5.713483345E1
1.332776667E1	5.896856704E1
1.348796667E1	5.939875197E1
1.366396667E1	6.020155483E1
1.382386667E1	6.104593995E1
1.398393333E1	6.186867694E1
1.416006667E1	6.213709249E1
1.432016667E1	6.258407550E1
1.449580000E1	6.315317955E1
1.465583333E1	6.373507090E1
1.483170000E1	6.397507883E1
1.499180000E1	6.418544576E1
1.515183333E1	6.416674467E1
1.532786667E1	6.411010529E1
1.548776667E1	6.380847192E1
1.566383333E1	6.326039541E1
1.582380000E1	6.209405275E1
1.598390000E1	6.112083790E1
1.615990000E1	6.030473739E1
1.631983333E1	5.932051354E1
1.649580000E1	6.301504368E1
1.665583333E1	6.091363490E1
1.681590000E1	5.264368670E1
1.699176667E1	5.062799987E1
1.715180000E1	4.775975646E1
1.732776667E1	3.901646476E1
1.748780000E1	3.750677031E1
1.766376667E1	3.578260255E1
1.782376667E1	3.663839896E1
1.798376667E1	3.389354746E1
1.815983333E1	3.008051108E1
1.831970000E1	2.514004143E1
1.849570000E1	2.090960791E1
1.865596667E1	1.700470857E1
1.881580000E1	1.215318514E1
1.899173333E1	7.043073050E0
1.915193333E1	1.659225296E0
1.932783333E1	-3.969135212E0
1.948773333E1	-9.014478822E0
1.964790000E1	-1.416467502E1
1.982380000E1	-1.905646053E1
1.998383333E1	-2.326438937E1
2.015966667E1	-2.777840381E1
2.031980000E1	-3.097903416E1
2.048003333E1	-3.553172818E1
2.065566667E1	-3.762672580E1
2.081573333E1	-4.006609143E1
2.099173333E1	-4.422447119E1
2.115173333E1	-4.566786376E1
2.132770000E1	-4.747207843E1
2.148780000E1	-4.988281413E1
2.164766667E1	-5.020468289E1
2.182363333E1	-5.209659302E1
2.198373333E1	-5.115779309E1
2.215966667E1	-5.220435813E1
2.231966667E1	-5.270403906E1
2.248000000E1	-5.130362269E1
2.265566667E1	-5.106004286E1
2.281573333E1	-4.920314840E1
2.299186667E1	-4.693310368E1
2.315170000E1	-4.663385405E1
2.331173333E1	-4.192704176E1
2.348780000E1	-4.026421045E1
2.364783333E1	-3.876507599E1
2.382366667E1	-3.385039895E1
2.398363333E1	-3.198388509E1
2.414380000E1	-2.901904351E1
2.431976667E1	-2.483645189E1
2.447983333E1	-1.995919798E1
2.465560000E1	-1.467246203E1
2.481566667E1	-1.074375337E1
2.499160000E1	-6.223585354E0
2.515170000E1	-2.136746016E0
2.531180000E1	5.435382909E-1
2.548770000E1	3.213265319E0
2.564780000E1	4.785999268E0
2.582370000E1	6.440691059E0
2.598366667E1	9.927457647E0
2.614370000E1	1.394093681E1
2.631973333E1	1.789616279E1
2.647963333E1	2.142916092E1
2.665573333E1	2.344027551E1
2.681576667E1	2.902404770E1
2.697576667E1	3.303056664E1
2.715160000E1	3.678571184E1
2.731170000E1	3.658725385E1
2.748760000E1	3.877899557E1
2.764760000E1	5.077794177E1
2.782363333E1	6.126865831E1
2.798363333E1	6.076642045E1
2.814360000E1	6.380159702E1
2.831960000E1	6.741172482E1
2.847976667E1	6.939149523E1
2.865560000E1	7.095797432E1
2.881573333E1	7.224432629E1
2.897566667E1	7.382317313E1
2.915156667E1	7.460948168E1
2.931160000E1	7.557544476E1
2.948763333E1	7.626142336E1
2.964763333E1	7.670598730E1
2.980770000E1	7.699824310E1
2.998363333E1	7.701956678E1
3.014370000E1	7.712503993E1
3.031966667E1	7.692884714E1
3.047956667E1	7.658782998E1
3.063973333E1	7.535679478E1
3.081553333E1	7.428149825E1
3.097563333E1	7.233206631E1
3.115170000E1	7.050943002E1
3.131163333E1	6.810905883E1
3.148750000E1	6.484917991E1
3.164753333E1	6.199314237E1
3.180756667E1	5.995892293E1
3.198363333E1	6.105857214E1
3.214376667E1	5.268027930E1
3.231956667E1	4.789125427E1
3.247956667E1	3.615660931E1
3.263960000E1	3.599710923E1
3.281560000E1	3.008451946E1
3.297566667E1	2.132885147E1
3.315163333E1	1.441902132E1
3.331166667E1	6.165770449E0
3.347176667E1	-1.051709876E0
3.364760000E1	-7.930854561E0
3.380760000E1	-1.520786479E1
3.398360000E1	-2.198831132E1
3.414360000E1	-2.820380443E1
3.430356667E1	-3.156965723E1
3.447963333E1	-3.694091901E1
3.463960000E1	-4.124712143E1
3.481550000E1	-4.287193784E1
3.497550000E1	-4.634526898E1
3.515156667E1	-4.780905042E1
3.531153333E1	-4.884175154E1
3.547176667E1	-4.891212706E1
3.564750000E1	-4.861289419E1
3.580750000E1	-4.784961884E1
3.598346667E1	-4.587500420E1
3.614360000E1	-4.264853269E1
3.630383333E1	-4.014797745E1
3.647950000E1	-3.682721177E1
3.663963333E1	-3.223052218E1
3.681560000E1	-2.989347014E1
3.697543333E1	-2.218967540E1
3.713550000E1	-1.894550423E1
3.731160000E1	-1.432217454E1
3.747160000E1	-9.081473881E0
3.764750000E1	-3.858029028E0
3.780760000E1	1.108549291E0
3.798356667E1	4.694067906E0
3.814350000E1	7.472890636E0
3.830346667E1	1.000193344E1
3.847950000E1	1.418245418E1
3.863946667E1	1.918615135E1
3.881550000E1	2.313334086E1
3.897546667E1	2.904561301E1
3.913546667E1	3.387961054E1
3.931156667E1	3.881933259E1
3.947156667E1	3.830251394E1
3.964750000E1	5.167369148E1
3.980740000E1	6.308633069E1
3.996756667E1	6.273783344E1
4.014356667E1	6.782892890E1
4.030356667E1	7.054863053E1
4.047956667E1	7.177007025E1
4.063960000E1	7.247239765E1
4.079986667E1	7.408070533E1
4.097540000E1	7.561160080E1
4.113556667E1	7.634355498E1
4.131140000E1	7.675446139E1
4.147140000E1	7.693239434E1
4.164750000E1	7.699555695E1
4.180750000E1	7.661832448E1
4.196743333E1	7.517659994E1
4.214360000E1	7.375064095E1
4.230343333E1	7.199707306E1
4.247946667E1	6.918909130E1
4.263943333E1	6.667458762E1
4.279956667E1	6.257671784E1
4.297536667E1	6.001180441E1
4.313540000E1	6.086639840E1
4.331140000E1	5.090807925E1
4.347143333E1	3.804523239E1
4.363140000E1	3.649652240E1
4.380756667E1	2.905865885E1
4.396746667E1	1.984710774E1
4.414343333E1	1.053310372E1
4.430336667E1	1.748441625E0
4.446336667E1	-6.589615741E0
4.463940000E1	-1.520376578E1
4.479950000E1	-2.319716324E1
4.497543333E1	-3.031574280E1
4.513550000E1	-3.522337811E1
4.531130000E1	-3.980824647E1
4.547140000E1	-4.377776980E1
4.563140000E1	-4.676519851E1
4.580740000E1	-4.818276349E1
4.596746667E1	-4.866548228E1
4.614333333E1	-4.871883618E1
4.630340000E1	-4.664566803E1
4.646336667E1	-4.368366889E1
4.663930000E1	-4.007319135E1
4.679936667E1	-3.521896784E1
4.697530000E1	-3.014274790E1
4.713530000E1	-2.668898338E1
4.729533333E1	-1.677299793E1
4.747130000E1	-1.306569398E1
4.763133333E1	-6.837799258E0
4.780730000E1	1.504070708E-2
4.796726667E1	5.140835817E0
4.814320000E1	9.124192866E0
4.830333333E1	1.279177266E1
4.846356667E1	1.805593097E1
4.863940000E1	2.387299382E1
4.879946667E1	3.024674456E1
4.897523333E1	3.594636049E1
4.913536667E1	3.701385629E1
4.929526667E1	5.102621995E1
4.947143333E1	6.078159007E1
4.963143333E1	6.524404624E1
4.980723333E1	6.999952429E1
4.996730000E1	7.095347459E1
5.012733333E1	7.218149315E1
5.030326667E1	7.446500789E1
5.046353333E1	7.630215895E1
5.063940000E1	7.675988300E1
5.079943333E1	7.691986886E1
5.095936667E1	7.691277955E1
5.113543333E1	7.664535245E1
5.129530000E1	7.476075279E1
5.147120000E1	7.257034394E1
5.163133333E1	6.929125363E1
5.180720000E1	6.614646248E1
5.196736667E1	6.126320456E1
5.212740000E1	6.162486346E1
5.230333333E1	5.146211662E1
5.246326667E1	3.804234074E1
5.263933333E1	3.524352753E1
5.279940000E1	2.441966578E1
5.295940000E1	1.316409896E1
5.313530000E1	2.454407441E0
5.329533333E1	-7.406218808E0
5.347136667E1	-1.806364610E1
5.363123333E1	-2.771595938E1
5.379140000E1	-3.472949723E1
5.396736667E1	-3.998058152E1
5.412733333E1	-4.429732700E1
5.430320000E1	-4.743258589E1
5.446356667E1	-4.826338072E1
5.462326667E1	-4.883915121E1
5.479926667E1	-4.714145436E1
5.495926667E1	-4.382852139E1
5.513536667E1	-3.897452256E1
5.529536667E1	-3.395038496E1
5.547123333E1	-2.916739861E1
5.563123333E1	-1.762130131E1
5.579123333E1	-1.404467689E1
5.596716667E1	-5.703856490E0
5.612726667E1	2.016343229E0
5.630326667E1	7.557543573E0
5.646320000E1	1.229600362E1
5.662326667E1	1.682017568E1
5.679930000E1	2.397944206E1
5.695920000E1	3.043470378E1
5.713526667E1	3.809820005E1
5.729533333E1	3.935832978E1
5.745533333E1	6.131974184E1
5.763113333E1	6.449479767E1
5.779123333E1	7.170276008E1
5.796716667E1	7.130056909E1
5.812723333E1	7.358127790E1
5.830323333E1	7.547283706E1
5.846330000E1	7.679987996E1
5.862333333E1	7.712075630E1
5.879926667E1	7.728282708E1
5.895923333E1	7.709034640E1
5.913516667E1	7.483672529E1
5.929526667E1	7.245164978E1
5.945526667E1	6.861671681E1
5.963130000E1	6.333902324E1
5.979130000E1	6.002074824E1
5.996723333E1	5.347430920E1
6.012713333E1	3.849348452E1
6.028720000E1	3.563557166E1
6.046326667E1	2.292150068E1
6.062330000E1	1.179061590E1
6.079926667E1	4.287119238E-2
6.095936667E1	-1.101609934E1
6.111926667E1	-2.217068979E1
6.129510000E1	-3.213151635E1
6.145516667E1	-3.825062876E1
6.163133333E1	-4.422994447E1
6.179116667E1	-4.807391883E1
6.196713333E1	-4.855226296E1
6.212716667E1	-4.875098252E1
6.228743333E1	-4.592082896E1
6.246320000E1	-4.106724499E1
6.262326667E1	-3.507597967E1
6.279913333E1	-2.729107080E1
6.295926667E1	-2.173343621E1
6.311920000E1	-1.188358961E1
6.329520000E1	-1.401264938E0
6.345520000E1	7.047280282E0
6.363113333E1	1.421907790E1
6.379120000E1	2.080801253E1
6.395116667E1	2.733210293E1
6.412716667E1	3.204006932E1
6.428723333E1	3.685230173E1
6.446330000E1	5.318849937E1
6.462313333E1	6.261970541E1
6.478320000E1	7.088233336E1
6.495923333E1	7.129641836E1
6.511920000E1	7.541472838E1
6.529510000E1	7.723694038E1
6.545520000E1	7.835484664E1
6.563100000E1	7.867242153E1
6.579116667E1	7.870594032E1
6.595120000E1	7.796525696E1
6.612710000E1	7.518635503E1
6.628706667E1	7.141189856E1
6.646313333E1	6.678763153E1
6.662310000E1	6.118199056E1
6.678313333E1	6.021509053E1
6.695903333E1	3.889736033E1
6.711920000E1	3.435536968E1
6.729513333E1	1.836174207E1
6.745513333E1	5.993241031E0
6.761513333E1	-7.892253101E0
6.779103333E1	-2.002792635E1
6.795113333E1	-3.069354178E1
6.812703333E1	-3.827766599E1
6.828706667E1	-4.462682883E1
6.846296667E1	-4.775430187E1
6.862313333E1	-4.892117470E1
6.878316667E1	-4.770760750E1
6.895906667E1	-4.364309378E1
6.911903333E1	-3.802483563E1
6.929503333E1	-2.987610971E1
6.945516667E1	-2.213928287E1
6.961510000E1	-1.260443780E1
6.979113333E1	-2.848903728E0
6.995103333E1	5.748709253E0
7.012710000E1	1.226226444E1
7.028713333E1	1.840218832E1
7.044716667E1	2.694367274E1
7.062313333E1	3.672247761E1
7.078306667E1	3.966195127E1
7.095903333E1	6.148092866E1
7.111900000E1	6.604513228E1
7.127906667E1	7.422619470E1
7.145513333E1	7.643971080E1
7.161506667E1	7.865632264E1
7.179110000E1	7.943177334E1
7.195093333E1	8.065548500E1
7.212690000E1	8.064787021E1
7.228703333E1	7.847758415E1
7.244703333E1	7.504847978E1
7.262296667E1	7.057767356E1
7.278300000E1	6.466090493E1
7.295903333E1	6.003741353E1
7.311896667E1	5.026858359E1
7.327900000E1	3.605990811E1
7.345510000E1	2.137987192E1
7.361503333E1	7.787717923E0
7.379106667E1	-6.486921775E0
7.395110000E1	-2.019571580E1
7.411103333E1	-3.222785002E1
7.428690000E1	-3.894147741E1
7.444693333E1	-4.606730658E1
7.462310000E1	-4.802226717E1
7.478300000E1	-4.893415341E1
7.495886667E1	-4.612182322E1
7.511890000E1	-4.074678943E1
7.527916667E1	-3.405899494E1
7.545506667E1	-2.416770726E1
7.561500000E1	-1.572035219E1
7.579103333E1	-4.268986984E0
7.595093333E1	5.816802476E0
7.611103333E1	1.328314593E1
7.628703333E1	2.034983152E1
7.644706667E1	2.867515146E1
7.662283333E1	3.940062695E1
7.678293333E1	5.032090937E1
7.694296667E1	6.084723816E1
7.711896667E1	7.072332501E1
7.727886667E1	7.435063328E1
7.745500000E1	7.778243595E1
7.761493333E1	7.983844704E1
7.777490000E1	8.058776959E1
7.795090000E1	8.046455997E1
7.811103333E1	7.897117249E1
7.828686667E1	7.643391741E1
7.844710000E1	7.137933715E1
7.862296667E1	6.514704267E1
7.878290000E1	6.013135038E1
7.894290000E1	5.088235645E1
7.911893333E1	3.588559737E1
7.927903333E1	2.184731303E1
7.945483333E1	6.599336948E0
7.961486667E1	-8.130015747E0
7.977490000E1	-2.281669457E1
7.995083333E1	-3.326851284E1
8.011100000E1	-4.133060755E1
8.028693333E1	-4.740481186E1
8.044690000E1	-4.818725077E1
8.060706667E1	-4.802400169E1
8.078296667E1	-4.312508132E1
8.094300000E1	-3.605264811E1
8.111886667E1	-2.747302600E1
8.127886667E1	-1.748779209E1
8.143906667E1	-6.417282781E0
8.161503333E1	5.308811714E0
8.177500000E1	1.312616204E1
8.195093333E1	2.094948176E1
8.211083333E1	2.903365163E1
8.228683333E1	3.937041993E1
8.244693333E1	5.113631490E1
8.260693333E1	6.115288496E1
8.278283333E1	7.278121099E1
8.294293333E1	7.572532630E1
8.311873333E1	7.877486759E1
8.327886667E1	8.073768169E1
8.343903333E1	8.082372946E1
8.361480000E1	8.076709690E1
8.377500000E1	7.820430188E1
8.395086667E1	7.459628842E1
8.411080000E1	6.925849970E1
8.427086667E1	6.280850895E1
8.444673333E1	6.068295943E1
8.460693333E1	3.763432086E1
8.478290000E1	2.774585685E1
8.494290000E1	9.824980698E0
8.511886667E1	-5.743658511E0
8.527876667E1	-2.064797406E1
8.543886667E1	-3.389396157E1
8.561490000E1	-4.076581266E1
8.577493333E1	-4.690554027E1
8.595080000E1	-4.895007484E1
8.611086667E1	-4.798387480E1
8.627093333E1	-4.328577174E1
8.644676667E1	-3.507386961E1
8.660680000E1	-2.652438943E1
8.678286667E1	-1.603893449E1
8.694286667E1	-3.630231008E0
8.710303333E1	7.020601983E0
8.727900000E1	1.581718366E1
8.743886667E1	2.305733788E1
8.761476667E1	3.104683922E1
8.777486667E1	3.776264147E1
8.793490000E1	6.218627055E1
8.811080000E1	6.882594692E1
8.827076667E1	7.566485482E1
8.844683333E1	7.824905685E1
8.860670000E1	8.042576562E1
8.878280000E1	8.074902947E1
8.894280000E1	8.070521878E1
8.910290000E1	7.874419389E1
8.927880000E1	7.484607203E1
8.943890000E1	6.937622196E1
8.961466667E1	6.280506649E1
8.977470000E1	6.044417831E1
8.993483333E1	3.604358687E1
9.011090000E1	2.407758398E1
9.027090000E1	6.901491161E0
9.044670000E1	-9.091387865E0
9.060686667E1	-2.462101304E1
9.076686667E1	-3.615188918E1
9.094263333E1	-4.285409323E1
9.110273333E1	-4.884321611E1
9.127880000E1	-4.878000537E1
9.143883333E1	-4.686557192E1
9.159870000E1	-4.006362881E1
9.177476667E1	-3.082801322E1
9.193473333E1	-1.984696439E1
9.211073333E1	-9.183164604E0
9.227076667E1	4.101526748E0
9.244680000E1	1.404469464E1
9.260680000E1	2.292891548E1
9.276683333E1	3.163184157E1
9.294266667E1	3.729352619E1
9.310273333E1	6.121885797E1
9.327863333E1	6.612513190E1
9.343876667E1	7.480401136E1
9.359876667E1	7.865355808E1
9.377483333E1	7.930736712E1
9.393480000E1	8.034465823E1
9.411060000E1	7.994119890E1
9.427073333E1	7.719639654E1
9.443076667E1	7.371468275E1
9.460670000E1	6.723663034E1
9.476680000E1	6.057457571E1
9.494276667E1	5.095325117E1
9.510270000E1	3.629412514E1
9.527856667E1	1.824356493E1
9.543883333E1	5.615433464E-1
9.559893333E1	-1.594606151E1
9.577463333E1	-3.163349513E1
9.593480000E1	-3.907584016E1
9.611056667E1	-4.692588661E1
9.627063333E1	-4.822330352E1
9.643070000E1	-4.748510882E1
9.660676667E1	-4.235363778E1
9.676673333E1	-3.374800332E1
9.694270000E1	-2.200881063E1
9.710276667E1	-1.139474409E1
9.726276667E1	1.795236785E0
9.743866667E1	1.333406059E1
9.759870000E1	2.260746248E1
9.777456667E1	3.195555257E1
9.793463333E1	3.716997524E1
9.809460000E1	6.117869880E1
9.827066667E1	6.730337832E1
9.843090000E1	7.419288691E1
9.860666667E1	7.831048090E1
9.876670000E1	7.941697748E1
9.894266667E1	7.974301820E1
9.910263333E1	7.922207879E1
9.926270000E1	7.641437172E1
9.943873333E1	7.084602352E1
9.959860000E1	6.306778999E1
9.977450000E1	6.027976856E1
9.993453333E1	3.568506691E1
1.000946000E2	2.203071535E1
1.002707000E2	3.253320557E0
1.004306333E2	-1.488748681E1
1.006066000E2	-3.190154069E1
1.007666333E2	-3.992122234E1
1.009267333E2	-4.785158486E1
1.011025667E2	-4.827064749E1
1.012627333E2	-4.552919131E1
1.014387000E2	-3.854843400E1
1.015986667E2	-2.698421632E1
1.017586000E2	-1.599845498E1
1.019346333E2	-1.207366009E0
1.020946000E2	1.497845180E1
1.022705667E2	2.766711312E1
1.024306667E2	3.667887494E1
1.026064333E2	4.948564908E1
1.027665333E2	6.366033511E1
1.029265333E2	7.984476595E1
1.031024667E2	8.498881545E1
1.032625000E2	8.873748928E1
1.034384667E2	8.891690250E1
1.035985667E2	8.888336416E1
1.037587000E2	8.654778784E1
1.039345000E2	8.120466422E1
1.040946000E2	7.490837200E1
1.042704667E2	6.511156147E1
1.044306667E2	4.765732196E1
1.045906000E2	2.734183386E1
1.047665333E2	8.166689051E0
1.049265333E2	-1.093228987E1
1.051025333E2	-2.850815728E1
1.052626667E2	-3.900199145E1
1.054386000E2	-4.628160961E1
1.055985667E2	-4.811079062E1
1.057588333E2	-4.578533025E1
1.059346333E2	-3.862803203E1
1.060945000E2	-2.679984744E1
1.062705000E2	-1.316344109E1
1.064306333E2	9.410887957E-1
1.065906333E2	1.628968078E1
1.067665333E2	2.740137446E1
1.069266000E2	3.876037719E1
1.071025000E2	5.061018446E1
1.072625333E2	6.362689220E1
1.074227667E2	7.671148777E1
1.075984667E2	7.879660659E1
1.077585667E2	8.207765194E1
1.079346000E2	8.286292598E1
1.080945333E2	8.261005781E1
1.082545000E2	7.882522935E1
1.084305333E2	7.274432425E1
1.085905333E2	6.473174011E1
1.087666000E2	5.278621881E1
1.089266333E2	3.381444712E1
1.091024667E2	1.348226216E1
1.092625000E2	-6.401900718E0
1.094224667E2	-2.490109796E1
1.095984667E2	-3.859704508E1
1.097585667E2	-4.579183117E1
1.099345333E2	-4.904602767E1
1.100945000E2	-4.634660090E1
1.102544333E2	-3.907506224E1
1.104303667E2	-2.765022543E1
1.105906000E2	-1.398704631E1
1.107664000E2	9.651343613E-1
1.109265667E2	1.701250151E1
1.110865000E2	3.021020839E1
1.112625333E2	3.677066816E1
1.114224667E2	6.139057046E1
1.115985333E2	6.889105443E1
1.117584333E2	7.514785579E1
1.119184667E2	7.936827676E1
1.120945000E2	8.080645383E1
1.122545333E2	8.124241569E1
1.124305000E2	7.911236835E1
1.125904333E2	7.419966328E1
1.127663333E2	6.587389694E1
1.129263667E2	6.135237745E1
1.130864000E2	3.578331588E1
1.132623667E2	2.008823431E1
1.134224333E2	-1.773076513E0
1.135983667E2	-2.158082886E1
1.137583333E2	-3.783827042E1
1.139187333E2	-4.541273284E1
1.140944000E2	-4.904046479E1
1.142544667E2	-4.507590245E1
1.144304000E2	-3.679711988E1
1.145904667E2	-2.507517961E1
1.147505000E2	-9.035358304E0
1.149263333E2	6.347691848E0
1.150864000E2	2.236802909E1
1.152624333E2	3.463940610E1
1.154225000E2	3.720984770E1
1.155984333E2	6.114000956E1
1.157585000E2	7.060000000E1
1.159183667E2	7.060000000E1
1.160943667E2	8.037402599E1
1.162544000E2	8.159463282E1
1.164302667E2	8.078705791E1
1.165903000E2	7.581400805E1
1.167505000E2	6.809380555E1
1.169264000E2	6.017456001E1
1.170863667E2	3.730314671E1
1.172624667E2	2.059698846E1
1.174224667E2	-8.030949076E-1
1.175825000E2	-2.080637469E1
1.177583333E2	-3.813497911E1
1.179184000E2	-4.515304332E1
1.180943000E2	-4.983857484E1
1.182544000E2	-4.585303377E1
1.184143333E2	-3.588810884E1
1.185903333E2	-2.310763572E1
1.187503333E2	-8.781751151E0
1.189264333E2	7.179979608E0
1.190862667E2	2.128029397E1
1.192623333E2	3.417822199E1
1.194224667E2	3.817209438E1
1.195825000E2	6.076900320E1
1.197583333E2	7.659122021E1
1.199183000E2	7.884125268E1
1.200942000E2	8.073010140E1
1.202542667E2	8.180424721E1
1.204143333E2	7.983322181E1
1.205903333E2	7.427326752E1
1.207503000E2	6.558346669E1
1.209263333E2	6.043354228E1
1.210864000E2	3.567814657E1
1.212464667E2	1.440000000E1
1.214223333E2	-8.985006406E0
1.215823667E2	-2.929110036E1
1.217583333E2	-4.189370988E1
1.219184333E2	-4.796233185E1
1.220783667E2	-4.887753293E1
1.222543667E2	-4.197350865E1
1.224144667E2	-3.045854884E1
1.225902000E2	-1.601441887E1
1.227503333E2	1.631357067E0
1.229262000E2	1.727542698E1
1.230862667E2	3.179645946E1
1.232462667E2	3.791787214E1
1.234223667E2	6.100512655E1
1.235823000E2	7.474343436E1
1.237582667E2	7.480645641E1
1.239183667E2	7.806951893E1
1.240782667E2	7.952200134E1
1.242542000E2	7.873743407E1
1.244144333E2	7.354508653E1
1.245903000E2	6.460235975E1
1.247502333E2	6.042715637E1
1.249104000E2	3.751956788E1
1.250862333E2	1.540000000E1
1.252463000E2	-8.484079080E0
1.254223667E2	-2.958894956E1
1.255823667E2	-4.246833416E1
1.257582333E2	-4.873214611E1
1.259183333E2	-4.888418215E1
1.260783333E2	-3.985018477E1
1.262542333E2	-2.682991533E1
1.264143333E2	-1.192689171E1
1.265903000E2	6.274327305E0
1.267503333E2	2.474077038E1
1.269102667E2	3.806962723E1
1.270861667E2	5.043170690E1
1.272462333E2	6.726533089E1
1.274221667E2	8.080128595E1
1.275822000E2	8.159948270E1
1.277424000E2	8.278217304E1
1.279182667E2	8.295317884E1
1.280782667E2	7.882344075E1
1.282543333E2	7.210455096E1
1.284143333E2	6.163262908E1
1.285742667E2	3.775008146E1
1.287503333E2	1.906728470E1
1.289103333E2	-3.978155842E0
1.290861333E2	-2.595985726E1
1.292462333E2	-4.092142842E1
1.294222667E2	-4.733372853E1
1.295823000E2	-4.786852065E1
1.297423667E2	-3.987507050E1
1.299181667E2	-2.780644783E1
1.300782000E2	-1.189600502E1
1.302541667E2	6.622140179E0
1.304142000E2	2.214573385E1
1.305742667E2	3.601950230E1
1.307501333E2	3.999048535E1
1.309103000E2	6.443755532E1
1.310861667E2	7.959848392E1
1.312461667E2	8.189440921E1
1.314062333E2	8.234365009E1
1.315821333E2	8.239542159E1
1.317422667E2	7.724094005E1
1.319182333E2	6.964475077E1
1.320782667E2	6.015671967E1
1.322382333E2	3.486183828E1
1.324141667E2	1.453581111E1
1.325741333E2	-8.777364711E0
1.327502333E2	-2.988799977E1
1.329101667E2	-4.269942296E1
1.330861667E2	-4.838133622E1
1.332461000E2	-4.687563595E1
1.334061333E2	-3.762735952E1
1.335822000E2	-2.402189652E1
1.337421000E2	-7.083056662E0
1.339181333E2	1.202630567E1
1.340781667E2	2.826033611E1
1.342382000E2	3.685557473E1
1.344142667E2	6.177384216E1
1.345740667E2	7.397479387E1
1.347501667E2	7.672706202E1
1.349102333E2	8.032618023E1
1.350702000E2	8.176108088E1
1.352462333E2	8.007069647E1
1.354061667E2	7.425535385E1
1.355820667E2	6.429524766E1
1.357422000E2	5.238015335E1
1.359181667E2	3.195199697E1
1.360780667E2	5.247598703E0
1.362382333E2	-1.762622228E1
1.364141667E2	-3.761169749E1
1.365741333E2	-4.570887053E1
1.367500667E2	-4.874120363E1
1.369101667E2	-4.242168953E1
1.370701333E2	-2.961555814E1
1.372461000E2	-1.459306700E1
1.374062333E2	3.985709210E0
1.375820000E2	2.477448801E1
1.377420333E2	3.866704579E1
1.379022333E2	5.270332397E1
1.380779667E2	6.972989807E1
1.382383000E2	8.277059896E1
1.384142000E2	8.597102952E1
1.385741333E2	8.576365231E1
1.387342000E2	8.500509324E1
1.389101667E2	7.880533040E1
1.390700667E2	6.922271120E1
1.392460333E2	6.103117794E1
1.394061000E2	3.240502814E1
1.395821000E2	1.140000000E1
1.397421333E2	-1.637006185E1
1.399020000E2	-3.740590576E1
1.400781667E2	-4.551729472E1
1.402381333E2	-4.969315542E1
1.404140000E2	-4.284855202E1
1.405741000E2	-2.941273102E1
1.407341000E2	-1.329821858E1
1.409100333E2	5.309854378E0
1.410700000E2	2.244027781E1
1.412459667E2	3.774756434E1
1.414062333E2	4.883945212E1
1.415660667E2	6.833626566E1
1.417421000E2	7.953960528E1
1.419021333E2	7.943462357E1
1.420779667E2	8.054187035E1
1.422381333E2	7.881538552E1
1.423981333E2	7.324589660E1
1.425740667E2	6.196158594E1
1.427341333E2	5.029684102E1
1.429101000E2	2.682050602E1
1.430700333E2	-1.097846145E0
1.432459000E2	-2.399879228E1
1.434061667E2	-4.212021695E1
1.435659667E2	-4.742119528E1
1.437419667E2	-4.775298458E1
1.439021000E2	-3.802720658E1
1.440780333E2	-2.256024300E1
1.442380000E2	-4.597415109E0
1.443981000E2	1.474138654E1
1.445740333E2	3.067956995E1
1.447340333E2	3.953869592E1
1.449101000E2	6.336321659E1
1.450700333E2	8.095024546E1
1.452300000E2	8.066351855E1
1.454060667E2	8.215262130E1
1.455660000E2	8.207811086E1
1.457419000E2	7.710171711E1
1.459019667E2	6.791710019E1
1.460780333E2	6.087011456E1
1.462380000E2	3.332478418E1
1.463980000E2	7.136375330E0
1.465740667E2	-1.707896652E1
1.467341000E2	-3.847055558E1
1.469100333E2	-4.585259879E1
1.470700000E2	-4.898302840E1
1.472299667E2	-4.066287944E1
1.474059000E2	-2.525939403E1
1.475661333E2	-8.989800380E0
1.477419333E2	1.043950022E1
1.479020667E2	2.988985533E1
1.480620000E2	3.866239166E1
1.482378667E2	6.296897481E1
1.483979333E2	8.024797483E1
1.485738667E2	8.046424992E1
1.487339333E2	8.272447090E1
1.488940667E2	8.295819911E1
1.490699333E2	7.780890273E1
1.492299333E2	6.872208860E1
1.494060000E2	6.111994474E1
1.495659667E2	3.300701426E1
1.497418000E2	1.240000000E1
1.499019333E2	-1.919694740E1
1.500620000E2	-3.984832910E1
1.502380000E2	-4.724205569E1
1.503979667E2	-4.815459608E1
1.505739667E2	-3.918567723E1
1.507338667E2	-2.281514061E1
1.508939333E2	-3.519118240E0
1.510698333E2	1.576146746E1
1.512300667E2	3.361530158E1
1.514060000E2	4.834481227E1
1.515658333E2	6.733819128E1
1.517259333E2	8.193321065E1
1.519018667E2	8.015859128E1
1.520620000E2	8.186920291E1
1.522378333E2	8.028541900E1
1.523979000E2	7.386666873E1
1.525579333E2	6.271900885E1
1.527339333E2	4.562990560E1
1.528938667E2	1.989497071E1
1.530698333E2	-7.193095018E0
1.532299667E2	-3.109453505E1
1.534058000E2	-4.497141146E1
1.535659667E2	-4.898469838E1
1.537260000E2	-4.362944676E1
1.539018000E2	-2.877458050E1
1.540619667E2	-1.050452995E1
1.542378000E2	9.932578503E0
1.543979667E2	3.023984143E1
1.545578333E2	3.955873789E1
1.547338333E2	6.517760569E1
1.548939667E2	8.403939742E1
1.550698667E2	8.251671838E1
1.552298333E2	8.309964491E1
1.553900667E2	8.296271743E1
1.555658667E2	7.651760080E1
1.557259333E2	6.479499148E1
1.559019000E2	4.717765627E1
1.560618000E2	1.889147119E1
1.562378000E2	-9.102135819E0
1.563979333E2	-3.366653853E1
1.565578667E2	-4.544801348E1
1.567338000E2	-4.895468528E1
1.568939333E2	-4.280557797E1
1.570698333E2	-2.680765957E1
1.572297667E2	-7.916177210E0
1.573897333E2	1.221112701E1
1.575659000E2	3.177109285E1
1.577257667E2	3.967623214E1
1.579017667E2	6.636622408E1
1.580618333E2	8.083354432E1
1.582219000E2	8.063996101E1
1.583978000E2	8.126809350E1
1.585579000E2	7.874272062E1
1.587337667E2	7.099807390E1
1.588939333E2	5.986569817E1
1.590539000E2	3.498149224E1
1.592298000E2	1.147159594E1
1.593897667E2	-1.709835885E1
1.595657667E2	-3.900332098E1
1.597258000E2	-4.774484922E1
1.599017667E2	-4.846919291E1
1.600618000E2	-3.682123230E1
1.602217667E2	-1.888215772E1
1.603979333E2	2.350793140E-1
1.605578000E2	2.340017533E1
1.607337333E2	3.934285276E1
1.608937333E2	6.122866932E1
1.610537667E2	7.745678685E1
1.612297333E2	8.102331637E1
1.613898667E2	8.316886955E1
1.615657000E2	8.312305533E1
1.617257333E2	7.684481191E1
1.618858667E2	6.499107379E1
1.620617667E2	4.737349851E1
1.622217667E2	1.892078145E1
1.623978000E2	-1.046227095E1
1.625577667E2	-3.580593550E1
1.627177667E2	-4.545876493E1
1.628938000E2	-4.907831269E1
1.630538000E2	-3.968117059E1
1.632297667E2	-2.077675618E1
1.633899333E2	-2.456721817E0
1.635657000E2	1.965263398E1
1.637257000E2	3.707115095E1
1.638857667E2	5.239948532E1
1.640617333E2	7.303831125E1
1.642218667E2	7.673298313E1
1.643977333E2	7.913919638E1
1.645577667E2	7.915670869E1
1.647177000E2	7.315701990E1
1.648937000E2	6.200467404E1
1.650536667E2	3.904623497E1
1.652296000E2	2.071667873E1
1.653898000E2	-8.781728236E0
1.655498333E2	-3.500420584E1
1.657258000E2	-4.592422492E1
1.658857000E2	-4.807776868E1
1.660617667E2	-3.865264107E1
1.662216667E2	-1.984186754E1
1.663976000E2	4.023867256E-1
1.665576333E2	2.202198869E1
1.667176667E2	3.704033017E1
1.668937333E2	6.112825749E1
1.670536333E2	7.849914913E1
1.672297000E2	7.763466219E1
1.673898000E2	7.961572997E1
1.675496667E2	7.742803430E1
1.677255667E2	7.001060261E1
1.678857667E2	6.123115597E1
1.680615667E2	3.431874084E1
1.682216667E2	1.140000000E1
1.683819000E2	-2.385429918E1
1.685577000E2	-4.414995219E1
1.687177333E2	-4.848560497E1
1.688937333E2	-4.366969686E1
1.690535667E2	-2.706290078E1
1.692136667E2	-4.964391846E0
1.693896667E2	1.678844114E1
1.695497333E2	3.563677282E1
1.697257333E2	5.193363516E1
1.698857000E2	7.454156948E1
1.700616333E2	7.802173145E1
1.702215667E2	8.077132381E1
1.703816333E2	8.016469285E1
1.705576333E2	7.295464561E1
1.707177000E2	6.034714065E1
1.708935333E2	3.531569300E1
1.710536000E2	1.010665002E1
1.712136333E2	-1.878422006E1
1.713895333E2	-4.112763676E1
1.715497333E2	-4.904189274E1
1.717257000E2	-4.606108554E1
1.718856333E2	-3.085947834E1
1.720458333E2	-7.389663656E0
1.722216000E2	1.308344238E1
1.723817000E2	3.392263213E1
1.725575000E2	4.994896729E1
1.727177000E2	7.296957368E1
1.728776333E2	7.806028449E1
1.730536333E2	8.013218340E1
1.732136333E2	7.889345480E1
1.733896000E2	7.170692173E1
1.735495667E2	5.981963197E1
1.737256333E2	3.700382512E1
1.738855667E2	9.026855406E0
1.740455667E2	-2.018020355E1
1.742215667E2	-4.204995359E1
1.743817333E2	-4.907777916E1
1.745576333E2	-4.428014350E1
1.747176000E2	-2.718944500E1
1.748776000E2	-5.253998499E0
1.750535000E2	1.731891603E1
1.752136000E2	3.691345290E1
1.753896333E2	5.399828621E1
1.755496667E2	7.624527306E1
1.757097000E2	7.812674013E1
1.758855667E2	8.094418600E1
1.760455667E2	7.874901631E1
1.762215667E2	7.070990938E1
1.763815000E2	6.173660436E1
1.765575333E2	3.103976883E1
1.767176000E2	-1.855340419E0
1.768775333E2	-3.033101024E1
1.770535333E2	-4.564266009E1
1.772134667E2	-4.772011315E1
1.773894333E2	-3.959727926E1
1.775494667E2	-1.810634658E1
1.777096000E2	3.935541451E0
1.778854667E2	2.625363700E1
1.780455000E2	3.914087378E1
1.782214333E2	6.644191769E1
1.783816333E2	7.789504991E1
1.785417000E2	8.066291384E1
1.787174333E2	8.070858483E1
1.788775000E2	7.428082886E1
1.790534667E2	6.141410916E1
1.792135667E2	3.576669070E1
1.793736000E2	1.115680814E1
1.795495000E2	-2.075460719E1
1.797097333E2	-4.309391563E1
1.798855333E2	-4.794166683E1
1.800454667E2	-4.175222200E1
1.802214667E2	-2.273038047E1
1.803817000E2	2.449998995E-1
1.805415000E2	2.418798703E1
1.807175000E2	3.720721228E1
1.808775000E2	6.511677185E1
1.810534667E2	7.914245851E1
1.812135000E2	7.954464985E1
1.813736000E2	7.992484642E1
1.815494667E2	7.400069334E1
1.817095000E2	6.174670563E1
1.818854667E2	3.548812757E1
1.820454000E2	9.462305225E0
1.822054333E2	-2.197120829E1
1.823816667E2	-4.376626915E1
1.825416333E2	-4.805823081E1
1.827174667E2	-4.092594516E1
1.828775667E2	-2.084795656E1
1.830376000E2	3.010355896E0
1.832134333E2	2.589013276E1
1.833735000E2	3.936421241E1
1.835494667E2	6.746113134E1
1.837094333E2	7.621577626E1
1.838854333E2	7.973027771E1
1.840456000E2	7.903019779E1
1.842056333E2	7.106796246E1
1.843814667E2	6.161537312E1
1.845413667E2	3.405824001E1
1.847173333E2	1.140000000E1
1.848774000E2	-2.923250584E1
1.850374667E2	-4.611859876E1
1.852133667E2	-4.787812044E1
1.853734667E2	-3.599168009E1
1.855494333E2	-1.312757286E1
1.857095000E2	1.010919055E1
1.858695333E2	3.408904121E1
1.860453667E2	5.242251255E1
1.862053667E2	7.705289438E1
1.863816000E2	8.000772310E1
1.865414333E2	8.215520241E1
1.867173333E2	7.840028336E1
1.868774667E2	6.813196508E1
1.870374333E2	5.105932718E1
1.872134667E2	1.784437095E1
1.873734667E2	-1.421854450E1
1.875493667E2	-4.173437119E1
1.877094000E2	-4.797912862E1
1.878694667E2	-4.315828752E1
1.880453333E2	-2.180578151E1
1.882054000E2	3.837217181E0
1.883812667E2	2.594835977E1
1.885413667E2	4.832319842E1
1.887014000E2	7.105497628E1
1.888776333E2	7.801651534E1
1.890373333E2	7.842303581E1
1.892133000E2	7.715430679E1
1.893733333E2	6.810074536E1
1.895333667E2	5.185024228E1
1.897092667E2	2.307629109E1
1.898693667E2	-1.111855516E1
1.900453000E2	-4.095898937E1
1.902055667E2	-4.767838544E1
1.903813667E2	-4.423754008E1
1.905414333E2	-2.566291822E1
1.907013667E2	2.533061215E0
1.908772667E2	2.310946664E1
1.910373667E2	2.314365879E1
1.912133333E2	2.372931404E1
1.913734333E2	2.324576482E1
1.915333667E2	2.330527563E1
1.917093333E2	2.308114803E1
1.918693000E2	2.348021699E1
1.920452667E2	2.303323712E1
1.922053667E2	2.316218501E1
