mass_A
t	x
0.000000000E0	-9.288824383E-1
1.760000000E-1	-9.186791797E-1
3.360333333E-1	-9.263217440E-1
5.119666667E-1	-9.269676321E-1
6.720666667E-1	-9.252193061E-1
8.321666667E-1	-9.287258871E-1
1.008066667E0	-9.262620932E-1
1.168133333E0	-9.315574356E-1
1.344033333E0	-9.193148152E-1
1.504133333E0	-9.328631285E-1
1.664166667E0	-9.358407390E-1
1.840166667E0	-9.319317243E-1
2.000033333E0	-9.277358109E-1
2.176100000E0	-9.345434740E-1
2.336000000E0	-9.449159807E-1
2.512000000E0	-9.235648112E-1
2.672000000E0	-9.131858575E-1
2.832166667E0	-9.225852973E-1
3.008033333E0	-9.197516986E-1
3.168133333E0	-9.217242478E-1
3.344033333E0	-9.103749973E-1
3.504033333E0	-1.953055153E0
3.664166667E0	-6.777427405E0
3.840100000E0	-1.010687140E1
4.000133333E0	-1.398938513E1
4.176000000E0	-1.789275259E1
4.336033333E0	-2.108419515E1
4.496000000E0	-2.482492674E1
4.671966667E0	-2.759474058E1
4.831966667E0	-3.002830782E1
5.008100000E0	-3.279855711E1
5.168100000E0	-3.460258044E1
5.328033333E0	-3.723690868E1
5.504000000E0	-3.825188072E1
5.664000000E0	-4.034676341E1
5.840033333E0	-4.185587726E1
6.000033333E0	-4.384768635E1
6.175900000E0	-4.486620019E1
6.336000000E0	-4.595746696E1
6.495966667E0	-4.694302084E1
6.671933333E0	-4.789630951E1
6.832066667E0	-4.837405425E1
7.008066667E0	-4.940866824E1
7.168000000E0	-4.915013677E1
7.327966667E0	-4.993648036E1
7.503933333E0	-4.992912493E1
7.664033333E0	-4.999324806E1
7.839966667E0	-5.016963843E1
8.000100000E0	-4.966818262E1
8.160000000E0	-4.881173498E1
8.335966667E0	-4.775251024E1
8.495933333E0	-4.694496891E1
8.672066667E0	-4.526386298E1
8.831900000E0	-4.302979782E1
9.007833333E0	-4.105277131E1
9.167966667E0	-3.973107262E1
9.327933333E0	-3.728233942E1
9.503900000E0	-3.374372885E1
9.664033333E0	-3.025168235E1
9.839900000E0	-2.514802408E1
9.999866667E0	-2.102055721E1
1.016000000E1	-1.898910689E1
1.033596667E1	-1.559886074E1
1.049600000E1	-1.279062103E1
1.067206667E1	-9.068497890E0
1.083203333E1	-5.174792245E0
1.099196667E1	-1.553868793E0
1.116790000E1	2.344762750E0
1.132796667E1	5.031630298E0
1.150383333E1	7.641324796E0
1.166416667E1	9.419017134E0
1.182393333E1	1.188495966E1
1.199990000E1	1.562554924E1
1.215986667E1	1.932044100E1
1.233593333E1	2.314012947E1
1.249603333E1	2.717697383E1
1.267196667E1	3.126084240E1
1.283203333E1	3.411538161E1
1.299200000E1	3.746002317E1
1.316786667E1	4.107855584E1
1.332790000E1	4.594654281E1
1.350376667E1	5.083527845E1
1.366380000E1	5.524719487E1
1.382400000E1	6.042937461E1
1.399986667E1	6.464618648E1
1.416003333E1	6.916940879E1
1.433583333E1	7.353558044E1
1.449596667E1	7.758751817E1
1.465600000E1	7.994197439E1
1.483196667E1	8.029898503E1
1.499190000E1	8.090734978E1
1.516796667E1	8.149661006E1
1.532793333E1	8.236933329E1
1.548790000E1	8.312510590E1
1.566386667E1	8.338238503E1
1.582403333E1	8.346917569E1
1.599983333E1	8.353559583E1
1.615983333E1	8.327011609E1
1.633583333E1	8.308932579E1
1.649576667E1	8.135362373E1
1.665586667E1	7.986043311E1
1.683183333E1	7.794543202E1
1.699193333E1	7.533094569E1
1.716793333E1	7.380479566E1
1.732776667E1	7.094423707E1
1.748783333E1	6.773712131E1
1.766383333E1	6.387486372E1
1.782376667E1	5.988765669E1
1.799983333E1	5.426933586E1
1.815993333E1	4.908302658E1
1.831986667E1	4.124251572E1
1.849576667E1	3.322702772E1
1.865580000E1	2.636904391E1
1.883180000E1	1.992300322E1
1.899186667E1	1.231218663E1
1.916780000E1	5.864548973E0
1.932790000E1	-1.009735097E0
1.948783333E1	-7.852760323E0
1.966390000E1	-1.385992382E1
1.982390000E1	-2.074114694E1
1.999970000E1	-2.674542951E1
2.015980000E1	-3.192786697E1
2.031976667E1	-3.562214866E1
2.049576667E1	-3.978416207E1
2.065576667E1	-4.287328580E1
2.083166667E1	-4.529305409E1
2.099183333E1	-4.777038981E1
2.115186667E1	-4.910272530E1
2.132783333E1	-4.982202171E1
2.148783333E1	-5.019586534E1
2.166383333E1	-5.017801752E1
2.182396667E1	-4.917707781E1
2.198383333E1	-4.773713932E1
2.215980000E1	-4.498535352E1
2.231980000E1	-4.183870990E1
2.249583333E1	-3.825657419E1
2.265583333E1	-3.418607411E1
2.283166667E1	-2.982062487E1
2.299170000E1	-2.418523350E1
2.315180000E1	-1.690616606E1
2.332776667E1	-1.155630868E1
2.348796667E1	-5.901413130E0
2.366380000E1	-7.084871697E-1
2.382370000E1	4.009432403E0
2.398373333E1	7.213038944E0
2.415980000E1	1.003390521E1
2.431976667E1	1.528257452E1
2.449580000E1	2.115466621E1
2.465573333E1	2.665837628E1
2.481583333E1	3.227886384E1
2.499170000E1	3.669378114E1
2.515176667E1	4.314798923E1
2.532773333E1	4.849244390E1
2.548803333E1	5.409495861E1
2.564780000E1	6.058444525E1
2.582370000E1	6.661651533E1
2.598373333E1	7.308399948E1
2.615976667E1	7.871093717E1
2.631966667E1	8.108977944E1
2.649570000E1	8.227626563E1
2.665576667E1	8.247329860E1
2.681580000E1	8.335915388E1
2.699186667E1	8.386517419E1
2.715173333E1	8.413952269E1
2.732756667E1	8.401479138E1
2.748770000E1	8.357108823E1
2.764770000E1	8.164541751E1
2.782376667E1	7.988860885E1
2.798380000E1	7.715616964E1
2.815976667E1	7.513801747E1
2.831970000E1	7.145579490E1
2.847970000E1	6.703687535E1
2.865580000E1	6.225316047E1
2.881600000E1	5.617810864E1
2.899173333E1	4.846764715E1
2.915176667E1	3.718808294E1
2.932766667E1	2.745041784E1
2.948773333E1	1.809996096E1
2.964770000E1	8.393442082E0
2.982363333E1	-1.088347358E-1
2.998363333E1	-8.894025442E0
3.015966667E1	-1.681135059E1
3.031973333E1	-2.516693726E1
3.047973333E1	-3.184155961E1
3.065560000E1	-3.646605995E1
3.081576667E1	-4.112611333E1
3.099166667E1	-4.527846923E1
3.115163333E1	-4.782016065E1
3.131176667E1	-4.969838300E1
3.148763333E1	-5.004240809E1
3.164773333E1	-5.003196312E1
3.182360000E1	-4.807900244E1
3.198366667E1	-4.495103719E1
3.214366667E1	-4.077561098E1
3.231956667E1	-3.506800611E1
3.247986667E1	-2.887488044E1
3.265560000E1	-2.247105160E1
3.281553333E1	-1.339578970E1
3.299156667E1	-5.826072975E0
3.315160000E1	1.206898669E0
3.331173333E1	8.057187873E0
3.348763333E1	1.274985381E1
3.364770000E1	1.786722058E1
3.382350000E1	2.344482867E1
3.398360000E1	3.095511486E1
3.414360000E1	3.705043838E1
3.431953333E1	4.432762842E1
3.447960000E1	5.096731081E1
3.465566667E1	5.894461799E1
3.481553333E1	6.631411417E1
3.497556667E1	7.508331790E1
3.515166667E1	8.022340110E1
3.531156667E1	8.019124114E1
3.548766667E1	8.168721674E1
3.564756667E1	8.310262023E1
3.580790000E1	8.376577055E1
3.598366667E1	8.388808979E1
3.614360000E1	8.354012913E1
3.631960000E1	8.167909940E1
3.647976667E1	7.914304276E1
3.665546667E1	7.601468804E1
3.681556667E1	7.229864360E1
3.697560000E1	6.830269057E1
3.715146667E1	6.253962094E1
3.731156667E1	5.511075805E1
3.748756667E1	4.515612950E1
3.764746667E1	3.303774468E1
3.780766667E1	2.124719827E1
3.798360000E1	1.019980125E1
3.814366667E1	-3.471752118E-1
3.831943333E1	-9.988456633E0
3.847966667E1	-2.018853646E1
3.863960000E1	-2.987712368E1
3.881546667E1	-3.595886644E1
3.897560000E1	-4.108288672E1
3.915153333E1	-4.633601508E1
3.931150000E1	-4.811802316E1
3.948756667E1	-5.011133303E1
3.964760000E1	-5.000737859E1
3.980756667E1	-4.849604105E1
3.998346667E1	-4.511956583E1
4.014353333E1	-4.019880441E1
4.031940000E1	-3.446174867E1
4.047960000E1	-2.706277812E1
4.063963333E1	-1.890776258E1
4.081556667E1	-9.390429735E0
4.097546667E1	1.861944738E-1
4.115140000E1	9.980774651E0
4.131150000E1	1.770651366E1
4.147150000E1	2.450165073E1
4.164756667E1	3.130364960E1
4.180756667E1	3.790835078E1
4.198346667E1	4.630342614E1
4.214356667E1	5.403208660E1
4.230346667E1	6.227015855E1
4.247946667E1	7.102479193E1
4.263950000E1	7.504344340E1
4.281556667E1	7.856517454E1
4.297556667E1	7.946686603E1
4.315143333E1	8.042808746E1
4.331140000E1	8.108225584E1
4.347150000E1	8.120596347E1
4.364743333E1	8.101609422E1
4.380753333E1	7.851316425E1
4.398350000E1	7.512859704E1
4.414340000E1	7.133617337E1
4.430346667E1	6.578363035E1
4.447950000E1	6.025433008E1
4.463940000E1	5.221196068E1
4.481553333E1	4.083155948E1
4.497553333E1	2.738121517E1
4.513536667E1	1.532284419E1
4.531140000E1	2.977013184E0
4.547163333E1	-8.578197657E0
4.564740000E1	-1.985131023E1
4.580740000E1	-2.983240781E1
4.596760000E1	-3.777824992E1
4.614343333E1	-4.303053278E1
4.630350000E1	-4.778805894E1
4.647936667E1	-4.971845879E1
4.663950000E1	-5.076871595E1
4.681546667E1	-4.864978157E1
4.697543333E1	-4.419955964E1
4.713556667E1	-3.801392265E1
4.731136667E1	-3.006928360E1
4.747143333E1	-2.154211411E1
4.764750000E1	-1.037778381E1
4.780753333E1	3.471229893E-1
4.796740000E1	8.990064112E0
4.814330000E1	1.674266875E1
4.830340000E1	2.399196350E1
4.847950000E1	3.145968200E1
4.863946667E1	3.854059950E1
4.879970000E1	5.004454510E1
4.897550000E1	6.014903926E1
4.913533333E1	6.907211823E1
4.931140000E1	7.713591882E1
4.947150000E1	7.880198281E1
4.964740000E1	8.199616132E1
4.980750000E1	8.355409060E1
4.996750000E1	8.368363633E1
5.014333333E1	8.323815838E1
5.030336667E1	8.044637651E1
5.047940000E1	7.713537542E1
5.063946667E1	7.225477040E1
5.079946667E1	6.652036515E1
5.097543333E1	5.938087736E1
5.113533333E1	4.882534566E1
5.131123333E1	3.275361600E1
5.147126667E1	1.811594341E1
5.163133333E1	4.236821045E0
5.180723333E1	-9.271883941E0
5.196740000E1	-2.207966899E1
5.214340000E1	-3.393929495E1
5.230336667E1	-3.992879982E1
5.246350000E1	-4.686536502E1
5.263933333E1	-4.942020903E1
5.279936667E1	-4.951668181E1
5.297530000E1	-4.686432710E1
5.313550000E1	-4.084840840E1
5.331130000E1	-3.303077352E1
5.347130000E1	-2.285792523E1
5.363146667E1	-1.142132981E1
5.380740000E1	1.003225805E0
5.396736667E1	1.181536732E1
5.414333333E1	2.093176389E1
5.430326667E1	2.987250301E1
5.446346667E1	3.829602186E1
5.463930000E1	4.957905698E1
5.479933333E1	5.918651703E1
5.497526667E1	6.923051180E1
5.513546667E1	7.786930118E1
5.529540000E1	8.037841043E1
5.547136667E1	8.185146472E1
5.563123333E1	8.299061880E1
5.580736667E1	8.317451601E1
5.596740000E1	8.117166839E1
5.614333333E1	7.782076195E1
5.630326667E1	7.281217203E1
5.646340000E1	6.625040082E1
5.663933333E1	5.783827370E1
5.679930000E1	4.413029938E1
5.697533333E1	2.690538203E1
5.713523333E1	1.051918444E1
5.729526667E1	-4.779479225E0
5.747136667E1	-1.800906635E1
5.763120000E1	-3.189059104E1
5.780716667E1	-4.004430139E1
5.796720000E1	-4.655836964E1
5.812740000E1	-5.007386342E1
5.830323333E1	-4.985570840E1
5.846350000E1	-4.705367254E1
5.863933333E1	-4.024219482E1
5.879916667E1	-3.088816701E1
5.895926667E1	-1.975115298E1
5.913523333E1	-7.354846341E0
5.929546667E1	5.028296979E0
5.947140000E1	1.677873260E1
5.963133333E1	2.660127613E1
5.980730000E1	3.599848497E1
5.996720000E1	4.345341393E1
6.012726667E1	5.710938077E1
6.030323333E1	7.012022996E1
6.046340000E1	7.960030064E1
6.063930000E1	8.103796624E1
6.079916667E1	8.201730414E1
6.095936667E1	8.209007255E1
6.113516667E1	8.241982407E1
6.129520000E1	7.997803792E1
6.147116667E1	7.529880949E1
6.163120000E1	6.900420838E1
6.179140000E1	6.200151276E1
6.196726667E1	5.033696095E1
6.212713333E1	3.319836284E1
6.230323333E1	1.625242942E1
6.246326667E1	-2.407221832E-1
6.262323333E1	-1.542807910E1
6.279940000E1	-3.062309298E1
6.295926667E1	-4.036352382E1
6.313516667E1	-4.677388724E1
6.329523333E1	-5.003612949E1
6.347123333E1	-4.943659043E1
6.363120000E1	-4.541847902E1
6.379130000E1	-3.662648023E1
6.396720000E1	-2.644021043E1
6.412716667E1	-1.283786627E1
6.430323333E1	9.528372974E-1
6.446310000E1	1.402968949E1
6.462326667E1	2.498066963E1
6.479913333E1	3.503775112E1
6.495926667E1	4.406653174E1
6.513523333E1	5.723639487E1
6.529520000E1	7.106098864E1
6.545523333E1	7.898118440E1
6.563116667E1	8.038789746E1
6.579116667E1	8.197317893E1
6.596720000E1	8.200566940E1
6.612723333E1	8.167049981E1
6.630306667E1	7.852548932E1
6.646313333E1	7.304860103E1
6.662310000E1	6.603822443E1
6.679926667E1	5.666012350E1
6.695913333E1	4.249294656E1
6.713516667E1	2.329748119E1
6.729506667E1	6.473554942E0
6.745510000E1	-1.084617478E1
6.763126667E1	-2.570633853E1
6.779116667E1	-3.899043825E1
6.796716667E1	-4.492853826E1
6.812723333E1	-4.996114480E1
6.828720000E1	-4.967618339E1
6.846310000E1	-4.549449564E1
6.862313333E1	-3.620894103E1
6.879910000E1	-2.608581039E1
6.895920000E1	-1.240207108E1
6.911916667E1	3.272949164E0
6.929506667E1	1.638760024E1
6.945530000E1	2.762765717E1
6.963116667E1	3.885819221E1
6.979120000E1	4.664021629E1
6.996706667E1	6.106322536E1
7.012706667E1	7.517615678E1
7.028710000E1	7.927733579E1
7.046316667E1	8.198317342E1
7.062310000E1	8.346539594E1
7.079900000E1	8.328273248E1
7.095910000E1	8.019004524E1
7.111900000E1	7.538299911E1
7.129500000E1	6.785855344E1
7.145516667E1	5.997336542E1
7.163110000E1	4.491813990E1
7.179120000E1	2.505289932E1
7.195120000E1	6.411229826E0
7.212700000E1	-1.123343967E1
7.228703333E1	-2.728942936E1
7.246313333E1	-3.976630227E1
7.262316667E1	-4.597359845E1
7.278313333E1	-4.982592142E1
7.295903333E1	-4.838067376E1
7.311910000E1	-4.275567936E1
7.329500000E1	-3.204700168E1
7.345520000E1	-1.940647063E1
7.363110000E1	-5.035076026E0
7.379106667E1	1.080038737E1
7.395110000E1	2.308389035E1
7.412713333E1	3.505642523E1
7.428716667E1	4.553668595E1
7.446303333E1	5.939746402E1
7.462313333E1	7.399707374E1
7.478300000E1	7.727431700E1
7.495893333E1	8.192657115E1
7.511903333E1	8.317680003E1
7.529506667E1	8.276945403E1
7.545500000E1	7.903695504E1
7.561506667E1	7.363745262E1
7.579110000E1	6.537090341E1
7.595100000E1	5.623103840E1
7.612696667E1	4.054613669E1
7.628696667E1	1.927425353E1
7.646290000E1	8.593080329E-1
7.662300000E1	-1.742162374E1
7.678313333E1	-3.397212334E1
7.695910000E1	-4.342529323E1
7.711903333E1	-4.934728625E1
7.729493333E1	-4.958662889E1
7.745490000E1	-4.573361127E1
7.761496667E1	-3.719102631E1
7.779096667E1	-2.373299315E1
7.795096667E1	-9.080549489E0
7.812693333E1	6.669356931E0
7.828706667E1	2.213615408E1
7.844710000E1	3.578121950E1
7.862290000E1	4.693928959E1
7.878306667E1	6.132723305E1
7.895910000E1	7.550042253E1
7.911906667E1	7.653942131E1
7.927923333E1	8.128976216E1
7.945503333E1	8.225792339E1
7.961496667E1	8.202097854E1
7.979093333E1	7.783325047E1
7.995090000E1	7.127923196E1
8.012703333E1	6.281392074E1
8.028696667E1	5.043095833E1
8.044703333E1	3.202760135E1
8.062300000E1	1.050064423E1
8.078290000E1	-8.743393762E0
8.095896667E1	-2.591224850E1
8.111900000E1	-4.017561236E1
8.127890000E1	-4.657859036E1
8.145506667E1	-5.016260750E1
8.161503333E1	-4.771825825E1
8.179090000E1	-3.968871465E1
8.195093333E1	-2.706552013E1
8.211100000E1	-1.221431794E1
8.228690000E1	4.290769152E0
8.244693333E1	2.035714495E1
8.262290000E1	3.400746431E1
8.278300000E1	4.608780880E1
8.294293333E1	6.060349079E1
8.311893333E1	7.440264405E1
8.327900000E1	7.797952039E1
8.345490000E1	8.201290608E1
8.361506667E1	8.298164807E1
8.379093333E1	8.191918058E1
8.395100000E1	7.764355620E1
8.411093333E1	7.107229485E1
8.428683333E1	6.223453798E1
8.444700000E1	4.905437450E1
8.462290000E1	2.821943153E1
8.478286667E1	7.353246682E0
8.494290000E1	-1.234351768E1
8.511883333E1	-3.088319085E1
8.527886667E1	-4.255806341E1
8.545496667E1	-4.892417484E1
8.561500000E1	-5.000730816E1
8.577500000E1	-4.393162233E1
8.595086667E1	-3.302037323E1
8.611096667E1	-1.921817621E1
8.628676667E1	-1.992086436E0
8.644693333E1	1.592528817E1
8.662290000E1	2.939060408E1
8.678280000E1	4.381723085E1
8.694293333E1	5.575775385E1
8.711876667E1	6.982982122E1
8.727876667E1	7.670020331E1
8.745493333E1	8.215679633E1
8.761486667E1	8.288272207E1
8.777486667E1	8.169944129E1
8.795093333E1	7.705993624E1
8.811086667E1	6.961476540E1
8.828673333E1	6.020116359E1
8.844676667E1	4.428479375E1
8.860693333E1	1.999994120E1
8.878290000E1	-1.238044492E0
8.894283333E1	-2.094860684E1
8.911896667E1	-3.951020380E1
8.927880000E1	-4.579252202E1
8.943883333E1	-5.075457289E1
8.961476667E1	-4.720674856E1
8.977493333E1	-3.757228416E1
8.995083333E1	-2.477512546E1
9.011083333E1	-7.135802809E0
9.028673333E1	9.992240240E0
9.044690000E1	2.604763939E1
9.060680000E1	4.050472954E1
9.078276667E1	5.150772792E1
9.094290000E1	6.867556996E1
9.111886667E1	7.722658490E1
9.127876667E1	8.161664379E1
9.143910000E1	8.151890698E1
9.161470000E1	8.104084653E1
9.177473333E1	7.630414624E1
9.195083333E1	6.890373941E1
9.211086667E1	5.892426735E1
9.227086667E1	4.264393145E1
9.244673333E1	1.792659199E1
9.260690000E1	-4.119118311E0
9.278266667E1	-2.375494044E1
9.294280000E1	-4.167878872E1
9.310286667E1	-4.667460856E1
9.327890000E1	-5.041849100E1
9.343883333E1	-4.565703652E1
9.361480000E1	-3.385868238E1
9.377473333E1	-2.041823582E1
9.395073333E1	-1.937347151E0
9.411076667E1	1.698738252E1
9.427086667E1	3.218338239E1
9.444686667E1	4.689748196E1
9.460683333E1	6.133195104E1
9.478276667E1	7.644856541E1
9.494270000E1	8.001432245E1
9.510270000E1	8.290568776E1
9.527866667E1	8.308887816E1
9.543893333E1	8.008293452E1
9.561480000E1	7.391483243E1
9.577483333E1	6.413261113E1
9.593473333E1	5.021480651E1
9.611066667E1	2.746889320E1
9.627076667E1	4.067645988E0
9.644686667E1	-1.730308788E1
9.660663333E1	-3.676315023E1
9.678270000E1	-4.565030216E1
9.694280000E1	-4.973671177E1
9.710273333E1	-4.762752170E1
9.727890000E1	-3.657105905E1
9.743883333E1	-2.270707820E1
9.761476667E1	-3.812681590E0
9.777473333E1	1.535008919E1
9.793473333E1	3.107862323E1
9.811070000E1	4.704950460E1
9.827076667E1	6.080738355E1
9.844680000E1	7.691113204E1
9.860670000E1	8.020242134E1
9.876670000E1	8.196444393E1
9.894280000E1	8.267784874E1
9.910273333E1	7.923809663E1
9.927860000E1	7.245613438E1
9.943873333E1	6.230505936E1
9.959870000E1	4.713855940E1
9.977476667E1	2.153430041E1
9.993476667E1	-1.580349640E0
1.001107667E2	-2.281301762E1
1.002706000E2	-4.113831823E1
1.004465667E2	-4.734255082E1
1.006067000E2	-5.041041067E1
1.007666667E2	-4.320279728E1
1.009426333E2	-3.020093366E1
1.011027333E2	-1.425161060E1
1.012785667E2	6.160927746E0
1.014387333E2	2.474198097E1
1.015986000E2	4.008797139E1
1.017747333E2	5.386338264E1
1.019346667E2	7.198245624E1
1.021106667E2	7.991146361E1
1.022706333E2	8.396945062E1
1.024307667E2	8.344772810E1
1.026065667E2	8.130582408E1
1.027667667E2	7.504641170E1
1.029425667E2	6.500645130E1
1.031026000E2	5.075363737E1
1.032626333E2	2.584406090E1
1.034387000E2	1.304178549E0
1.035987333E2	-2.075240384E1
1.037746333E2	-4.130712582E1
1.039347000E2	-4.753099190E1
1.041104667E2	-4.995411406E1
1.042706667E2	-4.286017223E1
1.044308333E2	-2.760219562E1
1.046067000E2	-1.084997238E1
1.047667333E2	8.641176810E0
1.049425667E2	2.905528377E1
1.051026333E2	4.507653195E1
1.052627667E2	6.051822426E1
1.054386667E2	7.717561750E1
1.055986000E2	8.023658738E1
1.057747333E2	8.178713768E1
1.059345667E2	8.215363813E1
1.060947000E2	7.798641906E1
1.062707000E2	6.944757808E1
1.064307000E2	5.823947913E1
1.066066333E2	3.620501532E1
1.067666667E2	9.444403877E0
1.069425333E2	-1.389681724E1
1.071025667E2	-3.533403361E1
1.072627000E2	-4.688814737E1
1.074386000E2	-4.941299663E1
1.075985333E2	-4.537587395E1
1.077745333E2	-3.030912885E1
1.079346333E2	-1.315847029E1
1.080945333E2	6.948917523E0
1.082705667E2	2.689813896E1
1.084307000E2	4.401097266E1
1.086066000E2	5.917500326E1
1.087667667E2	7.638730910E1
1.089265667E2	7.980581639E1
1.091026000E2	8.145703483E1
1.092625333E2	8.175183125E1
1.094386000E2	7.708213951E1
1.095986667E2	6.771980113E1
1.097585333E2	5.506058678E1
1.099345000E2	3.088279912E1
1.100945000E2	4.010540762E0
1.102705333E2	-1.910298833E1
1.104305333E2	-4.071444974E1
1.106065667E2	-4.800380918E1
1.107666000E2	-4.902910643E1
1.109265000E2	-4.163839152E1
1.111026000E2	-2.432094260E1
1.112625667E2	-6.142160885E0
1.114385333E2	1.473160510E1
1.115987000E2	3.392781593E1
1.117586333E2	5.042900810E1
1.119345667E2	6.907012500E1
1.120945333E2	7.958433737E1
1.122705000E2	8.370777659E1
1.124305000E2	8.279360374E1
1.125906667E2	7.997325602E1
1.127664667E2	7.309892806E1
1.129265667E2	6.236622239E1
1.131025333E2	4.404558117E1
1.132626000E2	1.642862138E1
1.134226333E2	-1.002932317E1
1.135984333E2	-3.162251683E1
1.137585000E2	-4.588012569E1
1.139345333E2	-4.997183077E1
1.140945000E2	-4.585335022E1
1.142703667E2	-3.044050245E1
1.144304000E2	-1.347841920E1
1.145905000E2	8.819878656E0
1.147666000E2	2.811787946E1
1.149265333E2	4.557179139E1
1.151025000E2	6.254792415E1
1.152624667E2	7.962469035E1
1.154224667E2	8.270550442E1
1.155985667E2	8.317192951E1
1.157585000E2	8.237508832E1
1.159345333E2	7.611904939E1
1.160944000E2	6.463789996E1
1.162545000E2	4.888815668E1
1.164306000E2	1.902228663E1
1.165904667E2	-8.198150174E0
1.167664000E2	-3.048022312E1
1.169264000E2	-4.613895886E1
1.171024333E2	-4.973205026E1
1.172624000E2	-4.622463365E1
1.174226333E2	-3.191879524E1
1.175985000E2	-1.211159610E1
1.177584667E2	8.300360732E0
1.179344000E2	3.006630974E1
1.180944333E2	4.735711858E1
1.182544333E2	6.606050474E1
1.184305000E2	7.839408006E1
1.185905000E2	8.214448303E1
1.187663000E2	8.181022624E1
1.189264000E2	7.911392451E1
1.190865333E2	7.171832240E1
1.192624333E2	6.037315163E1
1.194223667E2	3.961803242E1
1.195983333E2	1.311888282E1
1.197583333E2	-1.471095233E1
1.199183667E2	-3.688030742E1
1.200944000E2	-4.796870647E1
1.202546333E2	-4.982676350E1
1.204303000E2	-4.071732293E1
1.205903000E2	-2.179439350E1
1.207663667E2	-2.716281326E0
1.209264667E2	2.093091304E1
1.210863667E2	3.840614509E1
1.212624000E2	5.574989618E1
1.214226667E2	7.606631387E1
1.215984000E2	8.049011970E1
1.217583667E2	8.279611893E1
1.219185000E2	8.200642261E1
1.220944000E2	7.560582289E1
1.222544000E2	6.398340802E1
1.224304667E2	4.637653170E1
1.225905333E2	1.645608642E1
1.227503333E2	-1.100125100E1
1.229264333E2	-3.405851197E1
1.230863333E2	-4.717022336E1
1.232622667E2	-4.993472134E1
1.234226667E2	-4.277619097E1
1.235823667E2	-2.386639485E1
1.237584667E2	-3.720618039E0
1.239184333E2	1.902449683E1
1.240944000E2	3.789313599E1
1.242544333E2	5.350342721E1
1.244303333E2	7.489454557E1
1.245903667E2	7.945602725E1
1.247504000E2	8.141234754E1
1.249263333E2	8.127986078E1
1.250863333E2	7.457771073E1
1.252623667E2	6.225327047E1
1.254222667E2	4.352901939E1
1.255824000E2	1.243778875E1
1.257582667E2	-1.453413751E1
1.259183333E2	-3.806099836E1
1.260944000E2	-4.874423580E1
1.262544000E2	-4.920860823E1
1.264144000E2	-3.903473980E1
1.265902333E2	-1.870225814E1
1.267502667E2	6.953388590E-1
1.269263000E2	2.428406381E1
1.270863333E2	4.280633802E1
1.272623333E2	6.238440214E1
1.274224000E2	7.937744930E1
1.275823333E2	8.169038606E1
1.277582667E2	8.154209253E1
1.279183333E2	7.839901936E1
1.280941667E2	7.034090153E1
1.282542333E2	5.691880723E1
1.284142667E2	3.013523145E1
1.285903000E2	4.154953129E-1
1.287503000E2	-2.593853448E1
1.289261667E2	-4.561341602E1
1.290861667E2	-4.948917565E1
1.292462000E2	-4.566258840E1
1.294221667E2	-2.895749573E1
1.295821667E2	-7.683894652E0
1.297582667E2	1.457653880E1
1.299182333E2	3.527737605E1
1.300782000E2	5.132995016E1
1.302542000E2	7.392098672E1
1.304141667E2	7.930477458E1
1.305901333E2	8.145851416E1
1.307501667E2	8.135271931E1
1.309261000E2	7.403400624E1
1.310861333E2	6.163278465E1
1.312463333E2	3.931989637E1
1.314223667E2	8.866851189E0
1.315823667E2	-1.890390636E1
1.317582667E2	-4.272349069E1
1.319183000E2	-4.927593158E1
1.320782000E2	-4.784434199E1
1.322543667E2	-3.429987635E1
1.324144667E2	-1.104882586E1
1.325901333E2	1.027194042E1
1.327501333E2	3.281634632E1
1.329102667E2	5.095518056E1
1.330863000E2	7.246394505E1
1.332462333E2	7.847349038E1
1.334223333E2	8.046441341E1
1.335822000E2	8.103687407E1
1.337422333E2	7.423060902E1
1.339182000E2	6.126606227E1
1.340782333E2	4.239924144E1
1.342541333E2	9.288414518E0
1.344142000E2	-1.777810575E1
1.345902333E2	-4.171254229E1
1.347503000E2	-4.881768683E1
1.349103000E2	-4.755508763E1
1.350862333E2	-3.269803768E1
1.352462333E2	-1.030773322E1
1.354221000E2	1.261188605E1
1.355822333E2	3.443837793E1
1.357423667E2	5.264460238E1
1.359182000E2	7.542440989E1
1.360782667E2	7.942518969E1
1.362542333E2	8.110266426E1
1.364141333E2	8.068533752E1
1.365742000E2	7.297477437E1
1.367502000E2	6.031204249E1
1.369102667E2	3.615173786E1
1.370863000E2	2.099341056E0
1.372461000E2	-2.423012684E1
1.374221667E2	-4.589649676E1
1.375821333E2	-4.808085454E1
1.377422667E2	-4.521997465E1
1.379182333E2	-2.752460938E1
1.380781667E2	-3.104953604E0
1.382540667E2	2.001891268E1
1.384142000E2	4.067843600E1
1.385741333E2	5.934224006E1
1.387501000E2	7.642069824E1
1.389101667E2	8.003455033E1
1.390861000E2	8.091234467E1
1.392461333E2	7.651364213E1
1.394062333E2	6.585806718E1
1.395821333E2	5.029547132E1
1.397421333E2	2.188230781E1
1.399182000E2	-1.144468885E1
1.400781667E2	-3.508189572E1
1.402382000E2	-4.857617168E1
1.404142333E2	-4.804227843E1
1.405743000E2	-3.655550952E1
1.407500333E2	-1.443953077E1
1.409102000E2	9.710283062E0
1.410860000E2	3.298828378E1
1.412460333E2	5.375534208E1
1.414060667E2	7.653448027E1
1.415821000E2	8.093233257E1
1.417420667E2	8.212228926E1
1.419180000E2	7.976685534E1
1.420782000E2	7.079465183E1
1.422382333E2	5.462581327E1
1.424142000E2	2.387064847E1
1.425741000E2	-8.726554687E0
1.427500667E2	-3.491562788E1
1.429101667E2	-4.868824328E1
1.430701333E2	-4.831483418E1
1.432460667E2	-3.569354029E1
1.434061000E2	-1.140177599E1
1.435822333E2	1.256856540E1
1.437420000E2	3.644540147E1
1.439020667E2	5.594709383E1
1.440780000E2	7.797822152E1
1.442381000E2	8.040711716E1
1.444141000E2	8.176151104E1
1.445741000E2	7.783835758E1
1.447501000E2	6.720493561E1
1.449100667E2	5.006066393E1
1.450700667E2	1.659691806E1
1.452459667E2	-1.503857592E1
1.454062000E2	-4.186824308E1
1.455820667E2	-4.950044237E1
1.457420333E2	-4.565486661E1
1.459021000E2	-2.901845197E1
1.460781000E2	-3.653493263E0
1.462379667E2	2.121756647E1
1.464139000E2	4.351814581E1
1.465739333E2	6.302230622E1
1.467340667E2	7.756087318E1
1.469100000E2	8.186025621E1
1.470701000E2	8.170261118E1
1.472460333E2	7.515093668E1
1.474060667E2	6.068187637E1
1.475820333E2	3.500914177E1
1.477422000E2	2.280264946E0
1.479021333E2	-2.834454804E1
1.480781333E2	-4.826731498E1
1.482381000E2	-4.974957448E1
1.484139000E2	-3.826126723E1
1.485739000E2	-1.304133161E1
1.487341333E2	1.249085461E1
1.489100000E2	3.518450225E1
1.490700000E2	5.748869814E1
1.492458667E2	7.808435951E1
1.494059333E2	8.030145290E1
1.495659667E2	8.070095219E1
1.497419000E2	7.534845640E1
1.499019333E2	6.239297294E1
1.500779000E2	4.272487898E1
1.502379667E2	8.358454910E0
1.503979667E2	-2.378808822E1
1.505739333E2	-4.689685425E1
1.507341667E2	-4.934026805E1
1.509100333E2	-4.115099785E1
1.510699333E2	-1.907714252E1
1.512458667E2	9.264660595E0
1.514058667E2	3.297139526E1
1.515659333E2	5.609089680E1
1.517418667E2	7.868002763E1
1.519019000E2	8.113983347E1
1.520779667E2	8.130982868E1
1.522380333E2	7.690990232E1
1.523980333E2	6.317020600E1
1.525739333E2	4.278200145E1
1.527339000E2	7.771804015E0
1.529098333E2	-2.417779455E1
1.530699000E2	-4.784804542E1
1.532300333E2	-4.914303352E1
1.534060000E2	-3.952613652E1
1.535660667E2	-1.726394038E1
1.537419000E2	1.181356925E1
1.539020000E2	3.514675894E1
1.540619667E2	5.718110485E1
1.542381000E2	7.989102551E1
1.543980667E2	8.287080403E1
1.545739333E2	8.194732232E1
1.547339333E2	7.628420404E1
1.549098000E2	6.245059354E1
1.550699000E2	3.815405185E1
1.552299667E2	1.303154491E0
1.554059333E2	-2.890265189E1
1.555660000E2	-4.892331287E1
1.557418667E2	-4.940260266E1
1.559020000E2	-3.551519616E1
1.560618667E2	-1.000372981E1
1.562379667E2	1.671087717E1
1.563980333E2	4.018710846E1
1.565739333E2	6.296157583E1
1.567339333E2	7.777594013E1
1.568939000E2	8.126133247E1
1.570698667E2	8.087381966E1
1.572299333E2	7.283759694E1
1.574059333E2	5.822507468E1
1.575659000E2	2.823630905E1
1.577417333E2	-7.940350059E0
1.579018000E2	-3.568881326E1
1.580618333E2	-4.926835750E1
1.582379333E2	-4.614464503E1
1.583978333E2	-2.894876838E1
1.585737333E2	3.229236436E-1
1.587338667E2	2.752625946E1
1.588939667E2	5.108148750E1
1.590697333E2	7.611012884E1
1.592297667E2	8.115214779E1
1.594057333E2	8.292989597E1
1.595657667E2	7.806478328E1
1.597258667E2	6.494958905E1
1.599018000E2	4.459633790E1
1.600618000E2	6.369009135E0
1.602377333E2	-2.614003188E1
1.603978000E2	-4.808447322E1
1.605578333E2	-4.846796945E1
1.607337667E2	-3.723932976E1
1.608938667E2	-1.210078138E1
1.610698000E2	1.807537390E1
1.612299000E2	4.133103471E1
1.614057000E2	6.479111103E1
1.615658333E2	7.933478069E1
1.617258667E2	8.299096966E1
1.619019333E2	8.099574571E1
1.620618667E2	7.191590142E1
1.622376667E2	5.493966894E1
1.623979333E2	1.942680425E1
1.625578333E2	-1.577197358E1
1.627338667E2	-4.419072144E1
1.628939333E2	-4.983261179E1
1.630697667E2	-4.073943072E1
1.632298667E2	-2.029179425E1
1.633899667E2	1.008583893E1
1.635657667E2	3.587552232E1
1.637258667E2	5.830285531E1
1.639018333E2	8.055234352E1
1.640617333E2	8.250728356E1
1.642218333E2	8.227240901E1
1.643978667E2	7.421275156E1
1.645578000E2	5.901106089E1
1.647337667E2	2.791167130E1
1.648937333E2	-1.136010200E1
1.650697667E2	-3.898834096E1
1.652298667E2	-5.084754766E1
1.653898333E2	-4.410568734E1
1.655657667E2	-2.274030020E1
1.657258000E2	6.023982958E0
1.659018000E2	3.323786611E1
1.660618667E2	5.669794654E1
1.662218667E2	8.008122509E1
1.663979000E2	8.235939979E1
1.665578000E2	8.154030630E1
1.667336667E2	7.405581483E1
1.668937333E2	5.844795363E1
1.670537333E2	2.833404506E1
1.672298333E2	-1.079409087E1
1.673899000E2	-3.907248143E1
1.675656667E2	-4.976562300E1
1.677257000E2	-4.466719842E1
1.679016000E2	-2.282577149E1
1.680616667E2	8.333711648E0
1.682218333E2	3.387976185E1
1.683977333E2	5.823984358E1
1.685577667E2	8.012775803E1
1.687337667E2	8.281984195E1
1.688937333E2	8.167706648E1
1.690538000E2	7.307181104E1
1.692297000E2	5.628295551E1
1.693896667E2	2.271896387E1
1.695656333E2	-1.710050292E1
1.697256000E2	-4.427845817E1
1.698858000E2	-4.959185722E1
1.700616333E2	-3.915765322E1
1.702217333E2	-1.575160875E1
1.703977667E2	1.624477980E1
1.705577000E2	4.094034443E1
1.707178333E2	6.528660674E1
1.708936000E2	7.883544198E1
1.710538000E2	8.215906646E1
1.712296000E2	7.907976759E1
1.713898333E2	6.772480882E1
1.715657000E2	4.817266740E1
1.717256333E2	8.452409520E0
1.718856333E2	-2.690044090E1
1.720615667E2	-4.960817857E1
1.722216667E2	-4.799571084E1
1.723977000E2	-3.116595031E1
1.725577000E2	-4.016300861E0
1.727177333E2	2.673725450E1
1.728937333E2	5.140661539E1
1.730536667E2	7.861827666E1
1.732296333E2	8.292091425E1
1.733895667E2	8.286181797E1
1.735497000E2	7.573047113E1
1.737256000E2	5.897588161E1
1.738857333E2	2.804608596E1
1.740617333E2	-1.287661624E1
1.742216000E2	-4.190400993E1
1.743816333E2	-4.983654637E1
1.745576667E2	-4.103494040E1
1.747177000E2	-1.633269144E1
1.748936000E2	1.568690603E1
1.750537667E2	4.105530304E1
1.752295000E2	6.651988982E1
1.753896667E2	7.818849526E1
1.755496000E2	8.185989954E1
1.757257000E2	7.802840277E1
1.758857000E2	6.433618395E1
1.760615000E2	3.918568960E1
1.762216000E2	1.437817109E1
1.763819000E2	1.579771799E1
1.765576333E2	1.507532462E1
