mass_A
t	x
0.000000000E0	2.842170943E-14
1.600333333E-1	-1.663406847E-2
3.361333333E-1	-5.752907363E-3
4.960333333E-1	5.879270443E-3
6.721333333E-1	-4.551960771E-3
8.321333333E-1	-9.034968155E-3
1.007933333E0	-2.566618251E-2
1.168133333E0	-2.184879560E-2
1.328133333E0	-3.639875329E-2
1.504000000E0	-3.105748570E-2
1.664000000E0	-4.490020992E-2
1.839900000E0	-3.958318382E-2
1.999966667E0	-5.651841447E-2
2.160033333E0	-4.958903253E-2
2.336000000E0	1.398401022E1
2.496100000E0	3.696354504E1
2.672166667E0	5.686887516E1
2.832000000E0	7.905556946E1
2.992066667E0	8.561560187E1
3.168100000E0	8.822729554E1
3.328000000E0	8.689974879E1
3.504166667E0	7.882930720E1
3.664100000E0	6.625462441E1
3.824000000E0	4.208011343E1
3.999933333E0	9.085687503E0
4.160000000E0	-1.861825264E1
4.335900000E0	-4.124994102E1
4.495966667E0	-4.572810685E1
4.671933333E0	-4.184258528E1
4.832000000E0	-2.479232032E1
4.991900000E0	5.589206182E-2
5.168066667E0	2.393583483E1
5.328066667E0	4.583561805E1
5.503966667E0	6.406372145E1
5.664066667E0	8.359732434E1
5.824100000E0	8.634782033E1
5.999866667E0	8.643441066E1
6.160066667E0	8.254837508E1
6.336033333E0	7.197522252E1
6.496000000E0	5.597001677E1
6.656000000E0	2.506652888E1
6.831900000E0	-6.924463948E0
6.991966667E0	-3.205618608E1
7.167866667E0	-4.532942927E1
7.327866667E0	-4.536449701E1
7.503833333E0	-3.390626810E1
7.663933333E0	-1.087961164E1
7.823933333E0	1.293069334E1
7.999866667E0	3.688778458E1
8.159866667E0	5.748636423E1
8.335900000E0	8.013093064E1
8.495900000E0	8.608571732E1
8.655933333E0	8.866287133E1
8.831866667E0	8.617751727E1
8.991900000E0	7.821359442E1
9.167966667E0	6.525725963E1
9.327833333E0	3.912380792E1
9.487966667E0	6.164576271E0
9.663866667E0	-2.190043024E1
9.823900000E0	-4.302888691E1
9.999900000E0	-4.598359163E1
1.015993333E1	-4.021203187E1
1.032003333E1	-2.204400125E1
1.049580000E1	2.629987338E0
1.065586667E1	2.675686966E1
1.083200000E1	4.805393706E1
1.099193333E1	6.675065896E1
1.116776667E1	8.371145342E1
1.132786667E1	8.736633352E1
1.148790000E1	8.749618794E1
1.166386667E1	8.278074657E1
1.182380000E1	7.160340214E1
1.199986667E1	5.476583996E1
1.215990000E1	2.368988822E1
1.232000000E1	-8.352056341E0
1.249593333E1	-3.325681019E1
1.265583333E1	-4.530632841E1
1.283186667E1	-4.485432006E1
1.299183333E1	-3.341628713E1
1.315200000E1	-1.032331193E1
1.332780000E1	1.387256151E1
1.348813333E1	3.759552823E1
1.366380000E1	5.789751926E1
1.382386667E1	8.016193913E1
1.399983333E1	8.641836605E1
1.415990000E1	8.882429625E1
1.431993333E1	8.656839056E1
1.449596667E1	7.830265211E1
1.465580000E1	6.557607520E1
1.483170000E1	4.015704063E1
1.499183333E1	7.820036739E0
1.515186667E1	-2.046074449E1
1.532783333E1	-4.256591893E1
1.548793333E1	-4.511816477E1
1.566396667E1	-4.096184531E1
1.582396667E1	-2.387317443E1
1.598383333E1	8.575366418E-1
1.615983333E1	2.499669826E1
1.631976667E1	4.635557252E1
1.649593333E1	6.419039513E1
1.665586667E1	8.384997151E1
1.681576667E1	8.691697008E1
1.699173333E1	8.733510250E1
1.715183333E1	8.362623964E1
1.732780000E1	7.360455449E1
1.748786667E1	5.851715722E1
1.766373333E1	2.824246367E1
1.782383333E1	-4.822845591E0
1.798380000E1	-3.035829599E1
1.815973333E1	-4.459236108E1
1.831976667E1	-4.545461652E1
1.849586667E1	-3.623714990E1
1.865580000E1	-1.396844927E1
1.881590000E1	1.096833951E1
1.899176667E1	3.395832802E1
1.915176667E1	5.518784746E1
1.932770000E1	7.640074651E1
1.948793333E1	8.544634150E1
1.964790000E1	8.926881638E1
1.982370000E1	8.764363780E1
1.998376667E1	8.001866517E1
2.015990000E1	6.708933087E1
2.031970000E1	4.550165002E1
2.047976667E1	1.140988291E1
2.065576667E1	-1.729707648E1
2.081586667E1	-4.100368090E1
2.099183333E1	-4.544158595E1
2.115166667E1	-4.273841353E1
2.132780000E1	-2.735738358E1
2.148776667E1	-2.710601604E0
2.164780000E1	2.135045677E1
2.182383333E1	4.287411721E1
2.198370000E1	6.097942326E1
2.215960000E1	8.288703857E1
2.231983333E1	8.615603237E1
2.247963333E1	8.708758531E1
2.265566667E1	8.426087148E1
2.281573333E1	7.585882105E1
2.299180000E1	6.198926346E1
2.315180000E1	3.305256180E1
2.331170000E1	-6.276922446E-1
2.348776667E1	-2.633468525E1
2.364790000E1	-4.338084815E1
2.382370000E1	-4.586074391E1
2.398380000E1	-3.873491720E1
2.415966667E1	-1.806120509E1
2.431980000E1	6.538839530E0
2.447966667E1	2.924704406E1
2.465560000E1	5.090669064E1
2.481580000E1	6.992215465E1
2.499170000E1	8.348471717E1
2.515163333E1	8.817442351E1
2.531170000E1	8.726829769E1
2.548780000E1	8.152496188E1
2.564770000E1	6.970085770E1
2.582363333E1	5.158925142E1
2.598363333E1	1.890475758E1
2.614380000E1	-1.129253680E1
2.631970000E1	-3.558260176E1
2.647966667E1	-4.505206936E1
2.665566667E1	-4.495013704E1
2.681563333E1	-3.266582800E1
2.697580000E1	-8.975053673E0
2.715163333E1	1.415839789E1
2.731173333E1	3.722309016E1
2.748776667E1	5.707700683E1
2.764773333E1	7.945874128E1
2.782366667E1	8.580950585E1
2.798366667E1	8.802276589E1
2.814366667E1	8.680308020E1
2.831963333E1	7.885103615E1
2.847973333E1	6.657163371E1
2.865566667E1	4.368353429E1
2.881573333E1	1.100501010E1
2.897560000E1	-1.730473347E1
2.915163333E1	-4.015139076E1
2.931170000E1	-4.567210003E1
2.948753333E1	-4.323787747E1
2.964760000E1	-2.815150757E1
2.980760000E1	-4.322935038E0
2.998370000E1	1.867777577E1
3.014363333E1	4.049631083E1
3.031970000E1	5.862493597E1
3.047970000E1	8.102827784E1
3.063970000E1	8.471544938E1
3.081570000E1	8.640536501E1
3.097566667E1	8.563762161E1
3.115156667E1	7.774582435E1
3.131180000E1	6.553884068E1
3.148746667E1	4.068792200E1
3.164756667E1	7.965788972E0
3.180770000E1	-1.863565351E1
3.198360000E1	-4.112010816E1
3.214376667E1	-4.567701471E1
3.231956667E1	-4.312288516E1
3.247966667E1	-2.784813563E1
3.263960000E1	-4.664786920E0
3.281550000E1	1.823423498E1
3.297570000E1	4.080350860E1
3.315153333E1	5.883514303E1
3.331150000E1	8.117896472E1
3.347156667E1	8.480841018E1
3.364763333E1	8.703119074E1
3.380766667E1	8.645223972E1
3.398350000E1	7.797642192E1
3.414346667E1	6.549851100E1
3.431960000E1	4.170575611E1
3.447946667E1	7.921638768E0
3.463956667E1	-1.790147225E1
3.481553333E1	-4.108173121E1
3.497560000E1	-4.521280035E1
3.515153333E1	-4.320239972E1
3.531163333E1	-2.779889989E1
3.547153333E1	-5.172919781E0
3.564756667E1	1.803994949E1
3.580783333E1	3.996855747E1
3.598350000E1	5.788869006E1
3.614363333E1	8.068150495E1
3.630366667E1	8.587275401E1
3.647956667E1	8.838244269E1
3.663950000E1	8.680568448E1
3.681553333E1	7.927528084E1
3.697556667E1	6.672876168E1
3.713553333E1	4.565519976E1
3.731163333E1	1.252003385E1
3.747150000E1	-1.509204833E1
3.764743333E1	-3.898399620E1
3.780763333E1	-4.572531577E1
3.798350000E1	-4.475543960E1
3.814346667E1	-3.126976706E1
3.830356667E1	-8.905850169E0
3.847966667E1	1.417905156E1
3.863946667E1	3.664721706E1
3.881546667E1	5.631093913E1
3.897553333E1	7.758671463E1
3.913560000E1	8.584861154E1
3.931156667E1	8.911242732E1
3.947153333E1	8.788879975E1
3.964753333E1	8.071625475E1
3.980740000E1	6.896760105E1
3.996753333E1	5.046705948E1
4.014350000E1	1.798192783E1
4.030373333E1	-1.035326775E1
4.047960000E1	-3.379068767E1
4.063940000E1	-4.538293819E1
4.079956667E1	-4.566508652E1
4.097540000E1	-3.513960688E1
4.113546667E1	-1.389310602E1
4.131143333E1	8.563657771E0
4.147143333E1	3.077894332E1
4.164740000E1	5.081454528E1
4.180743333E1	6.994690554E1
4.196743333E1	8.366582945E1
4.214360000E1	8.811611634E1
4.230353333E1	8.749532584E1
4.247943333E1	8.256626434E1
4.263946667E1	7.283854328E1
4.279956667E1	5.877016424E1
4.297546667E1	3.004006135E1
4.313543333E1	-1.373130239E0
4.331146667E1	-2.615685240E1
4.347156667E1	-4.381159074E1
4.363143333E1	-4.606048704E1
4.380750000E1	-4.050543351E1
4.396743333E1	-2.213234077E1
4.414350000E1	4.673005099E-2
4.430343333E1	2.348556249E1
4.447930000E1	4.398233776E1
4.463943333E1	6.076068184E1
4.479953333E1	8.181261937E1
4.497546667E1	8.512056314E1
4.513543333E1	8.679047531E1
4.531126667E1	8.562349832E1
4.547160000E1	7.767640046E1
4.563153333E1	6.536674267E1
4.580736667E1	4.128873302E1
4.596743333E1	8.985606258E0
4.614343333E1	-1.700096909E1
4.630350000E1	-4.043931825E1
4.646356667E1	-4.558527450E1
4.663950000E1	-4.502114539E1
4.679940000E1	-3.157993569E1
4.697540000E1	-1.012713550E1
4.713546667E1	1.186078898E1
4.729543333E1	3.545971622E1
4.747133333E1	5.442783697E1
4.763140000E1	7.558206024E1
4.780730000E1	8.569159938E1
4.796733333E1	9.050540751E1
4.814333333E1	8.964869225E1
4.830330000E1	8.289636452E1
4.846350000E1	7.283025461E1
4.863940000E1	5.759373060E1
4.879946667E1	2.618985230E1
4.897540000E1	-2.962501906E0
4.913536667E1	-2.814327829E1
4.929543333E1	-4.377031384E1
4.947146667E1	-4.709288495E1
4.963130000E1	-3.984563025E1
4.980730000E1	-2.160685629E1
4.996736667E1	-7.018833748E-2
5.012740000E1	2.402505466E1
5.030330000E1	4.397497897E1
5.046336667E1	6.113252907E1
5.063933333E1	8.272754413E1
5.079933333E1	8.679605931E1
5.095936667E1	8.831892123E1
5.113533333E1	8.773307273E1
5.129543333E1	7.972653073E1
5.147130000E1	6.760513949E1
5.163153333E1	4.555242488E1
5.180723333E1	1.417337034E1
5.196723333E1	-1.361263925E1
5.212743333E1	-3.644237514E1
5.230330000E1	-4.548900149E1
5.246356667E1	-4.594702065E1
5.263923333E1	-3.505293035E1
5.279943333E1	-1.456482593E1
5.295926667E1	8.394164475E0
5.313526667E1	2.975300403E1
5.329543333E1	4.998128540E1
5.347140000E1	6.798633049E1
5.363140000E1	8.386591370E1
5.379143333E1	8.778099301E1
5.396720000E1	8.797294356E1
5.412740000E1	8.421330006E1
5.430330000E1	7.593085670E1
5.446336667E1	6.265602677E1
5.463930000E1	3.493935878E1
5.479926667E1	4.722141964E0
5.495926667E1	-2.096804893E1
5.513526667E1	-4.206234822E1
5.529536667E1	-4.627429683E1
5.547126667E1	-4.312748366E1
5.563140000E1	-2.882539381E1
5.579120000E1	-6.918635729E0
5.596720000E1	1.513280227E1
5.612723333E1	3.659442016E1
5.630333333E1	5.480807381E1
5.646343333E1	7.552736961E1
5.662336667E1	8.472093158E1
5.679926667E1	8.886895773E1
5.695920000E1	8.844134643E1
5.713530000E1	8.213105935E1
5.729523333E1	7.227170880E1
5.745523333E1	5.846993846E1
5.763126667E1	2.966869496E1
5.779123333E1	9.151732807E-1
5.796730000E1	-2.477778673E1
5.812723333E1	-4.312501318E1
5.830310000E1	-4.648365502E1
5.846323333E1	-4.227573426E1
5.862336667E1	-2.679520407E1
5.879920000E1	-4.940614514E0
5.895923333E1	1.635145497E1
5.913513333E1	3.905817982E1
5.929516667E1	5.594701934E1
5.945520000E1	7.808431280E1
5.963123333E1	8.509162468E1
5.979133333E1	8.956011417E1
5.996716667E1	8.820222396E1
6.012720000E1	8.164379157E1
6.028730000E1	7.094392312E1
6.046316667E1	5.544745304E1
6.062323333E1	2.590940062E1
6.079926667E1	-1.938804417E0
6.095920000E1	-2.683489722E1
6.111930000E1	-4.391675458E1
6.129513333E1	-4.646687272E1
6.145530000E1	-4.155957752E1
6.163110000E1	-2.422943426E1
6.179130000E1	-4.684191080E0
6.196713333E1	1.728080526E1
6.212716667E1	3.924984234E1
6.228726667E1	5.561867768E1
6.246316667E1	7.795627619E1
6.262330000E1	8.530890719E1
6.279913333E1	8.932502451E1
6.295923333E1	8.825646953E1
6.311923333E1	8.223005059E1
6.329516667E1	7.194797629E1
6.345526667E1	5.645016860E1
6.363126667E1	2.740608087E1
6.379116667E1	3.339666232E-2
6.395116667E1	-2.608357679E1
6.412716667E1	-4.343857418E1
6.428723333E1	-4.637000651E1
6.446323333E1	-4.223553493E1
6.462313333E1	-2.584855470E1
6.479920000E1	-6.035027266E0
6.495910000E1	1.617206669E1
6.511920000E1	3.831073297E1
6.529523333E1	5.473476264E1
6.545530000E1	7.683837602E1
6.563113333E1	8.555937190E1
6.579123333E1	8.984715210E1
6.595113333E1	8.895428959E1
6.612706667E1	8.245752214E1
6.628706667E1	7.272958957E1
6.646310000E1	5.795744290E1
6.662320000E1	2.902033020E1
6.678323333E1	1.318416906E0
6.695916667E1	-2.508972630E1
6.711903333E1	-4.286280351E1
6.729506667E1	-4.662990678E1
6.745520000E1	-4.276779858E1
6.761523333E1	-2.736924209E1
6.779123333E1	-8.828310028E0
6.795113333E1	1.386360385E1
6.812733333E1	3.578988449E1
6.828700000E1	5.313970264E1
6.846300000E1	7.359654506E1
6.862306667E1	8.604728860E1
6.878333333E1	9.068707133E1
6.895906667E1	8.932211829E1
6.911903333E1	8.452792840E1
6.929496667E1	7.650159136E1
6.945520000E1	6.342557302E1
6.961510000E1	3.739519865E1
6.979113333E1	9.149843759E0
6.995100000E1	-1.784917971E1
7.012713333E1	-3.914930434E1
7.028706667E1	-4.596647069E1
7.044710000E1	-4.507845758E1
7.062320000E1	-3.381356118E1
7.078306667E1	-1.508543035E1
7.095910000E1	6.543856413E0
7.111913333E1	2.901514962E1
7.127913333E1	4.682173249E1
7.145496667E1	6.442989552E1
7.161513333E1	8.309689658E1
7.179100000E1	8.818762237E1
7.195096667E1	8.991939796E1
7.212706667E1	8.806768347E1
7.228703333E1	8.091460043E1
7.244723333E1	6.947308426E1
7.262306667E1	5.236070835E1
7.278303333E1	2.255706019E1
7.295886667E1	-5.800606777E0
7.311896667E1	-2.902658031E1
7.327903333E1	-4.380888587E1
7.345513333E1	-4.619794400E1
7.361496667E1	-4.138046461E1
7.379113333E1	-2.630875165E1
7.395103333E1	-6.667794422E0
7.411106667E1	1.694403313E1
7.428696667E1	3.661171811E1
7.444700000E1	5.461526780E1
7.462296667E1	7.441032421E1
7.478303333E1	8.637116377E1
7.495890000E1	8.989178036E1
7.511896667E1	8.891476183E1
7.527910000E1	8.447663974E1
7.545493333E1	7.705722325E1
7.561500000E1	6.493281430E1
7.579086667E1	4.057269305E1
7.595100000E1	1.148304835E1
7.611090000E1	-1.418591359E1
7.628693333E1	-3.608845110E1
7.644696667E1	-4.486072463E1
7.662283333E1	-4.658423583E1
7.678303333E1	-3.802332882E1
7.694293333E1	-1.910044408E1
7.711906667E1	9.428043074E-1
7.727893333E1	2.227826561E1
7.745510000E1	4.083013954E1
7.761493333E1	5.729611181E1
7.777493333E1	7.852694003E1
7.795086667E1	8.576974724E1
7.811096667E1	8.880940285E1
7.828703333E1	8.846919657E1
7.844713333E1	8.266132575E1
7.862300000E1	7.406322046E1
7.878296667E1	6.086087707E1
7.894293333E1	3.434002113E1
7.911893333E1	6.173637885E0
7.927900000E1	-1.884963264E1
7.945496667E1	-3.960259949E1
7.961483333E1	-4.588567557E1
7.977493333E1	-4.574328947E1
7.995083333E1	-3.435313695E1
8.011086667E1	-1.592338056E1
8.028683333E1	4.901079629E0
8.044710000E1	2.583289953E1
8.060696667E1	4.403825308E1
8.078303333E1	5.951426839E1
8.094300000E1	7.958742807E1
8.111890000E1	8.522450638E1
8.127890000E1	8.834170219E1
8.143906667E1	8.787822680E1
8.161493333E1	8.207926672E1
8.177483333E1	7.208617021E1
8.195086667E1	5.836479878E1
8.211096667E1	3.192222736E1
8.228680000E1	4.026535122E0
8.244703333E1	-2.039548401E1
8.260690000E1	-4.120191736E1
8.278293333E1	-4.571030187E1
8.294286667E1	-4.508784042E1
8.311890000E1	-3.409299338E1
8.327896667E1	-1.523165268E1
8.343903333E1	3.377659934E0
8.361483333E1	2.657415582E1
8.377500000E1	4.416639519E1
8.395083333E1	6.015949014E1
8.411090000E1	8.032564898E1
8.427080000E1	8.667814204E1
8.444683333E1	8.950340985E1
8.460686667E1	8.868015180E1
8.478293333E1	8.271022471E1
8.494290000E1	7.317827474E1
8.511883333E1	5.900066657E1
8.527873333E1	3.190509512E1
8.543886667E1	2.722557421E0
8.561493333E1	-2.222810478E1
8.577493333E1	-4.096999995E1
8.595086667E1	-4.577703717E1
8.611093333E1	-4.476282175E1
8.627076667E1	-3.328793780E1
8.644690000E1	-1.615963816E1
8.660680000E1	5.085983678E0
8.678286667E1	2.615145586E1
8.694286667E1	4.398481244E1
8.710276667E1	5.887963157E1
8.727883333E1	7.922994418E1
8.743893333E1	8.621317162E1
8.761490000E1	8.930790613E1
8.777486667E1	8.881303122E1
8.793496667E1	8.303190807E1
8.811083333E1	7.444485589E1
8.827090000E1	6.105370612E1
8.844690000E1	3.478222166E1
8.860690000E1	4.289904571E0
8.878266667E1	-1.903429692E1
8.894296667E1	-3.998011161E1
8.910286667E1	-4.510306002E1
8.927890000E1	-4.593233236E1
8.943880000E1	-3.592742599E1
8.961466667E1	-1.720344111E1
8.977476667E1	1.999644052E0
8.993480000E1	2.454643288E1
9.011086667E1	4.220268827E1
9.027073333E1	5.800988585E1
9.044686667E1	7.891252995E1
9.060673333E1	8.588620877E1
9.076676667E1	8.968360662E1
9.094273333E1	8.893239204E1
9.110280000E1	8.395560362E1
9.127870000E1	7.583239764E1
9.143883333E1	6.260307976E1
9.159880000E1	3.685079704E1
9.177466667E1	7.485602612E0
9.193480000E1	-1.647620838E1
9.211070000E1	-3.726332426E1
9.227080000E1	-4.496699710E1
9.244680000E1	-4.691583431E1
9.260673333E1	-3.735353964E1
9.276686667E1	-2.091351507E1
9.294263333E1	-1.820132330E0
9.310266667E1	2.130076928E1
9.327863333E1	3.923318595E1
9.343866667E1	5.602633941E1
9.359873333E1	7.559346511E1
9.377473333E1	8.621405564E1
9.393483333E1	9.057006435E1
9.411073333E1	8.985009301E1
9.427066667E1	8.537428422E1
9.443073333E1	7.856375764E1
9.460680000E1	6.610619894E1
9.476683333E1	4.342596649E1
9.494273333E1	1.402365787E1
9.510270000E1	-1.215319954E1
9.527876667E1	-3.314725087E1
9.543870000E1	-4.414025631E1
9.559870000E1	-4.698539002E1
9.577463333E1	-4.008984983E1
9.593470000E1	-2.483720729E1
9.611060000E1	-5.917287658E0
9.627073333E1	1.680839749E1
9.643096667E1	3.587269278E1
9.660663333E1	5.364527757E1
9.676690000E1	7.134595497E1
9.694253333E1	8.622884454E1
9.710263333E1	8.921058760E1
9.726273333E1	8.939553286E1
9.743873333E1	8.654598938E1
9.759860000E1	8.017410185E1
9.777460000E1	6.903227876E1
9.793480000E1	5.177155561E1
9.809486667E1	2.205301300E1
9.827063333E1	-4.340367702E0
9.843063333E1	-2.694170828E1
9.860656667E1	-4.213645339E1
9.876676667E1	-4.686076211E1
9.894253333E1	-4.371308410E1
9.910266667E1	-3.016026500E1
9.926290000E1	-1.193761427E1
9.943866667E1	9.103908852E0
9.959870000E1	2.980112587E1
9.977450000E1	4.704340055E1
9.993466667E1	6.288841458E1
1.000947000E2	8.135374844E1
1.002706000E2	8.655437142E1
1.004310333E2	8.905399493E1
1.006066333E2	8.850865490E1
1.007666333E2	8.239009137E1
1.009266667E2	7.352912147E1
1.011027000E2	6.017019030E1
1.012627333E2	3.310921647E1
1.014387667E2	6.095731180E0
1.015986667E2	-1.752627177E1
1.017587333E2	-3.825551783E1
1.019345667E2	-4.532363555E1
1.020946333E2	-4.670434109E1
1.022705667E2	-3.790367249E1
1.024307333E2	-2.158911321E1
1.026065000E2	-3.169632752E0
1.027665667E2	1.891006748E1
1.029266333E2	3.718403460E1
1.031026000E2	5.417933156E1
1.032625667E2	7.207420039E1
1.034386000E2	8.606049089E1
1.035985667E2	8.859442232E1
1.037587000E2	8.901031190E1
1.039346667E2	8.712209629E1
1.040945667E2	8.093982527E1
1.042706667E2	6.982764284E1
1.044306667E2	5.325440647E1
1.045907000E2	2.489366695E1
1.047665667E2	-1.749991547E0
1.049265333E2	-2.495650214E1
1.051027667E2	-4.175409581E1
1.052626000E2	-4.621027362E1
1.054384667E2	-4.467895566E1
1.055986000E2	-3.366859095E1
1.057586667E2	-1.591156103E1
1.059345333E2	3.947012646E0
1.060946000E2	2.501370652E1
1.062704333E2	4.191671583E1
1.064306667E2	5.738857037E1
1.065906667E2	7.715971606E1
1.067666000E2	8.551884571E1
1.069265000E2	8.948896463E1
1.071024000E2	8.896690954E1
1.072624667E2	8.556264314E1
1.074225667E2	7.890976008E1
1.075984333E2	6.700316559E1
1.077584667E2	4.618557617E1
1.079344333E2	1.710487089E1
1.080946333E2	-8.032486239E0
1.082546333E2	-2.912275256E1
1.084304667E2	-4.290358978E1
1.085905667E2	-4.669259141E1
1.087665333E2	-4.324243399E1
1.089265000E2	-3.006875085E1
1.091025000E2	-1.218684118E1
1.092626000E2	8.128843634E0
1.094225667E2	2.973989213E1
1.095984333E2	4.628039089E1
1.097584667E2	6.155014166E1
1.099345333E2	8.016738799E1
1.100945333E2	8.686698788E1
1.102546333E2	8.991983173E1
1.104305667E2	8.937531065E1
1.105906333E2	8.419658256E1
1.107664000E2	7.626601997E1
1.109264333E2	6.401417202E1
1.110866000E2	3.838818323E1
1.112625667E2	1.109515330E1
1.114227333E2	-1.306438617E1
1.115985000E2	-3.410160898E1
1.117584333E2	-4.466077988E1
1.119185000E2	-4.694332115E1
1.120945667E2	-4.119135900E1
1.122545667E2	-2.527205997E1
1.124304333E2	-8.517358877E0
1.125904667E2	1.340624486E1
1.127665333E2	3.331443973E1
1.129264333E2	5.047535705E1
1.130865000E2	6.713659763E1
1.132625333E2	8.403995270E1
1.134224333E2	8.799106564E1
1.135985333E2	8.930837679E1
1.137583667E2	8.907031029E1
1.139184333E2	8.367286094E1
1.140943333E2	7.447685180E1
1.142544333E2	6.080545878E1
1.144306000E2	3.258844600E1
1.145903667E2	5.977701256E0
1.147504000E2	-1.776202087E1
1.149264000E2	-3.796781173E1
1.150864333E2	-4.515567853E1
1.152625333E2	-4.705730987E1
1.154225000E2	-3.867776726E1
1.155984667E2	-2.198756353E1
1.157585000E2	-5.025920840E0
1.159184333E2	1.696715877E1
1.160945000E2	3.511397495E1
1.162544333E2	5.218216743E1
1.164303000E2	6.888060132E1
1.165903667E2	8.494494315E1
1.167504000E2	8.805700061E1
1.169263000E2	8.929340551E1
1.170864000E2	8.896092601E1
1.172623000E2	8.317171824E1
1.174225000E2	7.426120043E1
1.175824333E2	6.091377841E1
1.177583667E2	3.391071804E1
1.179183667E2	7.633346417E0
1.180944667E2	-1.642853687E1
1.182543667E2	-3.663531713E1
1.184143667E2	-4.481773139E1
1.185904000E2	-4.703140904E1
1.187505000E2	-4.025680789E1
1.189263667E2	-2.508591401E1
1.190864667E2	-8.598787843E0
1.192622667E2	1.373529697E1
1.194223333E2	3.233217172E1
1.195824000E2	4.958952514E1
1.197583667E2	6.400929534E1
1.199183667E2	8.172223951E1
1.200944000E2	8.642551377E1
1.202545333E2	8.911830334E1
1.204145000E2	8.919599402E1
1.205903000E2	8.434682346E1
1.207505000E2	7.641144416E1
1.209263000E2	6.365744015E1
1.210862667E2	3.851187642E1
1.212463667E2	1.189430797E1
1.214225000E2	-1.229370822E1
1.215823333E2	-3.206872306E1
1.217583333E2	-4.407829446E1
1.219183000E2	-4.719337301E1
1.220784667E2	-4.202588564E1
1.222544333E2	-2.809606045E1
1.224144000E2	-1.123236970E1
1.225904000E2	9.873017209E0
1.227503667E2	2.981018669E1
1.229262333E2	4.623482179E1
1.230863333E2	6.061549168E1
1.232464333E2	7.924095368E1
1.234224000E2	8.626168607E1
1.235824333E2	8.968933953E1
1.237582000E2	8.918127870E1
1.239182667E2	8.486515971E1
1.240783333E2	7.795012764E1
1.242544000E2	6.589928862E1
1.244143333E2	4.293277119E1
1.245904000E2	1.559523007E1
1.247503333E2	-9.673695965E0
1.249103333E2	-3.004585229E1
1.250863000E2	-4.364709661E1
1.252464000E2	-4.719436141E1
1.254224000E2	-4.303568705E1
1.255822333E2	-3.039042387E1
1.257582667E2	-1.325359076E1
1.259182000E2	7.113028881E0
1.260783667E2	2.715796654E1
1.262543667E2	4.400141929E1
1.264143667E2	5.892930571E1
1.265903000E2	7.796261217E1
1.267503333E2	8.605015695E1
1.269103000E2	8.992502465E1
1.270862667E2	8.959388145E1
1.272463667E2	8.578406215E1
1.274221667E2	7.922787912E1
1.275823333E2	6.743328631E1
1.277422667E2	4.696432980E1
1.279182000E2	1.902427766E1
1.280782333E2	-5.961261551E0
1.282543333E2	-2.782055420E1
1.284143000E2	-4.243510399E1
1.285742667E2	-4.684692888E1
1.287504333E2	-4.410950790E1
1.289103333E2	-3.294290866E1
1.290863667E2	-1.631289994E1
1.292462333E2	3.426613089E0
1.294223000E2	2.384196170E1
1.295823000E2	4.050433893E1
1.297426000E2	5.623237626E1
1.299181667E2	7.527384302E1
1.300782667E2	8.633011168E1
1.302541000E2	8.947673183E1
1.304142000E2	8.911798672E1
1.305742333E2	8.722026423E1
1.307502333E2	8.158831763E1
1.309103333E2	7.069164696E1
1.310862000E2	5.470239311E1
1.312462000E2	2.748027284E1
1.314062333E2	1.912138163E0
1.315822000E2	-2.064652505E1
1.317423000E2	-3.979834934E1
1.319181667E2	-4.581941870E1
1.320783000E2	-4.613440309E1
1.322383000E2	-3.870582226E1
1.324141333E2	-2.294383013E1
1.325741667E2	-4.776348320E0
1.327501667E2	1.625146187E1
1.329102667E2	3.502044044E1
1.330861667E2	5.132190615E1
1.332462667E2	6.825410712E1
1.334063000E2	8.393052901E1
1.335822667E2	8.720892417E1
1.337423000E2	8.846393894E1
1.339181000E2	8.863875910E1
1.340781333E2	8.340802025E1
1.342381333E2	7.540212876E1
1.344142333E2	6.295126343E1
1.345741333E2	3.837088543E1
1.347500667E2	1.225202077E1
1.349101333E2	-1.166496267E1
1.350701667E2	-3.228732292E1
1.352461333E2	-4.444860820E1
1.354061333E2	-4.642365313E1
1.355820333E2	-4.309849462E1
1.357421000E2	-2.989045757E1
1.359180333E2	-1.306532919E1
1.360780667E2	6.518440916E0
1.362381333E2	2.686164064E1
1.364141333E2	4.275667807E1
1.365741000E2	5.838942308E1
1.367500000E2	7.676963341E1
1.369101667E2	8.590775787E1
1.370705000E2	8.991470471E1
1.372462000E2	8.943997912E1
1.374062333E2	8.756702882E1
1.375821667E2	8.098082185E1
1.377422000E2	7.021760636E1
1.379021667E2	5.377663365E1
1.380781333E2	2.685546107E1
1.382382000E2	1.890708509E0
1.384141667E2	-2.085562604E1
1.385742667E2	-4.031435179E1
1.387342000E2	-4.505640769E1
1.389100333E2	-4.696121912E1
1.390700667E2	-3.900118766E1
1.392460333E2	-2.281046972E1
1.394060667E2	-5.843547351E0
1.395821667E2	1.576210958E1
1.397422000E2	3.358459622E1
1.399022000E2	5.078037032E1
1.400779667E2	6.467389713E1
1.402383000E2	8.159794681E1
1.404141000E2	8.636895925E1
1.405742000E2	8.977417163E1
1.407341667E2	8.991876456E1
1.409100333E2	8.459677488E1
1.410701000E2	7.714823465E1
1.412460667E2	6.542267497E1
1.414061000E2	4.311020055E1
1.415661667E2	1.644334696E1
1.417421000E2	-7.439814020E0
1.419021667E2	-2.940947791E1
1.420781667E2	-4.270938111E1
1.422380000E2	-4.645918297E1
1.423981333E2	-4.511921123E1
1.425740333E2	-3.401304967E1
1.427341000E2	-1.797849011E1
1.429099667E2	1.615021871E0
1.430701333E2	2.183978124E1
1.432461000E2	3.852013646E1
1.434061000E2	5.509064866E1
1.435661333E2	7.187114395E1
1.437421333E2	8.629083547E1
1.439021000E2	8.867095269E1
1.440781000E2	8.941351304E1
1.442380333E2	8.878025430E1
1.443979667E2	8.248585744E1
1.445739333E2	7.389546278E1
1.447339333E2	6.168838377E1
1.449099333E2	3.687608243E1
1.450700333E2	1.098714226E1
1.452299667E2	-1.263261227E1
1.454059667E2	-3.326820004E1
1.455660000E2	-4.344528252E1
1.457419333E2	-4.739646897E1
1.459020000E2	-4.335172275E1
1.460779000E2	-3.034765297E1
1.462379333E2	-1.469098092E1
1.463980000E2	4.104524518E0
1.465739000E2	2.303688542E1
1.467339333E2	3.963398448E1
1.469099000E2	5.474199400E1
1.470700333E2	7.207068672E1
1.472302000E2	8.642578186E1
1.474061000E2	8.891792634E1
1.475660000E2	8.917618463E1
1.477419667E2	8.847570927E1
1.479020000E2	8.271597155E1
1.480622000E2	7.495796800E1
1.482379667E2	6.439658312E1
1.483980667E2	4.049765298E1
1.485739667E2	1.556499266E1
1.487339333E2	-9.153351873E0
1.488941000E2	-2.907091055E1
1.490699667E2	-4.221531266E1
1.492300000E2	-4.691338125E1
1.494060000E2	-4.525941377E1
1.495660667E2	-3.405414356E1
1.497419333E2	-1.927016679E1
1.499018667E2	-1.972121083E0
1.500620333E2	1.883143444E1
1.502379000E2	3.547256036E1
1.503980333E2	5.101548112E1
1.505738000E2	6.655523478E1
1.507339000E2	8.197222108E1
1.508939333E2	8.729634898E1
1.510699333E2	8.983817419E1
1.512299667E2	8.991135921E1
1.514058667E2	8.510193515E1
1.515660000E2	7.906255313E1
1.517262333E2	6.850446456E1
1.519020000E2	5.119345229E1
1.520619667E2	2.493006367E1
1.522379000E2	1.251182123E0
1.523980000E2	-2.104406799E1
1.525738333E2	-3.930534300E1
1.527339333E2	-4.516296582E1
1.528940000E2	-4.722728902E1
1.530698333E2	-4.042068601E1
1.532298333E2	-2.819428324E1
1.534058000E2	-1.317566262E1
1.535659000E2	7.866771548E0
1.537259000E2	2.509620491E1
1.539019000E2	4.100084683E1
1.540619333E2	5.394166797E1
1.542378667E2	7.244365565E1
1.543979667E2	8.809474873E1
1.545578667E2	8.999597667E1
1.547338000E2	8.984912460E1
1.548939000E2	8.952882800E1
1.550698000E2	8.444758756E1
1.552298333E2	7.694293519E1
1.553899667E2	6.578307187E1
1.555659667E2	4.235187440E1
1.557259333E2	1.725312163E1
1.559019000E2	-6.664394703E0
1.560619000E2	-2.696719342E1
1.562378667E2	-4.118140675E1
1.563978333E2	-4.563076052E1
1.565578667E2	-4.630312389E1
1.567339333E2	-3.822802414E1
1.568937667E2	-2.381585864E1
1.570697667E2	-5.902830330E0
1.572298000E2	1.406729246E1
1.573898667E2	3.121783419E1
1.575658000E2	4.672681863E1
1.577258000E2	5.895032955E1
1.579019000E2	7.657715654E1
1.580619333E2	8.609920793E1
1.582219333E2	9.074988469E1
1.583978667E2	9.013356211E1
1.585578667E2	8.786759794E1
1.587339333E2	8.219666135E1
1.588939000E2	7.299628025E1
1.590539333E2	6.080018102E1
1.592298333E2	3.523896918E1
1.593900000E2	9.984140435E0
1.595657333E2	-1.249731281E1
1.597259000E2	-3.193483331E1
1.599018333E2	-4.208239877E1
1.600619333E2	-4.780395060E1
1.602218333E2	-4.497425085E1
1.603978667E2	-3.420163503E1
1.605579000E2	-2.004931101E1
1.607337667E2	-1.790799684E0
1.608937333E2	1.697615302E1
1.610538333E2	3.389072590E1
1.612298000E2	4.866954179E1
1.613897000E2	6.365502499E1
1.615657000E2	7.851466645E1
1.617257333E2	8.526864969E1
1.618858667E2	8.912269334E1
1.620619333E2	8.928777489E1
1.622218667E2	8.647754994E1
1.623977333E2	8.087657173E1
1.625578667E2	7.132558019E1
1.627336333E2	5.808951254E1
1.628937333E2	3.186314364E1
1.630537000E2	8.942342921E0
1.632297667E2	-1.347160732E1
1.633898333E2	-3.253947895E1
1.635658000E2	-4.382127268E1
1.637258000E2	-4.692623506E1
1.638856667E2	-4.474623550E1
1.640618333E2	-3.327411080E1
1.642217333E2	-1.917988382E1
1.643976667E2	-2.204508176E0
1.645577333E2	1.902975761E1
1.647177667E2	3.432561599E1
1.648938000E2	5.013181863E1
1.650537000E2	6.433869629E1
1.652297000E2	7.988209263E1
1.653898333E2	8.685759120E1
1.655501333E2	9.071414366E1
1.657257333E2	9.094109802E1
1.658857000E2	8.785004554E1
1.660616333E2	8.182923962E1
1.662217333E2	7.241057856E1
1.663977333E2	5.827014429E1
1.665577333E2	3.278459384E1
1.667177667E2	9.803230340E0
1.668936667E2	-1.383116966E1
1.670537333E2	-3.228133741E1
1.672295667E2	-4.305501358E1
1.673897333E2	-4.694405475E1
1.675497333E2	-4.457684930E1
1.677256667E2	-3.412416275E1
1.678858000E2	-2.039790920E1
1.680616667E2	-3.309441208E0
1.682217667E2	1.811951537E1
1.683816667E2	3.377799843E1
1.685577000E2	4.912965899E1
1.687178000E2	6.220791015E1
1.688938333E2	7.805828478E1
1.690537000E2	8.711908109E1
1.692137000E2	9.113887911E1
1.693896667E2	9.093901040E1
1.695497667E2	8.841196525E1
1.697256333E2	8.328759751E1
1.698857333E2	7.390320072E1
1.700617000E2	6.021077522E1
1.702215667E2	3.534224218E1
1.703817667E2	1.171385828E1
1.705576333E2	-1.097309626E1
1.707177333E2	-2.974590167E1
1.708936667E2	-4.205020785E1
1.710536333E2	-4.651213514E1
1.712136667E2	-4.570403904E1
1.713896000E2	-3.618136465E1
1.715496333E2	-2.340473309E1
1.717255333E2	-6.529576911E0
1.718855333E2	1.446395761E1
1.720455667E2	2.987118908E1
1.722216333E2	4.547693089E1
1.723817000E2	5.697224843E1
1.725575667E2	7.484575278E1
1.727176333E2	8.789888659E1
1.728936667E2	9.105775217E1
1.730537000E2	9.087571542E1
1.732136333E2	9.023902468E1
1.733896333E2	8.541521679E1
1.735496667E2	7.817604956E1
1.737255000E2	6.580249167E1
1.738855667E2	4.428038626E1
1.740456667E2	1.992494092E1
1.742215667E2	-3.114639703E0
1.743817000E2	-2.423143221E1
1.745576000E2	-3.981247716E1
1.747177000E2	-4.506897911E1
1.748776333E2	-4.704261105E1
1.750536000E2	-4.029358327E1
1.752135667E2	-2.880932455E1
1.753896000E2	-1.316385907E1
1.755495667E2	6.988836036E0
1.757096000E2	2.382694960E1
1.758855333E2	3.934703577E1
1.760456000E2	5.376187533E1
1.762215333E2	6.992124493E1
1.763816333E2	8.530979102E1
1.765576000E2	8.774371106E1
1.767176333E2	9.004994065E1
1.768775667E2	8.991592516E1
1.770535667E2	8.600391436E1
1.772135667E2	8.027803073E1
1.773896000E2	7.007747607E1
1.775496000E2	5.471822819E1
1.777096000E2	2.947708473E1
1.778856333E2	6.946676519E0
1.780455333E2	-1.519582476E1
1.782216333E2	-3.501926443E1
1.783816000E2	-4.323416598E1
1.785415667E2	-4.668118861E1
1.787176000E2	-4.393698336E1
1.788776667E2	-3.360617126E1
1.790536333E2	-2.072718881E1
1.792135667E2	-1.252196618E0
1.793736000E2	1.794309204E1
1.795495667E2	3.299517713E1
1.797097000E2	4.800818063E1
1.798855000E2	6.105611984E1
1.800455333E2	7.694527179E1
1.802214000E2	8.596786166E1
1.803816667E2	9.066600487E1
1.805416333E2	9.073479395E1
1.807174667E2	8.857527630E1
1.808776000E2	8.339930361E1
1.810534000E2	7.497719055E1
1.812136000E2	6.362390898E1
1.813734333E2	4.004937299E1
1.815494667E2	1.720080519E1
1.817095667E2	-6.340841721E0
1.818855667E2	-2.639028561E1
1.820455333E2	-4.022917844E1
1.822056000E2	-4.563352983E1
1.823814667E2	-4.621854758E1
1.825414000E2	-3.924443015E1
1.827174333E2	-2.724544867E1
1.828774667E2	-9.683701671E0
1.830535000E2	9.734036705E0
1.832135667E2	2.627933930E1
1.833735667E2	4.108234476E1
1.835495000E2	5.577156278E1
1.837095667E2	7.272520282E1
1.838855000E2	8.699501631E1
1.840455667E2	8.913453856E1
1.842055667E2	8.978320095E1
1.843815667E2	8.974056879E1
1.845414333E2	8.537930832E1
1.847175333E2	7.901552075E1
1.848774667E2	6.865692475E1
1.850374667E2	5.157415414E1
1.852133667E2	2.744770645E1
1.853735333E2	4.152601126E0
1.855495000E2	-1.725276159E1
1.857094667E2	-3.649766318E1
1.858695667E2	-4.354215536E1
1.860455333E2	-4.657631608E1
1.862054000E2	-4.322239074E1
1.863815333E2	-3.375517050E1
1.865415667E2	-1.912900757E1
1.867173333E2	-6.809416777E-1
1.868775333E2	1.759847520E1
1.870375667E2	3.268706299E1
1.872134333E2	4.813590041E1
1.873735000E2	6.021963124E1
1.875494667E2	7.607822606E1
1.877096000E2	8.502082092E1
1.878694333E2	9.020620051E1
1.880454000E2	9.011840224E1
1.882054333E2	8.887122558E1
1.883814333E2	8.296622034E1
1.885413667E2	7.536240466E1
1.887014000E2	6.475037452E1
1.888773667E2	4.352865124E1
1.890373000E2	1.960613762E1
1.892134667E2	-3.944256634E0
1.893734000E2	-2.493911755E1
1.895335333E2	-3.973711739E1
1.897095667E2	-4.448451255E1
1.898694000E2	-4.686494906E1
1.900454000E2	-4.088698337E1
1.902055000E2	-2.899024906E1
1.903813000E2	-1.171852599E1
1.905414667E2	6.922361609E0
1.907017667E2	2.345410471E1
1.908774667E2	3.863249067E1
1.910373000E2	5.362414754E1
1.912133667E2	6.881019121E1
1.913734667E2	8.362011166E1
1.915335000E2	8.685977978E1
1.917094000E2	8.945561566E1
1.918694667E2	8.962574642E1
1.920454333E2	8.594326772E1
1.922053667E2	8.022220631E1
1.923654000E2	7.108860769E1
1.925414333E2	5.923964433E1
1.927014333E2	3.633721270E1
1.928774000E2	1.201825180E1
1.930374333E2	-9.932370063E0
1.932132000E2	-2.912724565E1
1.933734333E2	-4.100717878E1
1.935334333E2	-4.602279696E1
1.937092667E2	-4.639794716E1
1.938693333E2	-3.886910407E1
1.940452333E2	-2.602107731E1
1.942053000E2	-9.057093722E0
1.943652667E2	9.094921272E0
1.945413667E2	2.572172180E1
1.947013333E2	4.084293627E1
1.948773667E2	5.412903652E1
1.950375000E2	7.065505700E1
1.951976000E2	8.587580023E1
1.953732333E2	8.758055020E1
1.955333667E2	8.863849835E1
1.957094000E2	8.879346645E1
1.958693000E2	8.453102896E1
1.960294000E2	7.833271946E1
1.962054000E2	6.929212488E1
1.963653667E2	5.567105883E1
1.965413667E2	3.274693983E1
1.967014333E2	8.863151961E0
1.968771667E2	-1.201937092E1
1.970372333E2	-3.047343548E1
1.971973667E2	-4.124514259E1
1.973734000E2	-4.623662667E1
1.975332000E2	-4.635467265E1
1.977091667E2	-3.782301207E1
1.978693667E2	-2.504507572E1
1.980292333E2	-8.858007208E0
1.982053667E2	9.120218865E0
1.983654000E2	2.518502840E1
1.985413333E2	3.996490853E1
1.987012667E2	5.194516549E1
1.988615333E2	6.906118811E1
1.990373000E2	8.544914644E1
1.991972667E2	8.686384719E1
1.993733667E2	8.828554766E1
1.995332000E2	8.835913201E1
1.996933333E2	8.482025582E1
1.998693333E2	7.894888589E1
2.000293667E2	7.006636985E1
2.002053333E2	5.846253522E1
2.003651667E2	3.521347870E1
2.005413000E2	1.082777480E1
2.007012667E2	-9.805681502E0
2.008612667E2	-2.834510675E1
2.010371667E2	-4.057832212E1
2.011972000E2	-4.626056400E1
2.013731333E2	-4.713561754E1
2.015333000E2	-3.922919487E1
2.016933000E2	-2.776332207E1
2.018691333E2	-1.276211257E1
2.020292667E2	5.649770740E0
2.022052000E2	2.226566860E1
2.023653333E2	3.709906161E1
2.025253333E2	5.032365807E1
2.027013000E2	6.650867264E1
2.028612333E2	8.134543930E1
2.030372000E2	8.581262383E1
2.031972000E2	8.885098571E1
2.033731000E2	8.879673193E1
2.035331000E2	8.638969160E1
2.036931667E2	8.100070378E1
2.038692667E2	7.276940167E1
2.040291333E2	6.310738758E1
2.042052333E2	4.257429784E1
2.043653000E2	1.883717757E1
2.045253000E2	-2.287427322E0
2.047012000E2	-2.339311005E1
2.048612333E2	-3.894034961E1
2.050371333E2	-4.427516382E1
2.051972000E2	-4.733111070E1
2.053572667E2	-4.202065701E1
2.055332333E2	-3.187290753E1
2.056931667E2	-1.697453156E1
2.058692000E2	-4.025847106E-2
2.060292667E2	1.795743576E1
2.061891667E2	3.219244790E1
2.063651667E2	4.676541445E1
2.065252667E2	5.973411403E1
2.067011333E2	7.416233668E1
2.068612667E2	8.413394421E1
2.070370000E2	8.985074161E1
2.071970333E2	8.915532489E1
2.073571000E2	8.836811217E1
2.075330333E2	8.341881037E1
2.076930333E2	7.720922678E1
2.078690333E2	6.734957287E1
2.080291000E2	5.002120848E1
2.081891000E2	2.643958788E1
2.083652667E2	4.307326340E0
2.085251667E2	-1.744588162E1
2.087012000E2	-3.611197504E1
2.088611667E2	-4.270501312E1
2.090214000E2	-4.728975766E1
2.091970667E2	-4.494289085E1
2.093572000E2	-3.567831517E1
2.095330333E2	-2.195884197E1
2.096930667E2	-4.953460283E0
2.098532333E2	1.377279622E1
2.100292333E2	2.888571313E1
2.101891000E2	4.321738904E1
2.103652333E2	5.410918668E1
2.105250333E2	7.075191022E1
2.107010000E2	8.545077061E1
2.108611667E2	8.837277462E1
2.110212000E2	8.855805206E1
2.111970000E2	8.850062173E1
2.113571667E2	8.473465020E1
2.115331333E2	7.834741191E1
2.116930000E2	6.982865369E1
2.118532000E2	5.640097999E1
2.120290667E2	3.376669082E1
2.121890333E2	1.065329085E1
2.123651000E2	-1.093624237E1
2.125250667E2	-2.913965189E1
2.126850333E2	-4.027918980E1
2.128610667E2	-4.676315109E1
2.130211667E2	-4.688669514E1
2.131970333E2	-3.981092708E1
2.133570000E2	-2.817331073E1
2.135331333E2	-1.220078606E1
2.136930000E2	5.178752459E0
2.138530667E2	2.238150948E1
2.140290333E2	3.673701010E1
2.141891333E2	5.072147604E1
2.143650667E2	6.610222574E1
2.145250333E2	8.024796702E1
2.146850333E2	8.525469724E1
2.148611667E2	8.845377769E1
2.150210667E2	8.905184689E1
2.151971000E2	8.719658502E1
2.153572000E2	8.177571203E1
2.155171667E2	7.389638561E1
2.156932333E2	6.495079720E1
2.158531333E2	4.621578722E1
2.160289000E2	2.274076130E1
2.161890000E2	5.708948322E-1
2.163491000E2	-1.938724417E1
2.165250333E2	-3.695417506E1
2.166851333E2	-4.396038818E1
2.168610000E2	-4.724433996E1
2.170209667E2	-4.406890143E1
2.171968667E2	-3.421435147E1
2.173570000E2	-2.027728002E1
2.175171000E2	-4.575622106E0
2.176929667E2	1.475868641E1
2.178531000E2	2.921655081E1
2.180290333E2	4.357448085E1
2.181889000E2	5.377674959E1
2.183492000E2	7.068727595E1
2.185249667E2	8.550628540E1
2.186850333E2	8.854368130E1
2.188609000E2	8.909970742E1
2.190209667E2	8.885306135E1
2.191810333E2	8.484046565E1
2.193569000E2	7.839427254E1
2.195169333E2	6.995398681E1
2.196930000E2	5.615334989E1
2.198529667E2	3.274524451E1
2.200130333E2	9.825718013E0
2.201891667E2	-1.129601898E1
2.203489000E2	-3.012580853E1
2.205249000E2	-4.186955107E1
2.206850333E2	-4.666974794E1
2.208610000E2	-4.692283460E1
2.210209667E2	-3.936205974E1
2.211810667E2	-2.806278524E1
2.213570000E2	-1.174027622E1
2.215171667E2	6.636032531E0
2.216928000E2	2.306515952E1
2.218529333E2	3.784658964E1
2.220129667E2	5.180585910E1
2.221890333E2	6.784380712E1
2.223488333E2	8.229803218E1
2.225248333E2	8.591294651E1
2.226849000E2	8.803441422E1
2.228450667E2	8.845836177E1
2.230210000E2	8.612806531E1
2.231809333E2	8.085142425E1
2.233569667E2	7.232199123E1
2.235168667E2	6.242235947E1
2.236928000E2	4.194675988E1
2.238528333E2	1.830802624E1
2.240131000E2	-3.544722139E0
2.241889667E2	-2.349897308E1
2.243490000E2	-3.910126667E1
2.245249000E2	-4.459871181E1
2.246848333E2	-4.731722989E1
2.248450000E2	-4.279919789E1
2.250208667E2	-3.165053754E1
2.251809667E2	-1.626734140E1
2.253568000E2	3.288300770E-1
2.255168667E2	1.808333031E1
2.256769000E2	3.313609388E1
2.258528667E2	4.733753612E1
2.260128667E2	6.024961333E1
2.261888000E2	7.464096411E1
2.263487667E2	8.389227979E1
2.265089000E2	8.924299532E1
2.266849333E2	8.918151046E1
2.268448333E2	8.811661710E1
2.270209000E2	8.332518517E1
2.271809667E2	7.670147763E1
2.273567667E2	6.776351873E1
2.275168667E2	5.190080581E1
2.276770000E2	2.872341869E1
2.278528667E2	5.356678599E0
2.280129000E2	-1.517644882E1
2.281887333E2	-3.317895180E1
2.283488667E2	-4.229465618E1
2.285089000E2	-4.711280963E1
2.286849333E2	-4.640626583E1
2.288448667E2	-3.776442745E1
2.290207333E2	-2.491017448E1
2.291809000E2	-9.150457509E0
2.293409333E2	8.874379158E0
2.295168000E2	2.595737136E1
2.296768000E2	3.983970158E1
2.298529000E2	5.297401196E1
2.300130000E2	6.882939761E1
2.301728333E2	8.403511159E1
2.303489000E2	8.637568171E1
2.305088333E2	8.798694912E1
2.306847333E2	8.812666303E1
2.308447333E2	8.601341346E1
2.310208000E2	8.075728688E1
2.311807667E2	7.231618171E1
2.313410000E2	6.245241019E1
2.315168333E2	4.312005959E1
2.316769000E2	1.926370131E1
2.318528667E2	-1.402081165E0
2.320129000E2	-2.113244503E1
2.321728667E2	-3.805947506E1
2.323488000E2	-4.396791022E1
2.325088000E2	-4.756271740E1
2.326848333E2	-4.397007114E1
2.328447667E2	-3.420163859E1
2.330048333E2	-2.120249780E1
2.331809333E2	-5.024613302E0
2.333407333E2	1.319420028E1
2.335166667E2	2.875913615E1
2.336767333E2	4.269216673E1
2.338528333E2	5.411271478E1
2.340128000E2	7.046289337E1
2.341728667E2	8.548193634E1
2.343488333E2	8.763029476E1
2.345087333E2	8.813459486E1
2.346846333E2	8.831836392E1
2.348448667E2	8.602761357E1
2.350048000E2	8.039355858E1
2.351807000E2	7.188347798E1
2.353409667E2	6.120853796E1
2.355166333E2	4.066878462E1
2.356768000E2	1.754580954E1
2.358368667E2	-3.131380187E0
2.360128000E2	-2.217803215E1
2.361727667E2	-3.817813643E1
2.363487333E2	-4.380925419E1
2.365088333E2	-4.775332103E1
2.366687000E2	-4.463622532E1
2.368446667E2	-3.510964019E1
2.370047000E2	-2.215092153E1
2.371807000E2	-6.358577787E0
2.373407333E2	1.172679177E1
2.375166000E2	2.689319156E1
2.376767000E2	4.093041882E1
2.378367000E2	5.265400842E1
2.380127667E2	6.795906874E1
2.381727667E2	8.358980031E1
2.383485667E2	8.549468938E1
2.385087000E2	8.788376968E1
2.386687000E2	8.872375184E1
2.388446333E2	8.777572041E1
2.390047000E2	8.212844193E1
2.391806333E2	7.444912785E1
2.393406000E2	6.536057915E1
2.395006667E2	4.702784814E1
2.396766000E2	2.347302335E1
2.398366000E2	3.524962359E0
2.400126000E2	-1.696791550E1
2.401726333E2	-3.395386097E1
2.403326667E2	-4.234626655E1
2.405085667E2	-4.782314140E1
2.406686667E2	-4.607837271E1
2.408446000E2	-3.774562868E1
2.410046000E2	-2.703464290E1
2.411805667E2	-1.180888473E1
2.413405667E2	6.018535683E0
2.415005667E2	2.105709355E1
2.416765667E2	3.537408684E1
2.418366000E2	4.832953355E1
2.420125333E2	6.184716939E1
2.421726000E2	7.541253083E1
2.423326333E2	8.315076053E1
2.425085667E2	8.829334298E1
2.426686333E2	8.873304792E1
2.428445667E2	8.799908927E1
2.430045667E2	8.351694767E1
2.431646333E2	7.761163482E1
2.433406000E2	6.930073558E1
2.435006333E2	5.648802956E1
2.436765667E2	3.577650192E1
2.438365667E2	1.463715645E1
2.440125000E2	-6.145593281E0
2.441725000E2	-2.411983060E1
2.443325667E2	-3.885518871E1
2.445085667E2	-4.479485898E1
2.446685333E2	-4.727722290E1
2.448446333E2	-4.394696671E1
2.450047000E2	-3.507069623E1
2.451647000E2	-2.105199616E1
2.453406667E2	-5.952976675E0
2.455007000E2	1.029648094E1
2.456764667E2	2.712858388E1
2.458367000E2	4.028528764E1
2.459966333E2	5.239379840E1
2.461726667E2	6.709214911E1
2.463326667E2	8.184490296E1
2.465087333E2	8.538119248E1
2.466686333E2	8.830179846E1
2.468286333E2	8.845264870E1
2.470046667E2	8.790742811E1
2.471645333E2	8.309393923E1
2.473405000E2	7.690466583E1
2.475005000E2	6.865204700E1
2.476766333E2	5.490164231E1
2.478365333E2	3.238467185E1
2.479966000E2	1.178465885E1
2.481726667E2	-7.732284470E0
2.483327333E2	-2.627254165E1
2.485086333E2	-3.961912961E1
2.486686000E2	-4.514463189E1
2.488285667E2	-4.782665019E1
2.490045000E2	-4.309998625E1
2.491645333E2	-3.389186936E1
2.493407000E2	-2.124867300E1
2.495005000E2	-5.930438002E0
2.496606667E2	1.171075588E1
2.498365333E2	2.692879997E1
2.499965333E2	4.007301388E1
2.501726000E2	5.177379303E1
2.503325000E2	6.662306159E1
2.504925667E2	8.159273230E1
2.506685000E2	8.556317215E1
2.508286000E2	8.813316994E1
2.510045333E2	8.863641838E1
2.511645333E2	8.788390732E1
2.513406000E2	8.336225694E1
2.515005000E2	7.696803199E1
2.516604667E2	6.860158160E1
2.518364333E2	5.517723302E1
2.519966000E2	3.283843269E1
2.521724333E2	1.290045119E1
2.523325667E2	-6.694239507E0
2.524925667E2	-2.451425754E1
2.526685667E2	-3.855132609E1
2.528286000E2	-4.415039372E1
2.530045000E2	-4.749126510E1
2.531645333E2	-4.414945418E1
2.533245000E2	-3.523371068E1
2.535004667E2	-2.330390629E1
2.536605000E2	-9.870067569E0
2.538365667E2	8.168772749E0
2.539965667E2	2.337902653E1
2.541724000E2	3.660662256E1
2.543324667E2	4.868706020E1
2.544925000E2	6.156886616E1
2.546684333E2	7.577237727E1
2.548285667E2	8.436564728E1
2.550045000E2	8.934613713E1
2.551645000E2	8.899248598E1
2.553248333E2	8.848686663E1
2.555004000E2	8.440810787E1
2.556604333E2	7.872661753E1
2.558363333E2	7.085022866E1
2.559964000E2	6.105824790E1
2.561564333E2	4.140295602E1
2.563324667E2	2.135877572E1
2.564925667E2	1.078818042E0
2.566684667E2	-1.787703899E1
2.568284667E2	-3.417447481E1
2.569885000E2	-4.188892932E1
2.571644000E2	-4.718901904E1
2.573246000E2	-4.676508695E1
2.575005000E2	-3.938201951E1
2.576604000E2	-3.028976923E1
2.578363333E2	-1.629533208E1
2.579964667E2	2.470995090E-1
2.581565667E2	1.669007643E1
2.583325333E2	3.011678744E1
2.584924667E2	4.212388935E1
2.586683333E2	5.188332427E1
2.588283667E2	6.728939998E1
2.589884333E2	8.269946057E1
2.591643333E2	8.588133166E1
2.593246000E2	8.819170702E1
2.595004667E2	8.868339670E1
2.596605000E2	8.767646397E1
2.598205000E2	8.304753717E1
2.599964000E2	7.699325388E1
2.601564000E2	6.857263872E1
2.603325000E2	5.457415468E1
2.604923667E2	3.306426978E1
2.606524000E2	1.217623809E1
2.608283333E2	-6.803178167E0
2.609883667E2	-2.429150138E1
2.611644333E2	-3.820810725E1
2.613245000E2	-4.405640795E1
2.615004333E2	-4.758935590E1
2.616603000E2	-4.432935790E1
2.618204667E2	-3.754392410E1
2.619963667E2	-2.658649246E1
2.621563333E2	-1.197244744E1
2.623322667E2	4.203372089E0
2.624925000E2	2.064633740E1
2.626524667E2	3.317074518E1
2.628283000E2	4.582015654E1
2.629883333E2	5.641272326E1
2.631642667E2	7.046856784E1
2.633245000E2	8.314340348E1
2.634844000E2	8.675912170E1
2.636604000E2	8.818655324E1
2.638204000E2	8.864160351E1
2.639963333E2	8.800955207E1
2.641562667E2	8.312299672E1
2.643324000E2	7.661325806E1
2.644924333E2	6.807276810E1
2.646527000E2	5.384008863E1
2.648284333E2	3.215797243E1
2.649884667E2	1.193611380E1
2.651643000E2	-7.219020282E0
2.653242667E2	-2.473254916E1
2.654843667E2	-3.839534179E1
2.656603333E2	-4.407903673E1
2.658203333E2	-4.729907927E1
2.659963000E2	-4.479762382E1
2.661563333E2	-3.762547420E1
2.663164000E2	-2.657416208E1
2.664923333E2	-1.218267496E1
2.666523000E2	3.725185774E0
2.668282333E2	2.058840161E1
2.669884000E2	3.232071571E1
2.671484000E2	4.493841112E1
2.673244333E2	5.467659034E1
2.674842667E2	6.920050320E1
2.676602667E2	8.312593692E1
2.678203667E2	8.605946324E1
2.679962333E2	8.859882080E1
2.681562333E2	8.908722144E1
2.683164333E2	8.872114333E1
2.684923667E2	8.424186064E1
2.686523000E2	7.901810606E1
2.688283333E2	7.073608389E1
2.689883000E2	5.919034598E1
2.691483667E2	3.880428373E1
2.693243667E2	1.904052163E1
2.694842000E2	-2.091170483E-2
2.696601667E2	-1.766106296E1
2.698202667E2	-3.383931669E1
2.699802333E2	-4.220586041E1
2.701562667E2	-4.615638581E1
2.703162667E2	-4.676328182E1
2.704923000E2	-4.174986170E1
2.706523667E2	-3.234712285E1
2.708124000E2	-2.000746975E1
2.709882667E2	-5.226328318E0
2.711482333E2	1.140552287E1
2.713244000E2	2.455367675E1
2.714843333E2	3.712716701E1
2.716601667E2	4.865393591E1
2.718201667E2	5.988322191E1
2.719805333E2	7.275903431E1
2.721561333E2	8.212613876E1
2.723163000E2	8.543934129E1
2.724922667E2	8.705666476E1
2.726523333E2	8.776949025E1
2.728123333E2	8.735242988E1
2.729882333E2	8.262637926E1
2.731483333E2	7.672904170E1
2.733243000E2	6.846151811E1
2.734843000E2	5.639128211E1
2.736442333E2	3.683288308E1
2.738202667E2	1.688688523E1
2.739801667E2	-1.977691405E0
2.741561667E2	-1.964449970E1
2.743164667E2	-3.416666499E1
2.744921000E2	-4.104363699E1
2.746522667E2	-4.623368597E1
2.748123000E2	-4.734201257E1
2.749881000E2	-4.185550636E1
2.751485000E2	-3.278403820E1
2.753241333E2	-2.034882791E1
2.754842000E2	-5.171347573E0
2.756443000E2	9.908673426E0
2.758201000E2	2.308493786E1
2.759802333E2	3.586796468E1
2.761561000E2	4.705513200E1
2.763162000E2	5.724010154E1
2.764761667E2	7.053143440E1
2.766521667E2	8.104379617E1
2.768122667E2	8.404928941E1
2.769881667E2	8.622694236E1
2.771481333E2	8.769232933E1
2.773083667E2	8.744832313E1
2.774842667E2	8.320391513E1
2.776441333E2	7.785088397E1
2.778203000E2	7.017877548E1
2.779801667E2	5.941537869E1
2.781561667E2	3.997586320E1
2.783162000E2	2.044179503E1
2.784762000E2	2.091975505E0
2.786521333E2	-1.570255902E1
2.788121000E2	-3.090689181E1
2.789881333E2	-3.979359862E1
2.791481333E2	-4.618958680E1
2.793081333E2	-4.713614756E1
2.794841667E2	-4.292209432E1
2.796442000E2	-3.586859198E1
2.798202000E2	-2.399727649E1
2.799801667E2	-1.019016590E1
2.801401667E2	4.209211417E0
2.803162333E2	2.008901474E1
2.804761333E2	3.263610984E1
2.806522000E2	4.391928796E1
2.808121333E2	5.271460095E1
2.809721000E2	6.676442055E1
2.811482333E2	8.075029207E1
2.813082333E2	8.464244339E1
2.814840333E2	8.762482294E1
2.816442000E2	8.826399975E1
2.818200000E2	8.802126573E1
2.819801000E2	8.428931061E1
2.821402000E2	7.933397688E1
2.823161667E2	7.193390892E1
2.824761333E2	6.367708352E1
2.826521333E2	4.665518697E1
2.828121667E2	2.688915442E1
2.829721333E2	8.489340345E0
2.831481000E2	-1.002604104E1
2.833082333E2	-2.620334150E1
2.834840333E2	-3.871114032E1
2.836440000E2	-4.397940460E1
2.838042000E2	-4.687928023E1
2.839800667E2	-4.496605750E1
2.841401667E2	-3.911903353E1
2.843161333E2	-2.825393636E1
2.844761667E2	-1.498477014E1
2.846520667E2	-3.973210738E-1
2.848119667E2	1.614623643E1
2.849721000E2	2.778173811E1
2.851481000E2	3.989917341E1
2.853081667E2	5.110935726E1
2.854839333E2	6.438608773E1
2.856441667E2	7.801978705E1
2.858040333E2	8.465147673E1
2.859800333E2	8.861052306E1
2.861401333E2	8.929376319E1
2.863161000E2	8.877822019E1
2.864761333E2	8.605299202E1
2.866361667E2	8.179417613E1
2.868121333E2	7.518688106E1
2.869720667E2	6.748147545E1
2.871481000E2	5.479928104E1
2.873080333E2	3.494056252E1
2.874681000E2	1.660004934E1
2.876441333E2	-2.704239684E0
2.878040000E2	-1.933738987E1
2.879799333E2	-3.422762957E1
2.881399667E2	-4.122046276E1
2.883159000E2	-4.624505339E1
2.884760000E2	-4.700976459E1
2.886360333E2	-4.292232884E1
2.888120667E2	-3.418341376E1
2.889720333E2	-2.223554490E1
2.891479667E2	-8.856064985E0
2.893079000E2	7.056183446E0
2.894680333E2	2.059019480E1
2.896439333E2	3.322733149E1
2.898041000E2	4.383272872E1
2.899799667E2	5.294140912E1
2.901399000E2	6.709696201E1
2.903000667E2	7.998076423E1
2.904760000E2	8.228184176E1
2.906359333E2	8.560958271E1
2.908120000E2	8.701445079E1
2.909719667E2	8.719385410E1
2.911480000E2	8.406875764E1
2.913079667E2	7.891726321E1
2.914680000E2	7.168683015E1
2.916439000E2	6.393680248E1
2.918040667E2	4.865314165E1
2.919799333E2	2.886591942E1
2.921399333E2	9.653289218E0
2.922999000E2	-8.206966323E0
2.924759000E2	-2.390998265E1
2.926359667E2	-3.692558497E1
2.928119333E2	-4.296941597E1
2.929719333E2	-4.700177604E1
2.931319333E2	-4.620743733E1
2.933080333E2	-4.032723098E1
2.934679667E2	-3.040179884E1
2.936438333E2	-1.932046324E1
2.938040333E2	-5.325989880E0
2.939639667E2	1.078111683E1
2.941399667E2	2.364656763E1
2.942999000E2	3.517709495E1
2.944758667E2	4.624304233E1
2.946359667E2	5.670120183E1
2.948119333E2	6.993926663E1
2.949718333E2	8.106288197E1
2.951320000E2	8.332561012E1
2.953079333E2	8.583996379E1
2.954680333E2	8.748275412E1
2.956439333E2	8.737570891E1
2.958040000E2	8.407886332E1
2.959639667E2	7.875385862E1
2.961399000E2	7.173507354E1
2.963000000E2	6.348434918E1
2.964759667E2	4.812574169E1
2.966358333E2	2.912578667E1
2.967959000E2	1.006297333E1
2.969718333E2	-7.570622984E0
2.971319333E2	-2.360335107E1
2.973079333E2	-3.693204842E1
2.974679667E2	-4.206884435E1
2.976279667E2	-4.661750081E1
2.978039000E2	-4.690714670E1
2.979639000E2	-4.168850128E1
2.981398667E2	-3.300132754E1
2.982999667E2	-2.166428049E1
2.984758333E2	-7.799693264E0
2.986359333E2	7.672061052E0
2.987958333E2	2.087403012E1
2.989717333E2	3.293439461E1
2.991318667E2	4.330293478E1
2.993077333E2	5.101209076E1
2.994678000E2	6.522012640E1
2.996278333E2	7.910138531E1
2.998039333E2	8.354740136E1
2.999638333E2	8.668452630E1
3.001399333E2	8.794179088E1
3.002999333E2	8.788811603E1
3.004598333E2	8.563556625E1
3.006359000E2	8.114810449E1
3.007959333E2	7.485942122E1
3.009717333E2	6.763403649E1
3.011320333E2	5.548616217E1
3.013077333E2	3.654003394E1
3.014678667E2	1.760120121E1
3.016279000E2	8.249538701E-1
3.018039000E2	-1.592517327E1
3.019638333E2	-3.102658180E1
3.021396667E2	-3.903612033E1
3.022998667E2	-4.540317083E1
3.024598667E2	-4.776532060E1
3.026357333E2	-4.438855788E1
3.027957333E2	-3.789212061E1
3.029717000E2	-2.792219704E1
3.031319000E2	-1.580717192E1
3.032918333E2	-5.705644325E-1
3.034678667E2	1.375028301E1
3.036278000E2	2.569087791E1
3.038038667E2	3.663336479E1
3.039637333E2	4.729552685E1
3.041237667E2	5.923596783E1
3.042996667E2	7.167836270E1
3.044598667E2	8.177267794E1
3.046358667E2	8.345540161E1
3.047959000E2	8.587070295E1
3.049717667E2	8.720889686E1
3.051316667E2	8.734631955E1
3.052917333E2	8.381351079E1
3.054677333E2	7.891709681E1
3.056278667E2	7.184642577E1
3.058038000E2	6.439285853E1
3.059638667E2	5.047114427E1
3.061239000E2	3.072463312E1
3.062999667E2	1.298138967E1
3.064597000E2	-4.971138758E0
3.066357000E2	-2.018557563E1
3.067957667E2	-3.352305493E1
3.069557333E2	-4.044837682E1
3.071317333E2	-4.604076467E1
3.072917667E2	-4.667961533E1
3.074678333E2	-4.383541140E1
3.076277667E2	-3.696389642E1
3.077879333E2	-2.608305254E1
3.079637667E2	-1.427574265E1
3.081238333E2	8.055696941E-2
3.082998333E2	1.463584577E1
3.084598333E2	2.581015651E1
3.086356000E2	3.629082574E1
3.087956667E2	4.705866268E1
3.089557333E2	5.788462067E1
3.091318000E2	7.009426198E1
3.092917333E2	8.062909495E1
3.094677000E2	8.295935011E1
3.096278000E2	8.569699161E1
3.097877333E2	8.718492445E1
3.099637333E2	8.742790287E1
3.101238000E2	8.407898052E1
3.102997667E2	7.901004204E1
3.104597000E2	7.201769141E1
3.106197333E2	6.460881635E1
3.107956333E2	5.101399748E1
3.109556667E2	3.175456174E1
3.111316667E2	1.328117304E1
3.112917333E2	-3.918094838E0
3.114677333E2	-1.973285242E1
3.116278000E2	-3.385772561E1
3.117877667E2	-4.086542869E1
3.119636000E2	-4.586870529E1
3.121237000E2	-4.683656979E1
3.122997333E2	-4.377654730E1
3.124597667E2	-3.648308350E1
3.126198000E2	-2.683615841E1
3.127957000E2	-1.497501359E1
3.129555667E2	4.464791280E-1
3.131315667E2	1.415225873E1
3.132916667E2	2.579331313E1
3.134516667E2	3.649578035E1
3.136276667E2	4.711745251E1
3.137877667E2	5.796589448E1
3.139635667E2	7.002806845E1
3.141236000E2	8.046188748E1
3.142838667E2	8.272928388E1
3.144596000E2	8.577752929E1
3.146197333E2	8.754170349E1
3.147957000E2	8.766931911E1
3.149556333E2	8.432472218E1
3.151315000E2	8.006477478E1
3.152916000E2	7.307296365E1
3.154516333E2	6.602148214E1
3.156276667E2	5.333527835E1
3.157877000E2	3.429617789E1
3.159635667E2	1.611355403E1
3.161235667E2	-1.211203041E0
3.162836333E2	-1.660502835E1
3.164596333E2	-3.019848648E1
3.166197333E2	-3.909404690E1
3.167956667E2	-4.521645450E1
3.169556000E2	-4.701099048E1
3.171157667E2	-4.502530757E1
3.172915667E2	-3.899942487E1
3.174515333E2	-2.937369640E1
3.176275667E2	-1.805790869E1
3.177875667E2	-4.816279915E0
3.179475667E2	9.927028993E0
3.181236667E2	2.217063115E1
3.182837000E2	3.340950116E1
3.184597000E2	4.387002593E1
3.186196000E2	5.095058089E1
3.187956333E2	6.497706542E1
3.189554667E2	7.825958464E1
3.191156000E2	8.329848016E1
3.192916667E2	8.681182778E1
3.194516667E2	8.804758514E1
3.196275000E2	8.790648982E1
3.197875333E2	8.648995318E1
3.199475000E2	8.248140134E1
3.201236333E2	7.748720157E1
3.202836667E2	7.039661533E1
3.204596667E2	6.072471196E1
3.206196667E2	4.484040086E1
3.207796000E2	2.592185143E1
3.209555667E2	8.100914078E0
3.211155667E2	-8.363005703E0
3.212915333E2	-2.340923293E1
3.214516667E2	-3.601815906E1
3.216275667E2	-4.129521117E1
3.217875000E2	-4.651756348E1
3.219475667E2	-4.720829164E1
3.221236000E2	-4.354160844E1
3.222835000E2	-3.605010856E1
3.224596000E2	-2.669716806E1
3.226196000E2	-1.477860724E1
3.227796000E2	-1.366743432E-2
3.229555000E2	1.313141616E1
3.231156000E2	2.444944184E1
3.232915000E2	3.493927083E1
3.234516000E2	4.518669481E1
3.236115000E2	5.506503009E1
3.237875000E2	6.696337699E1
3.239474667E2	7.822530847E1
3.241235000E2	8.130425825E1
3.242836000E2	8.551284824E1
3.244435667E2	8.755240154E1
3.246195000E2	8.793433006E1
3.247795000E2	8.540933872E1
3.249555000E2	8.171740522E1
3.251155000E2	7.620802164E1
3.252914667E2	6.915177678E1
3.254514333E2	5.936349148E1
3.256117000E2	4.320296928E1
3.257875333E2	2.434084479E1
3.259474000E2	7.491753354E0
3.261233667E2	-9.055830031E0
3.262836000E2	-2.460775311E1
3.264435333E2	-3.625153849E1
3.266194667E2	-4.119682363E1
3.267795333E2	-4.685810421E1
3.269554667E2	-4.688121411E1
3.271154333E2	-4.320376139E1
3.272755000E2	-3.599606158E1
3.274514667E2	-2.671253447E1
3.276115667E2	-1.492202480E1
3.277875333E2	-5.977821665E-1
3.279474667E2	1.195069775E1
3.281074333E2	2.300455340E1
3.282833667E2	3.356885389E1
3.284434667E2	4.333395282E1
3.286194333E2	5.056810892E1
3.287795667E2	6.340670494E1
3.289553333E2	7.620870646E1
3.291154333E2	8.239704072E1
3.292757667E2	8.606161972E1
3.294514000E2	8.741720124E1
3.296115333E2	8.782563253E1
3.297874000E2	8.735322550E1
3.299475000E2	8.426790285E1
3.301075333E2	7.891403711E1
3.302835667E2	7.248320503E1
3.304433667E2	6.514311304E1
3.306194667E2	5.285193373E1
3.307793333E2	3.303116522E1
3.309394667E2	1.711337928E1
3.311154667E2	9.939040510E-2
3.312754333E2	-1.431778278E1
3.314513667E2	-2.825090248E1
3.316114000E2	-3.789076489E1
3.317874000E2	-4.409980942E1
3.319474333E2	-4.656375024E1
3.321074333E2	-4.611249344E1
3.322834667E2	-4.191079449E1
3.324434667E2	-3.358374746E1
3.326192667E2	-2.345276345E1
3.327794667E2	-1.078747474E1
3.329394333E2	2.977931393E0
3.331153667E2	1.598097715E1
3.332755000E2	2.614954547E1
3.334514000E2	3.586356084E1
3.336115667E2	4.558768787E1
3.337714000E2	5.521910278E1
3.339474000E2	6.618023515E1
3.341074000E2	7.645733552E1
3.342833000E2	8.212732913E1
3.344434667E2	8.673954821E1
3.346034333E2	8.802539352E1
3.347793333E2	8.806808296E1
3.349394667E2	8.764895474E1
3.351154000E2	8.409218433E1
3.352754000E2	8.015950389E1
3.354513000E2	7.411243324E1
3.356114000E2	6.763463769E1
3.357713667E2	5.803309856E1
3.359472667E2	4.296480631E1
3.361073000E2	2.568297007E1
3.362833000E2	1.021584684E1
3.364434333E2	-4.992561077E0
3.366033333E2	-1.964456039E1
3.367794000E2	-3.204994462E1
3.369392333E2	-3.897651125E1
3.371153667E2	-4.456289001E1
3.372754000E2	-4.719983020E1
3.374354000E2	-4.662149337E1
3.376114000E2	-4.321433788E1
3.377713667E2	-3.636016925E1
3.379472667E2	-2.714907876E1
3.381073000E2	-1.587187160E1
3.382674667E2	-3.965189138E0
3.384433000E2	8.854618788E0
3.386032667E2	1.931704658E1
3.387793667E2	2.913581096E1
3.389393000E2	3.804551992E1
3.391152000E2	4.623482411E1
3.392753667E2	5.857358907E1
3.394353333E2	6.976995902E1
3.396112333E2	7.975540831E1
3.397713667E2	8.224940326E1
3.399472333E2	8.608168711E1
3.401073667E2	8.771692919E1
3.402673333E2	8.809421892E1
3.404432000E2	8.753893550E1
3.406033000E2	8.438186052E1
3.407792333E2	8.048389396E1
3.409393333E2	7.448082833E1
3.410993667E2	6.848093028E1
3.412752333E2	5.948262883E1
3.414353667E2	4.528840856E1
3.416113000E2	2.903962283E1
3.417713667E2	1.295695661E1
3.419471000E2	-2.243239591E0
3.421073000E2	-1.606225140E1
3.422673667E2	-2.881704554E1
3.424432333E2	-3.703842932E1
3.426033333E2	-4.303671552E1
3.427792333E2	-4.709601424E1
3.429391333E2	-4.693502631E1
3.430992000E2	-4.474710945E1
3.432753000E2	-3.867294814E1
3.434352000E2	-3.062209944E1
3.436113000E2	-2.000297755E1
3.437713667E2	-9.105040395E0
3.439312667E2	3.784618082E0
3.441073000E2	1.553022964E1
3.442672667E2	2.491624533E1
3.444431667E2	3.406740294E1
3.446032333E2	4.292415727E1
3.447632333E2	4.925766889E1
3.449391667E2	6.121201742E1
3.450992667E2	7.302114623E1
3.452753000E2	8.284536046E1
3.454352000E2	8.355050863E1
3.456111000E2	8.570213530E1
3.457712667E2	8.754087714E1
3.459312000E2	8.799799545E1
3.461071667E2	8.654546632E1
3.462672667E2	8.367346801E1
3.464431667E2	7.897663054E1
3.466031000E2	7.308847311E1
3.467631333E2	6.718773560E1
3.469392333E2	5.673926918E1
3.470992667E2	4.063096472E1
3.472750667E2	2.611937271E1
3.474351667E2	1.185694702E1
3.475952000E2	-3.274405645E0
3.477711000E2	-1.703165309E1
3.479312000E2	-2.980961423E1
3.481072000E2	-3.709807125E1
3.482671667E2	-4.296353498E1
3.484271667E2	-4.682061065E1
3.486032000E2	-4.674568532E1
3.487632333E2	-4.486423642E1
3.489390667E2	-3.918741474E1
3.490992333E2	-3.182102979E1
3.492750333E2	-2.165126626E1
3.494351333E2	-1.031735018E1
3.495952333E2	1.767625553E0
3.497711333E2	1.309523423E1
3.499311000E2	2.285082235E1
3.501071000E2	3.204656502E1
3.502672000E2	4.036398277E1
3.504272333E2	4.576151108E1
3.506032333E2	5.855197904E1
3.507631667E2	6.995500584E1
3.509392000E2	8.041970911E1
3.510991000E2	8.445680009E1
3.512592333E2	8.678458936E1
3.514351000E2	8.782607303E1
3.515951333E2	8.821841360E1
3.517710667E2	8.818013158E1
3.519311667E2	8.629362022E1
3.521070667E2	8.277791180E1
3.522671667E2	7.838510522E1
3.524272000E2	7.246310331E1
3.526031667E2	6.597182520E1
3.527631000E2	5.506826527E1
3.529390667E2	3.873128854E1
3.530991000E2	2.328026803E1
3.532591000E2	9.218245027E0
3.534351667E2	-4.230976106E0
3.535951667E2	-1.784193715E1
3.537710000E2	-2.982816295E1
3.539310333E2	-3.694867963E1
3.540912000E2	-4.322069865E1
3.542670667E2	-4.679336686E1
3.544270333E2	-4.638610716E1
3.546031333E2	-4.575541154E1
3.547631667E2	-3.996143345E1
3.549231333E2	-3.218275030E1
3.550991667E2	-2.347099621E1
3.552592000E2	-1.307169312E1
3.554349333E2	1.390318096E-2
3.555951000E2	1.049041011E1
3.557710000E2	1.991519097E1
3.559310000E2	2.814106367E1
3.560911333E2	3.612546735E1
3.562671333E2	4.416603201E1
3.564270000E2	5.511486954E1
3.566030000E2	6.528673272E1
3.567631000E2	7.440015173E1
3.569230000E2	8.240732802E1
3.570989667E2	8.479157406E1
3.572590667E2	8.717990234E1
3.574350000E2	8.847212388E1
3.575949667E2	8.833022545E1
3.577552333E2	8.704411291E1
3.579310667E2	8.438203936E1
3.580911000E2	8.023790962E1
3.582672000E2	7.496986239E1
3.584270000E2	6.887333520E1
3.585870000E2	6.044163278E1
3.587629000E2	4.686914443E1
3.589229667E2	3.167300261E1
3.590991000E2	1.596056165E1
3.592590000E2	1.147749790E0
3.594349333E2	-1.192458894E1
3.595950667E2	-2.389981577E1
3.597549667E2	-3.499954700E1
3.599310000E2	-4.012670748E1
3.600909333E2	-4.498179982E1
3.602670333E2	-4.650045805E1
3.604270000E2	-4.625954291E1
3.605871000E2	-4.330617453E1
3.607630000E2	-3.719676172E1
3.609229667E2	-2.946996356E1
3.610989333E2	-2.015387942E1
3.612589333E2	-9.873423332E0
3.614189667E2	2.120090073E0
3.615950000E2	1.289085867E1
3.617550667E2	2.187317610E1
3.619310333E2	3.017052164E1
3.620909667E2	3.814969137E1
3.622668667E2	4.521598784E1
3.624269667E2	5.649311058E1
3.625870000E2	6.727680387E1
3.627630333E2	7.625920219E1
3.629229333E2	8.329987149E1
3.630988333E2	8.556810895E1
3.632592000E2	8.719030005E1
3.634190000E2	8.848824883E1
3.635949667E2	8.850375774E1
3.637550333E2	8.685801940E1
3.639309000E2	8.458907527E1
3.640910333E2	8.033012269E1
3.642509667E2	7.491508702E1
3.644268333E2	6.925030887E1
3.645869000E2	6.166305612E1
3.647629667E2	4.892327806E1
