mass_A
t	x
0.000000000E0	-1.705302566E-13
1.600333333E-1	1.637698752E-3
3.359333333E-1	2.131580820E-3
4.960000000E-1	2.494086288E-3
6.560333333E-1	8.702712015E-3
8.319333333E-1	1.540358522E-2
9.920333333E-1	2.824679894E-2
1.167933333E0	3.699544132E-2
1.328000000E0	2.237898611E-2
1.488033333E0	2.391666314E-2
1.664000000E0	1.092088890E-2
1.824000000E0	1.072829187E-2
2.000033333E0	9.380421268E-3
2.160100000E0	1.276538865E-2
2.320133333E0	9.489602305E-3
2.496100000E0	2.140380692E-2
2.656200000E0	1.676903458E-2
2.831933333E0	1.860722329E-2
2.992033333E0	2.843038092E-2
3.168066667E0	1.494274939E-2
3.328000000E0	1.874116923E-2
3.488033333E0	2.049703634E-2
3.664000000E0	2.590346242E-2
3.824166667E0	2.892026316E-2
3.999966667E0	1.733080061E-2
4.160000000E0	2.453588648E-2
4.320100000E0	3.068524878E-2
4.496000000E0	2.595754898E-2
4.656166667E0	2.908546027E-2
4.832000000E0	2.994142772E-2
4.991966667E0	3.438204707E-2
5.152100000E0	2.214816376E-2
5.327933333E0	2.814261122E-2
5.488066667E0	2.480780962E-2
5.664066667E0	2.505364489E-2
5.823966667E0	2.764845416E-2
5.999833333E0	3.960510341E-2
6.159933333E0	1.819247468E0
6.320033333E0	1.675082219E1
6.495900000E0	4.260000000E1
6.655933333E0	6.872336965E1
6.831866667E0	9.172734567E1
6.991900000E0	1.146604728E2
7.151933333E0	1.278674118E2
7.327900000E0	1.312885441E2
7.487933333E0	1.311058597E2
7.663866667E0	1.216336101E2
7.823900000E0	1.069549983E2
7.984133333E0	7.801663133E1
8.159900000E0	4.114413319E1
8.319900000E0	1.088207481E1
8.496066667E0	1.846807408E-1
8.656033333E0	3.385646110E0
8.816000000E0	2.095512201E1
8.991833333E0	4.864600949E1
9.151866667E0	7.383674377E1
9.327866667E0	9.707469053E1
9.487933333E0	1.189501730E2
9.663900000E0	1.289079033E2
9.823866667E0	1.324284166E2
9.983966667E0	1.310779716E2
1.015986667E1	1.211469634E2
1.031986667E1	1.056369739E2
1.049580000E1	7.426631781E1
1.065586667E1	4.016336223E1
1.081590000E1	1.091449731E1
1.099180000E1	2.865678807E-2
1.115193333E1	3.025863358E0
1.132780000E1	1.960693054E1
1.148786667E1	4.645535394E1
1.164786667E1	7.172149019E1
1.182383333E1	9.365449574E1
1.198386667E1	1.150404901E2
1.215993333E1	1.269089209E2
1.231993333E1	1.309116050E2
1.247996667E1	1.309740246E2
1.265583333E1	1.226362232E2
1.281610000E1	1.085408005E2
1.299190000E1	8.098574757E1
1.315200000E1	4.691193877E1
1.332780000E1	1.703062587E1
1.348793333E1	8.697538433E-1
1.364790000E1	1.330094816E0
1.382380000E1	1.328504415E1
1.398406667E1	3.935027688E1
1.415980000E1	6.432034772E1
1.431996667E1	8.699094814E1
1.447993333E1	1.086989450E2
1.465580000E1	1.279509073E2
1.481583333E1	1.306175215E2
1.499196667E1	1.311179682E2
1.515196667E1	1.248254981E2
1.531210000E1	1.129295634E2
1.548793333E1	9.269899094E1
1.564800000E1	5.958259675E1
1.582380000E1	2.886462151E1
1.598376667E1	3.848705141E0
1.615983333E1	9.719003500E-1
1.631990000E1	6.109749866E0
1.647986667E1	2.702318519E1
1.665580000E1	5.383048591E1
1.681583333E1	7.688693133E1
1.699173333E1	9.983335340E1
1.715203333E1	1.207625501E2
1.731190000E1	1.293847208E2
1.748786667E1	1.323411952E2
1.764780000E1	1.319932754E2
1.782383333E1	1.213410586E2
1.798390000E1	1.070474015E2
1.814373333E1	7.829088633E1
1.831980000E1	4.524170040E1
1.847990000E1	1.581170778E1
1.865580000E1	8.963593471E-1
1.881593333E1	1.020675178E0
1.897576667E1	1.292190198E1
1.915190000E1	3.776673309E1
1.931183333E1	6.240040849E1
1.948793333E1	8.455838243E1
1.964796667E1	1.066580728E2
1.982373333E1	1.278272762E2
1.998386667E1	1.302074643E2
2.014390000E1	1.317514100E2
2.031973333E1	1.274105456E2
2.047990000E1	1.168614993E2
2.065573333E1	9.970274528E1
2.081580000E1	7.009674621E1
2.097586667E1	3.672824546E1
2.115180000E1	8.725212258E0
2.131186667E1	1.061329272E0
2.148773333E1	2.172958808E0
2.164770000E1	1.777450496E1
2.180786667E1	4.401397695E1
2.198373333E1	6.615111583E1
2.214376667E1	8.825055572E1
2.231980000E1	1.086620420E2
2.247970000E1	1.273952661E2
2.263970000E1	1.285279631E2
2.281570000E1	1.297934621E2
2.297583333E1	1.241414550E2
2.315180000E1	1.132362998E2
2.331186667E1	9.685073828E1
2.348780000E1	6.587519512E1
2.364773333E1	3.343704744E1
2.380776667E1	7.212782639E0
2.398370000E1	1.048639657E0
2.414393333E1	2.979979485E0
2.431976667E1	2.076252130E1
2.447980000E1	4.477670662E1
2.463966667E1	6.706750560E1
2.481573333E1	8.809115840E1
2.497576667E1	1.061549827E2
2.515170000E1	1.259410654E2
2.531170000E1	1.258306866E2
2.547190000E1	1.271272914E2
2.564770000E1	1.224941447E2
2.580783333E1	1.117650055E2
2.598380000E1	9.659918737E1
2.614380000E1	6.818738448E1
2.631970000E1	3.571422379E1
2.647970000E1	9.113716884E0
2.663966667E1	1.041502946E0
2.681563333E1	2.292441711E0
2.697580000E1	1.701633296E1
2.715173333E1	4.022287016E1
2.731176667E1	6.196121945E1
2.747173333E1	8.397940628E1
2.764773333E1	1.002016505E2
2.780773333E1	1.236794045E2
2.798363333E1	1.247520475E2
2.814370000E1	1.272203534E2
2.830370000E1	1.241045177E2
2.847973333E1	1.153791276E2
2.864000000E1	1.016329139E2
2.881570000E1	7.715722111E1
2.897560000E1	4.398672386E1
2.913560000E1	1.705925329E1
2.931176667E1	2.317450813E0
2.947183333E1	1.026902182E0
2.964773333E1	1.093991476E1
2.980776667E1	3.195507198E1
2.998363333E1	5.441336072E1
3.014356667E1	7.801768284E1
3.030366667E1	9.676733565E1
3.047973333E1	1.186716952E2
3.063973333E1	1.279451859E2
3.081553333E1	1.281947080E2
3.097556667E1	1.281175686E2
3.113560000E1	1.214719900E2
3.131156667E1	1.093026369E2
3.147156667E1	8.877075138E1
3.164763333E1	5.920763368E1
3.180756667E1	2.977035248E1
3.196770000E1	6.623326883E0
3.214363333E1	1.221562039E0
3.230363333E1	3.731780227E0
3.247960000E1	1.934982180E1
3.263956667E1	4.375063529E1
3.279973333E1	6.588944705E1
3.297566667E1	8.550418739E1
3.313556667E1	1.027791459E2
3.331153333E1	1.247833210E2
3.347166667E1	1.260719856E2
3.364763333E1	1.282713334E2
3.380766667E1	1.255793590E2
3.396766667E1	1.170402987E2
3.414370000E1	1.035229476E2
3.430366667E1	7.962673680E1
3.447953333E1	4.848069228E1
3.463950000E1	2.264952431E1
3.479966667E1	3.776370506E0
3.497553333E1	6.783582735E-1
3.513576667E1	7.470590523E0
3.531150000E1	2.574928652E1
3.547153333E1	4.910037789E1
3.563166667E1	7.095695739E1
3.580750000E1	8.905718031E1
3.596756667E1	1.085263079E2
3.614346667E1	1.260621821E2
3.630363333E1	1.264713858E2
3.647956667E1	1.278224189E2
3.663950000E1	1.239962431E2
3.679950000E1	1.152195103E2
3.697560000E1	1.011689046E2
3.713546667E1	7.770074158E1
3.731150000E1	4.438686176E1
3.747143333E1	1.868798822E1
3.763146667E1	3.036250911E0
3.780746667E1	8.975388516E-1
3.796750000E1	7.837071128E0
3.814356667E1	2.785558360E1
3.830353333E1	5.041938245E1
3.846353333E1	7.157960188E1
3.863963333E1	8.925192611E1
3.879956667E1	1.078304760E2
3.897556667E1	1.251420668E2
3.913543333E1	1.258798714E2
3.929556667E1	1.274490437E2
3.947160000E1	1.239110647E2
3.963160000E1	1.151740998E2
3.980740000E1	1.023841707E2
3.996750000E1	7.838509727E1
4.014353333E1	4.707557356E1
4.030346667E1	2.223704413E1
4.046360000E1	4.458764013E0
4.063946667E1	1.377849558E-1
4.079943333E1	5.768680605E0
4.097550000E1	2.337045796E1
4.113560000E1	4.554805946E1
4.129560000E1	6.763920058E1
4.147156667E1	8.621067149E1
4.163160000E1	1.034562752E2
4.180756667E1	1.247975340E2
4.196743333E1	1.284185212E2
4.212746667E1	1.308279351E2
4.230343333E1	1.290996855E2
4.246350000E1	1.210707796E2
4.263953333E1	1.095857576E2
4.279946667E1	8.620478355E1
4.295953333E1	5.601765858E1
4.313556667E1	3.002939851E1
4.329546667E1	6.994958031E0
4.347156667E1	8.438730914E-1
4.363156667E1	2.286594290E0
4.380746667E1	1.645649348E1
4.396746667E1	3.730382398E1
4.412750000E1	5.833507634E1
4.430353333E1	8.015949154E1
4.446343333E1	9.882002838E1
4.463933333E1	1.184317549E2
4.479940000E1	1.293984371E2
4.495943333E1	1.301224529E2
4.513540000E1	1.307288216E2
4.529543333E1	1.256191284E2
4.547150000E1	1.149593334E2
4.563143333E1	1.011450324E2
4.579173333E1	7.507789179E1
4.596743333E1	4.574734345E1
4.612753333E1	1.989374260E1
4.630340000E1	4.196826812E0
4.646343333E1	8.319463297E-1
4.663936667E1	5.875485619E0
4.679936667E1	2.235229485E1
4.695953333E1	4.348187771E1
4.713553333E1	6.484319418E1
4.729546667E1	8.317272870E1
4.747146667E1	9.895823943E1
4.763140000E1	1.207954469E2
4.779146667E1	1.278563772E2
4.796746667E1	1.307623199E2
4.812740000E1	1.306407456E2
4.830343333E1	1.238510251E2
4.846333333E1	1.129163260E2
4.862340000E1	9.631990533E1
4.879933333E1	6.808272734E1
4.895946667E1	4.101783453E1
4.913540000E1	1.620092352E1
4.929540000E1	3.023939901E0
4.945556667E1	4.890177187E-2
4.963136667E1	6.930556377E0
4.979140000E1	2.475378641E1
4.996726667E1	4.663727505E1
5.012736667E1	6.679413024E1
5.030336667E1	8.597160232E1
5.046346667E1	1.021502600E2
5.062336667E1	1.229415103E2
5.079943333E1	1.290928537E2
5.095946667E1	1.307766212E2
5.113536667E1	1.302435355E2
5.129536667E1	1.237787615E2
5.145546667E1	1.127156521E2
5.163146667E1	9.678612069E1
5.179140000E1	7.044403808E1
5.196733333E1	4.246517815E1
5.212733333E1	1.779244717E1
5.228740000E1	3.726473403E0
5.246340000E1	6.616413020E-1
5.262343333E1	5.195259774E0
5.279926667E1	2.292225423E1
5.295943333E1	4.155562196E1
5.311946667E1	6.267833261E1
5.329540000E1	8.200071061E1
5.345530000E1	9.743930590E1
5.363143333E1	1.181547255E2
5.379133333E1	1.281339962E2
5.396726667E1	1.310233831E2
5.412740000E1	1.308859230E2
5.428730000E1	1.252707599E2
5.446320000E1	1.155412205E2
5.462343333E1	1.022504142E2
5.479936667E1	7.873720595E1
5.495926667E1	5.153151729E1
5.511933333E1	2.636749081E1
5.529530000E1	6.853720634E0
5.545526667E1	1.176451815E0
5.563126667E1	3.035433336E0
5.579140000E1	1.610807276E1
5.595140000E1	3.385779510E1
5.612723333E1	5.489097879E1
5.628726667E1	7.700478824E1
5.646336667E1	9.384012519E1
5.662336667E1	1.122383877E2
5.679933333E1	1.295132515E2
5.695926667E1	1.327330789E2
5.711930000E1	1.338068339E2
5.729526667E1	1.329309079E2
5.745520000E1	1.248658493E2
5.763126667E1	1.138898344E2
5.779136667E1	9.464469174E1
5.795120000E1	6.678932690E1
5.812733333E1	3.933473315E1
5.828720000E1	1.589935761E1
5.846330000E1	3.304341108E0
5.862326667E1	8.985972040E-1
5.878333333E1	6.020594958E0
5.895930000E1	1.997975185E1
5.911933333E1	4.018390534E1
5.929516667E1	6.247147631E1
5.945513333E1	8.054248815E1
5.961520000E1	9.882867637E1
5.979133333E1	1.162719848E2
5.995133333E1	1.289856557E2
6.012720000E1	1.321273973E2
6.028720000E1	1.325775078E2
6.046313333E1	1.296860891E2
6.062316667E1	1.215983019E2
6.078336667E1	1.111603406E2
6.095923333E1	9.099704298E1
6.111930000E1	6.370638600E1
6.129520000E1	3.779216684E1
6.145523333E1	1.413265851E1
6.161516667E1	3.978277210E0
6.179123333E1	7.657102950E-2
6.195126667E1	5.895681128E0
6.212733333E1	2.202594324E1
6.228726667E1	4.083140238E1
6.244750000E1	6.018933208E1
6.262326667E1	8.014824795E1
6.278330000E1	9.588380199E1
6.295910000E1	1.147954149E2
6.311913333E1	1.291791576E2
6.327916667E1	1.256949298E2
6.345543333E1	1.278448839E2
6.361526667E1	1.259932925E2
6.379110000E1	1.195362695E2
6.395126667E1	1.089402911E2
6.412710000E1	9.239190673E1
6.428723333E1	6.873125645E1
6.444720000E1	4.063231677E1
6.462326667E1	1.915057772E1
6.478313333E1	4.971979661E0
6.495906667E1	-9.066145508E-2
6.511930000E1	4.031847339E0
6.527923333E1	1.740773485E1
6.545513333E1	3.497361810E1
6.561523333E1	5.406940124E1
6.579120000E1	7.405962433E1
6.595106667E1	8.965779533E1
6.611120000E1	1.042975450E2
6.628710000E1	1.226948310E2
6.644726667E1	1.263306525E2
6.662320000E1	1.295541140E2
6.678320000E1	1.288172991E2
6.695900000E1	1.232950199E2
6.711910000E1	1.143470287E2
6.727923333E1	1.030616040E2
6.745506667E1	8.231155977E1
6.761526667E1	5.468596821E1
6.779106667E1	3.132296298E1
6.795120000E1	9.660985412E0
6.811110000E1	3.157890383E0
6.828720000E1	5.904899739E-1
6.844726667E1	7.924949668E0
6.862303333E1	2.242670551E1
6.878310000E1	4.157096930E1
6.894323333E1	6.242936144E1
6.911910000E1	7.899341189E1
6.927903333E1	9.556442110E1
6.945516667E1	1.121537598E2
6.961516667E1	1.280837818E2
6.977520000E1	1.251954510E2
6.995120000E1	1.275108418E2
7.011110000E1	1.272531502E2
7.028703333E1	1.207535653E2
7.044706667E1	1.109713061E2
7.062303333E1	9.778958946E1
7.078306667E1	7.693776886E1
7.094313333E1	5.022942624E1
7.111903333E1	2.824753234E1
7.127903333E1	8.598331853E0
7.145493333E1	2.876836446E0
7.161516667E1	1.400962090E-1
7.177526667E1	8.356283845E0
7.195100000E1	2.423499123E1
7.211110000E1	4.400719445E1
7.228713333E1	6.171899482E1
7.244713333E1	7.774057203E1
7.260713333E1	9.333926818E1
7.278310000E1	1.116207345E2
7.294313333E1	1.278993961E2
7.311903333E1	1.251964018E2
7.327893333E1	1.279101583E2
7.343896667E1	1.279971122E2
7.361496667E1	1.220393645E2
7.377496667E1	1.128227225E2
7.395100000E1	1.012751299E2
7.411113333E1	8.011939440E1
7.428693333E1	5.618288267E1
7.444713333E1	3.275290707E1
7.460726667E1	1.179669157E1
7.478293333E1	3.879969392E0
7.494310000E1	9.467386737E-1
7.511906667E1	5.923207380E0
7.527910000E1	1.915880319E1
7.543900000E1	3.536438953E1
7.561506667E1	5.592962710E1
7.577500000E1	7.196259980E1
7.595103333E1	8.757276749E1
7.611100000E1	1.007262859E2
7.627110000E1	1.191371589E2
7.644710000E1	1.244963502E2
7.660723333E1	1.268094798E2
7.678303333E1	1.268027543E2
7.694290000E1	1.242453104E2
7.711893333E1	1.172067480E2
7.727906667E1	1.083919476E2
7.743906667E1	9.387344786E1
7.761506667E1	7.467965745E1
7.777500000E1	5.024605339E1
7.795086667E1	2.952839855E1
7.811106667E1	9.687352317E0
7.827093333E1	3.428197001E0
7.844710000E1	3.087242092E-1
7.860686667E1	6.506284152E0
7.878286667E1	1.913394058E1
7.894293333E1	3.600963827E1
7.910336667E1	5.517547662E1
7.927893333E1	7.165827845E1
7.943906667E1	8.662402208E1
7.961503333E1	9.997510761E1
7.977490000E1	1.178486305E2
7.993503333E1	1.302239412E2
8.011086667E1	1.267800024E2
8.027096667E1	1.281744873E2
8.044683333E1	1.277870579E2
8.060696667E1	1.217013693E2
8.078286667E1	1.121251325E2
8.094300000E1	9.999753082E1
8.110306667E1	8.025582984E1
8.127883333E1	5.745229069E1
8.143890000E1	3.486746204E1
8.161490000E1	1.475648275E1
8.177496667E1	6.063478078E0
8.193496667E1	-3.701279509E-3
8.211096667E1	3.847906264E0
8.227086667E1	1.446752114E1
8.244686667E1	2.872169966E1
8.260690000E1	4.678379044E1
8.276693333E1	6.460597736E1
8.294283333E1	8.030356963E1
8.310296667E1	9.486472600E1
8.327890000E1	1.100687041E2
8.343883333E1	1.258821343E2
8.359900000E1	1.235496084E2
8.377500000E1	1.267818499E2
8.393500000E1	1.273800135E2
8.411090000E1	1.233736743E2
8.427090000E1	1.167123200E2
8.444673333E1	1.078819504E2
8.460690000E1	9.312705992E1
8.476696667E1	7.377007869E1
8.494293333E1	4.978696441E1
8.510280000E1	2.968812457E1
8.527876667E1	9.861473878E0
8.543886667E1	4.114597795E0
8.559890000E1	8.299597816E-1
8.577490000E1	5.215330668E0
8.593480000E1	1.624502166E1
8.611100000E1	2.993971215E1
8.627086667E1	4.970357622E1
8.643093333E1	6.635238807E1
8.660680000E1	8.074408395E1
8.676710000E1	9.440569073E1
8.694293333E1	1.121987292E2
8.710280000E1	1.271995790E2
8.727886667E1	1.222706693E2
8.743883333E1	1.257752356E2
8.759893333E1	1.263982032E2
8.777493333E1	1.226187564E2
8.793493333E1	1.163026939E2
8.811076667E1	1.071561173E2
8.827090000E1	9.377850410E1
8.843086667E1	7.577702224E1
8.860690000E1	5.300611052E1
8.876673333E1	3.246840370E1
8.894280000E1	1.292868363E1
8.910283333E1	5.078821853E0
8.926280000E1	8.359942689E-1
8.943890000E1	3.180795598E0
8.959890000E1	1.303750435E1
8.977486667E1	2.626397046E1
8.993473333E1	4.442638139E1
9.009490000E1	6.029094975E1
9.027073333E1	7.345039390E1
9.043100000E1	8.717553383E1
9.060676667E1	9.915766346E1
9.076686667E1	1.161683940E2
9.094266667E1	1.242183711E2
9.110280000E1	1.266580067E2
9.126286667E1	1.270274511E2
9.143886667E1	1.267249976E2
9.159880000E1	1.212233222E2
9.177470000E1	1.138261106E2
9.193496667E1	1.042903396E2
9.209496667E1	8.764421058E1
9.227073333E1	6.779338516E1
9.243070000E1	4.588073440E1
9.260666667E1	2.718517274E1
9.276683333E1	9.752842663E0
9.292676667E1	3.422075399E0
9.310276667E1	8.309155149E-1
9.326286667E1	5.060223109E0
9.343880000E1	1.497425873E1
9.359883333E1	2.793752983E1
9.375896667E1	4.636260438E1
9.393483333E1	6.263594495E1
9.409473333E1	7.642780453E1
9.427093333E1	8.951804993E1
9.443086667E1	1.020826337E2
9.460676667E1	1.182645497E2
9.476680000E1	1.223378825E2
9.492670000E1	1.263506084E2
9.510270000E1	1.268092830E2
9.526270000E1	1.262591750E2
9.543863333E1	1.209580008E2
9.559883333E1	1.141007620E2
9.575883333E1	1.046790122E2
9.593480000E1	9.014305864E1
9.609476667E1	7.130323495E1
9.627080000E1	4.882600494E1
9.643080000E1	3.074863607E1
9.659083333E1	1.221363728E1
9.676676667E1	5.926094862E0
9.692670000E1	7.770327537E-1
9.710286667E1	1.946328944E0
9.726263333E1	1.057516770E1
9.743860000E1	2.335178049E1
9.759870000E1	3.893566017E1
9.775870000E1	5.604183059E1
9.793476667E1	7.079036530E1
9.809480000E1	8.377040208E1
9.827063333E1	9.652880029E1
9.843083333E1	1.125388298E2
9.859073333E1	1.260836692E2
9.876686667E1	1.220143043E2
9.892693333E1	1.255971377E2
9.910270000E1	1.267161875E2
9.926270000E1	1.243538451E2
9.942283333E1	1.191000633E2
9.959860000E1	1.110183352E2
9.975860000E1	1.011538859E2
9.993473333E1	8.677436692E1
1.000947667E2	6.693057756E1
1.002547333E2	4.682427689E1
1.004307667E2	2.805713316E1
1.005907667E2	1.157678212E1
1.007667333E2	5.021325164E0
1.009267667E2	1.206166227E-1
1.011026667E2	2.006498221E0
1.012627333E2	9.993302074E0
1.014227000E2	2.191722243E1
1.015988333E2	3.617188868E1
1.017586000E2	5.340144149E1
1.019346667E2	6.690447338E1
1.020947000E2	7.945016902E1
1.022548333E2	9.199890838E1
1.024306333E2	1.076141149E2
1.025906667E2	1.210977949E2
1.027666333E2	1.240974630E2
1.029266333E2	1.281264695E2
1.030867333E2	1.295356924E2
1.032626000E2	1.284274168E2
1.034227333E2	1.240408065E2
1.035986000E2	1.176315446E2
1.037587000E2	1.096258494E2
1.039345000E2	9.686324094E1
1.040945667E2	7.895597927E1
1.042547000E2	5.865359045E1
1.044306667E2	4.002700320E1
1.045906667E2	2.196071596E1
1.047666000E2	9.604460626E0
1.049266333E2	3.076921451E0
1.050866333E2	8.943434866E-1
1.052627000E2	4.815251800E0
1.054228000E2	1.187075380E1
1.055986333E2	2.496316707E1
1.057586333E2	4.076460022E1
1.059187000E2	5.390138434E1
1.060945000E2	7.024989263E1
1.062546667E2	8.219062546E1
1.064307333E2	9.482802912E1
1.065906667E2	1.094556220E2
1.067505333E2	1.223730702E2
1.069266333E2	1.243159481E2
1.070867000E2	1.273559711E2
1.072625333E2	1.280108660E2
1.074226667E2	1.272752398E2
1.075986000E2	1.238970035E2
1.077586000E2	1.177472411E2
1.079186333E2	1.101405202E2
1.080945333E2	9.904490518E1
1.082545333E2	8.445830332E1
1.084304667E2	6.433474941E1
1.085906000E2	4.603812821E1
1.087505667E2	2.798146711E1
1.089266333E2	1.201981144E1
1.090866333E2	5.203847923E0
1.092625667E2	7.762652146E-2
1.094225333E2	1.190727860E0
1.095824333E2	7.804357961E0
1.097584333E2	1.712345934E1
1.099186333E2	2.992041814E1
1.100945000E2	4.675636048E1
1.102546000E2	6.140889683E1
1.104145000E2	7.416630215E1
1.105904667E2	8.527061485E1
1.107506333E2	9.569336376E1
1.109264333E2	1.121987686E2
1.110865000E2	1.259701260E2
1.112625333E2	1.226489484E2
1.114225000E2	1.257716654E2
1.115825333E2	1.274182905E2
1.117586000E2	1.270985499E2
1.119186000E2	1.229176396E2
1.120945333E2	1.175145482E2
1.122546000E2	1.100164747E2
1.124144333E2	9.876560812E1
1.125904333E2	8.440002730E1
1.127506000E2	6.475258887E1
1.129265333E2	4.657317070E1
1.130864333E2	2.984296568E1
1.132466333E2	1.306216191E1
1.134225667E2	6.032466854E0
1.135825667E2	9.632501290E-1
1.137584667E2	1.372504297E0
1.139185667E2	5.981589950E0
1.140945000E2	1.432329847E1
1.142545667E2	2.590918256E1
1.144144667E2	4.194294616E1
1.145905000E2	5.638250751E1
1.147504333E2	6.959338255E1
1.149265000E2	8.125885642E1
1.150865333E2	9.322372631E1
1.152465667E2	1.058363487E2
1.154223667E2	1.189071736E2
1.155826667E2	1.239579276E2
1.157585000E2	1.269083922E2
1.159184667E2	1.283560257E2
1.160785000E2	1.285093348E2
1.162543667E2	1.260840731E2
1.164145333E2	1.212290577E2
1.165905000E2	1.145739075E2
1.167504000E2	1.063773650E2
1.169105333E2	9.342929691E1
1.170864667E2	7.855032618E1
1.172465000E2	5.881955733E1
1.174224667E2	4.150980851E1
1.175825000E2	2.460899681E1
1.177583000E2	1.065055694E1
1.179183667E2	5.915313099E0
1.180783000E2	2.838835496E-1
1.182544000E2	1.768397594E0
1.184144333E2	6.697123203E0
1.185904333E2	1.516530077E1
1.187504667E2	2.831737993E1
1.189104333E2	4.390046610E1
1.190863333E2	5.711580991E1
1.192465000E2	6.963789268E1
1.194224667E2	8.131841806E1
1.195824000E2	9.284993031E1
1.197425333E2	1.038363484E2
1.199185000E2	1.166363568E2
1.200787333E2	1.223063892E2
1.202543000E2	1.267178206E2
1.204144667E2	1.276777107E2
1.205744000E2	1.272045618E2
1.207504333E2	1.268187695E2
1.209104333E2	1.222411405E2
1.210863667E2	1.164476094E2
1.212463667E2	1.095141534E2
1.214222667E2	9.825344278E1
1.215824667E2	8.402932651E1
1.217423667E2	6.610009155E1
1.219183667E2	4.820344187E1
1.220784667E2	3.206884421E1
1.222542667E2	1.624812531E1
1.224143333E2	8.137854960E0
1.225743667E2	2.618808131E0
1.227503333E2	1.188742518E0
1.229104667E2	3.850159846E0
1.230863667E2	9.401598286E0
1.232463333E2	2.081984468E1
1.234062667E2	3.360743127E1
1.235823333E2	4.551029512E1
1.237424333E2	6.192476073E1
1.239183667E2	7.479532102E1
1.240785000E2	8.680917271E1
1.242542000E2	9.896298462E1
1.244143000E2	1.107912154E2
1.245742667E2	1.230504656E2
1.247503000E2	1.299816114E2
1.249104000E2	1.341746525E2
1.250863000E2	1.342023634E2
1.252464000E2	1.341856621E2
1.254063333E2	1.330962190E2
1.255823333E2	1.287732158E2
1.257423667E2	1.227346288E2
1.259183000E2	1.152268745E2
1.260783000E2	1.063078229E2
1.262384000E2	8.860391207E1
1.264143667E2	7.121975741E1
1.265743000E2	5.307503998E1
1.267502333E2	3.764860646E1
1.269102667E2	2.164585483E1
1.270704000E2	1.096342416E1
1.272464000E2	4.792161844E0
1.274064000E2	1.899297568E-1
1.275824000E2	9.961342490E-1
1.277422000E2	5.207212613E0
1.279183000E2	1.308838077E1
1.280783667E2	2.402942882E1
1.282383667E2	3.729722891E1
1.284143667E2	5.081637359E1
1.285743667E2	6.480301834E1
1.287503000E2	7.499412770E1
1.289102333E2	8.520618345E1
1.290702667E2	9.577391711E1
1.292461667E2	1.099829183E2
1.294062000E2	1.219020827E2
1.295822333E2	1.278654922E2
1.297423333E2	1.322220784E2
1.299023667E2	1.333705009E2
1.300781333E2	1.334015193E2
1.302385000E2	1.326337638E2
1.304143000E2	1.288793387E2
1.305743333E2	1.230427103E2
1.307342667E2	1.157561921E2
1.309102333E2	1.089275042E2
1.310702000E2	9.483190881E1
1.312461333E2	7.602060520E1
1.314062333E2	5.885704227E1
1.315822667E2	4.265742305E1
1.317422667E2	2.809995590E1
1.319023000E2	1.411370277E1
1.320782667E2	7.880825501E0
1.322383000E2	1.852570012E0
1.324141000E2	2.050344450E-2
1.325742000E2	2.613321007E0
1.327342667E2	7.602210770E0
1.329103000E2	1.602480947E1
1.330702000E2	2.704712066E1
1.332461000E2	4.094526969E1
1.334062333E2	5.383982001E1
1.335661667E2	6.695155291E1
1.337422000E2	7.694722339E1
1.339022000E2	8.669898364E1
1.340782333E2	9.590941583E1
1.342381667E2	1.098929348E2
1.344140667E2	1.219672755E2
1.345741000E2	1.278724379E2
1.347342667E2	1.318243691E2
1.349102667E2	1.328143890E2
1.350702667E2	1.332405620E2
1.352462000E2	1.329426234E2
1.354061667E2	1.292845271E2
1.355664333E2	1.246987398E2
1.357422667E2	1.175382806E2
1.359022000E2	1.112649189E2
1.360780667E2	1.013703864E2
1.362382000E2	8.416321072E1
1.363981000E2	6.697140399E1
1.365742333E2	5.109391146E1
1.367341667E2	3.661404847E1
1.369102333E2	2.258619159E1
1.370700333E2	1.111241217E1
1.372302333E2	5.089479781E0
1.374062333E2	9.628934093E-1
1.375662000E2	9.037909498E-1
1.377422333E2	2.673528410E0
1.379022667E2	8.353523035E0
1.380781667E2	1.698377144E1
1.382381333E2	2.728252888E1
1.383982667E2	4.056988820E1
1.385741000E2	5.287216167E1
1.387341333E2	6.430143235E1
1.389100333E2	7.386864340E1
1.390701667E2	8.259022804E1
1.392301667E2	9.266268323E1
1.394062000E2	1.058928091E2
1.395662333E2	1.171046664E2
1.397420000E2	1.271040931E2
1.399022333E2	1.281808413E2
1.400622333E2	1.317899642E2
1.402381667E2	1.329694332E2
1.403986667E2	1.336752199E2
1.405741667E2	1.310963715E2
1.407341333E2	1.275471057E2
1.408940333E2	1.224140539E2
1.410701333E2	1.153258322E2
1.412302000E2	1.087565341E2
1.414060667E2	9.531248141E1
1.415662000E2	7.805069843E1
1.417420333E2	6.165817662E1
1.419020000E2	4.672710865E1
1.420621000E2	3.270851348E1
1.422381667E2	1.877076007E1
1.423981333E2	1.006639856E1
1.425740667E2	4.395391382E0
1.427340000E2	6.599028092E-1
1.428941000E2	8.481025088E-1
1.430701000E2	1.997896816E0
1.432300667E2	7.810296891E0
1.434061000E2	1.592221368E1
1.435661333E2	2.640028316E1
1.437261667E2	3.821650122E1
1.439021333E2	5.080704828E1
1.440619667E2	6.173642780E1
1.442381000E2	7.110210825E1
1.443981333E2	7.990817611E1
1.445740667E2	8.856823083E1
1.447341000E2	1.000676349E2
1.448941667E2	1.109901436E2
1.450701000E2	1.207620639E2
1.452300333E2	1.281171767E2
1.454059667E2	1.321371644E2
1.455661667E2	1.321822043E2
1.457263000E2	1.327079939E2
1.459020333E2	1.321289561E2
1.460620333E2	1.295239152E2
1.462380000E2	1.256230476E2
1.463981667E2	1.197647787E2
1.465579667E2	1.143507899E2
1.467339667E2	1.062405148E2
1.468941667E2	9.277788355E1
1.470701000E2	7.711775642E1
1.472300000E2	6.055989671E1
1.473900333E2	4.568192498E1
1.475660000E2	3.251797935E1
1.477260000E2	1.964553023E1
1.479020667E2	1.068504085E1
1.480620333E2	4.985910412E0
1.482380333E2	9.115238854E-1
1.483979333E2	5.338463741E-2
1.485581000E2	2.055560859E0
1.487340667E2	6.814587050E0
1.488939333E2	1.372811638E1
1.490699333E2	2.327203820E1
1.492300333E2	3.411924898E1
1.493900000E2	4.609441855E1
1.495659667E2	5.794501836E1
1.497259333E2	6.693791872E1
1.499020000E2	7.528059977E1
1.500620333E2	8.378289247E1
1.502220667E2	9.210787540E1
1.503980667E2	1.051301104E2
1.505579000E2	1.172991998E2
1.507339333E2	1.260461387E2
1.508940333E2	1.278019291E2
1.510540333E2	1.319298816E2
1.512299000E2	1.335296429E2
1.513899667E2	1.338224152E2
1.515660333E2	1.331922378E2
1.517259000E2	1.296352400E2
1.519018333E2	1.258672699E2
1.520619000E2	1.206236315E2
1.522219000E2	1.148990914E2
1.523980000E2	1.070823705E2
1.525580000E2	9.390156764E1
1.527338000E2	7.893432703E1
1.528940000E2	6.412520706E1
1.530539667E2	5.050691656E1
1.532299000E2	3.749533587E1
1.533899667E2	2.476885142E1
1.535659000E2	1.394993549E1
1.537260000E2	8.311147242E0
1.538859333E2	2.836719324E0
1.540620000E2	5.379308200E-1
1.542220000E2	9.761661239E-1
1.543980333E2	2.935414748E0
1.545578667E2	8.161185411E0
1.547338667E2	1.606606371E1
1.548939333E2	2.467715072E1
1.550540000E2	3.458680773E1
1.552300000E2	4.694587054E1
1.553900000E2	5.780909696E1
1.555659333E2	6.751282939E1
1.557259000E2	7.665623014E1
1.558859000E2	8.435089103E1
1.560618667E2	9.309495211E1
1.562219667E2	1.037349971E2
1.563978000E2	1.138329664E2
1.565578667E2	1.215120554E2
1.567179333E2	1.246731822E2
1.568939333E2	1.297348923E2
1.570538000E2	1.319878048E2
1.572298333E2	1.321457120E2
1.573898667E2	1.321652998E2
1.575500000E2	1.310642434E2
1.577260000E2	1.279624339E2
1.578859667E2	1.236575425E2
1.580619667E2	1.176986057E2
1.582218667E2	1.133403241E2
1.583977667E2	1.065104327E2
1.585578333E2	9.432193085E1
1.587179667E2	7.994562933E1
1.588938000E2	6.664401780E1
1.590538333E2	5.306555210E1
1.592297333E2	4.067976487E1
1.593899000E2	2.881900278E1
1.595499333E2	1.790736926E1
1.597259000E2	1.114949533E1
1.598858667E2	5.335336812E0
1.600618333E2	1.275591848E0
1.602219000E2	9.808868721E-1
1.603817667E2	1.036921108E0
1.605577667E2	4.673405659E0
1.607179333E2	1.015724461E1
1.608937333E2	1.761237994E1
1.610538000E2	2.668498823E1
1.612138667E2	3.678272950E1
1.613897333E2	4.781365825E1
1.615498000E2	5.666548667E1
1.617258333E2	6.334641044E1
1.618858667E2	7.046280703E1
1.620618333E2	7.965729593E1
1.622218000E2	8.894077277E1
1.623818000E2	9.626779006E1
1.625577667E2	1.070349300E2
1.627179000E2	1.173745320E2
1.628938333E2	1.276678772E2
1.630537333E2	1.316447037E2
1.632138667E2	1.340621046E2
1.633897000E2	1.345199496E2
1.635497667E2	1.348382155E2
1.637257000E2	1.345954734E2
1.638857667E2	1.327009153E2
1.640458667E2	1.299456316E2
1.642218000E2	1.255342360E2
1.643818000E2	1.198595022E2
1.645577667E2	1.149014604E2
1.647177000E2	1.086562505E2
1.648937333E2	9.708794580E1
1.650538000E2	8.137121620E1
1.652138667E2	6.848084970E1
1.653897000E2	5.602860176E1
1.655498667E2	4.399319613E1
1.657256667E2	3.335612177E1
1.658857000E2	2.318110422E1
1.660457667E2	1.381439903E1
1.662217000E2	8.782033332E0
1.663817333E2	3.849676070E0
1.665577667E2	9.052406113E-1
1.667178333E2	1.006554603E-1
1.668777333E2	9.174408576E-1
1.670538000E2	3.990462334E0
1.672137333E2	8.842257124E0
1.673896000E2	1.594483105E1
1.675496667E2	2.398140779E1
1.677099333E2	3.251743305E1
1.678858000E2	4.310700641E1
1.680458000E2	5.196424747E1
1.682217000E2	5.963297124E1
1.683816667E2	6.581113880E1
1.685577667E2	7.186399765E1
1.687178000E2	8.070517176E1
1.688778000E2	8.902305272E1
1.690536667E2	9.590918475E1
1.692137667E2	1.055628283E2
1.693896667E2	1.149145597E2
1.695497667E2	1.250993732E2
1.697098000E2	1.311220598E2
1.698857333E2	1.310745358E2
1.700456667E2	1.320411146E2
1.702215667E2	1.334616957E2
1.703816333E2	1.340684608E2
1.705417000E2	1.341068501E2
1.707176667E2	1.317726253E2
1.708777667E2	1.289014858E2
1.710536667E2	1.251367123E2
1.712136000E2	1.203934590E2
1.713736667E2	1.157072622E2
1.715496667E2	1.106648470E2
1.717097333E2	1.010323291E2
1.718857333E2	8.763067997E1
1.720457667E2	7.615438602E1
1.722217000E2	6.422985771E1
1.723816667E2	5.297427177E1
1.725417000E2	4.198988176E1
1.727176667E2	3.204267876E1
1.728776000E2	2.327422703E1
1.730535000E2	1.534860450E1
1.732136000E2	9.718001984E0
1.733736000E2	5.523410733E0
1.735495333E2	1.895624581E0
1.737095333E2	9.142965693E-1
1.738856000E2	5.716270964E-1
1.740455333E2	2.089365873E0
1.742056333E2	5.180306560E0
1.743816333E2	9.768952529E0
1.745416333E2	1.612760405E1
1.747175333E2	2.321233904E1
1.748777333E2	3.030987196E1
1.750536667E2	4.033019287E1
1.752137000E2	4.798699958E1
1.753737000E2	5.509996910E1
1.755495000E2	6.069988810E1
1.757096000E2	6.553611851E1
1.758856333E2	7.317817111E1
1.760457000E2	8.096027911E1
1.762057333E2	8.891557466E1
1.763816667E2	9.479168272E1
1.765417000E2	1.038514176E2
1.767175667E2	1.127102643E2
1.768775333E2	1.213662927E2
1.770377333E2	1.291530208E2
1.772135667E2	1.312693360E2
1.773736000E2	1.333797679E2
1.775495667E2	1.344541957E2
1.777095667E2	1.348335846E2
1.778695667E2	1.347690223E2
1.780455667E2	1.345047799E2
1.782056333E2	1.320204656E2
1.783816333E2	1.295934216E2
1.785416667E2	1.257666582E2
1.787175667E2	1.216464049E2
1.788775000E2	1.170864147E2
1.790377667E2	1.120558703E2
1.792134667E2	1.048309247E2
1.793735667E2	9.379024942E1
1.795495333E2	8.130275782E1
1.797096000E2	7.064708770E1
1.798695333E2	5.988749918E1
1.800455333E2	4.979961121E1
1.802055667E2	4.033757818E1
1.803815000E2	3.131220333E1
1.805414667E2	2.280434401E1
1.807015667E2	1.575842997E1
1.808776333E2	1.172647773E1
1.810375000E2	6.566888142E0
1.812135000E2	3.044679120E0
1.813735333E2	1.381876626E0
1.815335667E2	7.735075792E-1
1.817095000E2	1.080613404E0
1.818695333E2	3.732612643E0
1.820454333E2	7.368880744E0
1.822055000E2	1.203582874E1
1.823814000E2	1.734267434E1
1.825414333E2	2.422424272E1
1.827016333E2	3.221271162E1
1.828775333E2	3.990354808E1
1.830374667E2	4.904090291E1
1.832134000E2	5.600470871E1
1.833735000E2	6.289531923E1
1.835335333E2	6.849001494E1
1.837094667E2	7.392887352E1
1.838696000E2	8.019788496E1
1.840454000E2	8.724210528E1
1.842054000E2	9.300866844E1
1.843654667E2	1.015614697E2
1.845415667E2	1.105857570E2
1.847016000E2	1.185542207E2
1.848776333E2	1.260642202E2
1.850376000E2	1.279369155E2
1.852134333E2	1.305533957E2
1.853734333E2	1.323056778E2
1.855335000E2	1.330070645E2
1.857094333E2	1.335086869E2
1.858695000E2	1.336745383E2
1.860454000E2	1.333132981E2
1.862055333E2	1.313635145E2
1.863654667E2	1.291827995E2
1.865414667E2	1.262290410E2
1.867014667E2	1.229690428E2
1.868773333E2	1.187012753E2
1.870375000E2	1.148111717E2
1.871975667E2	1.096453366E2
1.873734000E2	1.014223123E2
1.875335000E2	8.998460015E1
1.877094333E2	7.904752314E1
1.878695333E2	7.009960753E1
1.880294333E2	6.029611877E1
1.882056000E2	5.096962454E1
1.883654333E2	4.202316579E1
1.885413667E2	3.384306697E1
1.887014000E2	2.552280584E1
1.888774667E2	1.805837080E1
1.890373333E2	1.310050786E1
1.891975333E2	8.827587551E0
1.893734000E2	4.385714487E0
1.895335333E2	2.012218116E0
1.897093333E2	4.503408167E-1
1.898695000E2	2.202656614E-1
1.900295000E2	1.862889302E-1
1.902054667E2	2.631474243E0
1.903655000E2	5.019015661E0
1.905414667E2	9.643658929E0
1.907014667E2	1.497346276E1
1.908613333E2	2.010349646E1
1.910373000E2	2.720222917E1
1.911975667E2	3.520004409E1
1.913734667E2	4.628655778E1
1.915333333E2	5.211379563E1
1.916933333E2	5.897982826E1
1.918694000E2	6.493144801E1
1.920294667E2	7.054467406E1
1.922054333E2	7.633187417E1
1.923653333E2	8.114013299E1
1.925413667E2	8.671905081E1
1.927013333E2	9.082515969E1
1.928613333E2	9.920805440E1
1.930374333E2	1.081323079E2
1.931972667E2	1.147848173E2
1.933732333E2	1.203398857E2
1.935332333E2	1.264167059E2
1.936933667E2	1.283305902E2
1.938694000E2	1.307413434E2
1.940292667E2	1.324891193E2
1.942054333E2	1.337182336E2
1.943654333E2	1.339862461E2
1.945254333E2	1.342716460E2
1.947013667E2	1.341073331E2
1.948614333E2	1.338179202E2
1.950373333E2	1.318663818E2
1.951973667E2	1.300375395E2
1.953732333E2	1.272226365E2
1.955333000E2	1.239885677E2
1.956933333E2	1.203869429E2
1.958693333E2	1.168996490E2
1.960293667E2	1.129897878E2
1.962052000E2	1.075668941E2
1.963654000E2	1.000114167E2
1.965253000E2	9.135585623E1
1.967012000E2	8.183358751E1
1.968614333E2	7.316753777E1
1.970372667E2	6.452003862E1
1.971974000E2	5.606069674E1
1.973572333E2	4.816002527E1
1.975333000E2	4.069381805E1
1.976933333E2	3.400145931E1
1.978693667E2	2.686887201E1
1.980293333E2	2.099582409E1
1.981892667E2	1.591328626E1
1.983653333E2	1.182919982E1
1.985253000E2	8.147026139E0
1.987012333E2	4.936036584E0
1.988613667E2	2.704718045E0
1.990371667E2	1.581017215E0
1.991973333E2	1.642501038E-1
1.993574000E2	1.465343603E-1
1.995332667E2	9.418981242E-2
1.996933667E2	1.382128000E0
1.998692333E2	3.260749795E0
2.000293000E2	5.915296641E0
2.001893667E2	9.855030423E0
2.003653000E2	1.255476663E1
2.005252000E2	1.797317716E1
2.007012333E2	2.608749064E1
2.008613000E2	2.867862853E1
2.010212667E2	3.505293563E1
2.011971667E2	4.100597435E1
2.013573667E2	4.622018408E1
2.015333000E2	5.186575265E1
2.016931667E2	5.583635553E1
2.018532333E2	5.921142342E1
2.020293333E2	6.211053864E1
2.021893333E2	6.772944688E1
2.023651667E2	7.281479932E1
2.025254333E2	7.820709802E1
2.027011000E2	8.365127221E1
2.028612333E2	8.845734436E1
2.030211667E2	9.262150515E1
2.031973000E2	9.893807008E1
2.033573000E2	1.053842491E2
2.035331667E2	1.124328848E2
2.036933000E2	1.171537885E2
2.038532000E2	1.227095725E2
2.040292667E2	1.278493319E2
2.041891333E2	1.310514850E2
2.043651667E2	1.310328568E2
2.045252667E2	1.322086893E2
2.046852333E2	1.337217435E2
2.048612000E2	1.344119927E2
2.050212333E2	1.350187433E2
2.051972333E2	1.353351736E2
2.053571000E2	1.351367408E2
2.055331667E2	1.348544103E2
2.056932000E2	1.331925346E2
2.058532333E2	1.316122467E2
2.060291000E2	1.291793408E2
2.061891667E2	1.274080901E2
2.063650667E2	1.258968139E2
2.065252333E2	1.228045941E2
2.066854333E2	1.187171664E2
2.068611000E2	1.156174825E2
2.070215000E2	1.114165338E2
2.071971000E2	1.057957543E2
2.073571000E2	9.958779260E1
2.075172000E2	9.215211023E1
2.076931333E2	8.283786270E1
2.078531667E2	7.684908115E1
2.080291333E2	6.924594420E1
2.081891000E2	6.268740009E1
2.083491667E2	5.601233015E1
2.085251667E2	4.983090992E1
2.086852333E2	4.372188397E1
2.088611000E2	3.856243775E1
2.090212333E2	3.288287992E1
2.091970000E2	2.758532778E1
2.093570667E2	2.295131058E1
2.095171333E2	1.912081729E1
2.096930667E2	1.484037170E1
2.098531333E2	1.216255562E1
2.100291667E2	9.635559629E0
2.101892000E2	6.460913425E0
2.103491000E2	4.901763044E0
2.105250667E2	3.032379743E0
2.106852333E2	1.911315925E0
2.108612333E2	9.591633506E-1
2.110212667E2	7.463886842E-1
2.111812000E2	1.000044777E-1
2.113570333E2	2.913478837E-1
2.115170667E2	1.048606384E0
2.116931667E2	2.590422158E0
2.118531667E2	4.134730545E0
2.120132000E2	6.908653032E0
2.121891667E2	9.134803617E0
2.123491667E2	1.224943157E1
2.125250667E2	1.560536074E1
2.126851000E2	1.478264244E1
2.128610000E2	1.526752245E1
2.130211000E2	1.490324312E1
2.131812000E2	1.495893236E1
2.133571667E2	1.509593106E1
2.135171333E2	1.497510426E1
2.136929667E2	1.500315316E1
2.138530000E2	1.498579992E1
2.140130667E2	1.502223630E1
