mass_A
t	x
0.000000000E0	-9.288824383E-1
1.601000000E-1	-9.387197530E-1
3.361666667E-1	-9.288320808E-1
4.960666667E-1	-9.322827849E-1
6.719666667E-1	-9.289921502E-1
8.320000000E-1	-9.282942559E-1
9.920666667E-1	-9.348951727E-1
1.168066667E0	-9.371986074E-1
1.328166667E0	-9.408113168E-1
1.503966667E0	-9.364902205E-1
1.664133333E0	-9.539727380E-1
1.824166667E0	-9.566585378E-1
2.000000000E0	-9.680011940E-1
2.160133333E0	-9.521194645E-1
2.335933333E0	-9.558913950E-1
2.496133333E0	-9.488929524E-1
2.656233333E0	-9.506708989E-1
2.832000000E0	-9.476455539E-1
2.992100000E0	-9.450062594E-1
3.168033333E0	-9.392662957E-1
3.328100000E0	-9.553339747E-1
3.488133333E0	-9.307717444E-1
3.663966667E0	-9.204067000E-1
3.823966667E0	-9.383418838E-1
3.999933333E0	-9.264310960E-1
4.160000000E0	-9.436714632E-1
4.335900000E0	-9.327423448E-1
4.496000000E0	-9.237252156E-1
4.655966667E0	-9.341986113E-1
4.831966667E0	-9.357735762E-1
4.992000000E0	-9.454084449E-1
5.167900000E0	-4.065506056E0
5.327933333E0	-2.714481422E1
5.488300000E0	-2.896509256E1
5.664000000E0	-1.133153488E1
5.824000000E0	1.924234388E1
5.999933333E0	4.996827052E1
6.160000000E0	7.578444837E1
6.320066667E0	1.020932304E2
6.496000000E0	1.024826369E2
6.656100000E0	1.015788529E2
6.831933333E0	9.044010420E1
6.991966667E0	6.990938709E1
7.152033333E0	2.930875006E1
7.328133333E0	-7.503998519E0
7.487966667E0	-2.909629120E1
7.664033333E0	-2.766294220E1
7.824000000E0	-7.825936757E0
8.000000000E0	2.452087985E1
8.159966667E0	5.381827660E1
8.319933333E0	7.977584327E1
8.496066667E0	1.032696118E2
8.656000000E0	1.054614267E2
8.831833333E0	1.035834400E2
8.991900000E0	9.084838732E1
9.152000000E0	6.842536808E1
9.328033333E0	2.837464491E1
9.488066667E0	-8.469897287E0
9.663866667E0	-2.927265873E1
9.823866667E0	-2.756491988E1
9.983933333E0	-8.818699473E0
1.015996667E1	2.396803108E1
1.032003333E1	5.178204816E1
1.049606667E1	7.912652526E1
1.065606667E1	1.053604232E2
1.083183333E1	1.085254296E2
1.099193333E1	1.074709473E2
1.115190000E1	9.671533626E1
1.132803333E1	7.398383606E1
1.148803333E1	3.531010127E1
1.166390000E1	-2.303752309E0
1.182383333E1	-2.731883315E1
1.198396667E1	-2.878846676E1
1.216013333E1	-1.400692881E1
1.231990000E1	1.724940193E1
1.249596667E1	4.507230577E1
1.265603333E1	7.290639861E1
1.281603333E1	9.991692486E1
1.299196667E1	1.037141893E2
1.315196667E1	1.043425186E2
1.332796667E1	9.405357826E1
1.348800000E1	7.802821216E1
1.364790000E1	4.903931862E1
1.382400000E1	9.117215344E0
1.398383333E1	-2.279484750E1
1.415990000E1	-2.978870874E1
1.431986667E1	-2.307336270E1
1.449593333E1	2.277312760E0
1.465580000E1	3.218766910E1
1.481600000E1	5.800075073E1
1.499180000E1	8.140075510E1
1.515190000E1	9.760848882E1
1.532790000E1	9.949330717E1
1.548796667E1	9.776319187E1
1.564800000E1	8.777253770E1
1.582380000E1	6.977986350E1
1.598376667E1	3.592101794E1
1.615980000E1	-1.006567702E0
1.631983333E1	-2.680011905E1
1.648006667E1	-2.951432382E1
1.665580000E1	-1.762800450E1
1.681583333E1	8.238123377E0
1.699186667E1	3.847561504E1
1.715193333E1	6.320197217E1
1.731190000E1	8.731727670E1
1.748803333E1	1.009045084E2
1.764786667E1	1.037325714E2
1.782386667E1	1.004541732E2
1.798386667E1	8.988199796E1
1.815990000E1	6.975776744E1
1.831980000E1	3.230644378E1
1.848003333E1	-2.155907861E0
1.865593333E1	-2.679031277E1
1.881606667E1	-2.996714738E1
1.899170000E1	-1.812316446E1
1.915176667E1	7.991133192E0
1.931183333E1	3.605555815E1
1.948793333E1	6.090614386E1
1.964800000E1	8.334385571E1
1.982390000E1	9.771526017E1
1.998380000E1	9.890745868E1
2.014383333E1	9.739167947E1
2.031986667E1	8.812397910E1
2.047976667E1	7.243299696E1
2.065580000E1	4.096806193E1
2.081586667E1	5.002993611E0
2.099170000E1	-2.401444540E1
2.115173333E1	-3.000303522E1
2.131190000E1	-2.383366334E1
2.148786667E1	-2.259024684E0
2.164780000E1	2.705207841E1
2.182383333E1	5.299196661E1
2.198386667E1	7.456946654E1
2.214390000E1	9.861756114E1
2.231980000E1	1.011547955E2
2.247983333E1	1.016291017E2
2.265566667E1	9.521049307E1
2.281583333E1	8.176995991E1
2.297586667E1	5.771738700E1
2.315176667E1	2.135486946E1
2.331176667E1	-1.017406443E1
2.348783333E1	-2.887132148E1
2.364776667E1	-2.903309622E1
2.380776667E1	-1.511366905E1
2.398383333E1	1.170592535E1
2.414373333E1	3.882058226E1
2.431973333E1	6.263948396E1
2.447990000E1	8.601634321E1
2.465570000E1	9.944327709E1
2.481570000E1	1.024137659E2
2.497586667E1	1.011447387E2
2.515173333E1	9.231269557E1
2.531170000E1	7.814542445E1
2.548763333E1	4.735368818E1
2.564773333E1	1.151631073E1
2.580783333E1	-1.940197185E1
2.598373333E1	-3.001258442E1
2.614373333E1	-2.763896138E1
2.631976667E1	-1.048183830E1
2.647966667E1	1.693418502E1
2.663973333E1	4.240227625E1
2.681573333E1	6.643606497E1
2.697570000E1	8.909365114E1
2.715170000E1	9.908917635E1
2.731183333E1	1.021192512E2
2.747190000E1	1.005404440E2
2.764766667E1	9.172219365E1
2.780780000E1	7.740148958E1
2.798370000E1	4.612189330E1
2.814366667E1	1.196325346E1
2.831973333E1	-1.772439591E1
2.847973333E1	-2.980656160E1
2.863970000E1	-2.807349530E1
2.881566667E1	-1.387835984E1
2.897570000E1	1.310045092E1
2.915160000E1	3.876481575E1
2.931170000E1	6.113518683E1
2.947176667E1	8.221575696E1
2.964766667E1	9.876546336E1
2.980776667E1	1.022347712E2
2.998380000E1	1.021763811E2
3.014373333E1	9.522834449E1
3.030370000E1	8.267567399E1
3.047966667E1	6.015855394E1
3.063960000E1	2.589862350E1
3.081573333E1	-4.788049968E0
3.097566667E1	-2.647731010E1
3.115156667E1	-3.010633156E1
3.131156667E1	-2.349711852E1
3.147173333E1	-1.069482597E0
3.164763333E1	2.465056196E1
3.180786667E1	4.761365476E1
3.198366667E1	7.047772462E1
3.214363333E1	9.136796142E1
3.230373333E1	9.984865874E1
3.247960000E1	1.023859517E2
3.263963333E1	1.013494345E2
3.281556667E1	9.218328303E1
3.297570000E1	7.851448731E1
3.313566667E1	5.172664352E1
3.331156667E1	1.835651036E1
3.347160000E1	-1.091269759E1
3.364753333E1	-2.871073776E1
3.380770000E1	-3.000030527E1
3.396773333E1	-2.079284426E1
3.414366667E1	1.324075711E0
3.430360000E1	2.709225438E1
3.447963333E1	4.982764515E1
3.463963333E1	7.166013021E1
3.481550000E1	9.300446549E1
3.497566667E1	1.002662343E2
3.513566667E1	1.022845535E2
3.531166667E1	1.013879478E2
3.547173333E1	9.253498326E1
3.564746667E1	7.894971890E1
3.580760000E1	5.391176376E1
3.596763333E1	2.081614448E1
3.614346667E1	-8.713826901E0
3.630350000E1	-2.690083892E1
3.647966667E1	-3.047507405E1
3.663970000E1	-2.254635931E1
3.679970000E1	-1.095437793E0
3.697560000E1	2.183884367E1
3.713566667E1	4.469554209E1
3.731146667E1	6.591314467E1
3.747150000E1	8.519287894E1
3.763156667E1	9.699698902E1
3.780750000E1	1.011165264E2
3.796756667E1	1.010323762E2
3.814356667E1	9.445960099E1
3.830366667E1	8.290602868E1
3.847956667E1	6.480030089E1
3.863956667E1	3.306964610E1
3.879956667E1	3.663719536E0
3.897553333E1	-2.278780456E1
3.913556667E1	-2.998088326E1
3.931146667E1	-2.763585620E1
3.947160000E1	-1.389417263E1
3.963163333E1	8.310414175E0
3.980756667E1	3.185646863E1
3.996750000E1	5.466156697E1
4.014353333E1	7.233471816E1
4.030353333E1	9.560275024E1
4.046360000E1	1.006892544E2
4.063963333E1	1.031059154E2
4.079963333E1	1.024155654E2
4.097560000E1	9.407113719E1
4.113553333E1	8.131897854E1
4.131156667E1	5.814586139E1
4.147166667E1	2.632531877E1
4.163160000E1	-1.547106780E0
4.180743333E1	-2.409969690E1
4.196746667E1	-2.928597429E1
4.214336667E1	-2.720180616E1
4.230356667E1	-1.239517274E1
4.246350000E1	1.029870777E1
4.263950000E1	3.391333644E1
4.279960000E1	5.386816873E1
4.297553333E1	7.205697785E1
4.313546667E1	9.350882780E1
4.329550000E1	1.007587415E2
4.347163333E1	1.029097038E2
4.363156667E1	1.028403223E2
4.380736667E1	9.562285296E1
4.396736667E1	8.380512634E1
4.412756667E1	6.708209502E1
4.430340000E1	3.548251453E1
4.446370000E1	6.926159919E0
4.463943333E1	-1.817807651E1
4.479943333E1	-2.813324155E1
4.497536667E1	-3.108470337E1
4.513550000E1	-2.105913033E1
4.529556667E1	-1.238051587E0
4.547153333E1	1.976852203E1
4.563146667E1	4.214024164E1
4.580746667E1	6.075854336E1
4.596756667E1	7.750452208E1
4.612740000E1	9.785742050E1
4.630340000E1	1.003533586E2
4.646346667E1	1.022954465E2
4.663943333E1	1.013744013E2
4.679943333E1	9.429087003E1
4.695960000E1	8.283294355E1
4.713536667E1	6.202420149E1
4.729546667E1	3.157297433E1
4.747153333E1	4.719463753E0
4.763156667E1	-1.975108550E1
4.779146667E1	-2.851882368E1
4.796746667E1	-3.013391018E1
4.812750000E1	-2.096468112E1
4.830336667E1	-2.901109067E0
4.846333333E1	1.864658927E1
4.863933333E1	4.040527180E1
4.879943333E1	5.828798320E1
4.895940000E1	7.373923993E1
4.913543333E1	9.504488774E1
4.929550000E1	1.004780888E2
4.947143333E1	1.037655329E2
4.963140000E1	1.040077073E2
4.979143333E1	9.692767467E1
4.996743333E1	8.583630487E1
5.012753333E1	6.983854918E1
5.030343333E1	4.098780745E1
5.046340000E1	1.339081104E1
5.062343333E1	-1.065642494E1
5.079933333E1	-2.624653172E1
5.095943333E1	-3.092946590E1
5.113550000E1	-2.616157950E1
5.129536667E1	-1.116523558E1
5.147143333E1	7.112117511E0
5.163136667E1	2.797567394E1
5.179143333E1	4.918727025E1
5.196736667E1	6.578283162E1
5.212746667E1	8.493101531E1
5.230323333E1	1.009687728E2
5.246343333E1	1.024808419E2
5.262343333E1	1.028042224E2
5.279943333E1	1.018710950E2
5.295930000E1	9.472364106E1
5.313530000E1	8.408653125E1
5.329543333E1	6.555583432E1
5.345530000E1	3.876083813E1
5.363130000E1	1.085485221E1
5.379150000E1	-1.173949563E1
5.396736667E1	-2.658402333E1
5.412736667E1	-3.089666408E1
5.428750000E1	-2.598018450E1
5.446340000E1	-1.313365144E1
5.462336667E1	5.149715980E0
5.479930000E1	2.617004314E1
5.495933333E1	4.670332492E1
5.513523333E1	6.442866683E1
5.529540000E1	8.039588734E1
5.545540000E1	9.840923644E1
5.563146667E1	1.015358502E2
5.579126667E1	1.031029104E2
5.596736667E1	1.031801978E2
5.612723333E1	9.739150045E1
5.628733333E1	8.777451185E1
5.646330000E1	7.544306909E1
5.662336667E1	4.931240082E1
5.679940000E1	2.235601037E1
5.695933333E1	-1.705328169E0
5.711930000E1	-2.166703824E1
5.729523333E1	-2.871883663E1
5.745540000E1	-3.048458919E1
5.763140000E1	-2.232454190E1
5.779126667E1	-6.127988532E0
5.796730000E1	1.147917168E1
5.812726667E1	3.232856995E1
5.828736667E1	5.125577710E1
5.846326667E1	6.806192821E1
5.862320000E1	8.490203431E1
5.879933333E1	1.010333610E2
5.895916667E1	1.025399629E2
5.911926667E1	1.031207159E2
5.929516667E1	1.030431853E2
5.945526667E1	9.775912851E1
5.963130000E1	8.863755416E1
5.979150000E1	7.743662164E1
5.995130000E1	5.285367573E1
6.012720000E1	2.629342712E1
6.028720000E1	3.953310895E0
6.046333333E1	-1.796755058E1
6.062316667E1	-2.710991340E1
6.078330000E1	-3.069179608E1
6.095933333E1	-2.710786498E1
6.111933333E1	-1.485633520E1
6.129526667E1	-4.609637467E-1
6.145533333E1	2.133015373E1
6.163110000E1	3.938069048E1
6.179133333E1	5.552291799E1
6.195120000E1	7.136418245E1
6.212716667E1	8.711479993E1
6.228723333E1	1.023445528E2
6.246326667E1	1.035381124E2
6.262313333E1	1.042439053E2
6.278320000E1	1.041140989E2
6.295926667E1	9.911210783E1
6.311930000E1	9.214418415E1
6.329506667E1	8.170055539E1
6.345513333E1	6.229999680E1
6.361533333E1	3.790433959E1
6.379116667E1	1.557751050E1
6.395123333E1	-6.140871634E0
6.412726667E1	-2.253463499E1
6.428720000E1	-2.854173847E1
6.444730000E1	-3.027875471E1
6.462320000E1	-2.418782108E1
6.478326667E1	-1.203608742E1
6.495910000E1	3.434934802E0
6.511926667E1	2.206658640E1
6.529520000E1	4.011413747E1
6.545526667E1	5.515756713E1
6.561530000E1	7.023397097E1
6.579130000E1	8.563255851E1
6.595116667E1	1.009466379E2
6.612720000E1	1.020657734E2
6.628723333E1	1.033188926E2
6.644730000E1	1.032826753E2
6.662316667E1	1.001546646E2
6.678330000E1	9.373639941E1
6.695910000E1	8.494136545E1
6.711910000E1	7.089447574E1
6.727913333E1	4.843597979E1
6.745523333E1	2.532771292E1
6.761520000E1	4.955916284E0
6.779123333E1	-1.601038812E1
6.795123333E1	-2.506236467E1
6.812713333E1	-3.018808616E1
6.828713333E1	-2.978240764E1
6.844726667E1	-2.076054962E1
6.862320000E1	-1.007332768E1
6.878323333E1	6.964152518E0
6.895913333E1	2.636891130E1
6.911906667E1	4.266261263E1
6.927916667E1	5.681197620E1
6.945503333E1	7.156801840E1
6.961536667E1	8.705146630E1
6.979110000E1	1.011436516E2
6.995120000E1	1.025207730E2
7.011116667E1	1.032763041E2
7.028703333E1	1.033530120E2
7.044706667E1	1.004178853E2
7.062310000E1	9.419205028E1
7.078303333E1	8.533450363E1
7.094316667E1	7.416999036E1
7.111913333E1	5.329927268E1
7.127920000E1	3.028566453E1
7.145503333E1	9.741441286E0
7.161506667E1	-9.217065594E0
7.179103333E1	-2.207923458E1
7.195116667E1	-2.888497816E1
7.211106667E1	-3.091042948E1
7.228706667E1	-2.648788572E1
7.244720000E1	-1.581800151E1
7.262313333E1	-1.396385882E0
7.278306667E1	1.434925222E1
7.294306667E1	3.187057588E1
7.311923333E1	4.597604192E1
7.327916667E1	5.980890928E1
7.345510000E1	7.008270903E1
7.361516667E1	8.522296318E1
7.377496667E1	9.813228042E1
7.395096667E1	1.017603865E2
7.411106667E1	1.020409341E2
7.428713333E1	1.026827565E2
7.444713333E1	1.002212271E2
7.460710000E1	9.487067289E1
7.478313333E1	8.651815570E1
7.494303333E1	7.728736994E1
7.511913333E1	5.877351358E1
7.527903333E1	3.537788126E1
7.545576667E1	1.519744595E1
7.561513333E1	-2.897628175E0
7.577513333E1	-1.886746349E1
7.595100000E1	-2.619937779E1
7.611100000E1	-3.085083474E1
7.628710000E1	-2.902488157E1
7.644710000E1	-2.138305550E1
7.660710000E1	-1.018729527E1
7.678310000E1	3.899602372E0
7.694306667E1	2.021205124E1
7.711890000E1	3.620877058E1
7.727910000E1	4.908974270E1
7.743916667E1	6.190707586E1
7.761510000E1	7.297746759E1
7.777513333E1	8.601462310E1
7.795110000E1	9.707962876E1
7.811100000E1	9.872753856E1
7.828690000E1	1.003147394E2
7.844696667E1	1.010803201E2
7.860696667E1	9.906840597E1
7.878306667E1	9.461551867E1
7.894300000E1	8.675194863E1
7.911903333E1	7.900433939E1
7.927890000E1	6.470145381E1
7.943926667E1	4.358995016E1
7.961513333E1	2.309650919E1
7.977503333E1	4.946881479E0
7.995090000E1	-1.239944338E1
8.011100000E1	-2.310311324E1
8.027090000E1	-2.904237909E1
8.044686667E1	-3.125093649E1
8.060686667E1	-2.671043136E1
8.078283333E1	-1.791235798E1
8.094286667E1	-6.616552877E0
8.110293333E1	8.177967431E0
8.127883333E1	2.468876784E1
8.143890000E1	3.872299603E1
8.161483333E1	5.101762338E1
8.177486667E1	6.242954856E1
8.195096667E1	7.558512302E1
8.211100000E1	8.934278946E1
8.227096667E1	9.539343374E1
8.244686667E1	1.008535954E2
8.260703333E1	1.013976377E2
8.278283333E1	1.012966305E2
8.294293333E1	9.889634706E1
8.310303333E1	9.424219208E1
8.327896667E1	8.687548055E1
8.343886667E1	7.894714321E1
8.361486667E1	6.538167164E1
8.377500000E1	4.668803666E1
8.393496667E1	2.618154429E1
8.411090000E1	7.950581407E0
8.427103333E1	-9.262278705E0
8.444700000E1	-2.063845025E1
8.460690000E1	-2.780365780E1
8.476693333E1	-3.084481345E1
8.494300000E1	-2.811960847E1
8.510300000E1	-2.279771804E1
8.527886667E1	-1.116645273E1
8.543890000E1	2.023609613E0
8.561493333E1	1.559102262E1
8.577480000E1	3.268269138E1
8.593490000E1	4.401006156E1
8.611096667E1	5.540230044E1
8.627096667E1	6.508976137E1
8.644680000E1	7.929330524E1
8.660690000E1	9.346608393E1
8.676700000E1	9.810366980E1
8.694283333E1	1.022547635E2
8.710300000E1	1.034349018E2
8.727890000E1	1.031467149E2
8.743916667E1	1.006034621E2
8.759896667E1	9.664151375E1
8.777496667E1	8.990159878E1
8.793480000E1	8.288279658E1
8.811093333E1	7.027637262E1
8.827090000E1	5.131066160E1
8.844686667E1	3.256397853E1
8.860686667E1	1.507996523E1
8.876696667E1	-1.098132014E0
8.894280000E1	-1.681297088E1
8.910283333E1	-2.320930871E1
8.927886667E1	-3.016625336E1
8.943896667E1	-3.091767962E1
8.959893333E1	-2.752072372E1
8.977480000E1	-2.115885641E1
8.993483333E1	-9.940388770E0
9.011070000E1	2.637833973E0
9.027083333E1	1.516704001E1
9.043096667E1	3.093376922E1
9.060680000E1	4.232016402E1
9.076686667E1	5.305665279E1
9.094290000E1	6.287864907E1
9.110276667E1	7.649441043E1
9.126283333E1	9.020652113E1
9.143886667E1	9.762647701E1
9.159886667E1	1.010493357E2
9.177483333E1	1.020840013E2
9.193486667E1	1.022310144E2
9.211080000E1	1.018249356E2
9.227070000E1	9.803030013E1
9.243076667E1	9.266237219E1
9.260676667E1	8.533060544E1
9.276686667E1	7.557572664E1
9.294286667E1	6.161796302E1
9.310290000E1	4.136921638E1
9.326293333E1	2.410294186E1
9.343890000E1	7.305726390E0
9.359873333E1	-8.721228022E0
9.377466667E1	-1.984573925E1
9.393480000E1	-2.621502457E1
9.409486667E1	-3.035714329E1
9.427073333E1	-2.994111879E1
9.443073333E1	-2.536455632E1
9.460686667E1	-1.662108983E1
9.476686667E1	-5.737091882E0
9.492680000E1	7.209290844E0
9.510286667E1	2.236099282E1
9.526286667E1	3.411283442E1
9.543880000E1	4.510781135E1
9.559876667E1	5.473827640E1
9.577473333E1	6.187051636E1
9.593480000E1	7.630821120E1
9.609483333E1	9.106731844E1
9.627066667E1	9.867752199E1
9.643086667E1	1.008135957E2
9.660670000E1	1.015739986E2
9.676673333E1	1.018634630E2
9.692670000E1	1.014345641E2
9.710280000E1	9.798845202E1
9.726280000E1	9.302363108E1
9.743883333E1	8.578450428E1
9.759873333E1	7.897577358E1
9.775870000E1	6.608353551E1
9.793470000E1	4.826765969E1
9.809480000E1	3.124250700E1
9.827076667E1	1.409529673E1
9.843080000E1	-7.148930367E-1
9.860670000E1	-1.554593985E1
9.876663333E1	-2.247405233E1
9.892683333E1	-2.851210899E1
9.910270000E1	-3.038366328E1
9.926266667E1	-2.887391404E1
9.943876667E1	-2.357931913E1
9.959876667E1	-1.624218607E1
9.975880000E1	-5.080336010E0
9.993463333E1	7.995054757E0
1.000947000E2	2.033145584E1
1.002706667E2	3.365429821E1
1.004307667E2	4.363775717E1
1.005907333E2	5.308396773E1
1.007666667E2	6.219061028E1
1.009268000E2	7.412977670E1
1.011026000E2	8.620567638E1
1.012627667E2	9.542677253E1
1.014229333E2	9.666127372E1
1.015987333E2	9.968392173E1
1.017586333E2	1.013640882E2
1.019347667E2	1.020959249E2
1.020946333E2	1.013184115E2
1.022705667E2	9.736988360E1
1.024307000E2	9.241029908E1
1.025907667E2	8.586990101E1
1.027667333E2	7.905618647E1
1.029265667E2	6.752044513E1
1.031026000E2	5.024689536E1
1.032626333E2	3.427038007E1
1.034227667E2	1.922417525E1
1.035986000E2	5.156299155E0
1.037586000E2	-9.094232758E0
1.039346333E2	-1.945617722E1
1.040945333E2	-2.517516541E1
1.042546333E2	-2.998966379E1
1.044306333E2	-3.040102306E1
1.045908000E2	-2.901136443E1
1.047667000E2	-2.318241968E1
1.049266333E2	-1.581006610E1
1.050867667E2	-5.735176510E0
1.052626667E2	6.920949730E0
1.054225333E2	1.837552055E1
1.055986000E2	3.007833263E1
1.057587667E2	3.927421020E1
1.059346000E2	4.834921172E1
1.060946000E2	5.680437838E1
1.062547000E2	6.553667958E1
1.064306000E2	7.593330684E1
1.065906333E2	8.708070950E1
1.067665000E2	9.681067080E1
1.069267000E2	9.866952812E1
1.070866000E2	1.004231637E2
1.072625667E2	1.016854200E2
1.074226000E2	1.022226425E2
1.075985000E2	1.019386435E2
1.077587000E2	9.893036879E1
1.079190000E2	9.399207577E1
1.080945333E2	8.809054167E1
1.082546667E2	8.247634851E1
1.084306333E2	7.344327629E1
1.085906667E2	6.015327675E1
1.087665000E2	4.462155996E1
1.089266333E2	2.887839021E1
1.090866000E2	1.498617196E1
1.092626000E2	1.661077460E0
1.094227333E2	-1.031676104E1
1.095985333E2	-1.890543089E1
1.097585000E2	-2.514406080E1
1.099186667E2	-2.993714491E1
1.100945333E2	-3.050782752E1
1.102545333E2	-2.922966531E1
1.104304333E2	-2.563331950E1
1.105905000E2	-1.904288256E1
1.107505333E2	-1.080815130E1
1.109265333E2	-1.815366697E0
1.110865667E2	1.097507059E1
1.112626333E2	2.105787610E1
1.114225667E2	3.077736659E1
1.115825000E2	3.803891624E1
1.117586000E2	4.545559004E1
1.119185000E2	5.406421283E1
1.120945667E2	6.402102026E1
1.122546333E2	7.370140121E1
1.124305000E2	8.382885232E1
1.125904333E2	9.439882554E1
1.127505667E2	1.007827735E2
1.129266000E2	1.018224124E2
1.130864333E2	1.027413524E2
1.132624000E2	1.033710870E2
1.134226000E2	1.034814431E2
1.135826333E2	1.020341422E2
1.137585333E2	9.918864662E1
1.139185000E2	9.487961335E1
1.140944000E2	8.946697889E1
1.142545000E2	8.411670574E1
1.144146000E2	7.646733121E1
1.145905000E2	6.397200553E1
1.147505333E2	4.838832395E1
1.149264000E2	3.513242548E1
1.150864333E2	2.190307137E1
1.152464000E2	9.950718104E0
1.154225667E2	-1.877642624E0
1.155826000E2	-1.290699836E1
1.157584667E2	-1.953944139E1
1.159184000E2	-2.525921485E1
1.160944333E2	-2.954950069E1
1.162544000E2	-2.980580307E1
1.164146333E2	-3.054368287E1
1.165906000E2	-2.719186264E1
1.167504000E2	-2.280108713E1
1.169263667E2	-1.585365668E1
1.170864667E2	-7.852372861E0
1.172465667E2	1.002493865E0
1.174224000E2	1.229480490E1
1.175824333E2	2.042915201E1
1.177585000E2	2.902229728E1
1.179184333E2	3.576679296E1
1.180784667E2	4.170560350E1
1.182545000E2	5.008460036E1
1.184144667E2	5.707319883E1
1.185905000E2	6.758036314E1
1.187504667E2	7.637867436E1
1.189265000E2	8.491470966E1
1.190864333E2	9.334459755E1
1.192464333E2	9.953637687E1
1.194223333E2	1.007771660E2
1.195823333E2	1.021807184E2
1.197584667E2	1.032555590E2
1.199185000E2	1.037185468E2
1.200783333E2	1.034896603E2
1.202544000E2	1.014508969E2
1.204145000E2	9.889724698E1
1.205903000E2	9.525853899E1
1.207506000E2	8.994015149E1
1.209104000E2	8.557545287E1
1.210864667E2	7.981952208E1
1.212463333E2	7.095454983E1
1.214225333E2	5.860175855E1
1.215825000E2	4.628633803E1
1.217424333E2	3.381140474E1
1.219183000E2	2.207399401E1
1.220783667E2	1.098382524E1
1.222543000E2	6.563692519E-1
1.224145667E2	-9.117562838E0
1.225904333E2	-1.657391089E1
1.227503333E2	-2.194279435E1
1.229104000E2	-2.669980434E1
1.230864333E2	-2.930664286E1
1.232464333E2	-3.045173904E1
1.234223333E2	-3.011906772E1
1.235824000E2	-2.819507950E1
1.237425000E2	-2.475292507E1
1.239183667E2	-1.966229403E1
1.240782667E2	-1.278144895E1
1.242544000E2	-5.145444245E0
1.244144333E2	3.039100191E0
1.245744000E2	1.214826732E1
1.247504333E2	1.995830173E1
1.249103333E2	2.704858765E1
1.250864000E2	3.267051437E1
1.252464333E2	3.794896330E1
1.254064667E2	4.494312732E1
1.255824333E2	5.223935154E1
1.257424333E2	5.730138998E1
1.259183333E2	6.699455456E1
1.260783333E2	7.536061203E1
1.262542333E2	8.371929992E1
1.264145000E2	9.051980802E1
1.265743333E2	9.787563043E1
1.267503667E2	1.008698233E2
1.269104000E2	1.028344351E2
1.270862000E2	1.034151019E2
1.272464333E2	1.039639246E2
1.274065000E2	1.040146818E2
1.275823000E2	1.037994294E2
1.277424333E2	1.031184952E2
1.279183667E2	1.010929286E2
1.280782333E2	9.786163854E1
1.282383667E2	9.438587018E1
1.284143667E2	8.992877603E1
1.285743333E2	8.564289997E1
1.287502667E2	8.030569325E1
1.289102667E2	7.177682712E1
1.290863333E2	6.037940284E1
1.292463000E2	5.048506742E1
1.294063333E2	3.969738524E1
1.295822667E2	2.968923306E1
1.297423667E2	1.983092029E1
1.299183000E2	1.021520255E1
1.300782667E2	1.429435792E0
1.302383667E2	-7.641585071E0
1.304142000E2	-1.481779910E1
1.305743667E2	-1.903588959E1
1.307502000E2	-2.398611232E1
1.309102667E2	-2.692680136E1
1.310702667E2	-2.931622624E1
1.312463000E2	-3.067570452E1
1.314063667E2	-3.054906335E1
1.315822333E2	-2.916504683E1
1.317422667E2	-2.677447134E1
1.319022667E2	-2.339535485E1
1.320782333E2	-1.900565221E1
1.322383667E2	-1.385366019E1
1.324143333E2	-7.102452252E0
1.325742000E2	-7.488177427E-1
1.327502000E2	7.861972474E0
1.329101667E2	1.501473814E1
1.330702667E2	2.196148645E1
1.332461667E2	2.803571942E1
1.334062333E2	3.296772448E1
1.335821333E2	3.688792072E1
1.337422333E2	4.179640543E1
1.339022333E2	4.861485625E1
1.340782000E2	5.415757036E1
1.342383000E2	5.998126159E1
1.344143667E2	6.597902917E1
1.345742667E2	7.329573779E1
1.347343667E2	8.032540085E1
1.349102000E2	8.708662793E1
1.350703000E2	9.402108633E1
1.352462333E2	9.875574227E1
1.354062667E2	9.922295930E1
1.355662000E2	1.013572697E2
1.357421667E2	1.024085298E2
1.359022000E2	1.033188419E2
1.360782000E2	1.037541752E2
1.362382000E2	1.040219268E2
1.364140667E2	1.039478999E2
1.365741667E2	1.033583308E2
1.367342333E2	1.015097845E2
1.369101000E2	9.929109195E1
1.370701333E2	9.680981642E1
1.372461667E2	9.479272455E1
1.374062667E2	9.108469632E1
1.375662000E2	8.693057086E1
1.377422000E2	8.279724088E1
1.379021667E2	7.710209074E1
1.380781333E2	6.977569245E1
1.382382000E2	5.949706733E1
1.383982667E2	5.098229068E1
1.385741667E2	4.228248442E1
1.387342667E2	3.423754417E1
1.389100333E2	2.641926092E1
1.390701333E2	1.825594735E1
1.392460667E2	1.080867492E1
1.394062333E2	3.989043873E0
1.395662333E2	-3.121275661E0
1.397422333E2	-8.969726890E0
1.399020333E2	-1.471854214E1
1.400780000E2	-1.798564458E1
1.402381000E2	-2.192885475E1
1.403983333E2	-2.502800484E1
1.405742000E2	-2.736712078E1
1.407342333E2	-2.973419357E1
1.409101667E2	-2.994925202E1
1.410702333E2	-3.030657100E1
1.412302000E2	-3.048254288E1
1.414061000E2	-2.988670756E1
1.415662000E2	-2.784966964E1
1.417420667E2	-2.564583866E1
1.419022000E2	-2.244946832E1
1.420621333E2	-1.895022669E1
1.422381667E2	-1.514441839E1
1.423980667E2	-1.087684750E1
1.425741667E2	-4.887175918E0
1.427342000E2	1.490658680E0
1.429099667E2	8.591292656E0
1.430701000E2	1.154517233E1
1.432301333E2	1.710539004E1
1.434061667E2	2.120943869E1
1.435662000E2	2.580683548E1
1.437420667E2	2.998048640E1
1.439021667E2	3.344659088E1
1.440620000E2	3.688676891E1
1.442380667E2	4.003368454E1
1.443981667E2	4.355732754E1
1.445739667E2	4.832287110E1
1.447341333E2	5.219398960E1
1.448941000E2	5.485035817E1
1.450700333E2	6.044454212E1
1.452300333E2	6.627349872E1
1.454062000E2	7.153667554E1
1.455660333E2	7.673341015E1
1.457261333E2	8.165714277E1
1.459020333E2	8.574852960E1
1.460620333E2	9.080410990E1
1.462381333E2	9.512755191E1
1.463981667E2	9.697426135E1
1.465740000E2	9.857518539E1
1.467340000E2	9.932866261E1
1.468941000E2	1.008471416E2
1.470700333E2	1.016396782E2
1.472299333E2	1.021654635E2
1.474059333E2	1.023334426E2
1.475661667E2	1.027707123E2
1.477261333E2	1.029910448E2
1.479020333E2	1.029836923E2
1.480620333E2	1.027477069E2
1.482380667E2	1.022417068E2
1.483981000E2	1.010126735E2
1.485581000E2	9.963476544E1
1.487340667E2	9.785541871E1
1.488939333E2	9.632639673E1
1.490700667E2	9.412222008E1
1.492299667E2	9.190809846E1
1.494059000E2	8.956211004E1
1.495660333E2	8.787583375E1
1.497261000E2	8.520940572E1
1.499019333E2	8.266641032E1
1.500620333E2	7.905780101E1
1.502379667E2	7.476843135E1
1.503980000E2	7.056446658E1
1.505580000E2	6.439684385E1
1.507339667E2	5.741932921E1
1.508940667E2	5.171535116E1
1.510698667E2	4.715845785E1
1.512300333E2	4.075504997E1
1.513901667E2	3.603792914E1
1.515659000E2	3.081149031E1
1.517259667E2	2.627323562E1
1.519019667E2	2.185366911E1
1.520619667E2	1.819588903E1
1.522220000E2	1.886117448E1
1.523979333E2	1.873614564E1
1.525580667E2	1.868704467E1
1.527340000E2	1.875702922E1
1.528938667E2	1.862879949E1
1.530699000E2	1.876288460E1
1.532298333E2	1.868454288E1
