mass_A
t	x
0.000000000E0	-9.288824383E-1
1.761000000E-1	-9.292687723E-1
3.361000000E-1	-9.530524578E-1
5.118666667E-1	-9.323190634E-1
6.719666667E-1	-9.307059216E-1
8.319333333E-1	-9.152063958E-1
1.007933333E0	-9.394113706E-1
1.168000000E0	-9.386751031E-1
1.343933333E0	-9.131091833E-1
1.504033333E0	-9.331074229E-1
1.663966667E0	-9.122784487E-1
1.839933333E0	-9.135598684E-1
1.999966667E0	-9.147831506E-1
2.176033333E0	-9.154065450E-1
2.335966667E0	-9.241695326E-1
2.511966667E0	-9.246656823E-1
2.671933333E0	-9.162761060E-1
2.831966667E0	-9.224866639E-1
3.007966667E0	-9.277781518E-1
3.168033333E0	-9.246846349E-1
3.343866667E0	-1.622550664E1
3.503900000E0	-4.252888244E1
3.663933333E0	-6.610520447E1
3.839833333E0	-6.207924325E1
3.999933333E0	-4.180625512E1
4.175966667E0	-9.625029913E0
4.335933333E0	1.817967863E1
4.495933333E0	4.390873774E1
4.671866667E0	6.532954218E1
4.831966667E0	6.749077503E1
5.007933333E0	6.630425209E1
5.168000000E0	5.603351550E1
5.343800000E0	3.726122616E1
5.503833333E0	-7.982603347E-1
5.663933333E0	-3.929694353E1
5.839966667E0	-6.450035113E1
5.999866667E0	-6.579471758E1
6.175900000E0	-5.126288885E1
6.335933333E0	-2.305709435E1
6.496133333E0	7.699662496E0
6.671800000E0	3.415605779E1
6.832000000E0	6.031379700E1
7.007800000E0	6.510942703E1
7.167866667E0	6.627507118E1
7.328033333E0	5.988863147E1
7.503866667E0	4.502939428E1
7.663900000E0	1.783308331E1
7.839833333E0	-2.228551525E1
7.999800000E0	-5.347218781E1
8.160033333E0	-6.684917410E1
8.335866667E0	-6.102367187E1
8.495866667E0	-3.833441418E1
8.671966667E0	-7.405710833E0
8.831833333E0	1.941366834E1
9.007900000E0	4.377462289E1
9.167966667E0	6.400152239E1
9.327866667E0	6.668902413E1
9.503800000E0	6.491898413E1
9.663933333E0	5.566276043E1
9.839900000E0	3.752464285E1
9.999833333E0	1.855001661E0
1.015993333E1	-3.634691435E1
1.033583333E1	-6.277915900E1
1.049583333E1	-6.659788031E1
1.067183333E1	-5.471793164E1
1.083190000E1	-2.900611843E1
1.099196667E1	1.328472955E0
1.116780000E1	2.705401546E1
1.132793333E1	4.986136673E1
1.150373333E1	6.271083510E1
1.166390000E1	6.574565228E1
1.182386667E1	6.282885320E1
1.199983333E1	5.168588930E1
1.215996667E1	3.114674729E1
1.233576667E1	-7.709508684E0
1.249580000E1	-4.226911879E1
1.267176667E1	-6.498040251E1
1.283186667E1	-6.561697848E1
1.299186667E1	-4.995226317E1
1.316796667E1	-2.179900563E1
1.332793333E1	6.985663154E0
1.350373333E1	3.291597444E1
1.366373333E1	5.680180039E1
1.382376667E1	6.399844206E1
1.399973333E1	6.548649150E1
1.415993333E1	6.118749312E1
1.433570000E1	4.887635387E1
1.449573333E1	2.807333687E1
1.465573333E1	-1.197926151E1
1.483173333E1	-4.482505266E1
1.499173333E1	-6.573999368E1
1.516766667E1	-6.494796647E1
1.532770000E1	-4.795234998E1
1.550363333E1	-2.059657149E1
1.566370000E1	8.390642777E0
1.582376667E1	3.394422421E1
1.599970000E1	5.893684426E1
1.615980000E1	6.446742687E1
1.633576667E1	6.584772699E1
1.649573333E1	6.051457717E1
1.665590000E1	4.645415015E1
1.683176667E1	2.298808268E1
1.699176667E1	-1.577462853E1
1.716770000E1	-4.706393043E1
1.732783333E1	-6.604900419E1
1.748766667E1	-6.468825642E1
1.766383333E1	-4.787736693E1
1.782380000E1	-2.103653727E1
1.799980000E1	7.312826528E0
1.815966667E1	3.199772574E1
1.831980000E1	5.567915525E1
1.849563333E1	6.366234319E1
1.865573333E1	6.593457769E1
1.883176667E1	6.215348463E1
1.899166667E1	5.007889792E1
1.916766667E1	2.987366268E1
1.932766667E1	-9.186776554E0
1.948766667E1	-4.239338188E1
1.966380000E1	-6.488476437E1
1.982380000E1	-6.598331350E1
1.999976667E1	-5.242308607E1
2.015966667E1	-2.615639068E1
2.031983333E1	2.910606054E0
2.049566667E1	2.741814430E1
2.065583333E1	5.007172148E1
2.083166667E1	6.227923216E1
2.099176667E1	6.593776880E1
2.115180000E1	6.395174154E1
2.132770000E1	5.434731507E1
2.148766667E1	3.705445947E1
2.166376667E1	1.897793237E0
2.182360000E1	-3.387043066E1
2.198366667E1	-6.134044189E1
2.215966667E1	-6.657163437E1
2.231976667E1	-5.836428673E1
2.249563333E1	-3.612423150E1
2.265560000E1	-6.221533630E0
2.283173333E1	1.909662975E1
2.299176667E1	4.237114784E1
2.315176667E1	6.378260477E1
2.332763333E1	6.656418235E1
2.348763333E1	6.585242117E1
2.366356667E1	5.876726356E1
2.382356667E1	4.353942750E1
2.398376667E1	1.585293192E1
2.415970000E1	-2.192407820E1
2.431976667E1	-5.111820458E1
2.449580000E1	-6.649838763E1
2.465563333E1	-6.360363743E1
2.481563333E1	-4.744076293E1
2.499173333E1	-1.980046975E1
2.515180000E1	7.383752724E0
2.532753333E1	3.120360719E1
2.548756667E1	5.334707083E1
2.566363333E1	6.338682423E1
2.582376667E1	6.573922389E1
2.598366667E1	6.304855966E1
2.615953333E1	5.369631693E1
2.631963333E1	3.656136602E1
2.649550000E1	1.853397658E-1
2.665553333E1	-3.422775906E1
2.681560000E1	-6.120554983E1
2.699156667E1	-6.652772278E1
2.715170000E1	-5.931951910E1
2.732763333E1	-3.782672419E1
2.748780000E1	-8.114999859E0
2.764773333E1	1.693570482E1
2.782370000E1	4.005368617E1
2.798360000E1	6.280534173E1
2.815960000E1	6.568953442E1
2.831970000E1	6.597675843E1
2.847970000E1	6.116633835E1
2.865560000E1	4.750954231E1
2.881570000E1	2.600543500E1
2.899163333E1	-1.076310703E1
2.915150000E1	-4.188579833E1
2.932753333E1	-6.477184749E1
2.948756667E1	-6.624227907E1
2.964760000E1	-5.482513429E1
2.982360000E1	-3.088313849E1
2.998370000E1	-2.815481953E0
3.015946667E1	2.117497112E1
3.031950000E1	4.310826657E1
3.047970000E1	6.329074530E1
3.065553333E1	6.596925905E1
3.081550000E1	6.578329829E1
3.099153333E1	5.906237458E1
3.115150000E1	4.529534581E1
3.131166667E1	2.080134274E1
3.148746667E1	-1.521877852E1
3.164763333E1	-4.584999707E1
3.182363333E1	-6.568484805E1
3.198356667E1	-6.558956196E1
3.214366667E1	-5.362714545E1
3.231950000E1	-2.986938658E1
3.247953333E1	-8.863543065E-1
3.265553333E1	2.163087190E1
3.281566667E1	4.379194626E1
3.299143333E1	6.345760516E1
3.315146667E1	6.605587592E1
3.331160000E1	6.558729023E1
3.348773333E1	5.902115734E1
3.364753333E1	4.572413811E1
3.382346667E1	2.184570244E1
3.398360000E1	-1.338253620E1
3.414360000E1	-4.542221454E1
3.431956667E1	-6.478081023E1
3.447946667E1	-6.521839772E1
3.465543333E1	-5.557097885E1
3.481543333E1	-2.979989736E1
3.497553333E1	-2.779943300E0
3.515143333E1	2.025205464E1
3.531146667E1	4.322145766E1
3.548740000E1	6.344850639E1
3.564746667E1	6.592788777E1
3.582336667E1	6.526282754E1
3.598340000E1	6.057533507E1
3.614340000E1	4.834087655E1
3.631936667E1	2.895509483E1
3.647936667E1	-5.988334714E0
3.665536667E1	-3.816520284E1
3.681540000E1	-6.225551355E1
3.697543333E1	-6.688949937E1
3.715140000E1	-5.975523080E1
3.731143333E1	-3.806574564E1
3.748750000E1	-1.087396161E1
3.764750000E1	1.289731339E1
3.780753333E1	3.591607573E1
3.798346667E1	5.769780091E1
3.814346667E1	6.394136706E1
3.831950000E1	6.554258437E1
3.847940000E1	6.370668484E1
3.863956667E1	5.459804839E1
3.881540000E1	3.910662936E1
3.897556667E1	8.705468874E0
3.915136667E1	-2.598483222E1
3.931140000E1	-5.231116070E1
3.948746667E1	-6.670132685E1
3.964746667E1	-6.479265869E1
3.980756667E1	-4.983102436E1
3.998343333E1	-2.506515477E1
4.014336667E1	1.140199448E-1
4.031933333E1	2.284736357E1
4.047953333E1	4.316284947E1
4.063953333E1	6.235501159E1
4.081546667E1	6.516667986E1
4.097553333E1	6.529092950E1
4.115150000E1	5.997135411E1
4.131136667E1	4.761652399E1
4.147136667E1	2.715467830E1
4.164740000E1	-6.258195623E0
4.180743333E1	-3.706514632E1
4.198346667E1	-6.298817781E1
4.214350000E1	-6.664937683E1
4.230346667E1	-6.068731191E1
4.247940000E1	-4.187274555E1
4.263950000E1	-1.515277948E1
4.281536667E1	8.144043519E0
4.297546667E1	3.040634148E1
4.315133333E1	4.899334816E1
4.331146667E1	6.204707017E1
4.347166667E1	6.567923486E1
4.364726667E1	6.525889963E1
4.380736667E1	5.873066104E1
4.398343333E1	4.477143720E1
4.414330000E1	2.287944124E1
4.430330000E1	-1.128030158E1
4.447940000E1	-4.251326578E1
4.463933333E1	-6.378067953E1
4.481540000E1	-6.624461138E1
4.497546667E1	-5.961152352E1
4.513546667E1	-3.706933640E1
4.531130000E1	-1.164050536E1
4.547146667E1	1.103284662E1
4.564750000E1	3.378255003E1
4.580740000E1	5.397462874E1
4.598340000E1	6.175538795E1
4.614333333E1	6.457675469E1
4.630330000E1	6.431208192E1
4.647940000E1	5.667983485E1
4.663943333E1	4.304544200E1
4.681520000E1	1.868329243E1
4.697536667E1	-1.422024092E1
4.713540000E1	-4.372057950E1
4.731126667E1	-6.367606599E1
4.747140000E1	-6.666561717E1
4.764730000E1	-5.850659868E1
4.780740000E1	-3.721981602E1
4.796730000E1	-1.387103806E1
4.814333333E1	9.742842726E0
4.830340000E1	3.170994106E1
4.847936667E1	5.104904213E1
4.863940000E1	6.115705925E1
4.879933333E1	6.506396925E1
4.897540000E1	6.479638765E1
4.913533333E1	5.798428502E1
4.931136667E1	4.421595073E1
4.947136667E1	2.125346470E1
4.964730000E1	-1.198687732E1
4.980726667E1	-4.135043414E1
4.996740000E1	-6.293052027E1
5.014320000E1	-6.677367076E1
5.030343333E1	-5.966224402E1
5.047933333E1	-4.064977727E1
5.063936667E1	-1.708806205E1
5.079936667E1	6.319473031E0
5.097536667E1	2.746841569E1
5.113536667E1	4.484447552E1
5.131126667E1	5.977595006E1
5.147123333E1	6.392263207E1
5.163120000E1	6.409720813E1
5.180726667E1	5.878301423E1
5.196726667E1	4.715309211E1
5.214333333E1	2.991273088E1
5.230336667E1	-2.376876209E0
5.246340000E1	-3.262540879E1
5.263933333E1	-5.804005702E1
5.279936667E1	-6.648515772E1
5.297516667E1	-6.363606883E1
5.313546667E1	-4.830554012E1
5.331116667E1	-2.633739887E1
5.347116667E1	-1.780936946E0
5.363133333E1	2.111452984E1
5.380730000E1	3.906095421E1
5.396733333E1	6.172002560E1
5.414320000E1	6.440460324E1
5.430326667E1	6.652598994E1
5.446330000E1	6.415316157E1
5.463923333E1	5.643209618E1
5.479916667E1	4.219151614E1
5.497520000E1	1.390081813E1
5.513533333E1	-1.803603658E1
5.529526667E1	-4.574518273E1
5.547123333E1	-6.340586220E1
5.563116667E1	-6.648204065E1
5.580713333E1	-5.961351816E1
5.596716667E1	-3.906420601E1
5.614323333E1	-1.570763356E1
5.630333333E1	7.708353547E0
5.646330000E1	2.807469649E1
5.663916667E1	4.585442220E1
5.679916667E1	6.105867780E1
5.697506667E1	6.522597432E1
5.713526667E1	6.491068845E1
5.729516667E1	5.984120876E1
5.747110000E1	4.885661973E1
5.763113333E1	3.327482760E1
5.780710000E1	3.157374210E0
5.796710000E1	-2.793954525E1
5.812710000E1	-5.272651540E1
5.830310000E1	-6.606884608E1
5.846313333E1	-6.501014285E1
5.863910000E1	-5.473596852E1
5.879910000E1	-3.282647025E1
5.895926667E1	-8.904404847E0
5.913516667E1	1.288755433E1
5.929540000E1	3.340152047E1
5.947123333E1	5.322513810E1
5.963116667E1	6.301433051E1
5.980720000E1	6.628344266E1
5.996723333E1	6.608294621E1
6.012706667E1	5.947801118E1
6.030310000E1	4.783573388E1
6.046316667E1	2.945316574E1
6.063910000E1	-2.240024140E0
6.079920000E1	-3.199387996E1
6.095923333E1	-5.643627521E1
6.113506667E1	-6.534607110E1
6.129523333E1	-6.516449903E1
6.147123333E1	-5.316664509E1
6.163113333E1	-3.055591590E1
6.179120000E1	-8.260387468E0
6.196720000E1	1.302755597E1
6.212716667E1	3.234217897E1
6.230310000E1	5.254821411E1
6.246316667E1	6.113098051E1
6.262323333E1	6.482084549E1
6.279916667E1	6.474490164E1
6.295910000E1	5.890032184E1
6.313520000E1	4.792459740E1
6.329503333E1	3.241189969E1
6.347103333E1	1.450705253E0
6.363113333E1	-2.888969122E1
6.379120000E1	-5.197465346E1
6.396713333E1	-6.519092841E1
6.412713333E1	-6.681539901E1
6.430303333E1	-5.646280753E1
6.446310000E1	-3.556520943E1
6.462326667E1	-1.437446912E1
6.479900000E1	8.234239202E0
6.495903333E1	2.689345144E1
6.513516667E1	4.583802229E1
6.529530000E1	6.259671120E1
6.545506667E1	6.536242495E1
6.563116667E1	6.566890716E1
6.579103333E1	6.268663213E1
6.596716667E1	5.493338309E1
6.612706667E1	4.192993770E1
6.630303333E1	1.576323165E1
6.646316667E1	-1.523428065E1
6.662306667E1	-4.096942243E1
6.679910000E1	-6.238146584E1
6.695906667E1	-6.751448289E1
6.713503333E1	-6.297244836E1
6.729513333E1	-4.753337049E1
6.745516667E1	-2.684910528E1
6.763100000E1	-4.864243849E0
6.779110000E1	1.682330463E1
6.796710000E1	3.353351369E1
6.812706667E1	5.461036662E1
6.828713333E1	6.303033112E1
6.846310000E1	6.593843068E1
6.862306667E1	6.629556843E1
6.879903333E1	6.095967808E1
6.895910000E1	5.066005680E1
6.911896667E1	3.647229655E1
6.929496667E1	8.258488715E0
6.945516667E1	-2.078464745E1
6.963113333E1	-4.658824185E1
6.979106667E1	-6.329212919E1
6.996696667E1	-6.668350838E1
7.012710000E1	-6.171747108E1
7.028713333E1	-4.452903757E1
7.046310000E1	-2.471029471E1
7.062303333E1	-2.099503035E0
7.079896667E1	1.766810546E1
7.095896667E1	3.344158363E1
7.111910000E1	5.421120025E1
7.129503333E1	6.348161967E1
7.145503333E1	6.634368017E1
7.163090000E1	6.644842270E1
7.179100000E1	6.150545048E1
7.195096667E1	5.208252130E1
7.212700000E1	3.833783367E1
7.228703333E1	1.100000649E1
7.246303333E1	-1.600095989E1
7.262303333E1	-4.220399284E1
7.278310000E1	-6.230931049E1
7.295906667E1	-6.666217510E1
7.311900000E1	-6.398307917E1
7.329503333E1	-4.943278782E1
7.345506667E1	-2.935623581E1
7.363093333E1	-1.046709909E1
7.379106667E1	1.149323863E1
7.395103333E1	2.795002227E1
7.412683333E1	4.586093209E1
7.428690000E1	6.228847826E1
7.446283333E1	6.473125066E1
7.462300000E1	6.496525914E1
7.478303333E1	6.384439292E1
7.495896667E1	5.804497507E1
7.511903333E1	4.665197316E1
7.529496667E1	2.973084436E1
7.545503333E1	3.382900301E0
7.561506667E1	-2.527788391E1
7.579103333E1	-4.769686386E1
7.595103333E1	-6.290416725E1
7.612700000E1	-6.747519144E1
7.628686667E1	-6.119187213E1
7.646283333E1	-4.724028282E1
7.662300000E1	-2.940294822E1
7.678290000E1	-6.613042956E0
7.695896667E1	1.190271446E1
7.711893333E1	2.911049158E1
7.729483333E1	4.553848597E1
7.745486667E1	6.243405808E1
7.761503333E1	6.504974110E1
7.779086667E1	6.606979621E1
7.795086667E1	6.592183999E1
7.812680000E1	5.995778140E1
7.828690000E1	4.895359110E1
7.844683333E1	3.427591320E1
7.862283333E1	7.194966776E0
7.878293333E1	-2.068571053E1
7.895893333E1	-4.439510232E1
7.911896667E1	-6.182194978E1
7.927900000E1	-6.595158962E1
7.945496667E1	-6.513024647E1
7.961483333E1	-5.280683891E1
7.979093333E1	-3.562996810E1
7.995090000E1	-1.649076993E1
8.012690000E1	4.725269539E0
8.028686667E1	2.109501618E1
8.044696667E1	3.733615559E1
8.062283333E1	5.617845766E1
8.078283333E1	6.335034996E1
8.095873333E1	6.621754600E1
8.111880000E1	6.649472315E1
8.127886667E1	6.325914183E1
8.145486667E1	5.617455003E1
8.161493333E1	4.472563752E1
8.179076667E1	2.543449775E1
8.195076667E1	-2.660648188E0
8.211083333E1	-2.711017490E1
8.228676667E1	-4.857844917E1
8.244680000E1	-6.346702943E1
8.262273333E1	-6.701602962E1
8.278276667E1	-6.357171443E1
8.294283333E1	-5.085345767E1
8.311893333E1	-3.582659470E1
8.327893333E1	-1.453646908E1
8.345473333E1	4.950584610E0
8.361486667E1	2.112794030E1
8.379070000E1	3.644005699E1
8.395076667E1	5.416596024E1
8.411083333E1	6.397983675E1
8.428690000E1	6.784536114E1
8.444690000E1	6.726759148E1
8.462276667E1	6.490052897E1
8.478273333E1	5.806059021E1
8.494293333E1	4.793734655E1
8.511880000E1	3.064317110E1
8.527890000E1	3.302005118E0
8.545473333E1	-2.141820741E1
8.561490000E1	-4.331408868E1
8.577480000E1	-6.075981563E1
8.595073333E1	-6.539964162E1
8.611080000E1	-6.672888901E1
8.628666667E1	-5.747029854E1
8.644690000E1	-4.228445799E1
8.662283333E1	-2.421581201E1
8.678286667E1	-4.274668040E0
8.694290000E1	1.306641480E1
8.711870000E1	2.935166568E1
8.727880000E1	4.284581273E1
8.745473333E1	5.967209301E1
8.761486667E1	6.335117470E1
8.777486667E1	6.584280979E1
8.795083333E1	6.608596097E1
8.811080000E1	6.289123457E1
8.828663333E1	5.608603186E1
8.844693333E1	4.522948957E1
8.860670000E1	2.685099391E1
8.878273333E1	2.085168171E0
8.894283333E1	-2.120877208E1
8.911880000E1	-4.404855382E1
8.927880000E1	-6.059725006E1
8.943876667E1	-6.557629306E1
8.961483333E1	-6.664451058E1
8.977466667E1	-5.839707833E1
8.995066667E1	-4.424832052E1
9.011080000E1	-2.773478587E1
9.028676667E1	-7.791442989E0
9.044666667E1	1.003875867E1
9.060673333E1	2.582690374E1
9.078270000E1	3.937858787E1
9.094270000E1	5.617467423E1
9.111873333E1	6.348636259E1
9.127893333E1	6.706653281E1
9.143870000E1	6.782088755E1
9.161473333E1	6.597470002E1
9.177483333E1	6.090403437E1
9.195066667E1	5.163035689E1
9.211063333E1	3.941760240E1
9.227080000E1	1.651685726E1
9.244663333E1	-7.758810050E0
9.260666667E1	-3.016912912E1
9.278280000E1	-4.988745872E1
9.294273333E1	-6.250609323E1
9.310280000E1	-6.659561933E1
9.327863333E1	-6.533355705E1
9.343876667E1	-5.523244944E1
9.361460000E1	-4.074877921E1
9.377466667E1	-2.362774059E1
9.395056667E1	-4.132422635E0
9.411076667E1	1.249081134E1
9.427080000E1	2.715802213E1
9.444673333E1	3.961813725E1
9.460670000E1	5.676834997E1
9.478253333E1	6.402556844E1
9.494260000E1	6.742398982E1
9.510266667E1	6.798782207E1
9.527873333E1	6.621110456E1
9.543873333E1	6.132484382E1
9.561473333E1	5.212337486E1
9.577456667E1	4.123774073E1
9.593476667E1	1.807061149E1
9.611066667E1	-5.597694861E0
9.627073333E1	-2.827952627E1
9.644673333E1	-4.796473330E1
9.660663333E1	-6.132270297E1
9.678263333E1	-6.620591370E1
9.694263333E1	-6.616051515E1
9.710263333E1	-5.776398897E1
9.727870000E1	-4.562917907E1
9.743873333E1	-2.904340191E1
9.761460000E1	-1.016160632E1
9.777470000E1	6.237036391E0
9.793460000E1	1.994210788E1
9.811060000E1	3.436911693E1
9.827073333E1	4.986139201E1
9.844653333E1	6.403873783E1
9.860666667E1	6.530383485E1
9.876663333E1	6.643974830E1
9.894266667E1	6.647637871E1
9.910263333E1	6.391578911E1
9.927850000E1	5.801197581E1
9.943856667E1	4.897752214E1
9.959860000E1	3.724740365E1
9.977456667E1	1.567460724E1
9.993460000E1	-7.990082495E0
1.001104667E2	-2.889247585E1
1.002706000E2	-4.830390574E1
1.004466333E2	-6.068434166E1
1.006065667E2	-6.650370545E1
1.007665667E2	-6.676916345E1
1.009425667E2	-5.971197251E1
1.011027000E2	-4.908917146E1
1.012785333E2	-3.317399346E1
1.014386000E2	-1.572659988E1
1.015987000E2	5.234997930E-1
1.017746667E2	1.490304538E1
1.019345333E2	2.867354047E1
1.021106333E2	4.186005702E1
1.022704667E2	5.591530577E1
1.024306667E2	6.050978023E1
1.026065667E2	6.586082239E1
1.027664667E2	6.670656454E1
1.029426000E2	6.598203518E1
1.031026333E2	6.122886165E1
1.032785667E2	5.453105290E1
1.034384333E2	4.535611350E1
1.035985667E2	3.050337405E1
1.037744667E2	8.401578675E0
1.039346333E2	-1.408543030E1
1.041105667E2	-3.401443541E1
1.042705667E2	-5.145653627E1
1.044305667E2	-6.046934071E1
1.046065333E2	-6.753134329E1
1.047666333E2	-6.763477884E1
1.049425667E2	-5.877646991E1
1.051025333E2	-4.823383254E1
1.052626333E2	-3.426529458E1
1.054385333E2	-1.647957286E1
1.055985000E2	-1.086531604E0
1.057746000E2	1.218675614E1
1.059345000E2	2.513633348E1
1.060945333E2	3.694877174E1
1.062704333E2	5.125035453E1
1.064304667E2	5.997936182E1
1.066066000E2	6.536248875E1
1.067665000E2	6.630718020E1
1.069424667E2	6.612277672E1
1.071025667E2	6.306397380E1
1.072626000E2	5.783050628E1
1.074385333E2	4.957700838E1
1.075984000E2	3.918732423E1
1.077743667E2	2.050529738E1
1.079344667E2	-5.496684438E-1
1.080945333E2	-2.099425748E1
1.082705000E2	-3.967667253E1
1.084304333E2	-5.691512196E1
1.086065000E2	-6.268162117E1
1.087665333E2	-6.791898702E1
1.089264000E2	-6.524236586E1
1.091025333E2	-5.691484642E1
1.092624667E2	-4.705004074E1
1.094385333E2	-3.140873307E1
1.095985000E2	-1.556334425E1
1.097586000E2	-8.285644557E-1
1.099345667E2	1.210458352E1
1.100944667E2	2.468207158E1
1.102703667E2	3.498777148E1
1.104305000E2	4.904567619E1
1.106063000E2	5.994038316E1
1.107664000E2	6.278194033E1
1.109263667E2	6.402424898E1
1.111023333E2	6.447739930E1
1.112625000E2	6.386679857E1
1.114383667E2	5.986796299E1
1.115984333E2	5.327609394E1
1.117584667E2	4.509022279E1
1.119345333E2	3.100424461E1
1.120945000E2	9.950911177E0
1.122704000E2	-1.111968473E1
1.124305000E2	-2.959231426E1
1.125905333E2	-4.712157083E1
1.127664333E2	-5.931120512E1
1.129265333E2	-6.545846054E1
1.131025000E2	-6.789399104E1
1.132623667E2	-6.434662212E1
1.134384333E2	-5.735105451E1
1.135985000E2	-4.684834787E1
1.137585000E2	-3.193889458E1
1.139344667E2	-1.598995390E1
1.140945000E2	-1.067013839E0
1.142703000E2	1.104725854E1
1.144302667E2	2.292251167E1
1.145903000E2	3.222223833E1
1.147663000E2	4.653583001E1
1.149264667E2	6.025082673E1
1.151023667E2	6.136201401E1
1.152624000E2	6.400357623E1
1.154223667E2	6.578160883E1
1.155983000E2	6.584802404E1
1.157583667E2	6.276868994E1
1.159344667E2	5.738357653E1
1.160944667E2	4.997207118E1
1.162544000E2	4.110600871E1
1.164304333E2	2.637106608E1
1.165903333E2	3.466239359E0
1.167664333E2	-1.395776389E1
1.169263000E2	-3.205545397E1
1.171022667E2	-4.819479334E1
1.172624667E2	-5.925546182E1
1.174224333E2	-6.500453214E1
1.175982667E2	-6.780131445E1
1.177583000E2	-6.503039359E1
1.179344000E2	-5.815469443E1
1.180943333E2	-4.704261425E1
1.182544333E2	-3.380380134E1
1.184304000E2	-1.724875554E1
1.185904000E2	-4.810575219E0
1.187663000E2	6.968108826E0
1.189264333E2	1.806587471E1
1.190864333E2	2.765175234E1
1.192624000E2	4.123064797E1
1.194224333E2	5.478824386E1
1.195984000E2	6.091225338E1
1.197582333E2	6.533997938E1
1.199184000E2	6.642195884E1
1.200943333E2	6.634707209E1
1.202543333E2	6.494785306E1
1.204303000E2	6.101478458E1
1.205903000E2	5.541367651E1
1.207661667E2	4.798012092E1
1.209262333E2	3.661719628E1
1.210864000E2	1.874301367E1
1.212623000E2	4.663070638E-1
1.214223667E2	-1.823188068E1
1.215983333E2	-3.529763579E1
1.217583667E2	-5.071594538E1
1.219182000E2	-5.998832295E1
1.220942333E2	-6.603795406E1
1.222542667E2	-6.736095893E1
1.224302667E2	-6.478469469E1
1.225902667E2	-5.759771102E1
1.227502000E2	-4.669601879E1
1.229261667E2	-3.477936211E1
1.230863667E2	-2.037689560E1
1.232623333E2	-7.063959863E0
1.234222667E2	4.035639363E0
1.235983000E2	1.401130191E1
1.237583333E2	2.421238407E1
1.239183667E2	3.684470193E1
1.240942333E2	4.906950148E1
1.242542333E2	6.019613081E1
1.244302667E2	6.196478796E1
1.245904000E2	6.511150289E1
1.247502333E2	6.678355773E1
1.249261667E2	6.690750487E1
1.250862000E2	6.362333324E1
1.252620667E2	5.924459839E1
1.254221667E2	5.277116440E1
1.255822667E2	4.517165941E1
1.257582000E2	3.241668039E1
1.259182000E2	1.477115761E1
1.260942333E2	-3.276251587E0
1.262542000E2	-2.024224529E1
1.264143333E2	-3.604335273E1
1.265901667E2	-4.972973648E1
1.267501667E2	-5.855129048E1
1.269263000E2	-6.642364490E1
1.270862667E2	-6.766991882E1
1.272621333E2	-6.496591462E1
1.274223333E2	-5.999046966E1
1.275822667E2	-5.074062663E1
1.277581667E2	-3.929812153E1
1.279182000E2	-2.577604983E1
1.280942333E2	-1.230155839E1
1.282542000E2	-1.595102591E-1
1.284141667E2	9.152075327E0
1.285902000E2	1.918160485E1
1.287501000E2	2.663788775E1
1.289260667E2	4.073619502E1
1.290862333E2	5.381299004E1
1.292463000E2	6.361162866E1
1.294221333E2	6.392190553E1
1.295821667E2	6.533622638E1
1.297580667E2	6.597454963E1
1.299182667E2	6.612268989E1
1.300782000E2	6.403228499E1
1.302541000E2	5.999722395E1
1.304143333E2	5.406966100E1
1.305900667E2	4.746892172E1
1.307501667E2	3.638081369E1
1.309260667E2	1.977563209E1
1.310862333E2	2.148684972E0
1.312461333E2	-1.370137144E1
1.314220667E2	-2.893077783E1
1.315824333E2	-4.426421149E1
1.317581333E2	-5.558518779E1
1.319180667E2	-6.109843153E1
1.320782333E2	-6.727651885E1
1.322541000E2	-6.773182239E1
1.324142333E2	-6.495587937E1
1.325902000E2	-5.896642794E1
1.327500667E2	-5.126840369E1
1.329102333E2	-4.040488588E1
1.330861333E2	-2.671193137E1
1.332462000E2	-1.556630125E1
1.334221333E2	-3.207528553E0
1.335821333E2	5.462932496E0
1.337581333E2	1.504036393E1
1.339181000E2	2.394066072E1
1.340781000E2	3.602315084E1
1.342540667E2	4.679738659E1
1.344142000E2	5.634754491E1
1.345901667E2	6.118063312E1
1.347501333E2	6.571965600E1
1.349100667E2	6.683434852E1
1.350861667E2	6.738600375E1
1.352461000E2	6.699061207E1
1.354221000E2	6.383012989E1
1.355820333E2	5.999007973E1
1.357420000E2	5.502856825E1
1.359180333E2	4.891507871E1
1.360780333E2	3.929044888E1
1.362541333E2	2.564131300E1
1.364141667E2	8.859851672E0
1.365740000E2	-7.338167866E0
1.367501667E2	-2.303382142E1
1.369102000E2	-3.729651273E1
1.370860000E2	-4.964735015E1
1.372460667E2	-5.821187492E1
1.374219667E2	-6.387907515E1
1.375820000E2	-6.761194307E1
1.377421333E2	-6.756783835E1
1.379180667E2	-6.494983262E1
1.380780667E2	-5.873004847E1
1.382540000E2	-5.083026697E1
1.384140667E2	-4.035116741E1
1.385739667E2	-2.872525038E1
1.387500333E2	-1.824349974E1
1.389101333E2	-7.633828237E0
1.390860000E2	1.176601089E0
1.392460000E2	9.937999766E0
1.394061667E2	1.837276096E1
1.395821000E2	2.779176314E1
1.397421333E2	3.823653072E1
1.399181667E2	4.909338446E1
1.400779667E2	6.068144872E1
1.402381667E2	6.443452034E1
1.404141000E2	6.661048552E1
1.405741000E2	6.689728066E1
1.407499333E2	6.740627613E1
1.409101000E2	6.707606006E1
1.410860667E2	6.392365958E1
1.412461000E2	6.040317567E1
1.414060000E2	5.532003653E1
1.415821667E2	4.950225421E1
1.417421667E2	4.127513690E1
1.419180333E2	2.927471991E1
1.420780333E2	1.271199314E1
1.422380667E2	-1.913967716E0
1.424140667E2	-1.685589885E1
1.425739000E2	-2.991055595E1
1.427499000E2	-4.262262817E1
1.429099333E2	-5.355476379E1
1.430702667E2	-5.963300533E1
1.432459667E2	-6.566914884E1
1.434060333E2	-6.708282754E1
1.435819333E2	-6.713591704E1
1.437420333E2	-6.400136282E1
1.439180000E2	-5.823259232E1
1.440779667E2	-5.038818462E1
1.442380000E2	-4.019075263E1
1.444140667E2	-2.965621464E1
1.445740333E2	-1.883570333E1
1.447499333E2	-9.442184601E0
1.449099667E2	-1.048411832E0
1.450700333E2	6.749396989E0
1.452460333E2	1.414217715E1
1.454060667E2	2.198910295E1
1.455818667E2	3.325879556E1
1.457419000E2	4.373137523E1
1.459020333E2	5.251662718E1
1.460780000E2	6.115128711E1
1.462379333E2	6.340929495E1
1.464139667E2	6.656363556E1
1.465740333E2	6.740072605E1
1.467339667E2	6.771424441E1
1.469099333E2	6.732539520E1
1.470700000E2	6.469191116E1
1.472460000E2	6.170212329E1
1.474062000E2	5.772118277E1
1.475819667E2	5.221592818E1
1.477420000E2	4.663436662E1
1.479018667E2	3.699839000E1
1.480779000E2	2.206251015E1
1.482380000E2	8.962575463E0
1.484138333E2	-4.777955664E0
1.485739333E2	-1.806225100E1
1.487339667E2	-3.091169999E1
1.489099000E2	-4.340686382E1
1.490698333E2	-5.392168762E1
1.492458667E2	-5.889346786E1
1.494059667E2	-6.489244379E1
1.495659000E2	-6.694569994E1
1.497418333E2	-6.794212356E1
1.499018333E2	-6.633400752E1
1.500779333E2	-6.182983126E1
1.502378667E2	-5.576981074E1
1.503979000E2	-4.757573385E1
1.505738667E2	-3.831857760E1
1.507340000E2	-2.742157448E1
1.509099667E2	-1.678511707E1
1.510699667E2	-8.721938372E0
1.512457667E2	-4.515640766E-1
1.514059333E2	7.010593257E0
1.515658333E2	1.396082329E1
1.517418333E2	2.067510007E1
1.519017667E2	2.875924874E1
1.520778000E2	3.704600745E1
1.522379667E2	4.601891001E1
1.523979667E2	5.621238768E1
1.525739000E2	6.225210811E1
1.527339667E2	6.331006309E1
1.529099333E2	6.490783893E1
1.530698667E2	6.614681473E1
1.532299667E2	6.703036529E1
1.534058667E2	6.708350424E1
1.535659333E2	6.639234650E1
1.537419000E2	6.398470868E1
1.539019000E2	6.084032046E1
1.540777333E2	5.698152643E1
1.542377667E2	5.209123665E1
1.543978000E2	4.681381505E1
1.545738667E2	3.880157108E1
1.547338667E2	2.704224459E1
1.549098333E2	1.402037013E1
1.550698000E2	1.056945077E0
1.552299333E2	-1.132336492E1
1.554057333E2	-2.264265924E1
1.555657333E2	-3.377071736E1
1.557418000E2	-4.390794327E1
1.559019333E2	-5.294409767E1
1.560619333E2	-5.760294727E1
1.562379000E2	-6.283108413E1
1.563979000E2	-6.593304235E1
1.565739333E2	-6.775940125E1
1.567337667E2	-6.769236819E1
1.568937667E2	-6.494461264E1
1.570698333E2	-6.163737523E1
1.572297667E2	-5.706313015E1
1.574059333E2	-5.007411071E1
1.575659333E2	-4.243145811E1
1.577416667E2	-3.355765664E1
1.579017333E2	-2.459227078E1
1.580620000E2	-1.739142490E1
1.582378333E2	-9.308214915E0
1.583978333E2	-3.421493291E0
1.585736667E2	2.421185220E0
1.587338000E2	8.887000068E0
1.588937000E2	1.693828600E1
1.590697333E2	2.288467924E1
1.592297000E2	3.227080034E1
1.594057333E2	4.102881330E1
1.595657667E2	4.874755303E1
1.597257333E2	5.604629800E1
1.599017667E2	6.269749053E1
1.600617667E2	6.489029831E1
1.602377000E2	6.677443998E1
1.603978333E2	6.777707451E1
1.605578000E2	6.805847609E1
1.607337667E2	6.818309188E1
1.608938333E2	6.799874702E1
1.610696333E2	6.629259216E1
1.612296667E2	6.437716397E1
1.614056667E2	6.130971985E1
1.615657333E2	5.800638765E1
1.617257333E2	5.347629293E1
1.619017000E2	4.818808275E1
1.620618333E2	4.100437690E1
1.622375667E2	3.148346174E1
1.623977333E2	1.826221087E1
1.625577333E2	6.034479849E0
1.627337000E2	-4.220398445E0
1.628936667E2	-1.447392673E1
1.630698000E2	-2.481368638E1
1.632296333E2	-3.489967235E1
1.633898000E2	-4.425090280E1
1.635657000E2	-5.123651626E1
1.637257667E2	-5.623577469E1
1.639017667E2	-6.122122604E1
1.640617667E2	-6.433037879E1
1.642377000E2	-6.658308851E1
1.643976667E2	-6.728306359E1
1.645578000E2	-6.758461457E1
1.647336667E2	-6.540539722E1
1.648937000E2	-6.114565256E1
1.650697000E2	-5.671327330E1
1.652297333E2	-5.178060621E1
1.653896000E2	-4.506747507E1
1.655657000E2	-3.782988626E1
1.657255667E2	-2.884235030E1
1.659015333E2	-2.088005990E1
1.660617000E2	-1.399700797E1
1.662217333E2	-7.216040499E0
1.663977333E2	-1.866150269E0
1.665576333E2	3.184358378E0
1.667337333E2	8.000244990E0
1.668937667E2	1.502815232E1
1.670536667E2	2.097734252E1
1.672296667E2	2.717834708E1
1.673897667E2	3.388782460E1
1.675657000E2	4.023751528E1
1.677256667E2	4.004284592E1
1.679015333E2	4.021522315E1
1.680616000E2	4.027726308E1
1.682216333E2	4.076740483E1
1.683977333E2	4.022759040E1
1.685576333E2	4.029506736E1
1.687335000E2	4.021650000E1
