tömeg_A
t	x
0,000000000E0	0,000000000E0
1,600000000E-1	-4,989225753E-3
3,359666667E-1	-4,426778350E-2
4,960333333E-1	-5,598632470E-2
6,719666667E-1	-1,218082523E-1
8,321000000E-1	-1,591908686E-1
9,920666667E-1	-1,889848111E-1
1,167966667E0	-1,637423502E-1
1,328100000E0	-1,333562240E-1
1,504033333E0	-1,385009299E-1
1,664033333E0	-1,512185270E-1
1,840033333E0	-1,163171776E-1
1,999966667E0	-1,007475157E-1
2,160000000E0	-9,080402432E-2
2,335966667E0	3,688444959E-2
2,496066667E0	7,661798903E-2
2,671966667E0	6,727605634E-2
2,832100000E0	7,292043035E-2
2,991933333E0	7,751503349E-2
3,167933333E0	4,150227732E-2
3,328000000E0	1,274902308E-2
3,503900000E0	-6,451342197E-3
3,663933333E0	-1,472836389E-2
3,824000000E0	-1,471378110E-2
4,000033333E0	-3,468859507E-3
4,159933333E0	-2,752603833E-2
4,335966667E0	-1,466294540E-2
4,495933333E0	-3,842449409E-2
4,671966667E0	-4,203266581E-2
4,832033333E0	-6,735032929E-2
4,992033333E0	-6,104212918E-2
5,167900000E0	-4,602455166E-2
5,328000000E0	-6,363756626E-2
5,504000000E0	-4,120663625E-2
5,663966667E0	-4,896590660E-2
5,824033333E0	-2,024525704E-2
5,999966667E0	-3,692296774E-2
6,159966667E0	4,856421854E-3
6,335833333E0	3,323775644E-2
6,495966667E0	8,480375557E-2
6,656033333E0	4,954671165E-2
6,832000000E0	7,617529825E-2
6,991866667E0	6,073561969E-2
7,167900000E0	2,156627729E-2
7,327966667E0	-6,861922082E-3
7,487933333E0	8,954819671E-3
7,663866667E0	-2,564991038E-2
7,823866667E0	-4,280224765E-3
7,999866667E0	-1,620162830E-2
8,159866667E0	-5,690425382E-3
8,335833333E0	-4,126002542E-2
8,495900000E0	-4,418181664E-2
8,655933333E0	-5,371603013E-2
8,831866667E0	-5,082163391E-2
8,991900000E0	-2,556270860E-2
9,167833333E0	-3,455016133E-2
9,327900000E0	-3,324024944E-2
9,487933333E0	-3,771783091E-2
9,663900000E0	-4,243076172E-2
9,823966667E0	-3,519866117E-2
9,999900000E0	-2,947037087E-2
1,015996667E1	-3,169649146E-2
1,031990000E1	-2,609137833E-2
1,049600000E1	-2,586682634E-2
1,065593333E1	-1,664461659E-2
1,083193333E1	-8,959505842E-3
1,099196667E1	-2,668849043E-2
1,115200000E1	-4,276049882E-2
1,132796667E1	-5,268086879E-2
1,148786667E1	-5,512428216E-2
1,166393333E1	-4,079070653E-2
1,182390000E1	-2,543442259E-2
1,199980000E1	1,094536406E-2
1,215983333E1	-3,168068610E-3
1,231990000E1	-4,092331046E-2
1,249593333E1	-6,087004316E-2
1,265586667E1	-2,689067722E-2
1,283190000E1	-1,951763598E-2
1,299193333E1	5,506853550E-2
1,315196667E1	3,562980029E-2
1,332793333E1	1,229270059E-2
1,348786667E1	2,814061328E-2
1,366380000E1	7,617105452E-4
1,382396667E1	-2,400038546E-2
1,398396667E1	-1,422421466E-2
1,415990000E1	-1,255482772E-2
1,431993333E1	1,038863353E-3
1,449590000E1	-1,685611266E-2
1,465583333E1	-1,505220538E-2
1,483180000E1	-3,708489460E-2
1,499180000E1	-1,203697488E-1
1,515186667E1	-1,153550497E-1
1,532776667E1	-1,328801807E-1
1,548780000E1	-1,050433005E-1
1,566373333E1	-2,835557893E-2
1,582376667E1	-1,562764074E-2
1,598390000E1	-1,821501567E-2
1,615983333E1	-1,909729805E-2
1,631990000E1	-1,052411513E-2
1,649586667E1	2,924325375E-2
1,665580000E1	-2,099019024E-4
1,681586667E1	6,403535586E-3
1,699176667E1	9,403062622E-3
1,715186667E1	5,636106226E-3
1,732786667E1	4,844314211E-3
1,748783333E1	-5,691310921E-3
1,764793333E1	-4,031557511E-3
1,782373333E1	-1,728770802E-2
1,798393333E1	-2,530125517E-2
1,815990000E1	-2,196747191E-2
1,831983333E1	-2,216964604E-2
1,849576667E1	-2,572645379E-2
1,865576667E1	-2,416411677E-2
1,881583333E1	-4,255506506E-2
1,899183333E1	-7,288844638E-2
1,915176667E1	-7,092646473E-2
1,932770000E1	-5,803472082E-2
1,948773333E1	3,588022531E-3
1,964786667E1	1,104981744E-1
1,982373333E1	1,035033094E-1
1,998380000E1	1,347127176E-1
2,015976667E1	1,313644824E-1
2,031986667E1	1,228771417E-1
2,047976667E1	1,061783479E-1
2,065576667E1	6,626201982E-2
2,081576667E1	4,897552552E-2
2,099173333E1	3,190167735E-2
2,115180000E1	2,274640369E-2
2,131176667E1	2,985551144E-2
2,148773333E1	2,475920366E-2
2,164783333E1	5,009643858E-3
2,182383333E1	-7,130513503E-4
2,198383333E1	-1,169349073E-2
2,215973333E1	-4,913863232E-3
2,231983333E1	6,156937935E-3
2,247973333E1	-1,123234159E-2
2,265576667E1	-6,455402727E-3
2,281583333E1	-2,003435336E-2
2,299166667E1	-2,983739991E-2
2,315180000E1	-3,503814128E-2
2,331183333E1	8,888962030E-2
2,348770000E1	8,103414716E-2
2,364773333E1	9,950024441E-2
2,382370000E1	7,205076241E-2
2,398373333E1	7,981222235E-2
2,414380000E1	8,042753048E-2
2,431973333E1	5,043348863E-2
2,447973333E1	3,588668835E-2
2,465576667E1	3,235176188E-2
2,481573333E1	3,061490694E-2
2,499163333E1	1,134555825E-2
2,515166667E1	1,463287579E-2
2,531173333E1	2,500189674E-2
2,548770000E1	1,883619765E-2
2,564773333E1	7,806951484E-4
2,582376667E1	-5,257578881E-3
2,598370000E1	6,220326996E-3
2,614370000E1	9,904111028E-3
2,631976667E1	-1,096831998E-3
2,647973333E1	7,454792132E-3
2,665566667E1	2,223537824E-2
2,681580000E1	-1,429987987E-3
2,697573333E1	-3,899304800E-3
2,715173333E1	1,114748063E-2
2,731170000E1	2,686996458E-2
2,748770000E1	3,975702794E-2
2,764776667E1	2,508194237E-2
2,780783333E1	1,560011753E-2
2,798366667E1	1,749126315E-2
2,814370000E1	5,027444248E-3
2,831960000E1	-1,411009297E-2
2,847963333E1	-3,199718755E-2
2,865560000E1	-3,145363093E-2
2,881576667E1	-3,624611577E-2
2,897570000E1	-6,019554843E-2
2,915163333E1	3,409995982E-3
2,931163333E1	3,744010442E-2
2,948756667E1	4,575033218E-2
2,964763333E1	1,955699910E-2
2,980766667E1	-2,736040082E-3
2,998360000E1	-3,365402178E-3
3,014366667E1	-6,888693028E-3
3,031953333E1	-2,087370629E-3
3,047960000E1	-9,966581197E-3
3,063970000E1	-1,170501910E-2
3,081560000E1	-1,099299910E-2
3,097576667E1	1,086224986E-2
3,115166667E1	5,427008361E-2
3,131183333E1	6,195857825E-2
3,147166667E1	7,345495889E-2
3,164763333E1	4,019498733E-2
3,180766667E1	3,157825115E-2
3,198360000E1	-7,361244626E-3
3,214360000E1	-8,275060013E-2
3,231953333E1	-1,125480650E-1
3,247960000E1	-1,383816716E-1
3,263970000E1	-5,023529688E-2
3,281570000E1	-4,105093314E-2
3,297566667E1	-1,814228277E-2
3,315160000E1	-2,662438644E-2
3,331156667E1	-3,162118937E-2
3,347156667E1	-4,050919432E-2
3,364756667E1	4,003116975E-2
3,380760000E1	4,965824210E-2
3,398370000E1	3,497780107E-2
3,414370000E1	4,969050521E-2
3,430363333E1	4,265242113E-2
3,447956667E1	3,014914584E-2
3,463973333E1	3,970054141E-2
3,481556667E1	4,544191748E-2
3,497563333E1	3,882212986E-2
3,515150000E1	9,472666904E-3
3,531160000E1	2,681780760E-2
3,547163333E1	2,468327520E-2
3,564750000E1	-2,275916619E-2
3,580763333E1	-4,682583128E-2
3,598356667E1	-5,271137915E-2
3,614360000E1	-6,513797450E-2
3,630360000E1	-8,461695682E-2
3,647963333E1	-7,927008055E-2
3,663970000E1	-5,233925022E-2
3,681563333E1	1,381173441E-3
3,697566667E1	5,632736524E-2
3,713560000E1	5,439467130E-2
3,731166667E1	3,790815949E-2
3,747156667E1	3,921742737E-2
3,764766667E1	2,915002975E-2
3,780763333E1	1,535666949E-2
3,796760000E1	1,078271786E-2
3,814363333E1	-5,138491304E-3
3,830356667E1	-1,146744124E-2
3,847953333E1	1,459667802E-3
3,863960000E1	-1,991063021E-3
3,881546667E1	-7,462274541E-3
3,897563333E1	-1,289865018E-2
3,913566667E1	-5,142895560E-4
3,931156667E1	9,792905332E-3
3,947160000E1	-2,263637646E-3
3,964746667E1	-2,143552846E-2
3,980756667E1	-4,217357401E-2
3,996760000E1	-5,276180328E-2
4,014356667E1	-6,859025269E-2
4,030353333E1	-4,679790870E-2
4,047946667E1	3,664677878E-2
4,063946667E1	1,545792689E-1
4,079953333E1	1,514226581E-1
4,097560000E1	1,637385417E-1
4,113553333E1	1,417811925E-1
4,131160000E1	1,505820469E-1
4,147160000E1	1,032660642E-1
4,163146667E1	7,783794701E-2
4,180763333E1	5,991142068E-2
4,196763333E1	3,243163487E-2
4,214350000E1	3,603969363E-2
4,230350000E1	3,401481977E-2
4,247956667E1	4,569268798E-2
4,263956667E1	3,937103361E-2
4,279953333E1	5,819815296E-3
4,297550000E1	1,747698037E-2
4,313556667E1	4,457128070E-2
4,331140000E1	1,313964463E-2
4,347156667E1	6,996577489E-3
4,363150000E1	-4,692662603E-3
4,380743333E1	-1,535118964E-2
4,396750000E1	-4,114075615E-2
4,414353333E1	-1,145768598E-2
4,430346667E1	-2,013558802E-2
4,446346667E1	3,807789672E-3
4,463943333E1	3,487635050E-2
4,479950000E1	2,442697471E-2
4,497543333E1	3,728801558E-2
4,513556667E1	1,050770126E-2
4,531143333E1	2,136004144E-2
4,547140000E1	2,880209594E-2
4,563146667E1	7,696758291E-5
4,580740000E1	3,733920426E-3
4,596750000E1	-2,735385561E-3
4,614353333E1	-3,727027112E-3
4,630353333E1	2,637468271E-2
4,646346667E1	5,863759810E-2
4,663953333E1	7,597511694E-2
4,679943333E1	6,267575264E-2
4,697540000E1	6,528101048E-2
4,713540000E1	4,762800905E-2
4,729553333E1	2,217246636E-2
4,747140000E1	1,226587303E-2
4,763153333E1	-4,509843643E-2
4,780746667E1	-3,313633984E-2
4,796746667E1	-2,169811106E-2
4,812743333E1	-2,703667419E-2
4,830343333E1	-5,438996994E-3
4,846343333E1	8,828160597E-3
4,863940000E1	6,241453087E-3
4,879943333E1	4,055784978E-3
4,897533333E1	9,062294689E-3
4,913546667E1	-5,717945710E-3
4,929546667E1	-5,263990680E-2
4,947140000E1	-5,201318981E-2
4,963140000E1	-3,246264460E-2
4,980733333E1	-4,692967746E-2
4,996746667E1	-1,823489054E-2
5,012743333E1	-1,769620655E-2
5,030343333E1	-1,884022661E-2
5,046340000E1	-5,941510972E-2
5,063950000E1	-1,491244046E-2
5,079946667E1	-3,377043694E-2
5,095950000E1	-1,823180021E-2
5,113533333E1	-2,860078645E-2
5,129540000E1	-1,274836563E-2
5,147133333E1	-5,511837013E-2
5,163150000E1	-3,256337961E-2
5,179140000E1	-3,766161761E-2
5,196736667E1	-5,138002698E-2
5,212736667E1	-3,571424107E-2
5,230333333E1	-2,106826170E-2
5,246336667E1	-2,215397426E-2
5,263933333E1	-2,437419214E-2
5,279933333E1	-4,544945574E-2
5,295943333E1	-4,780261363E-2
5,313536667E1	-4,654167475E-2
5,329550000E1	-3,764641025E-2
5,347133333E1	-5,974371774E-2
5,363143333E1	-5,722110472E-2
5,379146667E1	-6,573255411E-2
5,396736667E1	-5,175836702E-2
5,412746667E1	-2,516116096E-2
5,430333333E1	2,979979007E-3
5,446333333E1	8,129475686E-3
5,462343333E1	-5,230138324E-3
5,479940000E1	-7,947281249E-4
5,495936667E1	-2,594501557E-4
5,513530000E1	-1,983435517E-2
5,529533333E1	-1,321928393E-2
5,547126667E1	-1,778879471E-2
5,563136667E1	-1,212238398E-2
5,579136667E1	-1,179059920E-2
5,596730000E1	-2,637979868E-2
5,612736667E1	-1,939587103E-2
5,630326667E1	-2,364418842E-2
5,646330000E1	-7,876740768E-3
5,662336667E1	-1,777672708E-2
5,679930000E1	-2,981570548E-2
5,695933333E1	-1,396117197E-2
5,713526667E1	-6,397632670E-2
5,729526667E1	-3,747879501E-2
5,745533333E1	-3,593162204E-2
5,763130000E1	-3,088506579E-2
5,779133333E1	9,762235569E-3
5,796726667E1	2,130775159E-2
5,812730000E1	1,990327193E-2
5,828733333E1	1,007288372E-2
5,846330000E1	2,176594928E-2
5,862333333E1	1,764148890E-2
5,879926667E1	1,198067890E-2
5,895933333E1	9,313524759E-3
5,913583333E1	-1,114811603E-3
5,929526667E1	-5,200587467E-3
5,945530000E1	-4,584381985E-4
5,963130000E1	-2,660499454E-3
5,979130000E1	-1,870790845E-2
5,996723333E1	-1,202605724E-2
6,012726667E1	-8,068920543E-3
6,028750000E1	-1,008870448E-2
6,046326667E1	-2,063537991E-2
6,062330000E1	-2,000440000E-2
6,079926667E1	-5,247856108E-2
6,096140000E1	-4,964176598E-2
6,111933333E1	-4,527332861E-2
6,129526667E1	-3,424693684E-2
6,145530000E1	-2,539414116E-2
6,163123333E1	-2,198235475E-2
6,179126667E1	-4,467520928E-3
6,195130000E1	-1,960247992E-2
6,212720000E1	-9,080424398E-3
6,228726667E1	-2,825120978E-2
6,246323333E1	-3,116768157E-2
6,262326667E1	-3,532984452E-2
6,279920000E1	-3,948303178E-2
6,295923333E1	-2,016427019E-2
6,311930000E1	-3,529612587E-2
6,329523333E1	-2,898958847E-2
6,345526667E1	1,235116863E-2
6,363116667E1	9,751865456E-2
6,379126667E1	1,351654282E-1
6,395130000E1	1,290653586E-1
6,412723333E1	7,641613947E-2
6,428726667E1	6,809630363E-2
6,446323333E1	3,171123791E-2
6,462336667E1	-2,023794437E-3
6,478326667E1	-4,451300478E-2
6,495920000E1	-4,124470733E-2
6,511920000E1	-3,310186057E-2
6,529520000E1	-1,084500617E-2
6,545523333E1	-1,201654269E-2
6,563116667E1	-2,988373362E-2
6,579123333E1	-1,873885094E-2
6,595123333E1	-7,383112585E-3
6,612720000E1	-1,398526238E-2
6,628723333E1	-3,555194264E-2
6,646573333E1	-4,562394295E-2
6,662316667E1	-5,146120955E-2
6,678323333E1	-5,120423136E-2
6,695916667E1	-5,071682767E-2
6,711923333E1	-5,442577675E-2
6,729516667E1	-2,620782607E-2
6,745520000E1	2,971265984E-2
6,761626667E1	2,371298114E-2
6,779116667E1	2,231677827E-2
6,795123333E1	2,752546848E-2
6,812720000E1	3,214199531E-2
6,828720000E1	-1,887615546E-3
6,844723333E1	9,433961594E-3
6,862320000E1	3,611985711E-3
6,878323333E1	-5,825385750E-4
6,895920000E1	-1,111872333E-2
6,911920000E1	-8,076085053E-3
6,929530000E1	-1,797312664E-3
6,945520000E1	-2,266866259E-3
6,961516667E1	-5,448189072E-3
6,979116667E1	-8,389919332E-3
6,995120000E1	-2,493481322E-2
7,012713333E1	-1,789271061E-2
7,028743333E1	-3,508475414E-2
7,044720000E1	-2,310680426E-2
7,062313333E1	-4,222321695E-2
7,078320000E1	-4,506925640E-2
7,095913333E1	-5,007745086E-2
7,111913333E1	-4,677289241E-2
7,127920000E1	2,754609378E-3
7,145526667E1	2,553752875E-2
7,161516667E1	4,027716808E-2
7,179116667E1	2,614149168E-2
7,195203333E1	5,335538516E-2
7,211120000E1	2,448234977E-2
7,228716667E1	2,604907848E-2
7,244723333E1	2,858966040E-2
7,262313333E1	1,551736476E-2
7,278316667E1	2,040855269E-2
7,295910000E1	9,025470756E-3
7,311913333E1	2,430206564E-2
7,327916667E1	1,171144038E-2
7,345513333E1	2,197379983E-3
7,361516667E1	-6,041634149E-3
7,379106667E1	-9,081371366E-3
7,395113333E1	-4,042169423E-2
7,411473333E1	-5,223808255E-2
7,428710000E1	-5,488231558E-2
7,444713333E1	-6,361915040E-2
7,462310000E1	-5,735991518E-2
7,478306667E1	-4,886942843E-2
7,494316667E1	-3,811698174E-3
7,511910000E1	4,871595870E-2
7,527916667E1	3,768934151E-2
7,545506667E1	5,484331334E-2
7,561510000E1	3,646309219E-2
7,579106667E1	4,677677594E-2
7,595113333E1	4,759651943E-2
7,611116667E1	4,357207155E-2
7,628710000E1	2,987990722E-2
7,644713333E1	2,826327381E-2
7,662303333E1	2,652491686E-2
7,678303333E1	1,283511661E-2
7,694313333E1	7,364653442E-3
7,711910000E1	2,705121916E-2
7,727913333E1	1,642451946E-2
7,745506667E1	-7,250659979E-3
7,761510000E1	1,242910982E-2
7,777513333E1	-1,058028538E-2
7,795103333E1	-6,463116848E-2
7,811113333E1	-3,305599224E-2
7,828706667E1	-3,884352362E-2
7,844710000E1	-3,358725469E-2
7,860713333E1	-3,541011557E-2
7,878306667E1	-4,592383075E-2
7,894303333E1	-1,668649782E-2
7,911903333E1	-7,339379399E-3
7,927910000E1	2,085185632E-2
7,945503333E1	2,832890604E-2
7,961510000E1	2,000331124E-2
7,977513333E1	1,554230841E-2
7,995106667E1	-1,122891865E-2
8,011110000E1	-4,008499105E-3
8,028696667E1	-3,484705389E-3
8,044703333E1	2,156248491E-2
8,060706667E1	9,328404601E-2
8,078306667E1	3,257400550E-1
8,094310000E1	4,067923126E-1
8,111903333E1	1,775274369E-1
8,127966667E1	1,046188596E-1
8,143906667E1	7,242343321E-2
8,161520000E1	1,588955652E-2
8,177506667E1	-1,013585670E-2
8,195100000E1	-2,375902366E-2
8,211103333E1	-1,837666498E-2
8,227106667E1	-2,276051870E-2
8,244700000E1	-3,418073695E-2
8,260706667E1	-3,124602567E-2
8,278300000E1	-2,415287734E-2
8,294303333E1	-7,341720079E-3
8,311893333E1	-2,842569058E-2
8,327900000E1	-4,559373895E-3
8,343903333E1	-1,822159980E-2
8,361503333E1	-4,638515497E-2
8,377506667E1	-5,172548819E-2
8,395096667E1	-4,171702242E-2
8,411103333E1	-4,604837864E-2
8,427106667E1	-4,482706552E-2
8,444763333E1	3,963853174E-2
8,460703333E1	9,491044082E-2
8,478303333E1	6,070227718E-2
8,494300000E1	3,664615218E-2
8,510310000E1	4,695901166E-2
8,527960000E1	3,955915342E-2
8,543910000E1	5,943693703E-2
8,561500000E1	1,296143232E-2
8,577543333E1	-6,755686169E-3
8,595136667E1	-1,214585395E-2
8,611213333E1	-1,852537458E-2
8,627106667E1	-6,730486580E-3
8,644696667E1	-9,717080169E-3
8,660703333E1	-3,998813907E-3
8,678293333E1	5,857531424E-3
8,694300000E1	-2,478674439E-2
8,710300000E1	-1,451633838E-2
8,727896667E1	-2,586450011E-2
8,743960000E1	-3,829796651E-2
8,761580000E1	-5,493286889E-2
8,777683333E1	-4,246931945E-2
8,793506667E1	-5,153364825E-2
8,811093333E1	-5,449918298E-2
8,827100000E1	-3,499771568E-2
8,844693333E1	1,186117647E-2
8,860700000E1	4,566006865E-2
8,876696667E1	6,094092890E-2
8,894306667E1	4,375760522E-2
8,910296667E1	6,342558790E-2
8,927903333E1	3,695244666E-2
8,944193333E1	8,171829248E-3
8,961486667E1	1,417087812E-2
8,977493333E1	4,061125969E-3
8,993496667E1	1,554675095E-2
9,011090000E1	3,326303063E-3
9,027096667E1	2,050394757E-2
9,044686667E1	9,684481476E-3
9,060693333E1	1,550274716E-2
9,076700000E1	-1,465301793E-3
9,094290000E1	-9,519540079E-3
9,110296667E1	-1,051722162E-2
9,127890000E1	-1,700139107E-2
9,143890000E1	-3,878118617E-2
9,159896667E1	-2,145579962E-2
9,177490000E1	-3,000190029E-2
9,193496667E1	-3,339051940E-2
9,211090000E1	5,242617604E-2
9,227093333E1	5,146833785E-2
9,243096667E1	3,755888072E-2
9,260693333E1	7,688127771E-2
9,276696667E1	5,043412889E-2
9,294290000E1	4,366018954E-2
9,310293333E1	3,984494418E-2
9,327880000E1	1,236537398E-2
9,343890000E1	3,647010168E-3
9,359896667E1	1,870664262E-2
9,377490000E1	-2,633142730E-3
9,393493333E1	1,247500874E-2
9,411116667E1	1,494644953E-2
9,427093333E1	1,863361419E-2
9,443096667E1	2,038695538E-2
9,460690000E1	1,283021926E-2
9,476690000E1	1,795935370E-2
9,494283333E1	9,577600366E-3
9,510286667E1	1,894520168E-2
9,526296667E1	1,970569610E-2
9,543886667E1	1,690660470E-2
9,559890000E1	-1,072006390E-2
9,577483333E1	3,754738014E-3
9,593490000E1	4,465707944E-3
9,611080000E1	6,425961395E-3
9,627090000E1	3,631921585E-2
9,643090000E1	4,106598886E-2
9,660686667E1	6,145037752E-2
9,676686667E1	4,327444186E-2
9,694280000E1	2,891146763E-2
9,710286667E1	2,186572307E-2
9,726290000E1	4,200074505E-3
9,743883333E1	-3,799908621E-3
9,759890000E1	9,310909349E-2
9,777480000E1	2,911456738E-1
9,793486667E1	4,959784635E-1
9,809490000E1	3,787879980E-1
9,827080000E1	1,981070900E-1
9,843086667E1	1,307346067E-1
9,860680000E1	5,385820854E-2
9,876686667E1	5,878220110E-3
9,892686667E1	-2,266867103E-2
9,910283333E1	-2,959360532E-2
9,926286667E1	-3,432014932E-2
9,943880000E1	-2,748693786E-2
9,959893333E1	-2,508193128E-2
9,977480000E1	-3,139111108E-2
9,993480000E1	-2,489635680E-2
1,000948667E2	3,854313337E-3
1,002708000E2	-1,073692375E-2
1,004308333E2	-6,922230346E-3
1,006067667E2	-4,300018033E-2
1,007668333E2	-6,802083188E-2
1,009268667E2	-1,035469458E-1
1,011028000E2	-1,000619678E-1
1,012628667E2	-1,077548559E-1
1,014388000E2	-1,648280980E-2
1,015988000E2	1,559643480E-1
1,017588667E2	1,023882868E-1
1,019348000E2	1,219703721E-1
1,020948333E2	1,174398489E-1
1,022707667E2	1,087854688E-1
1,024308000E2	8,354333605E-2
1,025908333E2	6,737872008E-2
1,027668000E2	5,804897595E-2
1,029268333E2	5,139073876E-2
1,031027667E2	4,001957942E-2
1,032628333E2	2,131919551E-2
1,034387667E2	4,669379564E-2
1,035987667E2	5,814360553E-2
1,037588333E2	3,240757932E-2
1,039347667E2	4,004600403E-2
1,040948000E2	2,153308694E-2
1,042707000E2	-8,038153752E-4
1,044308000E2	-2,107731817E-2
1,045909333E2	-4,727799493E-2
1,047668000E2	-5,547761382E-2
1,049268333E2	-4,071732878E-2
1,051027333E2	-6,874259157E-2
1,052628000E2	-1,711489189E-2
1,054228333E2	7,831113418E-2
1,055987667E2	1,014368499E-1
1,057588000E2	9,157573241E-2
1,059347333E2	8,059553575E-2
1,060948000E2	9,519267543E-2
1,062707000E2	5,569049454E-2
1,064307667E2	-9,126102589E-3
1,065908000E2	-3,264256351E-2
1,067667333E2	-2,794594610E-2
1,069267667E2	-2,614343353E-2
1,071026667E2	-1,783594200E-2
1,072627333E2	-1,619190612E-3
1,074227667E2	-6,085641387E-3
1,075987000E2	-1,688030495E-2
1,077587333E2	-1,484777914E-2
1,079346667E2	-5,016189156E-2
1,080947333E2	-3,459036730E-2
1,082548000E2	-4,511730098E-2
1,084307333E2	-4,143381406E-2
1,085907333E2	-3,302133321E-2
1,087667000E2	-6,699641946E-2
1,089267333E2	-6,991369240E-2
1,090868000E2	3,081390083E-2
1,092627333E2	1,197543173E-1
1,094227333E2	9,705735585E-2
1,095987000E2	7,117599409E-2
1,097587333E2	1,155314233E-1
1,099346667E2	7,192863545E-2
1,100947000E2	8,710387275E-2
1,102547667E2	2,948997370E-2
1,104306667E2	2,684658131E-2
1,105907333E2	1,325968423E-2
1,107667000E2	2,975568186E-2
1,109267000E2	4,023255253E-2
1,110867667E2	3,297809382E-2
1,112627000E2	3,667504036E-2
1,114227333E2	3,255236001E-2
1,115986333E2	3,596799972E-2
1,117587333E2	2,768143209E-2
1,119187667E2	-1,648152552E-3
1,120946667E2	-2,446668055E-2
1,122547333E2	-3,567552677E-3
1,124307667E2	-2,380905651E-2
1,125906333E2	-2,025442691E-2
1,127507667E2	-2,924302278E-2
1,129266667E2	-9,773883687E-5
1,130867333E2	9,911785944E-4
1,132626667E2	-2,716443913E-3
1,134226667E2	6,128218366E-2
1,135986667E2	5,089033003E-2
1,137588000E2	6,561052577E-2
1,139188000E2	5,110911579E-2
1,140946000E2	2,762750787E-2
1,142546333E2	2,390105285E-3
1,144307333E2	3,416549777E-3
1,145906667E2	7,730613960E-2
1,147508000E2	4,275834833E-1
1,149267000E2	8,171133586E-1
1,150867000E2	5,573161610E-1
1,152627000E2	2,249553265E-1
1,154227000E2	1,311938326E-1
1,155826667E2	4,319671416E-2
1,157586667E2	-5,541818656E-3
1,159186333E2	-2,846768630E-2
1,160946333E2	-1,640134679E-2
1,162546667E2	-1,941050179E-2
1,164305667E2	-2,157569309E-2
1,165906333E2	-5,450261883E-3
1,167507333E2	-1,419726204E-2
1,169265667E2	-1,997581721E-2
1,170866333E2	2,453732098E-2
1,172625333E2	2,287617020E-2
1,174226000E2	2,035218500E-2
1,175826667E2	5,734641952E-3
1,177586000E2	-4,538795008E-2
1,179186333E2	-8,251235075E-2
1,180945667E2	-1,043939812E-1
1,182546000E2	-7,140456754E-2
1,184146667E2	-2,435829682E-3
1,185906667E2	1,320392538E-1
1,187506333E2	1,966392072E-1
1,189265333E2	1,660115672E-1
1,190866000E2	1,520758458E-1
1,192466333E2	1,631868744E-1
1,194225667E2	7,522585514E-2
1,195826333E2	4,479141321E-2
1,197585667E2	3,004301097E-2
1,199186333E2	2,286490252E-2
1,200945333E2	3,335567955E-2
1,202545333E2	9,793165243E-3
1,204147000E2	1,547598333E-2
1,205905667E2	1,166197908E-2
1,207506667E2	2,119370725E-2
1,209265000E2	2,396039503E-2
1,210866333E2	1,524228509E-2
1,212466000E2	1,472436060E-2
1,214226667E2	-1,300941823E-2
1,215826333E2	-2,506084361E-2
1,217585333E2	-2,777445793E-2
1,219186333E2	-4,623743152E-2
1,220786000E2	-5,821702341E-2
1,222545000E2	-2,321862433E-2
1,224145667E2	9,069400162E-2
1,225905333E2	1,080908339E-1
1,227506667E2	1,303948631E-1
1,229266333E2	1,407935672E-1
1,230866333E2	1,135852962E-1
1,232466667E2	6,706202231E-2
1,234226000E2	6,551265616E-3
1,235826000E2	-8,272130253E-3
1,237585000E2	-2,223894215E-2
1,239185667E2	-1,768329237E-2
1,240785667E2	-1,360747822E-3
1,242545333E2	-2,503898354E-2
1,244145667E2	-1,527371408E-2
1,245904667E2	-1,472962308E-2
1,247506000E2	-6,433383832E-3
1,249106333E2	-7,611981547E-3
1,250865000E2	-3,389306709E-2
1,252466000E2	-4,543227714E-2
1,254226667E2	-5,985976411E-2
1,255826000E2	-4,954983751E-2
1,257425667E2	-6,455297238E-2
1,259185333E2	-8,792363820E-2
1,260785333E2	-4,408295022E-2
1,262546000E2	1,252326772E-1
1,264145333E2	1,193627628E-1
1,265904667E2	1,300380903E-1
1,267505000E2	1,133206363E-1
1,269106333E2	1,290221292E-1
1,270865000E2	1,044952337E-1
1,272465333E2	6,194448549E-3
1,274224667E2	5,015753613E-3
1,275826000E2	1,092000143E-2
1,277426000E2	9,922679989E-3
1,279184667E2	4,612274625E-2
1,280786000E2	3,948830611E-2
1,282544333E2	3,693006737E-2
1,284144667E2	3,559839019E-2
1,285745333E2	3,088557649E-2
1,287504667E2	1,582971396E-2
1,289105000E2	2,649889508E-2
1,290864333E2	9,415950872E-3
1,292465333E2	-1,010798960E-2
1,294065000E2	-2,321785739E-2
1,295824667E2	-4,624805676E-2
1,297425333E2	-1,137320152E-2
1,299185000E2	-1,978279362E-2
1,300784333E2	-2,959080436E-3
1,302545000E2	-5,486901415E-3
1,304145000E2	7,463462285E-2
1,305744667E2	9,696140794E-2
1,307505333E2	8,785695709E-2
1,309105000E2	7,425054464E-2
1,310864333E2	4,129923381E-2
1,312464333E2	-1,782611806E-2
1,314065000E2	-1,063772241E-2
1,315824333E2	9,807357415E-2
1,317425000E2	5,349153190E-1
1,319185333E2	9,556282896E-1
1,320785667E2	8,243238631E-1
1,322384667E2	4,669159175E-1
1,324144333E2	1,722467590E-1
1,325745333E2	7,631332976E-2
1,327504333E2	1,469310169E-2
1,329104333E2	-7,967068415E-4
1,330863667E2	8,040037651E-3
1,332464333E2	-1,809768750E-2
1,334064000E2	-2,105497479E-2
1,335825333E2	-2,046137419E-2
1,337425667E2	-1,838283583E-2
1,339185000E2	-1,469136321E-2
1,340784000E2	2,112339723E-2
1,342384667E2	4,833167586E-3
1,344144000E2	-1,947113409E-2
1,345745000E2	-2,348434047E-2
1,347505000E2	-3,658611264E-2
1,349104333E2	-1,223468276E-1
1,350705000E2	-1,539532705E-1
1,352463667E2	-1,168352154E-1
1,354064333E2	-8,052871076E-3
1,355825000E2	2,247790457E-1
1,357425000E2	2,779150338E-1
1,359023667E2	3,072126340E-1
1,360784667E2	3,722199297E-1
1,362384333E2	2,590577032E-1
1,364144667E2	1,579151835E-1
1,365744667E2	4,586952493E-2
1,367504667E2	1,300816305E-2
1,369105000E2	3,373735842E-3
1,370704333E2	-2,031528830E-2
1,372463667E2	-6,012529485E-3
1,374064667E2	-2,365310303E-2
1,375823667E2	-6,662909256E-2
1,377425333E2	-7,699459250E-2
1,379025333E2	-1,836983267E-1
1,380784333E2	-2,285935576E-1
1,382384667E2	-9,062794408E-2
1,384144000E2	-1,174701574E-1
1,385744667E2	-2,591475393E-1
1,387345000E2	-1,968998798E-1
1,389104667E2	-2,404130561E-1
1,390704000E2	-1,801489684E-1
1,392464000E2	-5,953138820E-2
1,394064667E2	2,843620120E-1
1,395665000E2	4,514029687E-1
1,397424667E2	4,901431140E-1
1,399024333E2	5,786636057E-1
1,400783333E2	4,042276402E-1
1,402383667E2	1,408012454E-1
1,404143000E2	6,703683838E-3
1,405743333E2	1,914671230E-2
1,407343667E2	-1,909648470E-2
1,409104000E2	-4,306404291E-2
1,410704333E2	4,655134585E-2
1,412463667E2	4,345679292E-2
1,414063667E2	-1,576038577E-2
1,415664000E2	-1,957640032E-2
1,417423333E2	2,574903603E-2
1,419023667E2	-2,336256016E-2
1,420782667E2	-4,701597569E-2
1,422383333E2	-1,227581075E-1
1,423984000E2	-9,117957231E-2
1,425744000E2	-9,272378261E-2
1,427343667E2	-2,232111799E-1
1,429104000E2	-2,437327771E-1
1,430703667E2	-8,982244488E-2
1,432462667E2	4,593478850E-2
1,434063000E2	9,321231858E-2
1,435663667E2	1,609443652E-1
1,437423667E2	8,551767535E-2
1,439023000E2	6,475100630E-2
1,440782667E2	5,868677142E-2
1,442383667E2	-4,220855155E-2
1,443983667E2	-6,924095982E-2
1,445744000E2	-2,451753609E-2
1,447344000E2	-7,907286992E-3
1,449103667E2	1,324200875E-1
1,450704333E2	1,737957675E-1
1,452304000E2	1,560258695E-1
1,454063667E2	1,667371390E-1
1,455663000E2	1,441960076E-1
1,457423667E2	6,592927077E-2
1,459023333E2	7,401378714E-2
1,460623667E2	-5,363551742E-2
1,462384000E2	-1,906576993E-2
1,463983000E2	-9,269658562E-2
1,465743667E2	-1,073344526E-1
1,467343000E2	-1,067807238E-1
1,469103333E2	-7,689820109E-2
1,470703000E2	5,308755906E-2
1,472304000E2	1,265081101E-1
1,474063667E2	2,076159145E-1
1,475663000E2	1,368129075E-1
1,477422667E2	1,254747490E-1
1,479023667E2	-4,075748491E-2
1,480624000E2	-1,155094370E-1
1,482382667E2	-1,278173649E-1
1,483983333E2	-5,532500309E-2
1,485743000E2	4,310819781E-1
1,487343000E2	9,244719170E-1
1,488943000E2	9,710381627E-1
1,490702333E2	9,021567264E-1
1,492303667E2	7,272173329E-1
1,494063667E2	1,375500368E-1
1,495663000E2	1,569342313E-2
1,497263667E2	-3,019557773E-2
1,499022333E2	-4,936249944E-2
1,500623333E2	-7,069208910E-2
1,502383333E2	-5,014686358E-2
1,503982667E2	6,253025553E-3
1,505743000E2	7,305689014E-4
1,507342333E2	8,797903623E-2
1,508942667E2	4,860435633E-2
1,510702667E2	3,815491194E-2
1,512303333E2	1,380913704E-2
1,514062667E2	2,331304919E-4
1,515662667E2	-5,111014570E-2
1,517263333E2	-1,039738877E-1
1,519022000E2	-1,712743695E-1
1,520622333E2	-1,524493777E-1
1,522382667E2	-8,256929479E-2
1,523983333E2	1,159599817E-1
1,525582333E2	4,462297148E-1
1,527343333E2	7,335507554E-1
1,528943333E2	6,027941582E-1
1,530701667E2	6,207943696E-1
1,532303000E2	1,724397598E-1
1,534062333E2	5,081286195E-4
1,535662000E2	-4,548039294E-2
1,537261667E2	-8,921116927E-2
1,539022000E2	-6,392053549E-2
1,540621667E2	-3,066045783E-2
1,542381333E2	-6,267272469E-2
1,543982000E2	-4,884365390E-2
