tömeg_A
t	x
0.000000000E0	-5.684341886E-14
1.760000000E-1	2.004095286E-2
3.360666667E-1	1.160147487E-2
4.960000000E-1	7.565403604E-3
6.721000000E-1	3.052139597E-2
8.320000000E-1	1.824429403E-2
1.007933333E0	2.067831267E-2
1.167966667E0	-2.309383827E-3
1.328066667E0	8.719344049E-3
1.504000000E0	1.882392531E-2
1.664100000E0	4.240497186E-2
1.840033333E0	3.382484161E-2
2.000100000E0	3.180439865E-2
2.175900000E0	4.550290424E-2
2.335933333E0	1.939054745E-2
2.496033333E0	1.488723824E-2
2.672066667E0	3.153013750E-2
2.832066667E0	1.793920938E-2
3.007900000E0	-3.628820580E-3
3.167966667E0	-4.595797923E-2
3.328000000E0	-1.586465845E-1
3.504166667E0	-3.657688064E-1
3.663933333E0	-7.004982205E-4
3.839933333E0	2.004991285E-2
4.000066667E0	2.001766764E-2
4.160066667E0	1.579408509E-3
4.335866667E0	-1.114632557E-2
4.495933333E0	3.499937759E-3
4.671933333E0	2.675723080E-2
4.832033333E0	1.430210652E-2
4.991933333E0	4.089705906E-2
5.168000000E0	1.963812812E-2
5.327933333E0	1.902467371E-2
5.503933333E0	3.046518678E-2
5.664033333E0	3.827599324E-2
5.839866667E0	3.467728514E-2
6.000033333E0	1.137052106E-2
6.159966667E0	1.815668117E-2
6.336000000E0	2.906341619E-3
6.496033333E0	-3.504309649E-5
6.671933333E0	-5.574030938E-2
6.832000000E0	-1.125084788E-1
6.991933333E0	-1.668352745E-1
7.167966667E0	-1.168982029E-1
7.328000000E0	-1.204887149E-1
7.504000000E0	-8.426339782E-2
7.664033333E0	-3.033966723E-2
7.823933333E0	-1.426114879E-2
7.999933333E0	-1.918891918E-2
8.159933333E0	3.538693643E-2
8.335933333E0	4.321805286E-2
8.496000000E0	3.752050770E-2
8.671966667E0	4.403345709E-2
8.831900000E0	3.880678403E-2
8.991966667E0	4.123588994E-2
9.167966667E0	1.647386906E-2
9.328000000E0	5.570491301E-2
9.503966667E0	1.211385447E-2
9.664033333E0	8.731598455E-3
9.823900000E0	9.710751818E-2
9.999933333E0	7.643261926E-2
1.015993333E1	4.667095867E-2
1.033580000E1	1.701387397E-2
1.049590000E1	2.846405267E-3
1.065600000E1	-4.407824498E-2
1.083190000E1	-2.203970279E-1
1.099190000E1	-2.597112091E-1
1.116783333E1	-2.072558576E-1
1.132793333E1	-3.787892670E-1
1.148800000E1	-1.797794947E-1
1.166390000E1	-3.230288350E-1
1.182400000E1	-3.321515209E-1
1.200006667E1	-8.132855574E-1
1.215983333E1	-1.903864114E-1
1.233593333E1	7.236266343E-2
1.249593333E1	6.851021527E-2
1.265600000E1	3.389588517E-2
1.283196667E1	2.937301031E-2
1.299186667E1	9.777683413E-2
1.316790000E1	4.221310969E-1
1.332790000E1	7.471507367E-1
1.348796667E1	8.575491187E-1
1.366386667E1	8.311079365E-1
1.382386667E1	7.660902967E-1
1.399990000E1	3.590113400E-1
1.415983333E1	1.439552639E-1
1.431993333E1	3.897424726E-2
1.449586667E1	-1.988014242E-1
1.465593333E1	-3.148654229E-1
1.483190000E1	-6.819443283E-1
1.499190000E1	-7.482107558E-1
1.515193333E1	-7.799335306E-1
1.532786667E1	-7.364927230E-1
1.548800000E1	-4.695190336E-1
1.566393333E1	-2.117807671E-1
1.582390000E1	-7.891530916E-2
1.599973333E1	-8.265590879E-2
1.615980000E1	-4.610743263E-2
1.631993333E1	2.779585099E-2
1.649580000E1	3.427949580E-2
1.665576667E1	5.563808414E-2
1.683183333E1	2.124081148E-1
1.699193333E1	8.942657924E-1
1.715186667E1	8.305570837E-1
1.732776667E1	7.540525016E-1
1.748776667E1	6.818759324E-1
1.766376667E1	2.709024515E-1
1.782380000E1	2.146885584E-1
1.798393333E1	1.278701154E-2
1.815980000E1	-6.831797922E-2
1.831993333E1	-3.640285431E-1
1.849590000E1	-2.426159699E-1
1.865583333E1	-3.444814620E-1
1.883186667E1	-3.854208570E-1
1.899183333E1	-3.791482765E-1
1.915176667E1	-1.725994668E-1
1.932776667E1	-1.801206742E-1
1.948780000E1	-1.003291383E-1
1.966370000E1	-3.474760085E-1
1.982390000E1	-2.070964080E-1
1.998390000E1	-7.402989642E-1
2.015973333E1	-8.343942079E-1
2.031976667E1	-8.447414391E-1
2.049570000E1	-1.804747251E-1
2.065576667E1	7.373008612E-1
2.081576667E1	7.200885931E-1
2.099190000E1	6.501020915E-1
2.115186667E1	2.154786786E-1
2.132770000E1	2.453698947E-1
2.148780000E1	6.661712139E-1
2.164773333E1	6.540661894E-1
2.182383333E1	6.239960497E-1
2.198383333E1	2.215974278E-1
2.215976667E1	1.499114420E-1
2.231980000E1	6.386348787E-2
2.249566667E1	1.611859824E-2
2.265576667E1	1.152140930E-2
2.281586667E1	-2.413079507E-2
2.299183333E1	-4.926400473E-2
2.315173333E1	-1.116782035E-1
2.332766667E1	-2.046251522E-1
2.348790000E1	-4.256907936E-1
2.364773333E1	-4.916860529E-1
2.382380000E1	-4.028497249E-1
2.398373333E1	-3.670733096E-1
2.415973333E1	-8.495552938E-2
2.431966667E1	7.488174675E-2
2.447976667E1	2.148267457E-1
2.465570000E1	2.732977638E-1
2.481583333E1	2.738159616E-1
2.499176667E1	2.520018885E-1
2.515180000E1	6.525061427E-1
2.531186667E1	5.598444358E-1
2.548773333E1	3.197089378E-1
2.564780000E1	3.565510885E-1
2.582376667E1	1.132324601E-1
2.598380000E1	3.558944891E-2
2.615976667E1	2.793104272E-2
2.631980000E1	-2.699888638E-2
2.647970000E1	-4.974970484E-2
2.665576667E1	-4.901902616E-2
2.681583333E1	-5.319001405E-2
2.699176667E1	-2.747026773E-2
2.715170000E1	-1.307307401E-1
2.731180000E1	-1.444809867E-1
2.748770000E1	-2.635774628E-1
2.764770000E1	-2.920610298E-1
2.782380000E1	-1.078450321E-1
2.798363333E1	-1.257337123E-1
2.814380000E1	-1.044476191E-1
2.831966667E1	-1.266203870E-1
2.847983333E1	-1.081895989E-1
2.865573333E1	-1.658347440E-1
2.881566667E1	-8.072888210E-2
2.899170000E1	1.035048079E-1
2.915196667E1	9.221117960E-2
2.931173333E1	1.150222645E-1
2.948763333E1	6.413671391E-2
2.964763333E1	6.323125000E-2
2.982366667E1	1.407565186E-1
2.998376667E1	1.621285709E-1
3.014370000E1	1.479281169E-1
3.031963333E1	1.883180778E-1
3.047976667E1	1.525414341E-1
3.065573333E1	1.278476644E-1
3.081563333E1	5.328306074E-2
3.097580000E1	4.524379682E-3
3.115173333E1	-5.618890289E-2
3.131176667E1	-1.434727238E-1
3.148766667E1	-4.933914434E-1
3.164760000E1	-5.048496380E-1
3.180766667E1	-6.872394584E-1
3.198360000E1	-4.774178489E-1
3.214370000E1	-2.984785823E-1
3.231976667E1	-1.037248644E-1
3.247966667E1	3.450865528E-2
3.265553333E1	1.358989235E-2
3.281560000E1	2.727422013E-2
3.297563333E1	1.528944974E-2
3.315160000E1	3.217224785E-2
3.331173333E1	5.236045966E-2
3.348760000E1	4.762165627E-2
3.364756667E1	1.960448304E-1
3.380773333E1	5.679564061E-2
3.398363333E1	8.590946075E-2
3.414373333E1	1.319760653E-1
3.431970000E1	4.980171386E-2
3.447953333E1	3.124486021E-2
3.463973333E1	3.406042653E-2
3.481556667E1	-3.240614174E-2
3.497553333E1	-4.071588161E-2
3.515160000E1	-6.577849244E-2
3.531166667E1	-4.827544410E-2
3.547166667E1	-8.082036757E-2
3.564763333E1	-1.107409552E-1
3.580763333E1	-5.794694425E-2
3.598370000E1	-7.452225511E-2
3.614363333E1	-6.034378380E-2
3.631946667E1	-1.766177292E-1
3.647966667E1	-9.324526691E-2
3.663966667E1	-4.779382393E-1
3.681566667E1	-2.689106920E-1
3.697556667E1	-4.394145156E-1
3.715160000E1	-4.289345518E-2
3.731166667E1	1.056590218E-1
3.747160000E1	5.605417834E-2
3.764766667E1	1.201681796E-1
3.780760000E1	1.078884971E-1
3.798356667E1	2.174518050E-1
3.814366667E1	2.940410005E-1
3.830353333E1	3.918135156E-1
3.847966667E1	3.898071704E-1
3.863956667E1	2.710534839E-1
3.881560000E1	3.146035047E-1
3.897563333E1	1.793112130E-1
3.915156667E1	1.015766257E-1
3.931160000E1	2.934639566E-3
3.947160000E1	-3.379673780E-2
3.964763333E1	-7.821154725E-2
3.980766667E1	-1.362375195E-1
3.998343333E1	-2.099752086E-1
4.014370000E1	-3.969052858E-1
4.030356667E1	-4.701922669E-1
4.047950000E1	-3.092858322E-1
4.063953333E1	-1.543088950E-1
4.081556667E1	-7.094249465E-2
4.097563333E1	-1.832746272E-2
4.113553333E1	2.539523234E-2
4.131160000E1	4.554877925E-2
4.147150000E1	7.479442749E-2
4.164763333E1	1.471922379E-1
4.180746667E1	3.396107446E-1
4.196753333E1	2.380075798E-1
4.214356667E1	1.841755992E-1
4.230350000E1	1.909382572E-1
4.247953333E1	1.423568617E-1
4.263956667E1	7.639499050E-2
4.281550000E1	3.161797687E-2
4.297556667E1	4.697020500E-2
4.313553333E1	-1.106898440E-2
4.331160000E1	-5.202407829E-2
4.347150000E1	-3.788261410E-2
4.364756667E1	-1.525172394E-2
4.380750000E1	-7.804207340E-2
4.396746667E1	-8.519691575E-2
4.414360000E1	-1.901946138E-1
4.430350000E1	-1.085342971E-1
4.447943333E1	-5.041047915E-1
4.463950000E1	-1.939551121E-1
4.479953333E1	-4.215908678E-1
4.497553333E1	-3.466406947E-1
4.513546667E1	-2.502880979E-1
4.531156667E1	-9.230331329E-2
4.547153333E1	3.151939600E-1
4.563153333E1	1.617153330E-1
4.580753333E1	1.900139299E-1
4.596756667E1	1.982373484E-1
4.614353333E1	1.981580246E-1
4.630346667E1	6.890595155E-1
4.647940000E1	6.708092381E-1
4.663943333E1	5.915431476E-1
4.679953333E1	6.411706949E-1
4.697546667E1	5.477085465E-1
4.713553333E1	3.284934221E-1
4.731143333E1	1.287149871E-1
4.747143333E1	2.745252619E-2
4.763160000E1	-7.528034602E-2
4.780746667E1	-9.316758491E-2
4.796743333E1	-3.009612013E-1
4.814353333E1	-4.090559226E-1
4.830343333E1	-6.749049665E-1
4.846356667E1	-5.549630166E-1
4.863950000E1	-5.416468058E-1
4.879953333E1	-1.782351528E-1
4.897553333E1	-5.227851516E-2
4.913550000E1	3.631667557E-2
4.931136667E1	5.009346547E-2
4.947143333E1	5.550065959E-2
4.963146667E1	5.576771733E-2
4.980736667E1	1.257561368E-1
4.996756667E1	2.773793097E-1
5.014333333E1	6.671350052E-1
5.030336667E1	3.982727322E-1
5.046350000E1	2.725209330E-1
5.063950000E1	2.902386535E-1
5.079946667E1	1.070618465E-1
5.097546667E1	1.127335976E-1
5.113550000E1	7.764465463E-2
5.129553333E1	1.573456445E-2
5.147133333E1	-3.022406084E-2
5.163136667E1	-4.421906863E-2
5.180736667E1	-7.227413830E-2
5.196746667E1	-1.345351878E-1
5.212750000E1	-1.505346800E-1
5.230343333E1	-6.615432068E-1
5.246340000E1	-4.825757009E-1
5.263936667E1	-3.970998264E-1
5.279946667E1	-2.563241234E-1
5.297536667E1	-9.527376247E-2
5.313540000E1	-2.790305180E-1
5.329543333E1	-1.354135821E-1
5.347136667E1	-1.785076503E-1
5.363140000E1	5.894498097E-2
5.380733333E1	1.134317783E-1
5.396733333E1	1.243423196E-1
5.412746667E1	1.457537599E-1
5.430343333E1	1.880955428E-1
5.446340000E1	8.587773132E-1
5.463930000E1	8.008994566E-1
5.479940000E1	8.148463543E-1
5.495940000E1	6.834975299E-1
5.513540000E1	5.354784948E-1
5.529536667E1	3.232409308E-1
5.547130000E1	5.630005939E-2
5.563130000E1	1.134215868E-2
5.579140000E1	-9.219159902E-2
5.596733333E1	-1.482172061E-1
5.612733333E1	-2.062305512E-1
5.630326667E1	-3.339451581E-1
5.646333333E1	-3.924248334E-1
5.663926667E1	-3.713904701E-1
5.679930000E1	-3.522174718E-1
5.695936667E1	-2.143168533E-1
5.713530000E1	-5.312197675E-2
5.729536667E1	4.867571380E-2
5.747126667E1	3.647685517E-2
5.763143333E1	5.766553122E-2
5.779130000E1	9.770835460E-2
5.796733333E1	1.480043686E-1
5.812733333E1	4.369366261E-1
5.830336667E1	8.259082189E-1
5.846340000E1	7.806929919E-1
5.862343333E1	5.884296697E-1
5.879943333E1	2.174783099E-1
5.895930000E1	1.131127386E-1
5.913533333E1	7.478995921E-2
5.929533333E1	3.372888310E-2
5.947123333E1	-4.779477044E-3
5.963126667E1	-9.829345956E-2
5.979133333E1	-5.974016093E-2
5.996726667E1	-8.026894106E-2
6.012740000E1	-1.254675761E-1
6.030323333E1	-1.826716655E-1
6.046333333E1	-2.403096831E-1
6.062333333E1	-2.690201746E-1
6.079933333E1	-3.202464032E-1
6.095933333E1	-4.864036492E-1
6.113520000E1	-2.006336933E-1
6.129530000E1	-2.779650691E-1
6.145530000E1	-1.769357404E-1
6.163126667E1	-9.266800566E-2
6.179130000E1	1.917365391E-1
6.196723333E1	5.050013295E-1
6.212726667E1	2.874820471E-1
6.228736667E1	2.514129662E-1
6.246323333E1	2.695457046E-1
6.262326667E1	8.205347828E-1
6.279923333E1	6.046147029E-1
6.295923333E1	7.355700627E-1
6.313516667E1	4.772385799E-1
6.329523333E1	3.528239419E-1
6.345526667E1	3.306100146E-1
6.363123333E1	6.384192878E-2
6.379126667E1	1.689450686E-2
6.396720000E1	-8.941810884E-2
6.412730000E1	-1.561858316E-1
6.428726667E1	-2.578530525E-1
6.446336667E1	-2.877106241E-1
6.462336667E1	-4.249108193E-1
6.479930000E1	-5.966937751E-1
6.495923333E1	-3.662216129E-1
6.511940000E1	-3.518719089E-1
6.529523333E1	-1.590112004E-2
6.545536667E1	4.385936692E-2
6.563130000E1	1.125090125E-1
6.579133333E1	1.614999450E-1
6.595136667E1	1.436311709E-1
6.612720000E1	1.496867721E-1
6.628720000E1	4.502942569E-1
6.646316667E1	8.279982373E-1
6.662330000E1	5.358035458E-1
6.679926667E1	3.707569827E-1
6.695920000E1	1.989394513E-1
6.711933333E1	1.103560928E-1
6.729516667E1	4.506562189E-2
6.745530000E1	1.089996342E-2
6.763123333E1	-8.073114164E-3
6.779130000E1	-2.887277974E-2
6.795130000E1	-7.015092889E-2
6.812720000E1	-1.034206805E-1
6.828723333E1	-2.426269543E-1
6.846313333E1	-2.214702566E-1
6.862320000E1	-4.439460574E-1
6.878333333E1	-2.355502376E-1
6.895926667E1	-4.734365144E-1
6.911920000E1	-2.179345151E-1
6.929513333E1	-1.571397072E-1
6.945520000E1	-1.569163562E-1
6.963113333E1	-7.873883938E-2
6.979123333E1	-2.302172267E-2
6.995126667E1	4.814839156E-1
7.012726667E1	4.307527669E-1
7.028726667E1	1.821899269E-1
7.046326667E1	1.644212680E-1
7.062323333E1	2.723271250E-1
7.078326667E1	7.352907435E-1
7.095923333E1	6.377966809E-1
7.111926667E1	6.481126991E-1
7.129510000E1	4.117077635E-1
7.145516667E1	3.290272748E-1
7.161516667E1	2.168811962E-1
7.179130000E1	8.829729266E-3
7.195123333E1	-2.050275114E-2
7.212710000E1	-2.275538008E-1
7.228716667E1	-3.813657592E-1
7.244726667E1	-4.523873381E-1
7.262313333E1	-8.172876422E-1
7.278330000E1	-8.061263209E-1
7.295913333E1	-7.921471279E-1
7.311923333E1	-4.547587920E-1
7.329513333E1	-6.848200892E-2
7.345526667E1	-1.273947455E-2
7.361516667E1	3.371549514E-2
7.379113333E1	1.136512876E-1
7.395130000E1	1.656956440E-1
7.412723333E1	1.308010186E-1
7.428716667E1	1.411338180E-1
7.444713333E1	6.404290219E-1
7.462320000E1	7.696689012E-1
7.478320000E1	5.616863456E-1
7.495916667E1	5.745782326E-1
7.511920000E1	1.292468905E-1
7.527923333E1	8.577232223E-2
7.545520000E1	2.327884051E-2
7.561520000E1	-3.993673023E-2
7.579106667E1	-1.215539090E-1
7.595123333E1	-1.388908946E-1
7.611126667E1	-1.101852475E-1
7.628710000E1	-4.384546210E-1
7.644710000E1	-5.061747374E-1
7.662316667E1	-6.584780613E-1
7.678323333E1	-5.236920976E-1
7.695913333E1	-4.836420650E-1
7.711923333E1	-5.673354732E-1
7.727923333E1	-1.898551513E-1
7.745516667E1	-1.657198641E-1
7.761503333E1	-1.676568238E-1
7.779113333E1	-1.620049649E-1
7.795120000E1	1.435484607E-2
7.811123333E1	4.337884957E-1
7.828723333E1	2.404309034E-1
7.844706667E1	1.099366764E-1
7.862316667E1	2.709934030E-1
7.878306667E1	7.113254720E-1
7.894306667E1	9.156976514E-1
7.911906667E1	7.606698844E-1
7.927906667E1	5.279478615E-1
7.945510000E1	4.988320883E-1
7.961506667E1	1.759669773E-1
7.979103333E1	1.056099985E-1
7.995110000E1	1.365999745E-2
8.011120000E1	-8.931982509E-2
8.028700000E1	-3.384789506E-1
8.044723333E1	-3.587509094E-1
8.062310000E1	-7.222372148E-1
8.078313333E1	-9.838160018E-1
8.094316667E1	-8.197676163E-1
8.111913333E1	-8.609129341E-1
8.127916667E1	-3.323093572E-1
8.145496667E1	-5.426127455E-2
8.161506667E1	-3.023592341E-2
8.177506667E1	5.677128940E-2
8.195113333E1	3.115646886E-1
8.211106667E1	2.744088975E-1
8.228713333E1	2.196782116E-1
8.244703333E1	2.581733639E-1
8.260710000E1	9.564383487E-1
8.278300000E1	9.361581956E-1
8.294316667E1	6.406538289E-1
8.311910000E1	3.492506004E-1
8.327913333E1	1.623384165E-1
8.345506667E1	6.089409160E-2
8.361513333E1	-8.236892006E-2
8.377500000E1	-1.574070811E-1
8.395113333E1	-3.050634584E-1
8.411106667E1	-1.786757604E-1
8.428703333E1	-1.911053713E-1
8.444706667E1	-6.252096316E-1
8.460703333E1	-7.351966769E-1
8.478300000E1	-7.430328044E-1
8.494316667E1	-5.238790384E-1
8.511893333E1	-4.578419057E-1
8.527910000E1	-3.785295000E-1
8.543916667E1	-2.361708554E-1
8.561510000E1	-5.449096917E-1
8.577513333E1	-3.385501509E-1
8.595096667E1	-2.845452969E-1
8.611100000E1	1.245986125E-1
8.627100000E1	7.574771755E-1
8.644703333E1	2.161956086E-1
8.660713333E1	1.898468581E-1
8.678316667E1	2.068827779E-1
8.694306667E1	6.075227440E-1
8.711903333E1	8.042717604E-1
8.727913333E1	5.873140289E-1
8.743906667E1	3.224629277E-1
8.761493333E1	2.192278703E-1
8.777496667E1	1.474480793E-1
8.795090000E1	1.033185802E-1
8.811110000E1	-1.803659824E-3
8.827113333E1	-9.910754579E-2
8.844703333E1	-2.091401942E-1
8.860700000E1	-6.250397894E-1
8.878300000E1	-7.177090061E-1
8.894296667E1	-7.438079597E-1
8.910300000E1	-8.108159651E-1
8.927900000E1	-6.129990491E-1
8.943903333E1	-1.553579264E-1
8.961500000E1	-2.241456145E-2
8.977506667E1	1.097442496E-2
8.995090000E1	1.391016873E-1
9.011096667E1	8.290103616E-1
9.027106667E1	6.846418410E-1
9.044696667E1	4.909939462E-1
9.060710000E1	4.368940682E-1
9.078293333E1	1.033001749E0
9.094303333E1	6.195194236E-1
9.110296667E1	2.971087709E-1
9.127896667E1	1.796737066E-1
9.143893333E1	7.183947053E-2
9.161496667E1	1.124708272E-2
9.177503333E1	-7.836072931E-2
9.193496667E1	-9.596452968E-2
9.211100000E1	-8.677175095E-2
9.227096667E1	-1.096585727E-1
9.244693333E1	-1.630253885E-1
9.260696667E1	-5.861978073E-1
9.276696667E1	-8.090357388E-1
9.294300000E1	-9.415806779E-1
9.310293333E1	-7.315359397E-1
9.327886667E1	-6.360429223E-1
9.343903333E1	-4.575848213E-1
9.361500000E1	-1.354008565E-1
9.377490000E1	-2.416249386E-1
9.393506667E1	-2.062246661E-1
9.411086667E1	1.180484663E-2
9.427093333E1	8.375609456E-1
9.444683333E1	3.091453603E-1
9.460686667E1	1.564102636E-1
9.476703333E1	2.111196325E-1
9.494296667E1	4.828588253E-1
9.510290000E1	9.521367007E-1
9.527883333E1	8.539740332E-1
9.543886667E1	7.169717632E-1
9.559900000E1	3.423427533E-1
9.577503333E1	1.941752420E-1
9.593490000E1	1.327103458E-1
9.611100000E1	1.260488949E-2
9.627086667E1	-2.066384431E-2
9.643100000E1	-5.590198656E-1
9.660686667E1	-8.340568370E-1
9.676690000E1	-8.271490496E-1
9.694293333E1	-1.082826981E0
9.710300000E1	-1.079831833E0
9.727890000E1	-9.299381758E-1
9.743883333E1	-5.853818704E-1
9.759900000E1	7.202686889E-3
9.777483333E1	1.526510200E-2
9.793486667E1	7.475567190E-2
9.811090000E1	4.507400218E-1
9.827086667E1	8.299972778E-1
9.843096667E1	3.996153509E-1
9.860683333E1	4.189965671E-1
9.876683333E1	9.473761476E-1
9.894286667E1	9.870732504E-1
9.910293333E1	7.900520533E-1
9.926283333E1	4.254384782E-1
9.943880000E1	2.458672683E-1
9.959886667E1	1.252969640E-1
9.977483333E1	-5.014800781E-2
9.993496667E1	-8.551001886E-2
1.001107667E2	-1.405191548E-1
1.002709667E2	-1.155248488E-1
1.004309000E2	-1.958546988E-1
1.006069333E2	-7.237117815E-1
1.007668333E2	-8.363630590E-1
1.009428667E2	-9.661374447E-1
1.011029333E2	-8.166389922E-1
1.012628333E2	-6.931534028E-1
1.014388000E2	-8.230283359E-1
1.015989000E2	-4.193307019E-1
1.017747333E2	-2.918273994E-1
1.019348000E2	-2.410602460E-1
1.020949333E2	-1.046150011E-1
1.022709000E2	7.196147192E-1
1.024309333E2	8.487013531E-1
1.026068000E2	3.125628829E-1
1.027669000E2	2.586067979E-1
1.029269333E2	5.650533760E-1
1.031027667E2	1.250396351E0
1.032628000E2	1.013300130E0
1.034387667E2	9.745904182E-1
1.035988667E2	5.924526509E-1
1.037748333E2	2.656672071E-1
1.039349000E2	1.383967584E-1
1.040949000E2	1.660041534E-3
1.042707667E2	-2.072861163E-2
1.044308000E2	-1.858737054E-1
1.046067000E2	-9.760789314E-1
1.047667667E2	-9.862597325E-1
1.049268000E2	-1.067781981E0
1.051027333E2	-1.111160013E0
1.052628667E2	-1.058558736E0
1.054387333E2	-8.809593607E-1
1.055988333E2	-1.479883249E-2
1.057589000E2	1.256437415E-2
1.059349000E2	4.787385377E-2
1.060948667E2	6.002080940E-2
1.062709000E2	9.063097360E-1
1.064308000E2	8.669094219E-1
1.065908333E2	6.520744397E-1
1.067667333E2	7.663846777E-1
1.069268000E2	1.360967728E0
1.071028333E2	1.077965352E0
1.072628667E2	4.081716874E-1
1.074388333E2	2.578991533E-1
1.075988667E2	1.115454436E-1
1.077587667E2	-6.041338748E-2
1.079348333E2	-1.312667872E-1
1.080947000E2	-2.092132505E-1
1.082707667E2	-2.417546074E-1
1.084308000E2	-3.470255874E-1
1.085907667E2	-8.441961990E-1
1.087668000E2	-8.946727885E-1
1.089268333E2	-1.023478020E0
1.091026667E2	-1.011364317E0
1.092627667E2	-8.590336252E-1
1.094227000E2	-9.618554260E-1
1.095988000E2	-7.898039081E-1
1.097587333E2	-7.875631941E-1
1.099348333E2	-4.992372679E-1
1.100947333E2	-2.034881692E-1
1.102706333E2	8.225752690E-1
1.104307667E2	9.019806974E-1
1.105908667E2	6.769190090E-1
1.107667000E2	5.545697769E-1
1.109268333E2	5.925439190E-1
1.111027667E2	1.538259179E0
1.112628000E2	1.191772723E0
1.114227000E2	1.114023767E0
1.115986667E2	6.966813964E-1
1.117587333E2	2.305999357E-1
1.119346000E2	1.611581912E-1
1.120946333E2	-2.882227249E-3
1.122546667E2	-3.722133583E-2
1.124307667E2	-1.410329907E-1
1.125906667E2	-9.662308559E-1
1.127666333E2	-1.007752957E0
1.129267000E2	-1.092467503E0
1.130867333E2	-1.171217499E0
1.132626667E2	-1.121292095E0
1.134226667E2	-8.779249769E-1
1.135987667E2	-1.430109485E-1
1.137587000E2	6.378633604E-2
1.139347667E2	5.269385730E-2
1.140947667E2	8.217858528E-2
1.142548000E2	4.102919063E-1
1.144306000E2	1.300859257E0
1.145908333E2	8.686764914E-1
1.147666000E2	9.108025309E-1
1.149266667E2	1.408155891E0
1.150867000E2	1.112169377E0
1.152627333E2	7.309619026E-1
1.154226333E2	2.866887954E-1
1.155987667E2	7.261898225E-2
1.157587667E2	-6.171412124E-2
1.159188000E2	-1.838355409E-1
1.160946333E2	-4.854398882E-1
1.162547667E2	-3.495776268E-1
1.164307667E2	-6.393698841E-1
1.165907333E2	-8.021783394E-1
1.167507667E2	-9.417077479E-1
1.169267667E2	-9.631058407E-1
1.170868000E2	-1.148606683E0
1.172627333E2	-8.956394221E-1
1.174226000E2	-9.979905126E-1
1.175986333E2	-8.373381993E-1
1.177587000E2	-7.079441152E-1
1.179187000E2	-6.358413488E-1
1.180945667E2	-2.858586047E-1
1.182546000E2	6.823292367E-1
1.184306333E2	9.925544769E-1
1.185905667E2	8.638615758E-1
1.187507000E2	7.763014352E-1
1.189266000E2	6.640367052E-1
1.190867333E2	1.021452760E0
1.192625667E2	1.041208890E0
1.194225667E2	9.276797456E-1
1.195826667E2	7.678677952E-1
1.197586667E2	1.827522148E-1
1.199187000E2	1.199530663E-1
1.200946000E2	1.893989383E-2
1.202546667E2	-2.459216631E-2
1.204305667E2	-9.739517072E-2
1.205906667E2	-9.428447847E-1
1.207507000E2	-9.800841844E-1
1.209266333E2	-1.019510921E0
1.210867000E2	-1.125285050E0
1.212626333E2	-1.129209941E0
1.214225333E2	-9.479514817E-1
1.215827000E2	-3.501941130E-1
1.217586667E2	1.309991306E-1
1.219186667E2	6.479682830E-2
1.220946667E2	1.514654843E-1
1.222545667E2	2.230095413E-1
1.224148000E2	1.132814523E0
1.225905333E2	9.705827653E-1
1.227506333E2	8.688345320E-1
1.229266333E2	1.039195158E0
1.230866667E2	1.130569721E0
1.232466333E2	1.569527260E-1
1.234225667E2	1.198637877E-1
1.235827333E2	4.851975333E-2
1.237586000E2	-3.594448979E-2
1.239186667E2	-1.944838611E-1
1.240945667E2	-3.391834019E-1
1.242545333E2	-4.145291517E-1
1.244146000E2	-4.519999436E-1
1.245906667E2	-5.382468046E-1
1.247505333E2	-9.421536080E-1
1.249266000E2	-9.600978280E-1
1.250865000E2	-1.154234473E0
1.252465667E2	-1.031248668E0
1.254225000E2	-8.943926747E-1
1.255826000E2	-7.896275748E-1
1.257586000E2	-2.099548021E-1
1.259186333E2	-5.057915860E-1
1.260786667E2	-2.858866430E-1
1.262545667E2	-1.424594102E-2
1.264145333E2	9.465511240E-1
1.265906333E2	8.556124649E-1
1.267505333E2	7.379190206E-1
1.269106667E2	4.033783426E-1
1.270866000E2	7.167067326E-1
1.272465333E2	9.916129653E-1
1.274225000E2	8.349125913E-1
1.275825667E2	7.774766102E-1
1.277584667E2	1.390425867E-1
1.279186333E2	1.285856830E-1
1.280786333E2	4.793652684E-2
1.282545000E2	-2.977527082E-2
1.284145333E2	-6.674165953E-2
1.285904333E2	-8.011453439E-1
1.287505000E2	-9.898701434E-1
1.289106667E2	-1.027364425E0
1.290865000E2	-1.110742864E0
1.292465667E2	-1.088697145E0
1.294224333E2	-9.757560896E-1
1.295824333E2	-5.574995852E-1
1.297425000E2	1.014559427E-2
1.299185000E2	3.589098446E-2
1.300785000E2	7.852963168E-2
1.302546000E2	9.199319220E-2
1.304145333E2	7.568851144E-1
1.305904333E2	8.876078203E-1
1.307505000E2	7.581354312E-1
1.309106333E2	8.736174095E-1
1.310865667E2	1.076068216E0
1.312466000E2	7.215242100E-1
1.314224000E2	1.482483387E-1
1.315824667E2	7.938877277E-2
1.317426000E2	6.944969984E-2
1.319184000E2	-1.002377593E-1
1.320786000E2	-8.538996982E-2
1.322544333E2	-2.484801546E-1
1.324145667E2	-1.593304318E-1
1.325745667E2	-5.158070940E-1
1.327504333E2	-9.319919539E-1
1.329104667E2	-9.477130696E-1
1.330865000E2	-9.702063284E-1
1.332465667E2	-9.072775494E-1
1.334066000E2	-9.043136221E-1
1.335824333E2	-8.786724428E-1
1.337424667E2	-5.634380975E-1
1.339185333E2	-7.107110361E-1
1.340785667E2	-7.085198614E-1
1.342545000E2	-2.266250502E-1
1.344145667E2	7.802995378E-1
1.345744333E2	7.915280944E-1
1.347504000E2	6.795486098E-1
1.349105000E2	1.817892531E-1
1.350865000E2	2.994341127E-1
1.352465000E2	8.852680291E-1
1.354065667E2	9.086153524E-1
1.355824333E2	7.644866133E-1
1.357424333E2	4.716307238E-1
1.359183667E2	1.765586792E-1
1.360785000E2	9.476782879E-2
1.362385333E2	2.720087527E-2
1.364145333E2	-7.772698130E-3
1.365745333E2	-1.697727183E-1
1.367504000E2	-6.652187067E-1
1.369105333E2	-9.118640285E-1
