tömeg_A
t	x
0.000000000E0	1.857764877E0
1.600000000E-1	1.839420894E0
3.361666667E-1	1.862688090E0
4.960333333E-1	1.854923219E0
6.720333333E-1	1.841707384E0
8.321333333E-1	1.851582290E0
1.007966667E0	1.862181963E0
1.168100000E0	1.839916232E0
1.328100000E0	1.852132392E0
1.504100000E0	1.834866724E0
1.664033333E0	1.852172365E0
1.839966667E0	1.850976787E0
2.000066667E0	1.833190198E0
2.160033333E0	1.855846200E0
2.336033333E0	1.850504403E0
2.496033333E0	1.824068241E0
2.672000000E0	1.855710747E0
2.832033333E0	1.849620445E0
2.991966667E0	1.852021925E0
3.167933333E0	1.856967643E0
3.328133333E0	1.845496643E0
3.504066667E0	1.857247232E0
3.664000000E0	1.838019676E0
3.824133333E0	1.850469881E0
4.000066667E0	1.860285856E0
4.160133333E0	1.854788913E0
4.336066667E0	1.856692520E0
4.496033333E0	1.856072587E0
4.672033333E0	1.850402364E0
4.832166667E0	1.847213723E0
4.992000000E0	1.871168888E0
5.168000000E0	1.856296308E0
5.328100000E0	1.837975802E0
5.503933333E0	1.869189262E0
5.663966667E0	1.856616105E0
5.824133333E0	1.856069184E0
6.000066667E0	1.853104502E0
6.159966667E0	1.868629072E0
6.335933333E0	1.837203440E0
6.495933333E0	1.838977131E0
6.656066667E0	1.851063929E0
6.831900000E0	1.858570608E0
6.991966667E0	1.847120663E0
7.167900000E0	1.859588010E0
7.327966667E0	1.854396978E0
7.488000000E0	1.851060532E0
7.663933333E0	1.850707894E0
7.823933333E0	1.868437674E0
7.999900000E0	1.846069409E0
8.160066667E0	1.858138551E0
8.335866667E0	1.851297926E0
8.496066667E0	1.857973112E0
8.656066667E0	1.845534714E0
8.831900000E0	1.858945853E0
8.992000000E0	1.827509533E0
9.167833333E0	1.851312956E0
9.327966667E0	1.842800871E0
9.487933333E0	1.843630315E0
9.664000000E0	1.849853576E0
9.824066667E0	1.860201167E0
9.999866667E0	1.820897932E0
1.016000000E1	1.848698823E0
1.031990000E1	1.854357357E0
1.049600000E1	1.828017934E0
1.065600000E1	1.841799084E0
1.083186667E1	1.850314823E0
1.099196667E1	1.867407498E0
1.116786667E1	1.848184634E0
1.132786667E1	1.858197716E0
1.148796667E1	1.841082272E0
1.166410000E1	1.842858495E0
1.182403333E1	1.832561714E0
1.199983333E1	1.850766231E0
1.216000000E1	1.850026081E0
1.232000000E1	1.866578076E0
1.249596667E1	1.866284130E0
1.265600000E1	1.854579887E0
1.283193333E1	1.851966512E0
1.299186667E1	1.823524100E0
1.315196667E1	1.846175151E0
1.332800000E1	1.839985538E0
1.348790000E1	1.863814733E0
1.366390000E1	1.860483871E0
1.382400000E1	1.845579718E0
1.398390000E1	1.847331933E0
1.415996667E1	1.847185936E0
1.431990000E1	1.858164397E0
1.449580000E1	1.853037785E0
1.465586667E1	1.852363843E0
1.483190000E1	1.854444333E0
1.499186667E1	1.831620717E0
1.515186667E1	1.867681569E0
1.532793333E1	1.860818893E0
1.548786667E1	1.851443207E0
1.566380000E1	1.857002397E0
1.582390000E1	1.868358398E0
1.598386667E1	1.829453496E0
1.615990000E1	1.843091923E0
1.631993333E1	1.854308120E0
1.649590000E1	1.841246370E0
1.665596667E1	1.871320901E0
1.681583333E1	1.863786898E0
1.699180000E1	1.838246647E0
1.715183333E1	1.873259405E0
1.732796667E1	1.856910846E0
1.748783333E1	1.845828611E0
1.764793333E1	1.855737967E0
1.782390000E1	1.859022175E0
1.798386667E1	1.876484020E0
1.815980000E1	1.851767318E0
1.831993333E1	1.851912420E0
1.849586667E1	1.864462591E0
1.865580000E1	1.838051374E0
1.881583333E1	1.857067056E0
1.899183333E1	1.900368034E0
1.915180000E1	1.931452713E0
1.932783333E1	2.055941070E0
1.948790000E1	1.930953294E0
1.964783333E1	1.952084345E0
1.982376667E1	1.909722954E0
1.998383333E1	1.885410803E0
2.015986667E1	1.917281985E0
2.031980000E1	1.890422231E0
2.047980000E1	1.894037975E0
2.065576667E1	1.918801625E0
2.081593333E1	1.910111920E0
2.099173333E1	1.884979383E0
2.115180000E1	1.895812969E0
2.132773333E1	1.859832206E0
2.148776667E1	1.841033437E0
2.164780000E1	1.833936604E0
2.182383333E1	1.841125075E0
2.198390000E1	1.827147489E0
2.215973333E1	1.825365428E0
2.231976667E1	1.842855394E0
2.247990000E1	1.857850398E0
2.265586667E1	1.909522039E0
2.281590000E1	2.496260072E0
2.299176667E1	2.209941715E0
2.315180000E1	2.091036338E0
2.331190000E1	1.988539160E0
2.348773333E1	1.941728715E0
2.364776667E1	1.969588450E0
2.382383333E1	1.990040373E0
2.398373333E1	1.924329996E0
2.414383333E1	1.940555533E0
2.431973333E1	1.900388054E0
2.447976667E1	1.906094367E0
2.465573333E1	1.916670749E0
2.481586667E1	1.894185078E0
2.499173333E1	1.884633645E0
2.515170000E1	1.890681426E0
2.531176667E1	1.880615342E0
2.548773333E1	1.849135151E0
2.564783333E1	1.854907992E0
2.582366667E1	1.831189144E0
2.598373333E1	1.853908445E0
2.614383333E1	1.859514084E0
2.631970000E1	1.921502310E0
2.647983333E1	1.900523395E0
2.665576667E1	1.903014919E0
2.681576667E1	1.896256877E0
2.697573333E1	1.882544558E0
2.715176667E1	1.903673049E0
2.731180000E1	1.891001381E0
2.748766667E1	1.877495574E0
2.764770000E1	1.893197519E0
2.780770000E1	1.871556628E0
2.798376667E1	1.875677192E0
2.814373333E1	1.882143717E0
2.831976667E1	1.880051336E0
2.847980000E1	1.891720511E0
2.865560000E1	1.872270059E0
2.881566667E1	1.840863067E0
2.897576667E1	1.826843912E0
2.915166667E1	1.817015408E0
2.931183333E1	1.770950393E0
2.948776667E1	1.772265548E0
2.964783333E1	1.819495551E0
2.980766667E1	1.841021311E0
2.998373333E1	1.852692441E0
3.014380000E1	1.869303930E0
3.031980000E1	2.033421009E0
3.047976667E1	1.969203835E0
3.063966667E1	2.095628196E0
3.081573333E1	1.966454723E0
3.097576667E1	1.888098795E0
3.115173333E1	1.896261028E0
3.131176667E1	1.901020417E0
3.148776667E1	1.861434956E0
3.164780000E1	1.896289081E0
3.180770000E1	1.928661148E0
3.198376667E1	1.936367574E0
3.214373333E1	2.005264848E0
3.231966667E1	1.942573971E0
3.247976667E1	1.975890090E0
3.263966667E1	1.919327082E0
3.281576667E1	1.918572423E0
3.297563333E1	1.928471479E0
3.315156667E1	2.013944206E0
3.331170000E1	2.122740328E0
3.347173333E1	2.121167358E0
3.364766667E1	2.101134977E0
3.380766667E1	2.076740446E0
3.398366667E1	1.982471721E0
3.414376667E1	1.884848050E0
3.430376667E1	1.900382866E0
3.447970000E1	1.768494162E0
3.463980000E1	1.713821073E0
3.481576667E1	1.437580616E0
3.497573333E1	1.247107692E0
3.515170000E1	1.331921550E0
3.531176667E1	1.498905985E0
3.547173333E1	1.788357112E0
3.564770000E1	2.424870472E0
3.580763333E1	2.592091408E0
3.598366667E1	2.162885656E0
3.614356667E1	2.305147484E0
3.630376667E1	2.048499875E0
3.647970000E1	2.136902308E0
3.663960000E1	2.286230925E0
3.681573333E1	2.599519986E0
3.697560000E1	2.272556994E0
3.713566667E1	2.641311335E0
3.731166667E1	2.449822198E0
3.747166667E1	2.067104922E0
3.764766667E1	2.152519296E0
3.780756667E1	1.875192081E0
3.796766667E1	1.849589839E0
3.814370000E1	1.775796795E0
3.830366667E1	1.575136199E0
3.847960000E1	1.561234493E0
3.863970000E1	1.586931371E0
3.881550000E1	1.578999497E0
3.897556667E1	1.630965511E0
3.913570000E1	1.790924796E0
3.931170000E1	1.906408787E0
3.947156667E1	2.201023604E0
3.964756667E1	2.054749165E0
3.980766667E1	2.127626038E0
3.996763333E1	2.087325038E0
4.014356667E1	2.056969412E0
4.030356667E1	1.978854331E0
4.047953333E1	2.073086770E0
4.063966667E1	2.254535394E0
4.079953333E1	2.169176640E0
4.097550000E1	2.388249024E0
4.113553333E1	1.980406449E0
4.131156667E1	1.929639863E0
4.147160000E1	1.870809802E0
4.164756667E1	1.790616861E0
4.180766667E1	1.702601706E0
4.196760000E1	1.729539478E0
4.214376667E1	1.660287668E0
4.230370000E1	1.591922358E0
4.247950000E1	1.611977768E0
4.263963333E1	1.816902329E0
4.279970000E1	2.144781398E0
4.297556667E1	2.885385480E0
4.313553333E1	2.963104586E0
4.331153333E1	2.822431899E0
4.347163333E1	2.886866318E0
4.363153333E1	2.779563978E0
4.380760000E1	2.393557642E0
4.396760000E1	1.877214654E0
4.414343333E1	1.901409967E0
4.430360000E1	1.796937803E0
4.446363333E1	1.809452958E0
4.463946667E1	1.785096818E0
4.479966667E1	1.664556136E0
4.497553333E1	1.657853923E0
4.513560000E1	1.676031806E0
4.531143333E1	1.726619491E0
4.547146667E1	1.706459555E0
4.563160000E1	1.717968809E0
4.580746667E1	1.728104731E0
4.596770000E1	1.859301688E0
4.614356667E1	1.970521427E0
4.630360000E1	2.287628699E0
4.646360000E1	2.681956150E0
4.663956667E1	2.680265487E0
4.679956667E1	2.919299756E0
4.697553333E1	2.798996959E0
4.713550000E1	2.615261650E0
4.729553333E1	2.071528553E0
4.747156667E1	1.853037077E0
4.763146667E1	1.824388245E0
4.780753333E1	1.751070540E0
4.796753333E1	1.715300240E0
4.812746667E1	1.636821729E0
4.830346667E1	1.654185592E0
4.846360000E1	1.717328007E0
4.863946667E1	1.699924701E0
4.879950000E1	1.723945521E0
4.897550000E1	1.763384077E0
4.913556667E1	1.775891504E0
4.929546667E1	1.771235420E0
4.947153333E1	1.787420092E0
4.963160000E1	1.837707997E0
4.980756667E1	2.206446841E0
4.996750000E1	2.246844096E0
5.012760000E1	2.665697610E0
5.030353333E1	2.739637642E0
5.046350000E1	2.781662677E0
5.063953333E1	2.743740805E0
5.079950000E1	2.472233482E0
5.095950000E1	2.303113614E0
5.113543333E1	1.935970558E0
5.129550000E1	1.858986500E0
5.147153333E1	1.819555486E0
5.163156667E1	1.780325528E0
5.180736667E1	1.711131691E0
5.196750000E1	1.731101391E0
5.212760000E1	1.837056350E0
5.230343333E1	2.332355025E0
5.246343333E1	2.705681807E0
5.263946667E1	2.693483437E0
5.279946667E1	2.172676701E0
5.295940000E1	2.166618240E0
5.313553333E1	1.851690254E0
5.329543333E1	1.762288941E0
5.347136667E1	1.780290288E0
5.363143333E1	1.724317187E0
5.379146667E1	1.810565092E0
5.396743333E1	1.821575791E0
5.412746667E1	1.815031387E0
5.430346667E1	1.764141483E0
5.446340000E1	1.799103376E0
5.462353333E1	1.817370270E0
5.479950000E1	1.834649517E0
5.495943333E1	1.838015261E0
5.513540000E1	1.823570559E0
5.529550000E1	1.801559751E0
5.547133333E1	1.820876113E0
5.563140000E1	1.944901491E0
5.579150000E1	2.536610301E0
5.596743333E1	2.754477713E0
5.612743333E1	2.797772910E0
5.630330000E1	2.713077609E0
5.646350000E1	2.700737523E0
5.662343333E1	2.184732909E0
5.679933333E1	1.892114921E0
5.695943333E1	1.722817862E0
5.713543333E1	1.629633162E0
5.729550000E1	1.625119639E0
5.745550000E1	1.603204316E0
5.763136667E1	1.495688943E0
5.779146667E1	1.697492580E0
5.796740000E1	1.729184678E0
5.812736667E1	1.797132183E0
5.828740000E1	1.809700307E0
5.846330000E1	1.790449514E0
5.862346667E1	1.799450647E0
5.879933333E1	1.801908234E0
5.895933333E1	1.794800372E0
5.913526667E1	1.825097752E0
5.929533333E1	2.034712124E0
5.945530000E1	2.303878897E0
5.963130000E1	2.472464628E0
5.979130000E1	2.690831674E0
5.996733333E1	2.614503632E0
6.012746667E1	2.550846191E0
6.028746667E1	2.074891095E0
6.046343333E1	1.875696299E0
6.062333333E1	1.622636587E0
6.079930000E1	1.555307484E0
6.095930000E1	1.391556011E0
6.111933333E1	1.435223054E0
6.129536667E1	1.383153800E0
6.145533333E1	1.564631870E0
6.163140000E1	2.492619921E0
6.179146667E1	2.798863765E0
6.196733333E1	2.770068743E0
6.212746667E1	2.754121790E0
6.228733333E1	2.583230134E0
6.246330000E1	2.245475497E0
6.262336667E1	1.987238870E0
6.279930000E1	1.895725354E0
6.295936667E1	1.815332504E0
6.311936667E1	1.895052241E0
6.329526667E1	1.840794699E0
6.345523333E1	1.799588340E0
6.363136667E1	1.800780151E0
6.379123333E1	1.516368400E0
6.395133333E1	1.708405300E0
6.412736667E1	1.696818348E0
6.428743333E1	1.730563209E0
6.446336667E1	1.531132468E0
6.462340000E1	1.707418248E0
6.478346667E1	1.691768230E0
6.495926667E1	1.866107758E0
6.511930000E1	2.773764067E0
6.529540000E1	3.093814062E0
6.545526667E1	2.904908437E0
6.563120000E1	3.106843883E0
6.579136667E1	3.008148712E0
6.595130000E1	2.738640164E0
6.612736667E1	2.126632167E0
6.628726667E1	1.851201639E0
6.646316667E1	1.811018105E0
6.662336667E1	1.730382674E0
6.678336667E1	1.639625440E0
6.695933333E1	1.613406469E0
6.711926667E1	1.633807397E0
6.729526667E1	1.602103310E0
6.745523333E1	1.701502939E0
6.761526667E1	1.696837504E0
6.779123333E1	1.715591305E0
6.795126667E1	1.743818086E0
6.812736667E1	1.767856306E0
6.828723333E1	1.697225719E0
6.844726667E1	1.749904084E0
6.862330000E1	1.806724156E0
6.878340000E1	2.006666132E0
6.895923333E1	2.798923346E0
6.911923333E1	2.971018697E0
6.929526667E1	2.991776276E0
6.945523333E1	2.938277380E0
6.961546667E1	2.857500249E0
6.979133333E1	1.936999196E0
6.995123333E1	1.848523620E0
7.012730000E1	1.730017248E0
7.028723333E1	1.625220097E0
7.044723333E1	1.565504005E0
7.062323333E1	1.653693959E0
7.078320000E1	1.638028227E0
7.095923333E1	1.745194015E0
7.111920000E1	2.050581034E0
7.127923333E1	2.691263677E0
7.145520000E1	2.593186184E0
7.161533333E1	2.416117998E0
7.179123333E1	2.449009985E0
7.195126667E1	1.976130736E0
7.212726667E1	1.863879688E0
7.228720000E1	1.826746100E0
7.244723333E1	1.834825446E0
7.262316667E1	1.843974390E0
7.278330000E1	1.870782012E0
7.295920000E1	1.855322538E0
7.311933333E1	1.852228061E0
7.327933333E1	1.852912986E0
7.345516667E1	1.826394930E0
7.361536667E1	1.808892195E0
7.379123333E1	1.762976924E0
7.395123333E1	1.681624851E0
7.411130000E1	1.664988821E0
7.428716667E1	1.722111420E0
7.444716667E1	1.920908612E0
7.462316667E1	2.592106069E0
7.478326667E1	2.846654239E0
7.494326667E1	2.781827343E0
7.511916667E1	2.786837657E0
7.527913333E1	2.691350894E0
7.545510000E1	2.482922594E0
7.561510000E1	2.155312504E0
7.579120000E1	1.866049191E0
7.595123333E1	1.773018143E0
7.611120000E1	1.701029376E0
7.628726667E1	1.673865104E0
7.644723333E1	1.688284114E0
7.662306667E1	1.670067147E0
7.678336667E1	1.719295734E0
7.694313333E1	1.768170766E0
7.711923333E1	1.823910067E0
7.727923333E1	1.809189462E0
7.745510000E1	1.802342985E0
7.761513333E1	1.787632750E0
7.777516667E1	1.792374596E0
7.795110000E1	1.781134379E0
7.811126667E1	1.837895974E0
7.828716667E1	2.463619068E0
7.844706667E1	2.761309574E0
7.860723333E1	2.881063704E0
7.878320000E1	2.922784115E0
7.894310000E1	2.818613905E0
7.911913333E1	2.608035334E0
7.927923333E1	1.946338068E0
7.945506667E1	1.845444335E0
7.961523333E1	1.701224375E0
7.977506667E1	1.722480910E0
7.995113333E1	1.731563911E0
8.011110000E1	1.763227076E0
8.028716667E1	1.720995894E0
8.044720000E1	1.847282704E0
8.060713333E1	2.791678819E0
8.078316667E1	2.753392553E0
8.094320000E1	2.658063828E0
8.111906667E1	2.542539743E0
8.127916667E1	2.052872809E0
8.143920000E1	1.846989601E0
8.161516667E1	1.823043687E0
8.177513333E1	1.761754000E0
8.195106667E1	1.761311294E0
8.211116667E1	1.839150856E0
8.228713333E1	1.838276726E0
8.244716667E1	1.855864841E0
8.260710000E1	1.803748071E0
8.278313333E1	1.828968349E0
8.294303333E1	1.810266700E0
8.311910000E1	1.829356166E0
8.327916667E1	1.795536136E0
8.343906667E1	1.773490924E0
8.361503333E1	1.797957435E0
8.377516667E1	1.885841310E0
8.395096667E1	2.524678471E0
8.411110000E1	2.850017082E0
8.427113333E1	2.900592706E0
8.444713333E1	2.858064947E0
8.460706667E1	2.852217256E0
8.478310000E1	2.571658255E0
8.494303333E1	2.241233870E0
8.510310000E1	1.898779524E0
8.527916667E1	1.772856035E0
8.543920000E1	1.562174559E0
8.561516667E1	1.673045858E0
8.577503333E1	1.510435626E0
8.595100000E1	1.662897923E0
8.611103333E1	1.690231037E0
8.627103333E1	1.758855312E0
8.644706667E1	1.788573480E0
8.660720000E1	1.850176067E0
8.678296667E1	1.820626081E0
8.694313333E1	1.808138746E0
8.710310000E1	1.815159463E0
8.727903333E1	1.813239741E0
8.743900000E1	1.828838165E0
8.761506667E1	2.047275332E0
8.777503333E1	2.808700517E0
8.793516667E1	2.914816877E0
8.811103333E1	2.895704106E0
8.827116667E1	2.865024686E0
8.844696667E1	2.805570234E0
8.860700000E1	2.013951725E0
8.878306667E1	1.822803683E0
8.894300000E1	1.797219169E0
8.910313333E1	1.720202455E0
8.927910000E1	1.671767595E0
8.943910000E1	1.594368290E0
8.961506667E1	1.678074582E0
8.977493333E1	1.726145821E0
8.993496667E1	2.114209390E0
9.011106667E1	2.797529886E0
9.027113333E1	2.806878522E0
9.044703333E1	2.758352906E0
9.060700000E1	2.576632414E0
9.076700000E1	1.867681247E0
9.094296667E1	1.800074459E0
9.110303333E1	1.766432573E0
9.127906667E1	1.757911429E0
9.143906667E1	1.837602011E0
9.159906667E1	1.871332748E0
9.177500000E1	1.875251003E0
9.193503333E1	1.877226561E0
9.211093333E1	1.842601352E0
9.227096667E1	1.838183239E0
9.244690000E1	1.751826069E0
9.260710000E1	1.758200178E0
9.276710000E1	1.734627653E0
9.294293333E1	1.723862729E0
9.310300000E1	1.681998418E0
9.327903333E1	1.873161121E0
9.343900000E1	2.579987461E0
9.359903333E1	2.897022380E0
9.377496667E1	2.952949499E0
9.393503333E1	2.868634201E0
9.411086667E1	2.711537091E0
9.427106667E1	2.373656421E0
9.443093333E1	2.127189728E0
9.460706667E1	1.882763541E0
9.476693333E1	1.743503128E0
9.494286667E1	1.710079007E0
9.510303333E1	1.629412619E0
9.526300000E1	1.692143038E0
9.543893333E1	1.657756179E0
9.559903333E1	1.711946294E0
9.577506667E1	1.795949113E0
9.593500000E1	1.775151396E0
9.611083333E1	1.771814651E0
9.627103333E1	1.808708168E0
9.643096667E1	1.786046834E0
9.660693333E1	1.799538954E0
9.676693333E1	1.781443873E0
9.694293333E1	1.855726508E0
9.710293333E1	2.238138913E0
9.726293333E1	2.834918864E0
9.743886667E1	2.774216267E0
9.759900000E1	2.861409658E0
9.777503333E1	2.753702626E0
9.793496667E1	2.657680007E0
9.809493333E1	1.870450529E0
9.827100000E1	1.815534721E0
9.843090000E1	1.735827478E0
9.860700000E1	1.667088475E0
9.876690000E1	1.687072432E0
9.894283333E1	1.700323459E0
9.910296667E1	1.722623616E0
9.926293333E1	1.879606728E0
9.943890000E1	2.820850387E0
9.959900000E1	2.848973120E0
9.977490000E1	2.674140018E0
9.993486667E1	2.513653191E0
1.000950000E2	1.949468812E0
1.002710000E2	1.740776693E0
1.004309000E2	1.797648837E0
1.006069333E2	1.751436382E0
1.007669667E2	1.782456618E0
1.009270000E2	1.815965703E0
1.011029333E2	1.850810266E0
1.012628667E2	1.854705632E0
1.014389333E2	1.855505149E0
1.015988667E2	1.844558078E0
1.017589333E2	1.811440936E0
1.019349667E2	1.782100434E0
1.020949667E2	1.739450322E0
1.022709333E2	1.776661657E0
1.024308333E2	1.778317121E0
1.026068333E2	1.784275270E0
1.027668333E2	2.274675656E0
1.029269000E2	3.213767483E0
1.031029000E2	3.134881664E0
1.032628333E2	3.044633856E0
1.034389000E2	2.954116427E0
1.035989667E2	2.575452601E0
1.037588667E2	2.039669060E0
1.039348000E2	1.956815007E0
1.040949000E2	1.817127099E0
1.042709000E2	1.700655938E0
1.044308333E2	1.629199614E0
1.045909000E2	1.646648878E0
1.047668000E2	1.599422948E0
1.049269000E2	1.657169246E0
1.051029000E2	1.771087798E0
1.052629333E2	1.804401466E0
1.054229333E2	1.792912810E0
1.055987333E2	1.792625957E0
1.057589333E2	1.799384894E0
1.059348333E2	1.761310272E0
1.060947667E2	1.788873856E0
1.062707667E2	1.788123009E0
1.064309000E2	2.112362380E0
1.065909333E2	2.786238897E0
1.067668667E2	2.966022409E0
1.069269667E2	2.947948500E0
1.071028667E2	2.893755917E0
1.072627667E2	2.849983527E0
1.074229000E2	2.324588498E0
1.075987667E2	1.818137044E0
1.077587667E2	1.718158466E0
1.079348333E2	1.566851283E0
1.080949333E2	1.575637503E0
1.082548000E2	1.695351493E0
1.084309000E2	1.698008965E0
1.085908667E2	1.753086489E0
1.087667333E2	2.522559816E0
1.089268333E2	2.904463278E0
1.091027000E2	2.821712629E0
1.092629000E2	2.732165057E0
1.094228333E2	2.528394394E0
1.095987667E2	1.836463159E0
1.097588667E2	1.758061711E0
1.099347667E2	1.682865039E0
1.100948667E2	1.724921592E0
1.102548667E2	1.788938889E0
1.104308667E2	1.750474589E0
1.105908333E2	1.826706353E0
1.107667000E2	1.848787510E0
1.109268333E2	1.821781293E0
1.110868667E2	1.826677944E0
1.112628333E2	1.809083905E0
1.114227333E2	1.792577716E0
1.115987000E2	1.676350968E0
1.117588333E2	1.710001638E0
1.119187667E2	1.725097694E0
1.120948667E2	2.011256423E0
1.122548333E2	2.789466761E0
1.124308000E2	3.056726332E0
1.125907000E2	3.077993596E0
1.127666667E2	2.991307408E0
1.129267333E2	2.672632786E0
1.130867333E2	2.465174333E0
1.132628333E2	2.109573614E0
1.134228000E2	1.845651482E0
1.135986333E2	1.742309032E0
1.137588000E2	1.658930159E0
1.139188333E2	1.545942857E0
1.140948333E2	1.581228077E0
1.142547333E2	1.578137569E0
1.144308000E2	1.697282372E0
1.145907667E2	1.739617726E0
1.147507333E2	1.778920401E0
1.149266667E2	1.830567827E0
1.150868000E2	1.801022958E0
1.152626333E2	1.830994838E0
1.154228000E2	1.793520344E0
1.155827667E2	1.789717732E0
1.157588000E2	1.853810448E0
1.159187333E2	2.642370740E0
1.160947000E2	3.033334326E0
1.162547333E2	3.027081132E0
1.164307333E2	2.923108092E0
1.165907667E2	2.858134094E0
1.167508000E2	2.668279923E0
1.169267333E2	1.882170468E0
1.170867667E2	1.745227006E0
1.172627333E2	1.700784351E0
1.174226667E2	1.637165070E0
1.175828333E2	1.650878643E0
1.177588000E2	1.708402975E0
1.179186667E2	1.683940623E0
1.180946000E2	2.069539873E0
1.182548000E2	2.740819964E0
1.184148000E2	2.808859846E0
1.185907667E2	2.748049303E0
1.187507000E2	2.470580095E0
1.189267000E2	1.901338149E0
1.190866667E2	1.724440138E0
1.192626667E2	1.711626374E0
1.194226333E2	1.558027486E0
1.195828000E2	1.717753853E0
1.197586000E2	1.757289610E0
1.199187667E2	1.796132687E0
1.200947000E2	1.894786349E0
1.202548000E2	1.865821309E0
1.204147667E2	1.864255408E0
1.205907000E2	1.838878539E0
1.207507667E2	1.797343629E0
1.209265667E2	1.741248823E0
1.210866333E2	1.764737682E0
1.212467667E2	1.767591014E0
1.214227333E2	1.865888054E0
1.215827000E2	2.426483742E0
1.217586000E2	3.124396483E0
1.219187000E2	3.281690214E0
1.220788000E2	2.907622059E0
1.222545667E2	2.955441215E0
1.224147667E2	2.343824234E0
1.225905667E2	2.142280643E0
1.227507667E2	1.888765325E0
1.229267333E2	1.714307169E0
1.230867000E2	1.656876372E0
1.232466333E2	1.521543248E0
1.234226000E2	1.665276212E0
1.235826000E2	1.604509879E0
1.237586667E2	1.795410594E0
1.239186000E2	1.780133172E0
1.240787000E2	1.822996620E0
1.242545667E2	1.871714618E0
1.244147000E2	1.854841359E0
1.245906000E2	1.857961637E0
1.247506000E2	1.816679192E0
1.249107000E2	1.822816585E0
1.250865667E2	1.803141336E0
1.252466667E2	1.989061097E0
1.254225333E2	2.916799468E0
1.255827000E2	3.042426726E0
1.257427333E2	2.941012484E0
1.259186000E2	2.857699540E0
1.260785667E2	2.744136690E0
1.262545333E2	1.946040307E0
1.264147000E2	1.763255748E0
1.265906333E2	1.638658264E0
1.267506333E2	1.460080897E0
1.269106667E2	1.606442598E0
1.270865333E2	1.595511149E0
1.272466333E2	1.525627042E0
1.274225333E2	2.059341824E0
1.275826333E2	2.763745705E0
1.277425667E2	2.874317351E0
1.279187000E2	2.814857525E0
1.280786667E2	2.689914765E0
1.282546667E2	2.088441636E0
1.284146333E2	1.696536724E0
1.285745667E2	1.494550839E0
1.287506333E2	1.073487033E0
1.289105667E2	1.434803333E0
1.290866667E2	1.581069704E0
1.292466667E2	1.718003691E0
1.294224667E2	1.825606025E0
1.295825333E2	1.822873763E0
1.297426000E2	1.829222229E0
1.299185667E2	1.814861500E0
1.300785333E2	1.817921340E0
1.302545000E2	1.691346856E0
1.304144667E2	1.668308019E0
1.305745667E2	1.626013555E0
1.307505000E2	1.821373269E0
1.309104667E2	2.395823920E0
1.310866333E2	2.853884858E0
1.312466000E2	3.196414626E0
1.314065333E2	2.873324649E0
1.315825000E2	2.975233026E0
1.317426000E2	2.555429441E0
1.319185000E2	2.084805789E0
1.320785667E2	1.870813727E0
1.322386333E2	1.781247736E0
1.324146000E2	1.559066227E0
1.325745000E2	1.413862119E0
1.327504667E2	1.347281022E0
1.329105667E2	1.413365204E0
1.330865333E2	1.809701548E0
1.332465667E2	1.834321408E0
1.334066000E2	1.847523603E0
1.335825333E2	1.965950689E0
1.337426333E2	1.884832167E0
1.339185333E2	1.899438860E0
1.340785333E2	1.827597782E0
1.342386000E2	1.822667672E0
1.344144333E2	1.818480076E0
1.345745000E2	1.946556050E0
1.347505333E2	2.839384860E0
1.349105667E2	3.106010707E0
1.350705667E2	2.860665058E0
1.352465667E2	2.869153089E0
1.354065000E2	2.706128952E0
1.355825667E2	2.107171906E0
1.357424667E2	1.843593005E0
1.359024667E2	1.720681898E0
1.360784667E2	1.641960266E0
1.362386000E2	1.433821699E0
1.364144667E2	1.466778859E0
1.365745667E2	1.403896032E0
1.367504000E2	2.280731568E0
1.369106333E2	2.739834645E0
1.370705333E2	2.863805036E0
1.372464667E2	2.795806644E0
1.374064667E2	2.719950708E0
1.375825000E2	1.948673540E0
1.377424333E2	1.711243718E0
1.379025000E2	1.498981690E0
1.380785000E2	1.210624645E0
1.382384667E2	1.191364510E0
1.384144333E2	1.723613915E0
1.385745667E2	2.802915809E0
1.387345667E2	3.019377970E0
1.389104000E2	2.939010234E0
1.390705000E2	2.722750762E0
1.392465000E2	1.847959539E0
1.394063667E2	1.801408139E0
1.395824667E2	1.698295469E0
1.397424000E2	1.569915502E0
