tömeg_A
t	x
0.000000000E0	-9.288824383E-1
1.760666667E-1	-9.152065949E-1
3.361000000E-1	-8.830160297E-1
4.959666667E-1	-9.217426389E-1
6.719333333E-1	-8.959786225E-1
8.320000000E-1	-9.105096579E-1
1.007900000E0	-8.821017165E-1
1.168033333E0	-9.123951440E-1
1.343966667E0	-9.085979592E-1
1.503933333E0	-9.031760257E-1
1.663966667E0	-8.907131592E-1
1.840066667E0	-8.975522077E-1
2.000033333E0	-8.848944995E-1
2.175866667E0	-8.828955725E-1
2.336066667E0	-9.071591818E-1
2.496000000E0	-8.864144598E-1
2.672033333E0	-9.145111003E-1
2.832000000E0	-8.935889206E-1
3.007966667E0	-9.064908705E-1
3.168033333E0	-8.807393684E-1
3.328000000E0	-9.051184001E-1
3.503933333E0	-9.112335562E-1
3.663966667E0	-8.930346752E-1
3.840033333E0	-9.120331077E-1
3.999900000E0	-8.876143867E-1
4.160100000E0	-9.142219721E-1
4.336033333E0	-9.046094344E-1
4.496033333E0	-8.457330238E-1
4.672000000E0	-8.266309450E-1
4.832000000E0	-7.094561225E-1
5.007900000E0	8.715661931E-2
5.167866667E0	1.552824761E-1
5.328000000E0	4.061283985E-2
5.504033333E0	-6.351806536E-1
5.663933333E0	-9.606080077E-1
5.839900000E0	-1.597601211E0
5.999966667E0	-1.816116006E0
6.160000000E0	-1.969127005E0
6.336000000E0	-2.146887667E0
6.496033333E0	-1.281742351E0
6.671900000E0	-9.844108904E-1
6.831900000E0	-1.050827268E0
6.991933333E0	-9.798815852E-1
7.167866667E0	-9.618833088E-1
7.327933333E0	-7.828157612E-1
7.503833333E0	-9.760204635E-2
7.663866667E0	-2.120578428E-1
7.823866667E0	-1.381927421E-1
7.999866667E0	-6.967935914E-2
8.159966667E0	-2.803782222E-2
8.335966667E0	4.380055482E-2
8.495966667E0	1.231597069E-2
8.671933333E0	9.157234535E-2
8.831866667E0	3.255078460E-2
8.991933333E0	-2.706288976E-2
9.167933333E0	-7.859817352E-1
9.327966667E0	-1.310766232E0
9.503900000E0	-1.564335379E0
9.664000000E0	-1.938674673E0
9.823900000E0	-1.951198893E0
9.999833333E0	-1.959140626E0
1.015996667E1	-1.944868369E0
1.033590000E1	-1.207022967E0
1.049600000E1	-9.301268414E-1
1.065590000E1	-8.212245794E-1
1.083183333E1	-2.305271896E-1
1.099180000E1	-2.178657021E-1
1.116790000E1	-3.747277762E-2
1.132780000E1	9.990330718E-1
1.150376667E1	9.690031734E-1
1.166396667E1	3.509602267E-1
1.182396667E1	1.221576065E-2
1.199980000E1	-2.810089338E-2
1.215986667E1	-2.688845764E-1
1.233600000E1	-9.852222731E-1
1.249590000E1	-1.347683632E0
1.265593333E1	-2.322163227E0
1.283180000E1	-1.822404780E0
1.299190000E1	-1.562437870E0
1.316776667E1	-1.724750278E0
1.332780000E1	-1.970666585E0
1.348796667E1	-2.034227644E0
1.366386667E1	-2.239077367E0
1.382393333E1	-1.786596540E0
1.399983333E1	-1.122859353E0
1.415983333E1	-2.855679620E-1
1.431980000E1	6.101831865E-3
1.449583333E1	-7.670072973E-3
1.465590000E1	8.301991350E-1
1.483186667E1	8.069730399E-1
1.499190000E1	7.302672722E-1
1.516776667E1	4.195626489E-1
1.532776667E1	-4.883710652E-2
1.548790000E1	-6.211759144E-1
1.566390000E1	-7.934856627E-1
1.582380000E1	-8.848097578E-1
1.599973333E1	-1.521713886E0
1.615993333E1	-1.506817819E0
1.631980000E1	-1.631779995E0
1.649583333E1	-1.703897406E0
1.665590000E1	-1.153076671E0
1.683176667E1	-1.192048009E0
1.699180000E1	-1.131682779E0
1.715183333E1	-1.183679660E0
1.732793333E1	-1.743703676E0
1.748776667E1	-1.071764808E0
1.766386667E1	3.395043141E-3
1.782380000E1	2.597365500E-1
1.798383333E1	3.404754008E-1
1.815973333E1	7.790004406E-1
1.831980000E1	2.726452941E-1
1.849570000E1	9.840125374E-2
1.865593333E1	-8.373615088E-1
1.883176667E1	-1.042004267E0
1.899180000E1	-1.960968380E0
1.915180000E1	-1.522235246E0
1.932770000E1	-9.074733424E-1
1.948783333E1	-1.596782829E0
1.966373333E1	-1.843563560E0
1.982383333E1	-1.851270458E0
1.998383333E1	-1.778291343E0
2.015980000E1	-1.095100354E0
2.031973333E1	-1.029455671E0
2.049570000E1	-8.601106174E-1
2.065573333E1	-6.740864535E-1
2.081586667E1	-8.153998466E-1
2.099176667E1	-5.930918882E-1
2.115173333E1	-7.408848433E-1
2.132773333E1	-4.434801026E-1
2.148786667E1	-4.061547649E-1
2.166383333E1	-1.586819924E-2
2.182380000E1	-1.574369650E-1
2.198386667E1	-6.963392225E-1
2.215983333E1	-8.476310563E-1
2.231976667E1	-1.102351770E0
2.249580000E1	-1.142237856E0
2.265566667E1	-1.106493004E0
2.281586667E1	-1.230303583E0
2.299183333E1	-1.088984041E0
2.315176667E1	-1.051178976E0
2.332766667E1	-9.665322396E-1
2.348776667E1	-8.646739693E-1
2.364773333E1	-9.565510984E-1
2.382380000E1	-6.645246971E-1
2.398376667E1	8.084315311E-2
2.415976667E1	-3.393635625E-1
2.431970000E1	-3.131386762E-1
2.447983333E1	-6.924730796E-1
2.465566667E1	-6.598432086E-1
2.481580000E1	-1.178667492E0
2.499163333E1	-1.114240948E0
2.515176667E1	-2.019731616E0
2.532773333E1	-1.985715101E0
2.548763333E1	-1.211780397E0
2.564780000E1	-8.228777187E-1
2.582376667E1	-9.484091780E-1
2.598380000E1	-9.774426967E-1
2.615960000E1	-1.051143800E0
2.631980000E1	-1.827455135E0
2.647980000E1	-1.682554327E0
2.665570000E1	-1.569136018E0
2.681573333E1	-4.962789987E-1
2.699170000E1	-1.052158069E-1
2.715176667E1	-1.581629556E-1
2.731166667E1	-3.167644058E-2
2.748763333E1	3.694666880E-2
2.764763333E1	-1.208856162E-1
2.782360000E1	-1.809769695E-1
2.798373333E1	-6.315485523E-1
2.814380000E1	-9.261430629E-1
2.831976667E1	-9.213400844E-1
2.847973333E1	-1.516262656E0
2.865576667E1	-1.899099662E0
2.881580000E1	-1.844487237E0
2.899160000E1	-1.861315098E0
2.915173333E1	-1.812161526E0
2.931173333E1	-1.204929689E0
2.948760000E1	-1.097995634E0
2.964773333E1	-8.560662403E-1
2.982366667E1	-5.581076695E-1
2.998370000E1	-8.789161313E-1
3.014370000E1	-3.042350649E-1
3.031970000E1	5.169862687E-2
3.047976667E1	-7.872902412E-1
3.065556667E1	-6.452592354E-2
3.081570000E1	-5.240314685E-3
3.097563333E1	6.009983406E-2
3.115176667E1	-8.147075982E-1
3.131176667E1	-9.788106343E-1
3.148770000E1	-2.306337048E0
3.164760000E1	-2.019809101E0
3.182356667E1	-1.669295725E0
3.198363333E1	-1.079230555E0
3.214356667E1	-1.961458710E0
3.231966667E1	-1.993369428E0
3.247973333E1	-1.952400568E0
3.265556667E1	-1.790164340E0
3.281560000E1	-1.788773553E0
3.297563333E1	-1.303303362E0
3.315156667E1	5.582094218E-2
3.331170000E1	-2.868042062E-1
3.348766667E1	-6.442662222E-3
3.364760000E1	6.569721509E-2
3.380766667E1	3.488362890E-2
3.398366667E1	-1.276526046E-1
3.414356667E1	-1.830840265E-1
3.431960000E1	-6.405045745E-1
3.447970000E1	-8.360500076E-1
3.463963333E1	-9.183542330E-1
3.481566667E1	-1.602126677E0
3.497560000E1	-1.669465892E0
3.515153333E1	-1.453284322E0
3.531173333E1	-1.776185079E0
3.548760000E1	-1.785223294E0
3.564760000E1	-1.694082496E0
3.580760000E1	-1.403159618E0
3.598360000E1	-1.314263038E0
3.614360000E1	-1.009727344E0
3.631973333E1	-1.046208833E0
3.647963333E1	-8.464855788E-2
3.663973333E1	-5.139616450E-2
3.681563333E1	-4.857600661E-1
3.697556667E1	-1.477538537E-1
3.715166667E1	5.733368721E-2
3.731163333E1	-9.878720929E-2
3.747170000E1	-9.155985973E-1
3.764763333E1	-1.318994206E0
3.780756667E1	-2.328999088E0
3.798363333E1	-1.791760816E0
3.814356667E1	-1.025467059E0
3.830356667E1	-1.502108848E0
3.847963333E1	-1.698271757E0
3.863966667E1	-1.740114937E0
3.881563333E1	-1.720662718E0
3.897553333E1	-1.262062665E0
3.915143333E1	-1.271602404E0
3.931153333E1	-1.054423148E0
3.947170000E1	-6.903714875E-1
3.964760000E1	-8.560892247E-1
3.980753333E1	-4.561268833E-1
3.998353333E1	-1.083535063E-1
4.014363333E1	-1.723546797E-1
4.030356667E1	-3.560692574E-1
4.047950000E1	-2.665254615E-1
4.063963333E1	-5.101082927E-1
4.081543333E1	-9.336460927E-1
4.097550000E1	-1.034001896E0
4.113556667E1	-1.873787895E0
4.131146667E1	-1.809442818E0
4.147150000E1	-1.228617050E0
4.164760000E1	-1.542532751E0
4.180753333E1	-1.350700851E0
4.198350000E1	-1.061945977E0
4.214350000E1	-9.905246771E-1
4.230363333E1	-5.331400482E-1
4.247946667E1	-8.718538454E-1
4.263963333E1	-2.692456196E-1
4.281550000E1	2.497785357E-1
4.297546667E1	-4.686249813E-1
4.313550000E1	-9.085676049E-1
4.331150000E1	-1.009283390E0
4.347156667E1	-7.924572203E-1
4.364736667E1	-1.292698076E0
4.380753333E1	-1.315252009E0
4.396753333E1	-1.890879028E0
4.414346667E1	-1.694185202E0
4.430356667E1	-1.294448084E0
4.447953333E1	-9.269925617E-1
4.463950000E1	-1.791763347E0
4.479956667E1	-1.797255301E0
4.497543333E1	-1.814816419E0
4.513560000E1	-1.400595803E0
4.531156667E1	-1.390579132E0
4.547153333E1	-1.291615693E0
4.564750000E1	-1.002661208E-1
4.580760000E1	-1.181752663E-1
4.596750000E1	-5.287979158E-2
4.614336667E1	3.208254568E-2
4.630343333E1	1.362797015E-1
4.647936667E1	1.687216109E-2
4.663946667E1	-2.102040936E-1
4.679940000E1	-4.714404210E-1
4.697610000E1	-9.910815824E-1
4.713553333E1	-1.223785322E0
4.731140000E1	-1.710220047E0
4.747143333E1	-1.889287713E0
4.763153333E1	-1.811478942E0
4.780746667E1	-1.725231636E0
4.796740000E1	-1.074607598E0
4.814340000E1	-8.805890862E-1
4.830346667E1	-8.631524132E-1
4.846343333E1	-8.959723322E-1
4.863953333E1	-6.883793987E-1
4.879940000E1	-6.864844233E-1
4.897540000E1	2.127872280E-1
4.913546667E1	1.057308203E-2
4.931133333E1	-8.002700583E-2
4.947150000E1	-7.068542505E-1
4.963153333E1	6.380965119E-2
4.980753333E1	-8.200445687E-1
4.996743333E1	-9.629381305E-1
5.014350000E1	-1.823372939E0
5.030346667E1	-2.024085473E0
5.046350000E1	-1.614744845E0
5.063943333E1	-1.444889891E0
5.079950000E1	-1.893482114E0
5.097546667E1	-1.927667655E0
5.113540000E1	-1.971044842E0
5.129543333E1	-1.786761525E0
5.147136667E1	-1.156162505E0
5.163140000E1	-1.219956144E0
5.180746667E1	-7.301968315E-1
5.196746667E1	4.570088575E-1
5.214343333E1	-1.705346891E-1
5.230346667E1	6.317298216E-2
5.246340000E1	2.236230769E-1
5.263943333E1	7.199855133E-2
5.279950000E1	-4.217293357E-2
5.297540000E1	-2.696118989E-1
5.313536667E1	-3.340027303E-1
5.329540000E1	-6.848885202E-1
5.347146667E1	-9.248246835E-1
5.363150000E1	-1.680289036E0
5.380740000E1	-1.739726088E0
5.396733333E1	-1.480970956E0
5.412750000E1	-1.576645332E0
5.430343333E1	-1.580751399E0
5.446336667E1	-1.534053284E0
5.463943333E1	-1.582748101E0
5.479943333E1	-1.196768748E0
5.495936667E1	-1.136852451E0
5.513543333E1	-6.365600409E-1
5.529533333E1	1.778300830E-1
5.547136667E1	-1.165708872E-1
5.563130000E1	-4.060694594E-1
5.580736667E1	-5.245617878E-1
5.596740000E1	4.441087691E-3
5.612733333E1	-1.122210133E0
5.630343333E1	-1.079492918E0
5.646333333E1	-2.094454302E0
5.663926667E1	-1.241622207E0
5.679946667E1	-9.701409646E-1
5.695940000E1	-1.146809124E0
5.713533333E1	-1.861518584E0
5.729546667E1	-1.860930425E0
5.747136667E1	-1.819390591E0
5.763130000E1	-1.210061267E0
5.779136667E1	-1.319948061E0
5.796730000E1	-1.492350487E0
5.812740000E1	-2.005341064E-1
5.830323333E1	-6.429689499E-1
5.846326667E1	-1.752424502E-1
5.862350000E1	-1.478950091E-1
5.879926667E1	3.018309569E-2
5.895933333E1	-6.706210251E-2
5.913543333E1	-1.814591784E-1
5.929540000E1	-7.389036229E-1
5.947123333E1	-8.732889797E-1
5.963130000E1	-8.631503288E-1
5.979136667E1	-1.111533025E0
5.996726667E1	-1.340221325E0
6.012736667E1	-1.419967200E0
6.030333333E1	-1.206477942E0
6.046336667E1	-1.227536464E0
6.062323333E1	-1.092296830E0
6.079933333E1	-1.022910770E0
6.095926667E1	-8.185713748E-1
6.113523333E1	-6.031935946E-1
6.129540000E1	-4.034983636E-1
6.145536667E1	5.339996493E-2
6.163130000E1	-3.018626487E-1
6.179140000E1	-8.529737165E-1
6.196723333E1	-8.653367308E-1
6.212736667E1	-2.721563771E-1
6.230316667E1	-1.614846151E0
6.246330000E1	-1.026237872E0
6.262336667E1	-1.991833407E0
6.279923333E1	-1.893323913E0
6.295926667E1	-1.025831433E0
6.313520000E1	-1.194476673E0
6.329533333E1	-1.206763708E0
6.345530000E1	-1.696888195E0
6.363133333E1	-1.792045703E0
6.379120000E1	-1.457342007E0
6.396716667E1	-1.676000010E0
6.412720000E1	-1.510300081E0
6.428733333E1	-5.082477262E-2
6.446333333E1	6.087197345E-2
6.462333333E1	-4.378820720E-2
6.479930000E1	-1.213457688E-2
6.495926667E1	2.260098524E-1
6.511923333E1	-6.677617701E-2
6.529530000E1	-1.088689711E-1
6.545523333E1	-8.097681879E-1
6.563120000E1	-9.591465536E-1
6.579120000E1	-1.313022393E0
6.596713333E1	-1.665078365E0
6.612733333E1	-1.777381158E0
6.628723333E1	-1.769307719E0
6.646330000E1	-1.741722462E0
6.662336667E1	-1.610451239E0
6.679926667E1	-1.179802865E0
6.695920000E1	-1.126544467E0
6.711926667E1	-1.006835705E0
6.729520000E1	-6.925986382E-1
6.745530000E1	-5.795815995E-1
6.763126667E1	2.111807170E-1
6.779116667E1	-9.606346093E-2
6.795120000E1	-5.403813565E-1
6.812723333E1	-8.366791138E-1
6.828730000E1	-1.996805465E-2
6.846326667E1	-8.713189611E-1
6.862330000E1	-9.413970396E-1
6.879923333E1	-1.913582602E0
6.895916667E1	-2.080751218E0
6.911923333E1	-1.425328468E0
6.929523333E1	-1.129937077E0
6.945513333E1	-1.669962304E0
6.963126667E1	-1.927544621E0
6.979116667E1	-2.007657776E0
6.995130000E1	-1.665218415E0
7.012723333E1	-1.680252302E0
7.028716667E1	-1.449738674E0
7.046310000E1	-3.682440105E-1
7.062323333E1	1.704230121E-3
7.078333333E1	-5.581896795E-2
7.095913333E1	-1.079440759E-4
7.111916667E1	1.610288484E-1
7.129533333E1	-3.755132773E-2
7.145510000E1	-4.605361680E-2
7.161523333E1	-2.810693435E-1
7.179113333E1	-9.119387915E-1
7.195126667E1	-9.023766928E-1
7.212723333E1	-1.281466724E0
7.228716667E1	-1.595813584E0
7.246306667E1	-1.377726216E0
7.262320000E1	-1.568819593E0
7.278326667E1	-1.417090451E0
7.295913333E1	-1.271340821E0
7.311920000E1	-1.176905260E0
7.329516667E1	-1.366144996E0
7.345513333E1	-1.177004330E0
7.361523333E1	-9.813916289E-1
7.379120000E1	-6.471567103E-2
7.395110000E1	1.106190569E-1
7.412706667E1	-2.420000182E-2
7.428710000E1	-3.207094316E-1
7.444723333E1	-1.416476304E-1
7.462313333E1	-8.514498216E-2
7.478313333E1	-1.162861000E0
7.495916667E1	-1.648711673E0
7.511923333E1	-2.118883563E0
7.527916667E1	-1.606470296E0
7.545510000E1	-9.999500564E-1
7.561506667E1	-1.643622663E0
7.579116667E1	-1.805019492E0
7.595110000E1	-1.822832362E0
7.612713333E1	-1.733142963E0
7.628706667E1	-1.198661582E0
7.644706667E1	-1.249176152E0
7.662313333E1	-1.037973540E0
7.678316667E1	-9.448079286E-2
7.695903333E1	-3.882396930E-1
7.711923333E1	-1.205473371E-1
7.727916667E1	-2.066910203E-1
7.745510000E1	2.160424712E-1
7.761506667E1	-4.155643081E-2
7.779116667E1	-5.449845772E-1
7.795106667E1	-8.156708176E-1
7.811116667E1	-8.691424026E-1
7.828703333E1	-1.025516257E0
7.844710000E1	-1.330585666E0
7.862313333E1	-1.503795714E0
7.878320000E1	-1.600092566E0
7.895896667E1	-1.379153688E0
7.911916667E1	-1.319147274E0
7.927920000E1	-1.358456276E0
7.945513333E1	-1.227138524E0
7.961520000E1	-8.901579190E-1
7.979103333E1	-7.939741855E-1
7.995103333E1	-5.534226120E-2
8.011120000E1	3.132779576E-2
8.028706667E1	-1.051809095E-1
8.044700000E1	-6.507285781E-1
8.062313333E1	-7.600058626E-1
8.078303333E1	-1.976977787E-1
8.094310000E1	-1.376582667E0
8.111910000E1	-1.057816737E0
8.127900000E1	-2.046404863E0
8.145506667E1	-1.829644290E0
8.161513333E1	-8.838430267E-1
8.177503333E1	-1.228761990E0
8.195116667E1	-1.664662294E0
8.211116667E1	-1.752829616E0
8.228716667E1	-1.852736181E0
8.244713333E1	-1.623736690E0
8.262293333E1	-1.683169940E0
8.278303333E1	-1.538804140E0
8.294306667E1	-2.293530371E-2
8.311910000E1	-1.897989386E-1
8.327900000E1	-3.285298484E-2
8.345496667E1	-4.949625728E-2
8.361506667E1	2.391631959E-1
8.377510000E1	-1.093007939E-1
8.395110000E1	-1.790753844E-1
8.411113333E1	-8.530223828E-1
8.428700000E1	-1.017334744E0
8.444710000E1	-1.160045085E0
8.460703333E1	-1.371191431E0
8.478306667E1	-1.591126687E0
8.494300000E1	-1.685913530E0
8.511903333E1	-1.546151746E0
8.527910000E1	-1.316599230E0
8.543913333E1	-1.202125957E0
8.561493333E1	-1.095791410E0
8.577500000E1	-8.430222882E-1
8.595096667E1	-7.021799826E-1
8.611106667E1	-5.078060070E-2
8.628693333E1	5.187920538E-2
8.644706667E1	-1.495029645E-1
8.660710000E1	-4.559695509E-1
8.678303333E1	-5.011143232E-1
8.694293333E1	8.847162981E-3
8.711896667E1	-1.117723580E0
8.727893333E1	-1.037854365E0
8.743906667E1	-2.050010237E0
8.761506667E1	-1.833986487E0
8.777500000E1	-1.002587663E0
8.795093333E1	-1.352374381E0
8.811110000E1	-1.851152139E0
8.827096667E1	-1.842119002E0
8.844703333E1	-1.860768200E0
8.860703333E1	-1.449616357E0
8.878293333E1	-1.305941713E0
8.894296667E1	-1.188491571E0
8.911886667E1	-3.338913427E-1
8.927903333E1	-1.294633065E-2
8.943906667E1	-7.140084356E-2
8.961490000E1	-1.508448614E-1
8.977493333E1	3.079236716E-1
8.995093333E1	-1.428828301E-1
9.011093333E1	-6.123850984E-1
9.027100000E1	-8.109629248E-1
9.044703333E1	-9.567144460E-1
9.060693333E1	-1.050665831E0
9.078296667E1	-1.280925924E0
9.094290000E1	-1.303912008E0
9.110300000E1	-1.259643249E0
9.127906667E1	-1.173219558E0
9.143903333E1	-1.149443646E0
9.161500000E1	-1.064329955E0
9.177493333E1	-1.052126797E0
9.193496667E1	-1.038095271E0
9.211093333E1	-1.018951836E0
9.227086667E1	-1.218696297E-1
9.244696667E1	4.676211843E-2
9.260700000E1	-5.805653114E-2
9.278293333E1	-4.098399602E-2
9.294286667E1	-3.125279022E-1
9.310293333E1	2.819456935E-2
9.327886667E1	-1.125236721E0
9.343900000E1	-1.135523070E0
9.361483333E1	-1.945769678E0
9.377503333E1	-1.924052835E0
9.393490000E1	-1.085685813E0
9.411100000E1	-1.498305224E0
9.427100000E1	-1.792599448E0
9.444683333E1	-1.880496545E0
9.460700000E1	-1.878895252E0
9.476703333E1	-1.039016370E0
9.494280000E1	-1.020764944E0
9.510290000E1	-1.049271016E0
9.527883333E1	-4.310162428E-1
9.543886667E1	-3.065302182E-2
9.559900000E1	-3.860132646E-1
9.577496667E1	-4.868338451E-1
9.593486667E1	1.621817157E-1
9.611080000E1	-8.863971396E-2
9.627096667E1	-3.987904517E-1
9.644690000E1	-7.642041775E-1
9.660696667E1	-8.726802950E-1
9.676703333E1	-9.801631666E-1
9.694296667E1	-1.145635409E0
9.710296667E1	-1.544423045E0
9.727886667E1	-1.267608518E0
9.743880000E1	-1.246827343E0
9.759896667E1	-1.147751338E0
9.777480000E1	-1.206448053E0
9.793486667E1	-1.050860791E0
9.811083333E1	-1.022713911E0
9.827096667E1	-1.011222068E0
9.843090000E1	-3.173665004E-1
9.860680000E1	1.365136333E-1
9.876693333E1	-5.685799253E-2
9.894280000E1	-3.003283902E-1
9.910286667E1	-7.298343803E-1
9.927873333E1	-1.839096749E-1
9.943890000E1	-9.302613866E-1
9.959883333E1	-1.172771440E0
9.977490000E1	-1.961612190E0
9.993483333E1	-2.086636765E0
1.001107333E2	-9.561266135E-1
1.002708333E2	-1.002904821E0
1.004309000E2	-1.657615925E0
1.006069333E2	-1.782223734E0
1.007669000E2	-1.842062105E0
1.009427333E2	-1.137724565E0
1.011029000E2	-1.220916800E0
1.012628333E2	-1.219153038E0
1.014389000E2	-7.780270970E-1
1.015988333E2	-8.990836614E-2
1.017749000E2	-3.604752154E-1
1.019348333E2	-3.081585291E-1
1.020948000E2	2.241436543E-1
1.022707667E2	3.715471889E-2
1.024308000E2	-2.628388359E-1
1.026068667E2	-4.708306596E-1
1.027669333E2	-8.845756816E-1
1.029427333E2	-1.000744072E0
1.031028000E2	-1.188255614E0
1.032628000E2	-1.544362552E0
1.034388667E2	-1.289049652E0
1.035987667E2	-1.135061803E0
1.037747000E2	-1.112666241E0
1.039348000E2	-1.055938230E0
1.040949333E2	-1.000304516E0
1.042709000E2	-9.284508198E-1
1.044308000E2	-9.650953463E-1
1.046067000E2	-1.564561006E-1
1.047668333E2	1.160715106E-1
1.049268667E2	-2.169131697E-1
1.051028333E2	-3.400558697E-1
1.052629000E2	-7.469864647E-1
1.054387333E2	-1.377769471E-1
1.055988667E2	-7.768502809E-1
1.057587667E2	-8.847224950E-1
1.059347667E2	-1.895417992E0
1.060949000E2	-1.920392012E0
1.062707333E2	-1.164729899E0
1.064307667E2	-1.048459340E0
1.066068000E2	-1.748320909E0
1.067667333E2	-1.795982873E0
1.069268667E2	-1.819412779E0
1.071027667E2	-1.442893226E0
1.072627333E2	-1.353756911E0
1.074388667E2	-1.242194430E0
1.075987333E2	-5.503363766E-1
1.077587000E2	1.722546538E-1
1.079347000E2	-1.956969655E-1
1.080949000E2	-1.485403058E-1
1.082708333E2	4.245772718E-1
1.084307000E2	4.184403610E-2
1.085908667E2	-3.612085098E-1
1.087667667E2	-7.317078609E-1
1.089268333E2	-8.808403382E-1
1.091028000E2	-9.602703073E-1
1.092628667E2	-1.143261914E0
1.094387667E2	-1.189085898E0
1.095986667E2	-1.187978665E0
1.097587000E2	-9.476734824E-1
1.099346667E2	-9.708523311E-1
1.100948333E2	-9.708208861E-1
1.102707667E2	-9.495980100E-1
1.104308333E2	-9.172422033E-1
1.105908333E2	-9.200397739E-1
1.107666667E2	-1.237461407E-1
1.109266667E2	1.350160859E-1
1.111027000E2	-5.882774561E-1
1.112627000E2	-5.718324320E-1
1.114226667E2	-7.792216338E-1
1.115986667E2	-2.960077846E-1
1.117587333E2	-8.655438977E-1
1.119346333E2	-8.706991796E-1
1.120947333E2	-1.904660062E0
1.122547667E2	-1.926852862E0
1.124307667E2	-9.779650418E-1
1.125906667E2	-1.206293803E0
1.127666333E2	-1.696198559E0
1.129267667E2	-1.799378900E0
1.131026333E2	-1.832040542E0
1.132627333E2	-1.070277841E0
1.134227667E2	-1.031144739E0
1.135986333E2	-1.033502643E0
1.137587667E2	-6.234235985E-1
1.139345667E2	1.616760513E-1
1.140946000E2	-1.617475763E-1
1.142546667E2	-2.711086563E-1
1.144306333E2	5.463647553E-2
1.145906667E2	2.110156558E-2
1.147666667E2	-4.926729518E-1
1.149266333E2	-6.155360832E-1
1.150866667E2	-8.742012583E-1
1.152627000E2	-9.700092332E-1
1.154227000E2	-1.293212707E0
1.155987000E2	-1.504104239E0
1.157587000E2	-1.146851154E0
1.159186667E2	-8.786609444E-1
1.160946333E2	-9.148250199E-1
1.162546667E2	-9.327930715E-1
1.164306333E2	-9.259101812E-1
1.165906000E2	-9.166855317E-1
1.167665333E2	-8.951187615E-1
1.169266333E2	-3.330963773E-2
1.170866000E2	2.228532519E-1
1.172626667E2	-2.721930284E-1
1.174227000E2	-6.400605967E-1
1.175985333E2	-7.473080807E-1
1.177585667E2	-4.644318072E-1
1.179186667E2	-1.036182375E0
1.180945667E2	-1.043274869E0
1.182547000E2	-1.998732426E0
1.184306333E2	-1.962057407E0
1.185906667E2	-1.027503077E0
1.187506000E2	-1.220064489E0
1.189266667E2	-1.658026710E0
1.190866333E2	-1.677687620E0
1.192626333E2	-1.772204586E0
1.194225667E2	-1.034078069E0
1.195985667E2	-1.050138618E0
1.197585667E2	-1.004687791E0
1.199186000E2	-3.110395684E-1
1.200946000E2	1.190194871E-1
1.202545667E2	-2.375508012E-1
1.204304667E2	-3.628398012E-1
1.205906333E2	4.971418127E-2
1.207506333E2	-1.903233760E-1
1.209265000E2	-5.233764284E-1
1.210866000E2	-6.775640003E-1
1.212624667E2	-9.380913087E-1
1.214225000E2	-1.008753991E0
1.215825333E2	-1.711254931E0
1.217585667E2	-1.727508103E0
1.219185667E2	-1.305687974E0
1.220945000E2	-8.679766041E-1
1.222545667E2	-9.345015943E-1
1.224146333E2	-9.350304089E-1
1.225905667E2	-9.146241289E-1
1.227505333E2	-9.049926995E-1
1.229265000E2	-8.461561935E-1
1.230865333E2	1.034254882E-1
1.232624333E2	2.598667606E-1
1.234225333E2	-2.986713023E-1
1.235825667E2	-7.695904245E-1
1.237585000E2	-6.498208999E-1
1.239185000E2	-6.565040333E-1
1.240944667E2	-9.461857849E-1
1.242545667E2	-1.095996392E0
1.244146000E2	-2.071216448E0
1.245905000E2	-1.884300861E0
1.247505667E2	-1.083949247E0
1.249264667E2	-1.374071675E0
1.250865333E2	-1.788463487E0
1.252465667E2	-1.798839442E0
1.254225667E2	-1.869984672E0
1.255825333E2	-1.565177499E0
1.257584667E2	-1.581077548E0
1.259184667E2	-1.232803401E0
1.260785000E2	-2.412669863E-2
1.262545000E2	3.553626428E-1
1.264145333E2	-1.138056114E-1
1.265904333E2	-7.764928488E-2
1.267504667E2	1.833233950E-1
1.269264000E2	-2.517810678E-2
1.270864333E2	-3.029953023E-1
1.272465333E2	-6.320074524E-1
1.274224667E2	-9.583752511E-1
1.275825000E2	-1.037588729E0
1.277584000E2	-1.684159079E0
1.279184667E2	-1.816553886E0
1.280784667E2	-1.382858610E0
1.282545000E2	-8.551842900E-1
1.284146000E2	-9.194862286E-1
1.285904333E2	-9.241529651E-1
1.287504333E2	-9.405366723E-1
1.289104667E2	-8.973033448E-1
1.290864667E2	-8.583818920E-1
1.292465000E2	1.443573747E-1
1.294224333E2	9.692148780E-2
1.295824667E2	-6.273520203E-1
1.297583667E2	-8.284654752E-1
1.299184333E2	-6.335323317E-1
1.300784667E2	-6.749943605E-1
1.302544000E2	-8.959004351E-1
1.304145000E2	-9.853647249E-1
1.305904000E2	-1.965373694E0
1.307504333E2	-1.159549946E0
1.309104333E2	-1.197235167E0
1.310865000E2	-1.253943977E0
1.312464333E2	-1.700974274E0
1.314223667E2	-1.686065364E0
1.315824000E2	-1.754298826E0
1.317424667E2	-1.136208715E0
1.319183667E2	-1.138754509E0
1.320784333E2	-1.186903953E0
1.322544000E2	6.235006168E-2
1.324144333E2	3.483610661E-1
1.325745000E2	-4.499348010E-2
1.327504000E2	-2.504540617E-1
1.329104000E2	5.875186962E-2
1.330864000E2	-1.168223290E-1
1.332464333E2	-4.536999871E-1
1.334223333E2	-7.740734355E-1
1.335823667E2	-9.286479713E-1
1.337424333E2	-1.118690446E0
1.339184000E2	-1.687885329E0
1.340784000E2	-1.746798703E0
1.342543667E2	-9.571373927E-1
1.344144667E2	-8.086865964E-1
1.345744667E2	-8.690510216E-1
1.347504000E2	-8.886421985E-1
1.349104000E2	-9.251344837E-1
1.350863333E2	-8.814455405E-1
1.352464000E2	-4.149060665E-1
1.354064333E2	4.529209376E-1
1.355823333E2	-1.538017535E-2
1.357424333E2	-8.216628873E-1
1.359183667E2	-9.035137511E-1
1.360783667E2	-6.118461705E-1
1.362384667E2	-8.156047753E-1
1.364143333E2	-8.911264086E-1
1.365743667E2	-1.168204927E0
1.367503667E2	-2.036667873E0
1.369103333E2	-1.195743045E0
1.370863000E2	-1.174497980E0
1.372463333E2	-1.671732932E0
1.374064000E2	-1.740785477E0
1.375824000E2	-1.758058683E0
1.377424000E2	-1.640865297E0
1.379183333E2	-1.382181482E0
1.380784000E2	-1.373944141E0
1.382384333E2	-9.961471440E-1
1.384143333E2	1.298154340E-1
1.385744000E2	2.989536593E-1
1.387503333E2	-3.773658143E-2
1.389103667E2	-8.472664174E-2
1.390704333E2	-1.085977076E-1
1.392463333E2	-3.487755602E-1
1.394063667E2	-2.362458351E-1
1.395823333E2	-8.601649795E-1
1.397423667E2	-9.916736144E-1
1.399183000E2	-1.324546947E0
1.400783333E2	-1.763608301E0
1.402384000E2	-1.788359353E0
1.404143000E2	-9.193234816E-1
1.405743000E2	-8.594270636E-1
1.407502667E2	-8.636717233E-1
1.409103000E2	-8.234333708E-1
1.410703333E2	-8.035410308E-1
1.412463333E2	-8.926233349E-1
1.414063667E2	-5.965243180E-1
1.415822667E2	-7.392651402E-3
1.417424333E2	-1.524525624E0
1.419023000E2	-1.179875112E0
1.420782667E2	-1.301580472E0
1.422383000E2	7.485408836E-3
1.424143000E2	-1.160513466E-1
1.425742667E2	2.060421192E-1
1.427343000E2	-3.678791665E-1
1.429103000E2	-9.284636162E-1
1.430703000E2	-1.092320231E0
1.432463000E2	-1.386566610E0
1.434063000E2	-1.540380771E0
1.435822000E2	-1.819453039E0
1.437422667E2	-1.818339255E0
1.439023333E2	-1.691556252E0
1.440783000E2	-2.012299311E0
1.442383667E2	-1.703253568E0
1.444142667E2	-9.093022350E-1
1.445743667E2	1.049793058E-1
1.447343000E2	-1.463495855E-1
1.449103000E2	-5.975611329E-1
1.450703000E2	-9.065787806E-1
