tömeg_A
t	x
0,000000000E0	-5,684341886E-14
1,600666667E-1	-6,407674498E-3
3,361333333E-1	-1,825417883E-2
4,960000000E-1	-3,675108313E-2
6,720666667E-1	-3,849932314E-2
8,321333333E-1	-2,740936458E-2
9,920666667E-1	-3,881088264E-2
1,167933333E0	-2,024146126E-2
1,328000000E0	-3,685495675E-2
1,504033333E0	-1,688367500E-2
1,664100000E0	-1,681930838E-2
1,823966667E0	-2,893029554E-2
2,000133333E0	-4,888388512E-2
2,160266667E0	-2,455954616E-2
2,336033333E0	-1,421784481E-2
2,496100000E0	-2,288458239E-2
2,656066667E0	-3,745303739E-2
2,832033333E0	-2,187068688E-2
2,992033333E0	-6,799382787E-2
3,168133333E0	-4,089130124E-2
3,327966667E0	-2,941308755E-2
3,488233333E0	-4,208600206E-2
3,663933333E0	-4,305336277E-2
3,824000000E0	-1,811283295E-2
4,000033333E0	-2,754889381E-2
4,160066667E0	-3,254154067E-2
4,336000000E0	-3,739169605E-2
4,496300000E0	-3,598339201E-2
4,655966667E0	-2,636795396E-2
4,831966667E0	-3,364140747E-2
4,992066667E0	-9,751467201E-3
5,168066667E0	-2,283205656E-2
5,327966667E0	-3,845125425E-2
5,488100000E0	-3,503350308E-2
5,663933333E0	-1,417700054E-2
5,823966667E0	-1,896661049E-2
6,000000000E0	-1,911907889E-2
6,159933333E0	-3,443718798E-2
6,319900000E0	-2,279698067E-2
6,495933333E0	-2,573459219E-2
6,656000000E0	-2,251450366E-2
6,832000000E0	-2,181974597E-2
6,992000000E0	-3,265894885E-2
7,167866667E0	-4,370540479E-2
7,327900000E0	-1,655661363E-2
7,488066667E0	-2,336857986E-2
7,664066667E0	-2,701498399E-2
7,824000000E0	-3,042377251E-2
7,999933333E0	-2,622689933E-2
8,159966667E0	-2,658793145E-2
8,320066667E0	-1,183562822E-2
8,495900000E0	-1,196958746E-3
8,655933333E0	-1,630439515E-2
8,831933333E0	4,674741435E-2
8,991966667E0	8,647298581E-1
9,152033333E0	9,896462375E-1
9,328033333E0	9,649527229E-1
9,488066667E0	5,588574514E-1
9,663966667E0	5,827728625E-2
9,824033333E0	-1,145888008E-1
9,983966667E0	-2,257874035E-1
1,015996667E1	-6,186101380E-1
1,032000000E1	-1,165751853E0
1,049583333E1	-9,762595222E-1
1,065590000E1	-1,197083626E0
1,083183333E1	-7,518588992E-1
1,099190000E1	-2,276600215E-2
1,115203333E1	-5,375316160E-2
1,132790000E1	-6,783358190E-2
1,148800000E1	-7,378748838E-2
1,166390000E1	-6,452280595E-2
1,182400000E1	2,185220399E-1
1,198393333E1	2,954870248E-1
1,215986667E1	2,492060791E-1
1,231986667E1	7,648478763E-1
1,249596667E1	9,090280039E-1
1,265603333E1	9,663363668E-1
1,281600000E1	8,043101027E-1
1,299190000E1	6,883593228E-1
1,315200000E1	8,628307873E-2
1,332790000E1	5,882527795E-2
1,348793333E1	-1,134765974E-1
1,364833333E1	-6,815152038E-1
1,382380000E1	-7,956254248E-1
1,398383333E1	-7,977974292E-1
1,415986667E1	-8,283316227E-1
1,431996667E1	-7,949803660E-1
1,449580000E1	-2,600136779E-1
1,465590000E1	-1,090154644E-1
1,481590000E1	-2,017907959E-2
1,499190000E1	-6,516040916E-2
1,515186667E1	-7,103660867E-3
1,532783333E1	-8,428435569E-3
1,548796667E1	9,422623763E-3
1,564783333E1	1,018835294E-1
1,582393333E1	9,928466838E-1
1,598380000E1	9,766494933E-1
1,615980000E1	1,015624817E0
1,631980000E1	2,027287218E0
1,648000000E1	1,924511991E0
1,665596667E1	1,176459625E0
1,681590000E1	4,289608378E-1
1,699186667E1	9,593964201E-2
1,715193333E1	-8,854848141E-1
1,732790000E1	-1,132129839E0
1,748790000E1	-1,930707455E0
1,764826667E1	-2,799075558E0
1,782396667E1	-2,462922177E0
1,798380000E1	-2,052647925E0
1,815983333E1	-9,734699975E-1
1,831990000E1	-5,231180230E-1
1,847993333E1	-6,541274728E-1
1,865590000E1	-5,197640324E-1
1,881580000E1	-6,212362980E-1
1,899183333E1	4,611719616E-1
1,915190000E1	8,874838477E-1
1,931193333E1	7,415388818E-1
1,948786667E1	1,286145958E0
1,964813333E1	1,930169998E0
1,982390000E1	1,995332894E0
1,998380000E1	1,912720345E0
2,014393333E1	1,538459329E0
2,031990000E1	1,030654621E0
2,048003333E1	7,428818652E-2
2,065600000E1	-1,004195685E-1
2,081580000E1	-7,270710394E-1
2,099186667E1	-1,208262853E0
2,115176667E1	-1,695411854E0
2,131180000E1	-1,638384901E0
2,148803333E1	-1,574269254E0
2,164783333E1	-1,764691414E0
2,182370000E1	-1,037817635E0
2,198373333E1	-2,790705208E-1
2,214390000E1	-1,460293233E-1
2,231970000E1	-6,670454882E-2
2,247970000E1	1,010115595E-1
2,265566667E1	1,238778007E-1
2,281573333E1	1,763416438E-1
2,297580000E1	9,706691879E-1
2,315173333E1	1,090457871E0
2,331173333E1	1,171235647E0
2,348773333E1	2,146618796E0
2,364786667E1	3,339511334E0
2,380786667E1	2,223449369E0
2,398376667E1	1,341451967E0
2,414386667E1	8,961061091E-1
2,431973333E1	-6,618689920E-2
2,447986667E1	-1,901588861E0
2,465570000E1	-2,111226117E0
2,481586667E1	-3,618666331E0
2,497573333E1	-3,706172458E0
2,515186667E1	-3,731504906E0
2,531170000E1	-2,201975258E0
2,548776667E1	-1,281104168E0
2,564783333E1	-1,052375137E0
2,580773333E1	-8,393402163E-1
2,598386667E1	-2,785564697E-1
2,614386667E1	4,163750928E-2
2,631966667E1	9,190932844E-1
2,647983333E1	9,825204148E-1
2,663976667E1	1,056208913E0
2,681583333E1	1,821229448E0
2,697580000E1	2,702866886E0
2,715190000E1	2,909275089E0
2,731186667E1	2,735582974E0
2,748763333E1	2,149465646E0
2,764783333E1	1,080273015E0
2,780783333E1	8,397927531E-1
2,798376667E1	-4,132335850E-2
2,814373333E1	-9,622813504E-1
2,831976667E1	-1,564707449E0
2,847966667E1	-2,011130064E0
2,863970000E1	-2,013318477E0
2,881570000E1	-2,138391770E0
2,897566667E1	-2,073931633E0
2,915180000E1	-1,556667787E0
2,931180000E1	-1,002442756E0
2,947176667E1	-9,002794777E-1
2,964766667E1	-2,639123333E-1
2,980763333E1	8,295819279E-2
2,998363333E1	7,666481010E-1
3,014363333E1	8,630232346E-1
3,030370000E1	1,882539100E0
3,047966667E1	1,903423624E0
3,063980000E1	2,033893838E0
3,081573333E1	3,912415169E0
3,097573333E1	3,153679010E0
3,115173333E1	2,756949729E0
3,131176667E1	1,933460747E0
3,147186667E1	1,114899860E0
3,164766667E1	-1,025694207E0
3,180766667E1	-1,943343822E0
3,198366667E1	-3,005292405E0
3,214386667E1	-4,046542883E0
3,230370000E1	-4,101594241E0
3,247980000E1	-3,991702972E0
3,263963333E1	-2,509235503E0
3,281570000E1	-2,114907882E0
3,297570000E1	-1,909390016E0
3,313573333E1	-1,029349861E0
3,331176667E1	-9,104129822E-2
3,347166667E1	8,847831595E-1
3,364770000E1	9,544578693E-1
3,380763333E1	1,133819004E0
3,396770000E1	2,026917453E0
3,414366667E1	2,916423948E0
3,430380000E1	3,007665181E0
3,447973333E1	2,964382088E0
3,463960000E1	2,923295621E0
3,481556667E1	2,069458814E0
3,497573333E1	1,080252896E0
3,513573333E1	8,714227411E-1
3,531156667E1	-2,111425156E-1
3,547166667E1	-1,049686903E0
3,564770000E1	-2,043326063E0
3,580760000E1	-2,282511788E0
3,596760000E1	-2,726012958E0
3,614366667E1	-2,733475714E0
3,630360000E1	-2,700676753E0
3,647970000E1	-2,141056327E0
3,663990000E1	-1,129241987E0
3,679973333E1	-9,299706300E-1
3,697556667E1	-4,837511690E-1
3,713573333E1	1,039317872E-1
3,731163333E1	7,192054585E-1
3,747160000E1	1,816240823E0
3,764753333E1	1,949040777E0
3,780756667E1	2,000378037E0
3,796766667E1	3,944836136E0
3,814370000E1	3,955806852E0
3,830373333E1	3,424815593E0
3,847953333E1	2,137401821E0
3,863960000E1	1,905375632E0
3,879970000E1	8,650054726E-2
3,897553333E1	-1,737282016E0
3,913560000E1	-2,249976289E0
3,931153333E1	-3,805916161E0
3,947170000E1	-3,988467292E0
3,963163333E1	-4,003676893E0
3,980763333E1	-3,635299034E0
3,996756667E1	-3,097399388E0
4,014350000E1	-3,013014650E0
4,030380000E1	-1,936244920E0
4,046373333E1	-1,013172776E0
4,063953333E1	1,797820463E-2
4,079966667E1	4,365894641E-1
4,097566667E1	9,725847308E-1
4,113553333E1	1,917996402E0
4,131163333E1	2,333594643E0
4,147153333E1	3,426848646E0
4,163153333E1	3,301232638E0
4,180753333E1	2,996876912E0
4,196763333E1	2,605661974E0
4,214346667E1	1,918061115E0
4,230376667E1	1,158631814E0
4,246366667E1	3,353242464E-1
4,263953333E1	-3,954955479E-1
4,279966667E1	-1,753320841E0
4,297556667E1	-2,091958526E0
4,313566667E1	-2,185217764E0
4,329563333E1	-2,272501348E0
4,347156667E1	-2,162474318E0
4,363163333E1	-2,215792554E0
4,380750000E1	-2,205902355E0
4,396750000E1	-1,915334344E0
4,412763333E1	-1,031058251E0
4,430363333E1	-6,754194597E-1
4,446400000E1	9,580868019E-2
4,463956667E1	1,003503234E0
4,479956667E1	1,651743684E0
4,497553333E1	2,295187807E0
4,513560000E1	3,744008920E0
4,529550000E1	3,991619863E0
4,547160000E1	3,480744329E0
4,563163333E1	2,380616084E0
4,580756667E1	1,995239274E0
4,596753333E1	8,360068468E-1
4,612760000E1	-6,546878795E-1
4,630350000E1	-2,123944600E0
4,646346667E1	-3,341207074E0
4,663960000E1	-3,853322229E0
4,679953333E1	-3,987803137E0
4,695950000E1	-3,332169304E0
4,713543333E1	-3,251729321E0
4,729560000E1	-3,142993613E0
4,747156667E1	-2,939063452E0
4,763160000E1	-2,082681895E0
4,780756667E1	-7,599032749E-1
4,796746667E1	-1,094583329E-1
4,812763333E1	3,125375308E-2
4,830343333E1	1,575312219E0
4,846370000E1	2,071340853E0
4,863953333E1	3,247990987E0
4,879953333E1	3,429025616E0
4,895946667E1	3,001256370E0
4,913560000E1	2,719728504E0
4,929556667E1	1,934838666E0
4,947153333E1	1,411418320E0
4,963150000E1	4,286969596E-1
4,979160000E1	-1,851344077E-1
4,996756667E1	-1,211740742E0
5,012743333E1	-1,957563764E0
5,030353333E1	-2,088935111E0
5,046340000E1	-2,199807012E0
5,062350000E1	-2,175464212E0
5,079943333E1	-2,172479134E0
5,095943333E1	-2,193463409E0
5,113553333E1	-2,111470461E0
5,129550000E1	-1,950560393E0
5,147136667E1	-1,258395189E0
5,163150000E1	-8,025747275E-1
5,179156667E1	5,586616628E-1
5,196753333E1	9,509873565E-1
5,212743333E1	1,635532501E0
5,230330000E1	3,079087778E0
5,246340000E1	3,967051609E0
5,262356667E1	3,780009683E0
5,279953333E1	2,350693344E0
5,295940000E1	1,968132928E0
5,313550000E1	9,318851586E-1
5,329546667E1	-8,593857500E-1
5,345556667E1	-1,757348778E0
5,363153333E1	-3,126255358E0
5,379153333E1	-3,644778387E0
5,396736667E1	-3,659529852E0
5,412756667E1	-3,275926265E0
5,428753333E1	-3,095558742E0
5,446336667E1	-3,098686084E0
5,462336667E1	-3,054941542E0
5,479946667E1	-2,670632573E0
5,495940000E1	-1,080609521E0
5,513546667E1	-8,094251525E-1
5,529540000E1	-3,432769912E-1
5,545553333E1	3,245924357E-1
5,563143333E1	1,822795043E0
5,579153333E1	2,346277618E0
5,596736667E1	2,930544894E0
5,612750000E1	2,718121887E0
5,628753333E1	2,512478093E0
5,646350000E1	1,964082793E0
5,662350000E1	1,234574401E0
5,679936667E1	2,424157954E-1
5,695950000E1	-1,298056693E-1
5,711943333E1	-1,467922497E0
5,729536667E1	-1,998532568E0
5,745546667E1	-2,086129212E0
5,763156667E1	-2,118660712E0
5,779143333E1	-2,101717998E0
5,796736667E1	-2,114782281E0
5,812736667E1	-2,092371836E0
5,828750000E1	-2,047016511E0
5,846336667E1	-1,972287346E0
5,862346667E1	-1,808714927E0
5,879930000E1	-1,299282747E0
5,895933333E1	-3,143892016E-1
5,911946667E1	9,350437497E-2
5,929540000E1	9,826530081E-1
5,945536667E1	2,111816716E0
5,963126667E1	3,734554290E0
5,979143333E1	3,784223950E0
5,995136667E1	2,835498876E0
6,012733333E1	1,851641048E0
6,028746667E1	1,017708666E0
6,046340000E1	-4,202734231E-1
6,062336667E1	-1,127164259E0
6,078343333E1	-3,121958423E0
6,095930000E1	-3,094950867E0
6,111943333E1	-3,857348191E0
6,129543333E1	-2,994807208E0
6,145543333E1	-2,808978393E0
6,163123333E1	-2,747176032E0
6,179136667E1	-2,679788011E0
6,195136667E1	-2,139887501E0
6,212733333E1	-1,846274855E0
6,228743333E1	-1,121974213E0
6,246340000E1	-1,115551394E0
6,262346667E1	-9,242756000E-2
6,278343333E1	6,254478344E-1
6,295926667E1	1,928289668E0
6,311933333E1	2,010853769E0
6,329520000E1	2,071783697E0
6,345540000E1	2,042693388E0
6,361530000E1	1,883247247E0
6,379126667E1	1,050943225E0
6,395130000E1	1,446392503E-1
6,412740000E1	-8,701323994E-2
6,428743333E1	-1,135832528E0
6,444760000E1	-1,927515775E0
6,462336667E1	-1,995212813E0
6,478336667E1	-2,095669117E0
6,495923333E1	-2,046418260E0
6,511933333E1	-1,988339836E0
6,529533333E1	-1,935769347E0
6,545540000E1	-1,921811844E0
6,561530000E1	-1,858235622E0
6,579123333E1	-1,532557841E0
6,595123333E1	-1,164581683E0
6,612736667E1	-2,861312036E-1
6,628740000E1	-1,267812895E-1
6,644726667E1	2,252106591E-2
6,662323333E1	1,234746294E0
6,678326667E1	2,697157998E0
6,695920000E1	2,912070925E0
6,711923333E1	2,074672960E0
6,727936667E1	1,230531551E0
6,745550000E1	7,740544352E-1
6,761560000E1	-8,760374685E-1
6,779120000E1	-1,690269700E0
6,795123333E1	-3,079257313E0
6,812716667E1	-3,370966531E0
6,828720000E1	-3,281430609E0
6,844740000E1	-3,107842014E0
6,862330000E1	-2,713926046E0
6,878323333E1	-2,705647024E0
6,895913333E1	-2,095852700E0
6,911926667E1	-1,605592215E0
6,927923333E1	-9,943509390E-1
6,945526667E1	-8,310032306E-1
6,961536667E1	-8,385545639E-1
6,979123333E1	-4,339093043E-1
6,995116667E1	3,767661922E-1
7,011130000E1	1,068843272E0
7,028723333E1	1,224674449E0
7,044733333E1	1,293633772E0
7,062326667E1	1,346652803E0
7,078326667E1	1,055419653E0
7,094323333E1	8,741122405E-1
7,111923333E1	-6,678116992E-2
7,127933333E1	-4,465581428E-1
7,145520000E1	-1,047385636E0
7,161523333E1	-2,024203514E0
7,179123333E1	-2,117557785E0
7,195116667E1	-2,107454129E0
7,211130000E1	-2,089269763E0
7,228726667E1	-2,026284726E0
7,244720000E1	-1,753568283E0
7,262326667E1	-1,232940794E0
7,278326667E1	-1,113150209E0
7,294320000E1	-9,285161515E-1
7,311926667E1	-8,169439639E-1
7,327933333E1	-1,739213601E-1
7,345520000E1	-1,816689102E-1
7,361533333E1	-2,257039983E-2
7,377530000E1	9,956605350E-1
7,395113333E1	1,689063911E0
7,411146667E1	2,058937925E0
7,428726667E1	1,176858088E0
7,444716667E1	9,586919746E-1
7,460730000E1	2,048420118E-1
7,478330000E1	-9,408425783E-1
7,494330000E1	-1,819433618E0
7,511910000E1	-3,080846581E0
7,527930000E1	-3,228591526E0
7,545513333E1	-3,168475744E0
7,561526667E1	-3,026780692E0
7,577523333E1	-2,889818892E0
7,595126667E1	-2,659001981E0
7,611123333E1	-1,561614417E0
7,628720000E1	-1,045555346E0
7,644716667E1	-6,385225324E-1
7,660730000E1	-1,667386891E-1
7,678316667E1	-1,205984871E-1
7,694326667E1	4,506018727E-2
7,711906667E1	7,394692551E-1
7,727926667E1	1,038483834E0
7,743956667E1	1,091279143E0
7,761520000E1	1,032385048E0
7,777513333E1	1,001123658E0
7,795106667E1	7,191780205E-1
7,811113333E1	1,703115447E-1
7,828706667E1	-1,800054767E-1
7,844710000E1	-8,914866907E-1
7,860713333E1	-1,195557144E0
7,878306667E1	-1,923971196E0
7,894306667E1	-2,019396254E0
7,911906667E1	-2,121547996E0
7,927923333E1	-2,092408507E0
7,943943333E1	-1,941965223E0
7,961516667E1	-1,190498574E0
7,977526667E1	-1,068828964E0
7,995103333E1	-1,002596158E0
8,011106667E1	-3,041072389E-1
8,027143333E1	-1,299127081E-1
8,044720000E1	4,117247104E-1
8,060723333E1	9,722192996E-2
8,078313333E1	6,542896437E-1
8,094306667E1	1,298772519E0
8,110313333E1	1,064429721E0
8,127906667E1	1,694822078E0
8,143953333E1	7,763769393E-1
8,161516667E1	2,149955078E-1
8,177506667E1	-5,613419767E-1
8,195103333E1	-1,095333101E0
8,211143333E1	-2,105430374E0
8,227110000E1	-3,172396102E0
8,244716667E1	-3,241126018E0
8,260720000E1	-3,140545318E0
8,278296667E1	-2,953604892E0
8,294316667E1	-2,618445261E0
8,310316667E1	-2,239717258E0
8,327906667E1	-1,155183643E0
8,343916667E1	-9,797465127E-1
8,361513333E1	4,317113958E-2
8,377520000E1	1,057580079E-2
8,393506667E1	1,151389393E-1
8,411116667E1	8,786482435E-1
8,427103333E1	1,054812400E0
8,444710000E1	1,281536020E0
8,460706667E1	1,092094768E0
8,476720000E1	9,918741058E-1
8,494306667E1	7,943031547E-1
8,510320000E1	9,331091878E-2
8,527916667E1	-1,509257278E-1
8,543906667E1	-8,582774128E-1
8,561513333E1	-1,015526925E0
8,577503333E1	-1,914896247E0
8,593516667E1	-2,132903378E0
8,611113333E1	-2,210030014E0
8,627116667E1	-2,112029672E0
8,644706667E1	-2,054630173E0
8,660706667E1	-1,884820232E0
8,676716667E1	-1,792156927E0
8,694300000E1	-1,021259005E0
8,710300000E1	-9,542131962E-1
8,727896667E1	-1,378581751E-1
8,743896667E1	4,114121991E-1
8,759910000E1	8,965038665E-1
8,777516667E1	8,468081215E-1
8,793506667E1	1,347823395E0
8,811096667E1	1,952099525E0
8,827096667E1	1,559070710E0
8,844693333E1	1,020773310E0
8,860700000E1	2,031599932E-1
8,876713333E1	1,742135127E-3
8,894313333E1	-1,467216408E0
8,910303333E1	-1,931169099E0
8,927893333E1	-3,110978786E0
8,943903333E1	-3,474427419E0
8,959916667E1	-3,276120015E0
8,977510000E1	-2,702800277E0
8,993513333E1	-2,304057976E0
9,011106667E1	-2,235022597E0
9,027103333E1	-2,016309895E0
9,043110000E1	-1,318374454E0
9,060693333E1	-8,950615360E-1
9,076703333E1	1,221017187E-1
9,094296667E1	1,967249420E-1
9,110310000E1	6,623005887E-1
9,126300000E1	1,046500931E0
9,143910000E1	1,479331787E0
9,159906667E1	1,770797725E0
9,177496667E1	1,144151073E0
9,193506667E1	1,025183201E0
9,211090000E1	7,556161713E-1
9,227100000E1	-5,586327662E-2
9,243110000E1	-7,220128102E-1
9,260706667E1	-1,081138297E0
9,276706667E1	-1,317778136E0
9,294286667E1	-2,092993759E0
9,310310000E1	-2,357068855E0
9,326300000E1	-2,375792589E0
9,343896667E1	-2,131118899E0
9,359900000E1	-2,028915205E0
9,377486667E1	-1,365812027E0
9,393503333E1	-1,171474875E0
9,409510000E1	-1,020670191E0
9,427090000E1	-9,434060467E-1
9,443100000E1	-3,461426326E-1
9,460703333E1	7,169479952E-1
9,476700000E1	8,793770666E-1
9,492703333E1	9,075276110E-1
9,510296667E1	1,957431287E0
9,526306667E1	1,990027066E0
9,543900000E1	1,841225796E0
9,559906667E1	1,047059573E0
9,577486667E1	2,036265776E-1
9,593490000E1	-2,072552081E-1
9,609493333E1	-1,868653266E0
9,627093333E1	-2,255385507E0
9,643110000E1	-3,912536458E0
9,660700000E1	-3,755324589E0
9,676706667E1	-3,757358103E0
9,692693333E1	-2,842048097E0
9,710300000E1	-2,276768967E0
9,726296667E1	-2,234373961E0
9,743906667E1	-1,996725630E0
9,759900000E1	-1,657426589E0
9,775900000E1	-2,160166990E-1
9,793500000E1	7,704860201E-2
9,809490000E1	1,026648213E-1
9,827096667E1	8,018032085E-1
9,843113333E1	1,068980203E0
9,860696667E1	1,960079170E0
9,876700000E1	1,935303043E0
9,892693333E1	1,382909321E0
9,910290000E1	1,024694483E0
9,926296667E1	7,878290842E-1
9,943876667E1	1,025490854E-2
9,959896667E1	-9,393907211E-1
9,975896667E1	-1,190825760E0
9,993496667E1	-1,785813838E0
1,000949667E2	-2,350418018E0
1,002709333E2	-2,695826433E0
1,004308667E2	-2,822546561E0
1,005909667E2	-2,653056865E0
1,007669333E2	-1,856781239E0
1,009269000E2	-1,176231308E0
1,011029667E2	-1,086949094E0
1,012630000E2	-1,024428707E0
1,014230000E2	-9,374422135E-1
1,015989667E2	-1,038302820E-1
1,017590000E2	6,154375515E-1
1,019349333E2	6,888381052E-1
1,020948333E2	1,010870182E0
1,022708000E2	2,320416471E0
1,024309667E2	2,036986184E0
1,025909333E2	2,006468203E0
1,027669333E2	9,912338003E-1
1,029268667E2	8,174667475E-1
1,031028333E2	-8,436026522E-1
1,032629000E2	-1,722194631E0
1,034229667E2	-2,991151312E0
1,035988000E2	-3,956968079E0
1,037588667E2	-3,934898879E0
1,039349333E2	-3,641480515E0
1,040948000E2	-3,124662838E0
1,042549000E2	-2,654193015E0
1,044308000E2	-2,408904073E0
1,045908000E2	-1,955041889E0
1,047667667E2	-1,047940520E0
1,049269333E2	-3,187100543E-2
1,050869333E2	5,607182689E-2
1,052628000E2	2,233144357E-1
1,054228667E2	8,551945489E-1
1,055988667E2	1,041039440E0
1,057589000E2	1,921734845E0
1,059348667E2	1,964475024E0
1,060949000E2	1,799058428E0
1,062549333E2	1,101464116E0
1,064309333E2	7,394045354E-1
1,065908667E2	1,790286289E-2
1,067668667E2	-8,934855499E-1
1,069269000E2	-1,111946817E0
1,070868667E2	-1,922025217E0
1,072627333E2	-2,749943546E0
1,074229000E2	-2,826104693E0
1,075987333E2	-2,845595625E0
1,077589333E2	-2,678159423E0
1,079189333E2	-1,883826890E0
1,080948333E2	-1,418126143E0
1,082549000E2	-1,074672546E0
1,084307000E2	-1,039334036E0
1,085908333E2	-7,871288909E-1
1,087667000E2	2,433403170E-2
1,089267667E2	4,209173492E-1
1,090868333E2	4,423899543E-1
1,092627000E2	1,546024179E0
1,094229333E2	2,370571695E0
1,095987667E2	1,856000321E0
1,097588333E2	1,838122975E0
1,099188667E2	1,013445749E0
1,100948667E2	8,304542716E-1
1,102548667E2	-8,315441534E-1
1,104307000E2	-1,248102909E0
1,105908333E2	-3,844399666E0
1,107509000E2	-4,045030008E0
1,109268667E2	-3,991913859E0
1,110867667E2	-3,473141647E0
1,112627000E2	-2,999945083E0
1,114228000E2	-2,896355167E0
1,115828000E2	-2,285623388E0
1,117587000E2	-1,921843956E0
1,119187333E2	-8,940294333E-1
1,120947667E2	7,976127880E-2
1,122547333E2	2,118572482E-1
1,124306667E2	2,560065411E-1
1,125907667E2	9,550358685E-1
1,127507333E2	1,203663166E0
1,129267333E2	1,758218469E0
1,130867333E2	1,727539062E0
1,132626333E2	1,276155373E0
1,134229000E2	9,702315289E-1
1,135827667E2	5,419577951E-1
1,137586667E2	-1,873383038E-1
1,139187333E2	-9,440321867E-1
1,140946667E2	-1,118060378E0
1,142546333E2	-2,046173526E0
1,144147000E2	-2,824764239E0
1,145908000E2	-2,866517772E0
1,147507333E2	-2,795853056E0
1,149266667E2	-2,430536850E0
1,150866667E2	-1,897226491E0
1,152466333E2	-1,432819574E0
1,154227667E2	-1,068922852E0
1,155827000E2	-1,025504764E0
1,157587000E2	-7,374576648E-1
1,159187000E2	9,228440517E-3
1,160947333E2	4,765539684E-1
1,162547333E2	6,818849364E-1
1,164146667E2	1,829029208E0
1,165906333E2	2,044691849E0
1,167508000E2	1,840499077E0
1,169267000E2	1,458638517E0
1,170867333E2	7,521458702E-1
1,172466667E2	2,011402147E-1
1,174228000E2	-9,838445932E-1
1,175829667E2	-1,856202004E0
1,177588000E2	-3,872215556E0
1,179188000E2	-3,615702730E0
1,180787333E2	-3,952052970E0
1,182548333E2	-3,151673825E0
1,184148000E2	-2,874996533E0
1,185907667E2	-2,770756535E0
1,187506667E2	-2,357294719E0
1,189267000E2	-1,951112170E0
1,190867000E2	-7,268167837E-1
1,192468000E2	1,841135101E-2
1,194227667E2	3,146509521E-2
1,195828000E2	3,318978987E-1
1,197587333E2	1,000639149E0
1,199187000E2	1,214575198E0
1,200788000E2	1,618690416E0
1,202546333E2	1,368372729E0
1,204148000E2	1,212843201E0
1,205907000E2	9,561873805E-1
1,207506000E2	2,140733074E-1
1,209107667E2	-6,729583572E-1
1,210867000E2	-1,013491448E0
1,212467333E2	-1,186195441E0
1,214227000E2	-2,001259146E0
1,215827333E2	-2,414102489E0
1,217428000E2	-2,791438951E0
1,219186000E2	-2,655037370E0
1,220787000E2	-2,223389505E0
1,222547000E2	-1,804565005E0
1,224146000E2	-1,249430957E0
1,225905333E2	-1,102952849E0
1,227506667E2	-1,009950055E0
1,229106333E2	-6,263807177E-1
1,230868000E2	3,358095189E-1
1,232467333E2	6,171963832E-1
1,234226667E2	8,343673004E-1
1,235827000E2	1,899507480E0
1,237427000E2	1,928548351E0
1,239185667E2	1,693675081E0
1,240786667E2	1,090437100E0
1,242547000E2	8,495288717E-1
1,244147333E2	-6,007828920E-2
1,245747000E2	-1,044556111E0
1,247507000E2	-2,039996341E0
1,249107000E2	-3,214510123E0
1,250865667E2	-3,287063960E0
1,252465667E2	-3,209069559E0
1,254066333E2	-2,989802594E0
1,255825667E2	-2,809962617E0
1,257426000E2	-2,848576804E0
1,259185333E2	-2,103554351E0
1,260787000E2	-1,914277702E0
1,262545000E2	-4,316889391E-1
1,264146667E2	-6,916772129E-2
1,265746000E2	-4,159505573E-3
1,267506667E2	2,138586879E-1
1,269107000E2	9,191065664E-1
1,270865000E2	1,768186234E0
1,272466667E2	1,741371052E0
1,274066333E2	1,799097193E0
1,275826000E2	1,054403877E0
1,277426333E2	2,927719385E-1
1,279187667E2	5,539615308E-2
1,280786000E2	-8,704333127E-1
1,282386333E2	-1,086243650E0
1,284146000E2	-1,624906542E0
1,285745667E2	-2,101554798E0
1,287506333E2	-2,144269386E0
1,289106333E2	-2,686362376E0
1,290864667E2	-2,304772370E0
1,292466667E2	-2,025574575E0
1,294066333E2	-1,484903735E0
1,295825333E2	-1,224912268E0
1,297425333E2	-1,251230744E0
1,299185333E2	-9,905525111E-1
1,300786667E2	-7,706466125E-1
1,302386667E2	1,151547450E-1
1,304146333E2	1,389801469E-1
1,305745667E2	1,027637388E0
1,307507000E2	2,064099416E0
1,309105667E2	1,474495102E0
1,310705333E2	1,649574057E0
1,312465000E2	8,967807809E-1
1,314065000E2	7,093743240E-1
1,315825000E2	-8,686381220E-1
1,317424333E2	-1,084689682E0
1,319026667E2	-2,998108742E0
1,320784333E2	-3,465888378E0
1,322385000E2	-3,523240525E0
1,324144667E2	-2,961749695E0
1,325745000E2	-2,737206107E0
1,327505333E2	-2,640276193E0
1,329106000E2	-2,431730382E0
1,330706333E2	-1,935666460E0
1,332466667E2	-1,119359056E0
1,334065667E2	-8,170897725E-2
1,335824000E2	-2,778258895E-2
1,337424333E2	1,862755813E-2
1,339024333E2	6,592365868E-1
1,340784333E2	1,046524104E0
1,342384667E2	1,141123483E0
1,344146000E2	1,628754746E0
1,345744667E2	1,472233062E0
1,347346333E2	8,691479279E-1
1,349104667E2	6,348704632E-2
1,350705333E2	-2,001735176E-1
1,352464333E2	-1,035739287E0
1,354064667E2	-1,581524615E0
1,355668000E2	-1,879411067E0
1,357425667E2	-2,162517057E0
1,359026000E2	-2,210224077E0
1,360785333E2	-2,208710038E0
1,362385000E2	-2,121285085E0
1,364144000E2	-1,866293319E0
1,365745333E2	-1,628907912E0
1,367348333E2	-1,212395735E0
1,369105000E2	-1,080807464E0
1,370705000E2	-4,664744915E-1
1,372464333E2	7,896282128E-3
1,374064667E2	4,316963977E-2
1,375665667E2	3,420781949E-1
1,377424333E2	1,873440441E0
1,379025667E2	1,630385479E0
1,380784667E2	1,215432538E0
1,382385667E2	9,091841778E-1
1,383985333E2	6,418032193E-1
1,385744000E2	8,480221359E-2
1,387344667E2	-9,529650566E-1
1,389104333E2	-2,150902942E0
1,390704333E2	-3,385308422E0
1,392465000E2	-3,532301971E0
1,394064333E2	-3,106956994E0
1,395665667E2	-2,833872010E0
1,397424000E2	-2,758883233E0
1,399024333E2	-2,685952281E0
1,400783667E2	-1,975578353E0
1,402384333E2	-1,409194810E0
1,403985667E2	-2,443576282E-1
1,405744000E2	-7,481120869E-3
1,407345333E2	1,486148441E-2
1,409104667E2	1,717992591E-1
1,410704000E2	6,865083750E-1
