tömeg_A
t	x
0,000000000E0	2,842170943E-13
1,600333333E-1	4,423451760E-2
3,359333333E-1	2,332508723E-2
4,960333333E-1	4,970356942E-2
6,719666667E-1	3,112181805E-2
8,320000000E-1	4,778954587E-2
1,007900000E0	3,485682500E-2
1,167966667E0	6,345576224E-2
1,328033333E0	3,652750788E-2
1,503966667E0	3,926122869E-2
1,664000000E0	3,341758855E-2
1,840066667E0	2,153728083E-2
2,000000000E0	4,305833447E-2
2,160000000E0	5,385311895E-2
2,336133333E0	3,445734945E-2
2,496000000E0	3,812891246E-2
2,671966667E0	4,562179810E-2
2,832000000E0	3,215490709E-2
2,992133333E0	2,717886632E-2
3,168000000E0	1,876423153E-2
3,327966667E0	2,442791208E-2
3,504033333E0	4,450728699E-2
3,664066667E0	4,193615863E-2
3,840000000E0	4,346573273E-2
4,000066667E0	-2,105321252E-2
4,159933333E0	1,872975662E-2
4,336033333E0	2,691089480E-2
4,496000000E0	4,082165018E-2
4,672033333E0	1,096390542E-2
4,832066667E0	1,248669137E-2
4,992000000E0	4,534078528E-2
5,167933333E0	1,054009220E-2
5,327966667E0	1,302223975E-1
5,504000000E0	9,296073580E-1
5,664100000E0	9,013530625E-1
5,824100000E0	3,069922492E-1
6,000033333E0	5,089939877E-2
6,160000000E0	-7,367450568E-1
6,336000000E0	-1,050159021E0
6,495933333E0	-1,080194785E0
6,656000000E0	-1,078532790E0
6,831900000E0	-3,573319862E-2
6,992066667E0	1,242382578E-2
7,168000000E0	-6,407871210E-2
7,328033333E0	-1,175162146E-2
7,504000000E0	4,112876901E-2
7,663900000E0	2,594661832E-1
7,824066667E0	3,838007955E-1
7,999900000E0	1,334248149E-1
8,159900000E0	7,566833269E-2
8,335966667E0	1,343309322E-1
8,496000000E0	2,303180601E-1
8,655933333E0	1,013420433E-1
8,831866667E0	4,510343092E-1
8,992033333E0	5,576261199E-1
9,167833333E0	3,529339570E-1
9,328000000E0	4,806312710E-1
9,488000000E0	1,613028246E-1
9,663866667E0	-2,940179459E-1
9,823966667E0	-1,075935311E0
1,000000000E1	-1,140320298E0
1,016000000E1	-1,148450914E0
1,032000000E1	-1,113880167E0
1,049593333E1	-8,790989549E-1
1,065586667E1	1,034014779E-1
1,083183333E1	7,742573608E-1
1,099196667E1	9,258487061E-1
1,116783333E1	1,655572011E0
1,132800000E1	1,221095433E0
1,148793333E1	3,866578617E-1
1,166383333E1	-2,859236129E-1
1,182383333E1	-8,866039251E-1
1,199980000E1	-9,921802162E-1
1,216000000E1	-1,106376898E0
1,231983333E1	-1,030572657E0
1,249593333E1	-8,051840285E-1
1,265586667E1	-9,387095687E-2
1,283183333E1	-4,344503597E-2
1,299196667E1	-9,557020796E-2
1,315190000E1	-5,369968837E-2
1,332800000E1	-1,188734302E-1
1,348796667E1	-2,757012180E-1
1,366396667E1	-6,394902821E-1
1,382383333E1	-8,984650903E-1
1,399976667E1	-9,102666599E-1
1,415996667E1	-7,400408513E-1
1,431990000E1	9,724715177E-1
1,449593333E1	1,442513728E0
1,465593333E1	1,811257402E0
1,483176667E1	1,496213973E0
1,499193333E1	1,023148998E0
1,515190000E1	1,604264430E-1
1,532790000E1	-1,958233623E-1
1,548786667E1	-9,582319403E-1
1,566393333E1	-1,151814816E0
1,582393333E1	-1,196373681E0
1,598383333E1	-1,222667789E0
1,615990000E1	-9,334679995E-1
1,631993333E1	1,717651509E-1
1,649593333E1	1,048803032E0
1,665586667E1	1,102570628E0
1,681586667E1	1,542194581E0
1,699180000E1	9,705117008E-1
1,715183333E1	-1,663978334E-2
1,732793333E1	-1,034771172E0
1,748786667E1	-1,743559842E0
1,766390000E1	-2,074600100E0
1,782393333E1	-2,095094803E0
1,798383333E1	-1,119119800E0
1,815990000E1	8,290706747E-2
1,831990000E1	1,236038192E0
1,849573333E1	1,015683133E0
1,865586667E1	8,568418356E-1
1,881586667E1	7,604549356E-1
1,899183333E1	1,344681693E-1
1,915180000E1	-1,806045371E-1
1,932783333E1	-9,531766637E-1
1,948790000E1	-1,076390669E0
1,964790000E1	-1,033457195E0
1,982376667E1	-6,861962688E-1
1,998380000E1	8,753432810E-1
2,015983333E1	1,450298166E0
2,031986667E1	2,171904848E0
2,047993333E1	1,780009686E0
2,065583333E1	9,323229890E-1
2,081573333E1	2,179509317E-1
2,099180000E1	-7,244303555E-1
2,115176667E1	-1,207035925E0
2,132783333E1	-1,855450760E0
2,148786667E1	-1,847592926E0
2,164786667E1	-1,701553526E0
2,182380000E1	-6,662501918E-1
2,198386667E1	7,553582050E-1
2,215980000E1	1,669824698E0
2,231986667E1	2,166181276E0
2,247986667E1	3,027044501E0
2,265580000E1	1,778278661E0
2,281580000E1	-6,227891563E-2
2,299183333E1	-1,077471763E0
2,315173333E1	-1,968466061E0
2,331183333E1	-2,725163701E0
2,348783333E1	-2,635504561E0
2,364780000E1	-9,945781906E-1
2,382380000E1	1,303779747E-2
2,398380000E1	1,436346457E0
2,415976667E1	1,744839174E0
2,431970000E1	9,744368942E-1
2,447970000E1	7,355900399E-1
2,465570000E1	7,589111376E-2
2,481586667E1	-8,316212046E-1
2,499176667E1	-9,918115115E-1
2,515176667E1	-1,107526861E0
2,531173333E1	-1,124348144E0
2,548770000E1	-9,297236611E-1
2,564780000E1	9,439361033E-1
2,582366667E1	2,153473637E0
2,598366667E1	2,986133261E0
2,614383333E1	2,704369851E0
2,631966667E1	1,443101391E0
2,647973333E1	4,856044083E-1
2,665570000E1	-3,185465969E-1
2,681563333E1	-1,408662341E0
2,697580000E1	-2,281674672E0
2,715173333E1	-2,239191228E0
2,731166667E1	-2,059463482E0
2,748766667E1	-5,473598213E-1
2,764773333E1	1,058071764E0
2,782373333E1	2,381246313E0
2,798373333E1	2,347264531E0
2,814380000E1	2,284543897E0
2,831966667E1	1,683304102E0
2,847966667E1	-2,470236607E-1
2,865563333E1	-1,082119354E0
2,881573333E1	-2,049935353E0
2,897573333E1	-2,517855488E0
2,915173333E1	-2,501381902E0
2,931163333E1	-1,115296448E0
2,948760000E1	2,029013907E-1
2,964763333E1	1,471100179E0
2,980773333E1	2,780215798E0
2,998366667E1	1,708739088E0
3,014376667E1	9,837659390E-1
3,031976667E1	7,852130693E-1
3,047976667E1	-5,258911039E-1
3,063966667E1	-1,524724370E0
3,081566667E1	-1,778643569E0
3,097573333E1	-1,775911085E0
3,115166667E1	-5,904012695E-1
3,131176667E1	9,361124553E-1
3,148756667E1	2,231518741E0
3,164770000E1	3,162987093E0
3,180780000E1	3,064221067E0
3,198376667E1	1,351939464E0
3,214373333E1	7,926464958E-1
3,231973333E1	-8,291285354E-1
3,247973333E1	-1,974945603E0
3,263970000E1	-2,323065010E0
3,281570000E1	-2,525578354E0
3,297573333E1	-2,187596808E0
3,315160000E1	-9,077520694E-1
3,331166667E1	8,572864677E-1
3,347166667E1	2,370158346E0
3,364770000E1	2,932290415E0
3,380756667E1	2,939412799E0
3,398360000E1	2,187890056E0
3,414370000E1	3,491505788E-2
3,431953333E1	-8,656470600E-1
3,447973333E1	-2,184717760E0
3,463960000E1	-2,906800177E0
3,481553333E1	-2,867093587E0
3,497566667E1	-1,568605669E0
3,515170000E1	7,114100782E-1
3,531166667E1	1,174885245E0
3,547170000E1	2,786720145E0
3,564770000E1	2,104438566E0
3,580760000E1	9,075021261E-1
3,598353333E1	9,722548508E-2
3,614370000E1	-8,655224078E-1
3,630373333E1	-1,876904144E0
3,647963333E1	-2,151112510E0
3,663963333E1	-2,125299943E0
3,681570000E1	-1,037534775E0
3,697560000E1	8,959536834E-1
3,713560000E1	2,222290122E0
3,731170000E1	3,763377661E0
3,747166667E1	3,220985512E0
3,764753333E1	2,023786200E0
3,780753333E1	9,873481815E-1
3,798350000E1	-9,674939506E-2
3,814353333E1	-1,923456408E0
3,830353333E1	-2,910989144E0
3,847960000E1	-2,893637347E0
3,863963333E1	-2,720828753E0
3,881560000E1	-1,055243171E0
3,897566667E1	4,089797193E-1
3,913566667E1	2,221443989E0
3,931150000E1	3,064914005E0
3,947160000E1	2,474858470E0
3,964750000E1	2,079996920E0
3,980753333E1	1,425891620E-1
3,996756667E1	-1,383706119E0
4,014350000E1	-2,083964573E0
4,030363333E1	-3,083094777E0
4,047960000E1	-3,109775218E0
4,063966667E1	-1,934633526E0
4,079960000E1	9,992495221E-1
4,097553333E1	1,162179060E0
4,113553333E1	2,171825386E0
4,131163333E1	2,563101685E0
4,147166667E1	1,216845863E0
4,164756667E1	-3,112743967E-3
4,180746667E1	-7,976727523E-1
4,196753333E1	-1,710867818E0
4,214356667E1	-2,665547992E0
4,230350000E1	-2,469630102E0
4,247943333E1	-1,376211568E0
4,263963333E1	4,025023194E-1
4,279966667E1	1,832867956E0
4,297550000E1	3,268636186E0
4,313550000E1	3,756748669E0
4,331146667E1	2,136215134E0
4,347160000E1	1,102295069E0
4,363160000E1	3,831214575E-2
4,380750000E1	-1,420302394E0
4,396763333E1	-2,794471607E0
4,414346667E1	-2,864194559E0
4,430363333E1	-2,951926601E0
4,447953333E1	-1,150253022E0
4,463950000E1	2,205045779E-1
4,479960000E1	2,085336761E0
4,497546667E1	2,944887893E0
4,513556667E1	2,862000041E0
4,531153333E1	1,816401526E0
4,547163333E1	8,863174902E-1
4,563150000E1	-6,479259966E-1
4,580760000E1	-1,373719347E0
4,596756667E1	-2,812667431E0
4,614350000E1	-2,791440451E0
4,630356667E1	-1,804502772E0
4,646356667E1	-9,467391520E-2
4,663956667E1	1,584042512E0
4,679953333E1	1,606401688E0
4,697546667E1	2,066597068E0
4,713550000E1	1,146850335E0
4,729550000E1	1,425571316E-2
4,747146667E1	-1,020869162E0
4,763150000E1	-1,581884481E0
4,780753333E1	-2,841404006E0
4,796750000E1	-2,967889912E0
4,814340000E1	-1,994522084E0
4,830343333E1	9,256492453E-2
4,846353333E1	1,891040440E0
4,863956667E1	2,851890302E0
4,879950000E1	3,697198711E0
4,897550000E1	3,029197182E0
4,913543333E1	1,094486119E0
4,929556667E1	3,537127448E-1
4,947143333E1	-8,691918876E-1
4,963156667E1	-2,050545283E0
4,980753333E1	-2,424717453E0
4,996750000E1	-2,575629006E0
5,012750000E1	-1,618187037E0
5,030356667E1	-2,287579837E-1
5,046343333E1	1,148682422E0
5,063946667E1	2,117805022E0
5,079950000E1	2,126856783E0
5,095956667E1	1,531902743E0
5,113543333E1	9,592503942E-1
5,129543333E1	-1,724555356E-1
5,147150000E1	-1,797197321E0
5,163143333E1	-1,887937505E0
5,180750000E1	-2,334090757E0
5,196740000E1	-1,783528988E0
5,212750000E1	-5,420749260E-1
5,230350000E1	1,235643489E0
5,246350000E1	1,876323542E0
5,263946667E1	1,744679206E0
5,279950000E1	1,920881966E0
5,295943333E1	1,171270994E-1
5,313543333E1	-3,317363054E-1
5,329543333E1	-1,105321636E0
5,347136667E1	-1,942011490E0
5,363136667E1	-2,555782017E0
5,379143333E1	-2,096099526E0
5,396746667E1	-6,961521804E-1
5,412736667E1	1,130935055E0
5,430343333E1	2,066725069E0
5,446340000E1	2,764756807E0
5,463946667E1	2,945774063E0
5,479943333E1	1,264422781E0
5,495940000E1	2,746212121E-1
5,513543333E1	3,243464637E-3
5,529540000E1	-1,267402207E0
5,547136667E1	-2,215876997E0
5,563133333E1	-2,298245549E0
5,579150000E1	-1,930738901E0
5,596736667E1	-8,375332408E-1
5,612743333E1	5,958735386E-1
5,630343333E1	2,046214658E0
5,646336667E1	2,291103721E0
5,662343333E1	1,848782485E0
5,679933333E1	8,915754543E-1
5,695943333E1	2,177248235E-1
5,713543333E1	-8,340020703E-1
5,729536667E1	-1,578048691E0
5,745546667E1	-2,087468068E0
5,763133333E1	-1,541656746E0
5,779146667E1	-1,022847120E0
5,796730000E1	5,583180124E-3
5,812750000E1	1,338091527E0
5,830340000E1	1,096880698E0
5,846333333E1	1,089292946E0
5,862340000E1	8,120999891E-1
5,879930000E1	-7,784351972E-1
5,895926667E1	-9,305620942E-1
5,913526667E1	-1,050685615E0
5,929530000E1	-2,074318281E0
5,945546667E1	-2,027049218E0
5,963130000E1	-1,161308503E0
5,979143333E1	7,560574249E-1
5,996733333E1	1,752726370E0
6,012743333E1	2,152000499E0
6,028743333E1	2,913678909E0
6,046340000E1	1,948563719E0
6,062340000E1	8,673379163E-1
6,079936667E1	2,884070604E-2
6,095943333E1	-6,316041060E-1
6,111940000E1	-1,835011904E0
6,129526667E1	-2,057683859E0
6,145533333E1	-1,992586803E0
6,163126667E1	-1,077260125E0
6,179133333E1	-1,870710277E-1
6,196740000E1	9,490288728E-1
6,212726667E1	1,940087819E0
6,228740000E1	1,779930658E0
6,246340000E1	8,370852515E-1
6,262330000E1	3,728088920E-1
6,279930000E1	-3,345784940E-2
6,295930000E1	-1,039182258E0
6,311926667E1	-1,036279637E0
6,329523333E1	-1,785089561E0
6,345540000E1	-9,352599215E-1
6,363130000E1	-5,676996977E-1
6,379123333E1	1,052907403E0
6,395133333E1	9,745092348E-1
6,412733333E1	9,468408960E-1
6,428740000E1	1,232172757E0
6,446333333E1	-8,930933996E-2
6,462320000E1	-8,275723202E-1
6,479916667E1	-8,911792430E-1
6,495926667E1	-1,565277642E0
6,511926667E1	-1,925315230E0
6,529536667E1	-1,545892478E0
6,545543333E1	-5,892257750E-2
6,563133333E1	1,186400895E0
6,579130000E1	1,707754746E0
6,595133333E1	2,162743036E0
6,612723333E1	2,148298857E0
6,628730000E1	1,009574591E0
6,646330000E1	2,455215769E-1
6,662333333E1	-2,157093229E-2
6,678330000E1	-1,033799659E0
6,695926667E1	-1,696229492E0
6,711923333E1	-1,770534449E0
6,729536667E1	-1,090794225E0
6,745523333E1	-7,287206365E-1
6,761540000E1	4,924505351E-2
6,779120000E1	1,216784491E0
6,795126667E1	1,676803945E0
6,812726667E1	1,258307924E0
6,828736667E1	5,666500918E-1
6,846333333E1	2,295352953E-1
6,862320000E1	-3,139142574E-1
6,878323333E1	-9,226732024E-1
6,895930000E1	-1,200606660E0
6,911933333E1	-1,150482338E0
6,929526667E1	-9,451246725E-1
6,945530000E1	-1,286179295E-1
6,961523333E1	1,074856980E0
6,979120000E1	7,793152305E-1
6,995120000E1	8,826586553E-1
7,012723333E1	5,815549286E-1
7,028726667E1	-6,119604002E-1
7,044733333E1	-7,949856769E-1
7,062326667E1	-9,124374132E-1
7,078323333E1	-1,395648572E0
7,095916667E1	-1,280306443E0
7,111920000E1	-1,005345100E0
7,127933333E1	7,277886374E-1
7,145526667E1	1,119743706E0
7,161530000E1	1,425437664E0
7,179126667E1	2,247039989E0
7,195116667E1	1,812990453E0
7,212720000E1	4,779497089E-1
7,228716667E1	8,951610837E-2
7,244733333E1	-3,321123375E-1
7,262330000E1	-1,606990166E0
7,278323333E1	-1,790046393E0
7,295920000E1	-1,762781849E0
7,311916667E1	-1,133455213E0
7,327933333E1	-2,030795823E-1
7,345536667E1	7,490247792E-1
7,361516667E1	1,072262073E0
7,379120000E1	1,124779989E0
7,395123333E1	8,724356927E-1
7,411113333E1	5,689300306E-1
7,428716667E1	3,980545303E-2
7,444726667E1	-6,447758694E-1
7,462313333E1	-6,628548513E-1
7,478323333E1	-1,094014701E0
7,495916667E1	-9,122926442E-1
7,511910000E1	-7,974111722E-1
7,527923333E1	2,711285224E-1
7,545513333E1	5,687678374E-1
7,561520000E1	8,436576040E-1
7,579113333E1	9,636954552E-1
7,595123333E1	-8,146211956E-2
7,611130000E1	-8,687174250E-1
7,628710000E1	-8,684432457E-1
7,644720000E1	-1,130844122E0
7,662306667E1	-1,221966570E0
7,678310000E1	-1,124072801E0
7,694313333E1	-1,445517824E-1
7,711910000E1	7,892437972E-1
7,727926667E1	1,068590637E0
7,745510000E1	2,037492297E0
7,761510000E1	2,007445134E0
7,777516667E1	1,080812034E0
7,795123333E1	2,123894094E-1
7,811123333E1	9,560080531E-2
7,828706667E1	-8,232067020E-1
7,844720000E1	-1,236248973E0
7,862300000E1	-1,352648343E0
7,878303333E1	-1,237306619E0
7,894310000E1	-9,669801117E-1
7,911923333E1	3,494608971E-4
7,927923333E1	9,042639702E-1
7,945500000E1	1,086408519E0
7,961520000E1	1,020091022E0
7,977520000E1	8,983297995E-1
7,995120000E1	6,789362771E-1
8,011106667E1	-2,944052982E-2
8,028713333E1	-5,299497005E-1
8,044716667E1	-1,272544746E0
8,060720000E1	-1,321476122E0
8,078300000E1	-1,142331235E0
8,094313333E1	-6,913299500E-1
8,111916667E1	4,126544164E-1
8,127916667E1	3,501259104E-1
8,143913333E1	1,085578233E0
8,161520000E1	3,902941713E-1
8,177516667E1	-6,802302707E-1
8,195116667E1	-8,073181404E-1
8,211106667E1	-9,007044811E-1
8,228710000E1	-1,164190127E0
8,244720000E1	-1,151947847E0
8,260720000E1	-9,961696813E-1
8,278306667E1	5,539701726E-1
8,294313333E1	8,477547063E-1
8,311896667E1	1,252465705E0
8,327903333E1	2,025685363E0
8,343913333E1	1,895287408E0
8,361513333E1	8,728283201E-1
8,377510000E1	1,338534072E-1
8,395113333E1	-7,024652018E-2
8,411113333E1	-1,149935647E0
8,427110000E1	-1,615162168E0
8,444710000E1	-1,622618115E0
8,460703333E1	-1,400692912E0
8,478310000E1	-6,374081781E-1
8,494313333E1	4,191286378E-1
8,511906667E1	1,093171576E0
8,527910000E1	1,193500920E0
8,543906667E1	9,775238043E-1
8,561500000E1	9,735827832E-1
8,577503333E1	4,768066838E-1
8,595113333E1	-4,122869132E-1
8,611100000E1	-7,002441938E-1
8,627100000E1	-1,568289364E0
8,644703333E1	-1,087201314E0
8,660703333E1	-1,039982294E0
8,678290000E1	-2,896991977E-3
8,694313333E1	2,236669972E-1
8,710306667E1	8,815599987E-1
8,727913333E1	1,145282732E0
8,743916667E1	-2,394253572E-1
8,761496667E1	-6,677278838E-1
8,777500000E1	-7,029841945E-1
8,793503333E1	-1,018218312E0
8,811103333E1	-1,223874733E0
8,827103333E1	-1,164767834E0
8,844696667E1	-4,740697658E-1
8,860696667E1	1,729332924E-1
8,878290000E1	9,958800062E-1
8,894296667E1	2,091403592E0
8,910313333E1	2,067491776E0
8,927900000E1	1,322256274E0
8,943910000E1	3,342063891E-1
8,961503333E1	9,348173395E-2
8,977496667E1	-8,443895365E-1
8,993506667E1	-1,682896584E0
9,011093333E1	-1,674459476E0
9,027093333E1	-1,469104571E0
9,044690000E1	-1,205226756E0
9,060713333E1	-1,621401205E-1
9,076703333E1	9,383271109E-1
9,094303333E1	1,425079427E0
9,110293333E1	1,179000675E0
9,127903333E1	1,085525088E0
9,143906667E1	9,527251954E-1
9,159903333E1	-3,233329833E-1
9,177493333E1	-7,662409630E-1
9,193503333E1	-1,692934933E0
9,211090000E1	-1,657868797E0
9,227093333E1	-1,421595606E0
9,244696667E1	-8,615460945E-1
9,260706667E1	1,921195769E-1
9,276700000E1	5,525933565E-1
9,294293333E1	1,699713550E0
9,310300000E1	8,063145746E-1
9,327900000E1	-6,117025327E-2
9,343903333E1	-6,077549393E-2
9,359900000E1	-7,964620534E-1
9,377486667E1	-1,267371877E0
9,393493333E1	-1,230833709E0
9,411090000E1	-1,252452288E0
9,427103333E1	3,475009868E-2
9,443106667E1	5,668294130E-1
9,460696667E1	1,869714813E0
9,476693333E1	2,153708778E0
9,494286667E1	1,896768091E0
9,510293333E1	9,703208597E-1
9,527896667E1	3,497239181E-1
9,543890000E1	-1,346418348E-1
9,559893333E1	-1,222459080E0
9,577503333E1	-1,665735025E0
9,593506667E1	-1,813755208E0
9,611083333E1	-1,628863520E0
9,627103333E1	-9,441586424E-1
9,643100000E1	3,700045114E-1
9,660690000E1	1,496668455E0
9,676696667E1	1,926509714E0
9,694283333E1	1,508655084E0
9,710286667E1	1,411223475E0
9,726300000E1	1,516724884E-1
9,743900000E1	-8,599661343E-1
9,759900000E1	-1,175029031E0
9,777496667E1	-1,890844633E0
9,793486667E1	-1,997604176E0
9,809493333E1	-1,288624503E0
9,827096667E1	6,569495300E-1
9,843100000E1	6,389542011E-1
9,860683333E1	1,410771464E0
9,876700000E1	1,307377636E0
9,894293333E1	2,963576503E-1
9,910290000E1	2,303525073E-2
9,926290000E1	-2,140580817E-1
9,943896667E1	-1,193749296E0
9,959883333E1	-1,538030874E0
9,977476667E1	-1,327152164E0
9,993493333E1	-5,348684719E-1
1,000948667E2	3,908366229E-1
1,002709667E2	1,281531095E0
1,004308667E2	2,770233739E0
1,006068000E2	2,466333491E0
1,007669000E2	1,278930888E0
1,009268667E2	5,534078496E-1
1,011029333E2	4,945459949E-2
1,012628667E2	-1,130778560E0
1,014388333E2	-1,903553888E0
1,015989333E2	-1,962068247E0
1,017589667E2	-2,120574143E0
1,019349000E2	-1,254503508E0
1,020948667E2	2,722568117E-1
1,022707667E2	1,723179148E0
1,024308333E2	2,028832788E0
1,026068667E2	1,883760258E0
1,027668000E2	1,817816224E0
1,029269667E2	6,623471639E-1
1,031028667E2	-9,183987736E-1
1,032628333E2	-1,156550441E0
1,034389000E2	-2,241681559E0
1,035988000E2	-2,230511690E0
1,037589000E2	-1,995142589E0
1,039348000E2	1,948440910E-1
1,040948667E2	6,543690544E-1
1,042708667E2	1,669540407E0
1,044308667E2	2,059763675E0
1,045908667E2	9,149966558E-1
1,047669000E2	-2,719705909E-2
1,049267667E2	-1,345341514E-1
1,051027333E2	-1,057489790E0
1,052627667E2	-1,897123441E0
1,054387333E2	-1,669399773E0
1,055988000E2	-1,256689524E0
1,057589667E2	2,587957726E-1
1,059348667E2	9,959604054E-1
1,060949000E2	2,855329525E0
1,062708667E2	2,978006319E0
1,064307667E2	2,030880428E0
1,065909000E2	6,780458136E-1
1,067667667E2	8,737695119E-2
1,069267667E2	-1,030030964E0
1,071027667E2	-2,073582595E0
1,072627333E2	-2,220152052E0
1,074228000E2	-2,132687918E0
1,075988667E2	-1,852445716E0
1,077588333E2	-1,531562288E-1
1,079348667E2	1,143528502E0
1,080947333E2	2,067850061E0
1,082548000E2	1,849067039E0
1,084307667E2	1,807596384E0
1,085909000E2	1,331349893E0
1,087668000E2	-8,427160648E-1
1,089267000E2	-1,241716003E0
1,091027667E2	-2,241992254E0
1,092628667E2	-2,641549543E0
1,094228000E2	-2,111552035E0
1,095987333E2	-6,537493437E-2
1,097588333E2	4,025047948E-1
1,099347667E2	1,039584220E0
1,100948667E2	2,135443190E0
1,102548667E2	1,126587183E0
1,104308667E2	4,685032159E-2
1,105908333E2	-2,298680160E-1
1,107667000E2	-8,863424641E-1
1,109267333E2	-2,009430534E0
1,110868667E2	-2,159528358E0
1,112628667E2	-1,982179121E0
1,114227000E2	9,387240935E-2
1,115986667E2	9,385162036E-1
1,117588000E2	2,231608666E0
1,119187333E2	3,148207064E0
1,120947667E2	2,459678885E0
1,122547000E2	1,058610316E0
1,124308333E2	9,491816646E-2
1,125908667E2	-6,015819569E-1
1,127666333E2	-1,934607857E0
1,129268000E2	-2,240894170E0
1,130868333E2	-2,156009503E0
1,132628000E2	-1,976268360E0
1,134228000E2	-8,876386979E-1
1,135986667E2	1,002265916E0
1,137588333E2	2,091294252E0
1,139186333E2	2,150845497E0
1,140948000E2	1,911070846E0
1,142547667E2	1,408222904E0
1,144307333E2	-5,899177740E-1
1,145906333E2	-1,088570148E0
1,147507000E2	-2,049365299E0
1,149267667E2	-2,804408080E0
1,150866667E2	-2,200269029E0
1,152626667E2	-1,115364755E0
1,154227000E2	6,903276700E-1
1,155988333E2	9,034996313E-1
1,157588333E2	2,108030181E0
1,159187000E2	1,876583565E0
1,160947333E2	2,222708723E-1
1,162547000E2	-3,258959966E-1
1,164307000E2	-7,551316305E-1
1,165906000E2	-1,884827718E0
1,167506667E2	-2,266409538E0
1,169266333E2	-2,068396007E0
1,170867000E2	-2,667497391E-1
1,172627333E2	8,583313439E-1
1,174227667E2	1,896890007E0
1,175828000E2	3,218428318E0
1,177586333E2	2,981929885E0
1,179188000E2	1,642694847E0
1,180947000E2	4,127714593E-1
1,182547333E2	-2,238540131E-1
1,184148000E2	-1,782881199E0
1,185906333E2	-2,572110088E0
1,187506667E2	-2,650690790E0
1,189267333E2	-2,111308314E0
1,190866333E2	-1,146110647E0
1,192626000E2	5,606930589E-1
1,194225667E2	2,072902708E0
1,195826333E2	2,625052380E0
1,197585667E2	1,889612543E0
1,199185667E2	1,750973471E0
1,200946667E2	2,403366592E-1
1,202546000E2	-1,349882338E0
1,204147667E2	-1,926238654E0
1,205906667E2	-2,913245782E0
1,207507333E2	-2,381096940E0
1,209266333E2	-2,000483161E0
1,210866667E2	8,025307656E-1
1,212466000E2	9,402918361E-1
1,214226333E2	1,770396069E0
1,215825667E2	2,063949549E0
1,217585667E2	8,503907598E-1
1,219186000E2	-3,659075065E-1
1,220786667E2	-6,673889774E-1
1,222546667E2	-1,947243652E0
1,224147000E2	-2,664382398E0
1,225906333E2	-2,376237145E0
1,227506333E2	-1,188510035E0
1,229266000E2	6,634245765E-1
1,230865667E2	1,289098610E0
1,232467333E2	3,083213385E0
1,234226667E2	3,220049852E0
1,235827333E2	1,979211834E0
1,237585667E2	8,768213659E-1
1,239185667E2	5,040899490E-2
1,240786333E2	-1,233145969E0
1,242545667E2	-2,625819357E0
1,244146000E2	-2,750501596E0
1,245905333E2	-2,727099795E0
1,247506333E2	-1,312155131E0
1,249107333E2	-9,966475615E-2
1,250865333E2	1,777295478E0
1,252467000E2	2,752499639E0
1,254224667E2	2,115141700E0
1,255826000E2	1,700423260E0
1,257585333E2	9,473469087E-1
1,259185000E2	-1,250221509E0
1,260785333E2	-1,983890833E0
1,262545000E2	-2,821756573E0
1,264146667E2	-2,853328619E0
1,265905333E2	-2,121133524E0
1,267506667E2	9,430406971E-2
1,269106667E2	9,939495066E-1
1,270866333E2	1,302459239E0
1,272466667E2	2,325899157E0
1,274224667E2	1,126820983E0
1,275826000E2	-1,177290514E-1
1,277426000E2	-4,328493051E-1
1,279186000E2	-1,117834826E0
1,280785000E2	-2,643866776E0
1,282545000E2	-2,662721353E0
1,284145000E2	-1,952798698E0
1,285747333E2	1,822355433E-1
1,287505333E2	1,133384602E0
1,289105333E2	2,704187283E0
1,290864667E2	3,765368509E0
1,292466333E2	2,473513710E0
1,294225000E2	1,017831987E0
1,295825667E2	2,324111621E-1
1,297425000E2	-9,943434491E-1
1,299185000E2	-2,283839226E0
1,300784667E2	-2,710243541E0
1,302544667E2	-2,691163541E0
1,304146000E2	-1,841066236E0
1,305746000E2	-6,986320830E-1
1,307504667E2	1,256739521E0
1,309106000E2	2,914371900E0
1,310865667E2	2,611117411E0
1,312465667E2	1,786807250E0
1,314065333E2	1,119383335E0
1,315826333E2	-9,763441559E-1
1,317425333E2	-1,770702591E0
1,319186000E2	-2,886256014E0
1,320785000E2	-2,930829524E0
1,322385333E2	-2,364842245E0
1,324146000E2	-7,404611315E-1
1,325744667E2	1,045702740E0
1,327505000E2	1,086802000E0
1,329104333E2	2,120021753E0
1,330865333E2	1,811268641E0
1,332466000E2	4,972943936E-2
1,334065000E2	-7,061331355E-1
1,335825000E2	-9,437763186E-1
1,337425000E2	-2,443041545E0
1,339185667E2	-2,544193999E0
1,340784667E2	-2,306706833E0
1,342384667E2	-4,088695782E-2
1,344146000E2	1,188383328E0
1,345745667E2	2,073269133E0
1,347505333E2	3,502972907E0
1,349104667E2	2,902432458E0
1,350705000E2	1,238759850E0
1,352464333E2	1,907782093E-1
1,354064667E2	-8,290233579E-1
1,355825333E2	-2,461992032E0
1,357424333E2	-2,985566682E0
1,359183333E2	-2,915482418E0
1,360785000E2	-1,749759773E0
1,362384333E2	-1,018395539E0
1,364145000E2	8,885308840E-1
1,365744333E2	2,687896835E0
1,367503333E2	2,669605465E0
1,369104667E2	1,919165211E0
1,370704333E2	1,186159806E0
1,372465000E2	-2,275145775E-1
1,374064333E2	-1,906771541E0
1,375823333E2	-2,454177021E0
1,377424333E2	-2,998766676E0
1,379024000E2	-2,718778664E0
1,380784333E2	-1,604268667E0
1,382386333E2	1,139641795E0
1,384145000E2	1,066991564E0
1,385744000E2	2,063198084E0
1,387345333E2	2,077127203E0
1,389104667E2	3,044223919E-1
1,390703667E2	-6,907335671E-1
1,392464667E2	-9,180544845E-1
1,394064333E2	-2,171391397E0
1,395823667E2	-2,728979915E0
1,397424000E2	-2,457557507E0
1,399025000E2	-7,955946756E-1
1,400784667E2	1,039380662E0
1,402386333E2	1,860816739E0
1,404144333E2	3,296060621E0
