tömeg_A
t	x
0.000000000E0	-9.288824383E-1
1.760000000E-1	-9.440687399E-1
3.361000000E-1	-9.360839499E-1
5.119666667E-1	-9.437838535E-1
6.721333333E-1	-9.436214016E-1
8.320666667E-1	-9.354121334E-1
1.008000000E0	-9.247529340E-1
1.168100000E0	-9.289806197E-1
1.344000000E0	-9.290828577E-1
1.504133333E0	-9.322902871E-1
1.664133333E0	-9.312634628E-1
1.840100000E0	-9.412464439E-1
2.000100000E0	-9.362827302E-1
2.176100000E0	-9.431481685E-1
2.336133333E0	-9.600186909E-1
2.511966667E0	-9.620676393E-1
2.672066667E0	-9.524281018E-1
2.832066667E0	-9.478395107E-1
3.007966667E0	-9.609289581E-1
3.168033333E0	-9.545841259E-1
3.344033333E0	-9.512388744E-1
3.504100000E0	-9.319747022E-1
3.664266667E0	-7.217064533E-1
3.839933333E0	7.345837490E-2
4.000100000E0	1.712163329E-1
4.176066667E0	-9.292961020E-1
4.336033333E0	-1.988256937E0
4.496000000E0	-3.305694613E0
4.672100000E0	-3.072960634E0
4.832100000E0	-1.622913345E0
5.007966667E0	-6.931467409E-1
5.168166667E0	-1.044686495E0
5.328033333E0	-9.328504608E-1
5.504066667E0	-9.464808763E-1
5.664000000E0	-9.742931098E-1
5.840000000E0	-9.790903311E-1
6.000066667E0	-9.939281802E-1
6.176000000E0	-9.203110170E-1
6.336033333E0	-9.130570316E-1
6.495966667E0	-9.156016546E-1
6.671933333E0	-9.304496843E-1
6.831966667E0	-8.409069174E-1
7.007866667E0	-2.305372594E-1
7.168033333E0	-8.963123372E-2
7.328066667E0	7.816255183E-1
7.504000000E0	1.145026702E0
7.663966667E0	1.846798871E-1
7.839933333E0	-2.282349232E0
8.000033333E0	-4.148674925E0
8.159966667E0	-5.013718736E0
8.335900000E0	-4.966190773E0
8.496000000E0	-2.151057744E0
8.671966667E0	-7.393856853E-1
8.831933333E0	-9.758658752E-1
8.992066667E0	-1.999524079E-1
9.168000000E0	-1.901379546E-1
9.327900000E0	-6.745217343E-1
9.504000000E0	-9.590311483E-1
9.663933333E0	-1.104586300E0
9.839966667E0	-1.113172376E0
9.999900000E0	-1.010926517E0
1.015993333E1	-1.046220259E-1
1.033600000E1	9.172980472E-2
1.049586667E1	-1.088582197E-1
1.067190000E1	1.026951618E-1
1.083190000E1	8.576329899E-1
1.099196667E1	1.977468211E0
1.116796667E1	1.944419913E0
1.132796667E1	5.896589431E-2
1.150396667E1	-2.158452611E0
1.166390000E1	-4.888307392E0
1.182390000E1	-6.660906127E0
1.199996667E1	-6.368144769E0
1.215990000E1	-3.826623886E0
1.233593333E1	-1.015829074E0
1.249593333E1	-1.194423399E0
1.267180000E1	1.732074875E-1
1.283190000E1	9.850538866E-1
1.299193333E1	3.404385441E-1
1.316783333E1	-4.761759055E-1
1.332793333E1	-1.118058418E0
1.350383333E1	-1.242910197E0
1.366393333E1	-9.297772923E-1
1.382390000E1	-1.969798249E-1
1.399986667E1	9.409637962E-2
1.415996667E1	1.556984692E-1
1.433593333E1	1.596496171E0
1.449596667E1	2.054243882E0
1.465583333E1	2.150581029E0
1.483183333E1	2.068336166E0
1.499183333E1	6.234885477E-1
1.516793333E1	-2.060855546E0
1.532796667E1	-4.740826001E0
1.548790000E1	-6.961843582E0
1.566390000E1	-7.090427978E0
1.582386667E1	-5.034285118E0
1.599983333E1	-2.440185385E0
1.615996667E1	-1.898603755E0
1.633586667E1	1.711368151E-1
1.649593333E1	1.869400468E0
1.665593333E1	1.110257258E0
1.683186667E1	2.608762786E-1
1.699176667E1	-6.278831809E-1
1.716773333E1	-9.179558691E-1
1.732776667E1	-1.164235926E0
1.748780000E1	-9.100043543E-1
1.766380000E1	4.563624198E-2
1.782380000E1	2.704173823E-1
1.799973333E1	2.104603225E0
1.815986667E1	3.414879102E0
1.831980000E1	3.650475994E0
1.849576667E1	3.025429796E0
1.865580000E1	8.566000716E-1
1.883173333E1	-1.818044643E0
1.899190000E1	-5.098336914E0
1.915183333E1	-7.901658131E0
1.932776667E1	-8.002369691E0
1.948790000E1	-5.830553316E0
1.966393333E1	-2.862197587E0
1.982376667E1	-2.579416112E0
1.999976667E1	-8.288309698E-1
2.015990000E1	1.264209313E0
2.031993333E1	1.721831414E0
2.049580000E1	1.264320546E0
2.065586667E1	-1.167818274E-1
2.083186667E1	-7.189896993E-1
2.099190000E1	-9.076765078E-1
2.115183333E1	-9.186864151E-1
2.132776667E1	-6.615931142E-1
2.148786667E1	-3.812526510E-2
2.166386667E1	2.474617377E0
2.182386667E1	4.008764698E0
2.198393333E1	4.212328769E0
2.215986667E1	4.121851579E0
2.231986667E1	1.536005226E0
2.249586667E1	-1.895084970E0
2.265590000E1	-5.898288294E0
2.283183333E1	-8.618833180E0
2.299183333E1	-8.886234041E0
2.315180000E1	-6.043075589E0
2.332783333E1	-3.262308966E0
2.348786667E1	-3.073707945E0
2.366380000E1	-1.374434200E0
2.382376667E1	8.443127447E-1
2.398376667E1	1.759616419E0
2.415970000E1	1.247729005E0
2.431976667E1	5.030599891E-2
2.449570000E1	-3.114181916E-1
2.465573333E1	-7.909387289E-1
2.481576667E1	-8.303730089E-1
2.499173333E1	-7.908362654E-1
2.515183333E1	-6.118715064E-1
2.532770000E1	1.940501592E0
2.548780000E1	4.304857893E0
2.564786667E1	5.942264061E0
2.582380000E1	5.594600447E0
2.598386667E1	2.287041516E0
2.615970000E1	-1.186092756E0
2.631973333E1	-6.143830085E0
2.649566667E1	-9.465505179E0
2.665583333E1	-9.761113084E0
2.681586667E1	-7.071642558E0
2.699176667E1	-4.014342474E0
2.715176667E1	-3.996554031E0
2.732776667E1	-2.023809577E0
2.748773333E1	3.908020474E-1
2.764780000E1	1.307323319E0
2.782380000E1	1.056921125E0
2.798383333E1	6.402046680E-2
2.815973333E1	-6.863465687E-2
2.831973333E1	-4.740254369E-1
2.847983333E1	-3.574649242E-1
2.865573333E1	-4.917252576E-1
2.881580000E1	-5.407230543E-1
2.899173333E1	1.110717553E0
2.915170000E1	4.127627926E0
2.931166667E1	5.856686071E0
2.948766667E1	6.032500206E0
2.964783333E1	3.803036267E0
2.982363333E1	-6.364470223E-1
2.998373333E1	-5.717023016E0
3.015963333E1	-9.634597807E0
3.031966667E1	-1.014125987E1
3.047973333E1	-8.077690634E0
3.065566667E1	-4.932178026E0
3.081573333E1	-4.368989980E0
3.099166667E1	-2.821307541E0
3.115166667E1	1.699859501E-2
3.131176667E1	1.141286361E0
3.148766667E1	1.043044221E0
3.164776667E1	6.721374104E-2
3.182360000E1	-1.835496816E-1
3.198376667E1	-5.201405051E-1
3.214373333E1	-2.620251961E-1
3.231966667E1	-4.989742990E-1
3.247980000E1	-6.140811989E-1
3.265563333E1	1.026909693E0
3.281573333E1	4.104289168E0
3.299160000E1	5.988785611E0
3.315176667E1	6.104811265E0
3.331163333E1	3.985579552E0
3.348770000E1	9.839373673E-2
3.364760000E1	-5.002644796E0
3.382366667E1	-9.636774319E0
3.398360000E1	-1.025627867E1
3.414366667E1	-8.211585896E0
3.431960000E1	-5.303448945E0
3.447963333E1	-5.051090477E0
3.465556667E1	-3.885663032E0
3.481573333E1	-6.668223429E-1
3.497573333E1	9.472219846E-1
3.515173333E1	1.016767776E0
3.531173333E1	1.012566034E-1
3.548760000E1	-2.384018547E-1
3.564770000E1	-5.196720247E-1
3.580770000E1	-3.306572325E-1
3.598370000E1	-3.078485492E-1
3.614360000E1	-5.209942969E-1
3.631956667E1	1.015333380E0
3.647970000E1	4.164515337E0
3.665566667E1	6.048156432E0
3.681563333E1	6.244081281E0
3.697573333E1	4.129034697E0
3.715170000E1	3.971331562E-2
3.731170000E1	-5.136788900E0
3.748763333E1	-9.084151260E0
3.764770000E1	-9.896545212E0
3.780763333E1	-7.961991614E0
3.798363333E1	-5.807261882E0
3.814360000E1	-5.727299040E0
3.831963333E1	-4.647163343E0
3.847956667E1	-1.553658086E0
3.863970000E1	2.293273831E-1
3.881566667E1	8.134586174E-1
3.897560000E1	4.307032583E-2
3.915163333E1	-6.466409578E-1
3.931163333E1	-7.413276289E-1
3.947160000E1	-9.243790888E-2
3.964753333E1	-5.194872155E-1
3.980760000E1	-2.770201226E-1
3.998366667E1	7.241614929E-1
4.014356667E1	4.266799180E0
4.031953333E1	6.625945807E0
4.047966667E1	6.768449632E0
4.063963333E1	3.880490039E0
4.081553333E1	-6.408999924E-2
4.097556667E1	-5.034351757E0
4.115156667E1	-9.097324140E0
4.131166667E1	-9.660014503E0
4.147166667E1	-7.582255365E0
4.164760000E1	-5.855682002E0
4.180760000E1	-5.748574709E0
4.198350000E1	-4.956249351E0
4.214356667E1	-2.154203124E0
4.230363333E1	-7.139677390E-1
4.247963333E1	-8.579751196E-2
4.263963333E1	-3.579895703E-1
4.281563333E1	-7.987553424E-1
4.297550000E1	-6.699854158E-1
4.315150000E1	-8.924599888E-2
4.331150000E1	-2.937894368E-1
4.347166667E1	-2.245982751E-1
4.364746667E1	2.729823204E-1
4.380760000E1	4.117484301E0
4.398360000E1	6.439655723E0
4.414353333E1	6.265133350E0
4.430363333E1	3.751284205E0
4.447953333E1	-1.411451752E-1
4.463963333E1	-4.994690861E0
4.481546667E1	-9.275985334E0
4.497543333E1	-9.048949058E0
4.513563333E1	-7.019367378E0
4.531153333E1	-5.691545580E0
4.547153333E1	-5.242342998E0
4.564756667E1	-4.648687146E0
4.580756667E1	-2.626450967E0
4.596763333E1	-1.021088049E0
4.614346667E1	-8.639623313E-1
4.630346667E1	-9.216827894E-1
4.647943333E1	-9.255153820E-1
4.663953333E1	-7.314496442E-1
4.681540000E1	-3.512181603E-2
4.697560000E1	-2.170574628E-1
4.713560000E1	-5.156300198E-1
4.731146667E1	5.883727907E-1
4.747156667E1	3.792616430E0
4.764746667E1	6.007382649E0
4.780753333E1	5.775257894E0
4.796756667E1	3.028927171E0
4.814343333E1	-4.175425825E-1
4.830346667E1	-5.273483829E0
4.847940000E1	-9.203805223E0
4.863953333E1	-8.919846335E0
4.879950000E1	-6.668731953E0
4.897546667E1	-5.186004520E0
4.913556667E1	-4.926077637E0
4.931140000E1	-4.166320044E0
4.947146667E1	-2.065628482E0
4.963150000E1	-1.075464010E0
4.980746667E1	-9.723481794E-1
4.996750000E1	-1.068640213E0
5.014340000E1	-1.119657168E0
5.030350000E1	-5.336677523E-1
5.047940000E1	7.307879295E-2
5.063953333E1	8.493012876E-2
5.079950000E1	4.240028652E-2
5.097543333E1	9.690203278E-1
5.113540000E1	3.978349202E0
5.131140000E1	5.894860889E0
5.147140000E1	4.980818019E0
5.163143333E1	2.008687410E0
5.180740000E1	-9.814911405E-1
5.196740000E1	-5.521808941E0
5.214340000E1	-8.934487976E0
5.230340000E1	-8.052239735E0
5.246346667E1	-6.293972488E0
5.263940000E1	-5.608811283E0
5.279943333E1	-4.849967679E0
5.297540000E1	-3.949554293E0
5.313540000E1	-2.141014753E0
5.331136667E1	-9.323852735E-1
5.347140000E1	-9.459426686E-1
5.363143333E1	-1.035519360E0
5.380736667E1	-1.094743944E0
5.396743333E1	-8.626046084E-1
5.414333333E1	-1.669219326E-1
5.430336667E1	-4.425669987E-3
5.446340000E1	1.421277681E-4
5.463936667E1	1.179853299E0
5.479936667E1	4.094847138E0
5.497533333E1	5.891424787E0
5.513536667E1	4.103731237E0
5.529540000E1	1.165852544E0
5.547136667E1	-1.879109643E0
5.563143333E1	-6.066753686E0
5.580736667E1	-9.105052893E0
5.596740000E1	-7.937979159E0
5.612736667E1	-5.694636093E0
5.630350000E1	-5.056814317E0
5.646343333E1	-4.622101351E0
5.663940000E1	-3.257277620E0
5.679946667E1	-2.021163230E0
5.697543333E1	-9.829963605E-1
5.713533333E1	-1.067466094E0
5.729543333E1	-1.083306891E0
5.747143333E1	-1.226805977E0
5.763136667E1	-8.317892864E-1
5.780740000E1	-3.070695026E-1
5.796746667E1	-7.632802673E-2
5.812733333E1	1.592333670E-1
5.830340000E1	1.680523057E0
5.846336667E1	4.401029695E0
5.863936667E1	5.893995019E0
5.879936667E1	3.453024593E0
5.895933333E1	1.723394680E-1
5.913533333E1	-2.862380015E0
5.929540000E1	-7.040545425E0
5.947143333E1	-9.056166934E0
5.963133333E1	-7.773732375E0
5.979146667E1	-4.948136207E0
5.996743333E1	-4.847161817E0
6.012743333E1	-4.049398115E0
6.030336667E1	-2.756038356E0
6.046333333E1	-1.840214481E0
6.063936667E1	-9.619245338E-1
6.079933333E1	-1.031729714E0
6.095933333E1	-1.215224696E0
6.113543333E1	-1.113156835E0
6.129530000E1	-5.683565877E-1
6.147123333E1	-1.839133389E-1
6.163130000E1	1.970878579E-2
6.179143333E1	2.146886462E-1
6.196723333E1	1.979802983E0
6.212733333E1	4.680493551E0
6.230340000E1	5.470818246E0
6.246343333E1	3.160248056E0
6.262340000E1	-6.087923552E-2
6.279926667E1	-3.307887731E0
6.295926667E1	-7.757381028E0
6.313540000E1	-9.177949041E0
6.329540000E1	-7.902246407E0
6.347123333E1	-5.046691894E0
6.363136667E1	-4.813569336E0
6.379133333E1	-3.829640515E0
6.396733333E1	-2.008501754E0
6.412726667E1	-9.942326938E-1
6.430320000E1	-8.219525709E-1
6.446330000E1	-9.038351009E-1
6.462326667E1	-9.728383378E-1
6.479926667E1	-9.457409402E-1
6.495923333E1	-6.336808407E-1
6.513520000E1	-2.546700996E-1
6.529530000E1	5.180586377E-2
6.545530000E1	9.043178951E-1
6.563123333E1	2.162037538E0
6.579123333E1	4.633143540E0
6.596723333E1	5.387587848E0
6.612736667E1	2.898333528E0
6.628736667E1	-7.136036493E-1
6.646333333E1	-3.934559062E0
6.662326667E1	-8.056060852E0
6.679940000E1	-9.479118711E0
6.695936667E1	-7.605935257E0
6.713520000E1	-5.136990846E0
6.729533333E1	-5.030715323E0
6.745536667E1	-3.680213758E0
6.763130000E1	-1.838319533E0
6.779133333E1	-7.533303935E-1
6.796716667E1	-2.986814215E-1
6.812733333E1	-7.979089484E-1
6.828720000E1	-9.653768336E-1
6.846326667E1	-1.000135670E0
6.862323333E1	-5.579120806E-1
6.879920000E1	-1.600977203E-1
6.895930000E1	2.807331331E-2
6.911936667E1	1.109511030E0
6.929520000E1	2.698060594E0
6.945533333E1	4.883671722E0
6.963126667E1	5.263556232E0
6.979123333E1	2.380769048E0
6.995126667E1	-9.796056048E-1
7.012733333E1	-4.785268920E0
7.028733333E1	-8.835224620E0
7.046330000E1	-9.829473234E0
7.062323333E1	-7.851752856E0
7.079923333E1	-5.217465593E0
7.095930000E1	-4.977595272E0
7.111916667E1	-3.467070485E0
7.129530000E1	-1.531610030E0
7.145530000E1	-2.732359408E-1
7.163116667E1	-6.114171576E-2
7.179123333E1	-6.612747075E-1
7.195126667E1	-8.428255320E-1
7.212716667E1	-8.638572166E-1
7.228716667E1	-3.767186617E-1
7.246333333E1	-2.068495701E-1
7.262326667E1	8.581409859E-2
7.278326667E1	1.453238017E0
7.295930000E1	3.029267248E0
7.311923333E1	5.148736712E0
7.329516667E1	5.253206962E0
7.345516667E1	2.162335461E0
7.363110000E1	-1.048384673E0
7.379113333E1	-4.948091736E0
7.395120000E1	-8.994169735E0
7.412713333E1	-9.964625264E0
7.428750000E1	-7.761598599E0
7.446320000E1	-5.281066267E0
7.462316667E1	-5.068411908E0
7.478316667E1	-3.637985845E0
7.495923333E1	-1.213888852E0
7.511916667E1	5.877014305E-2
7.529520000E1	-4.125671434E-2
7.545513333E1	-4.988037432E-1
7.561523333E1	-7.455166370E-1
7.579110000E1	-7.609663390E-1
7.595123333E1	-1.707448818E-2
7.612710000E1	-3.272650064E-2
7.628713333E1	1.235366062E-1
7.644716667E1	1.499548344E0
7.662320000E1	3.213878404E0
7.678326667E1	5.171911748E0
7.695906667E1	5.250847760E0
7.711920000E1	2.180951102E0
7.729520000E1	-1.121882663E0
7.745510000E1	-5.181523383E0
7.761513333E1	-9.405767283E0
7.779116667E1	-1.003097911E1
7.795116667E1	-7.842884108E0
7.812703333E1	-5.765868098E0
7.828710000E1	-5.253592753E0
7.844720000E1	-3.756508042E0
7.862306667E1	-1.146713202E0
7.878306667E1	8.204581028E-2
7.895916667E1	9.435908109E-2
7.911910000E1	-8.313352754E-2
7.927913333E1	-5.881432525E-1
7.945510000E1	-6.382384072E-1
7.961513333E1	2.840115833E-2
7.979110000E1	6.038455915E-2
7.995113333E1	1.331126107E-1
8.011116667E1	1.743326228E0
8.028723333E1	3.358989649E0
8.044720000E1	5.251374792E0
8.062306667E1	5.393570279E0
8.078316667E1	2.344383288E0
8.095913333E1	-1.144680398E0
8.111913333E1	-5.488766276E0
8.127916667E1	-9.658762229E0
8.145506667E1	-1.023788191E1
8.161520000E1	-7.995552092E0
8.179113333E1	-5.788092367E0
8.195106667E1	-5.443899482E0
8.211116667E1	-3.941133513E0
8.228720000E1	-1.356999520E0
8.244716667E1	6.831389628E-2
8.262303333E1	1.103492032E-1
8.278303333E1	-2.084671664E-1
8.294326667E1	-5.535000071E-1
8.311910000E1	-2.904861903E-1
8.327903333E1	5.910244048E-2
8.345516667E1	9.772283712E-2
8.361513333E1	1.158153320E-1
8.379100000E1	1.862269381E0
8.395110000E1	3.682186495E0
8.411113333E1	5.397329856E0
8.428716667E1	5.769259875E0
8.444716667E1	2.206869561E0
8.462296667E1	-1.611388241E0
8.478313333E1	-5.819907149E0
8.494316667E1	-9.882736395E0
8.511903333E1	-1.006418538E1
8.527913333E1	-7.892227246E0
8.545506667E1	-6.011591402E0
8.561510000E1	-5.796498910E0
8.577506667E1	-4.034423237E0
8.595110000E1	-1.509272688E0
