tömeg_A
t	x
0,000000000E0	-9,288824383E-1
1,760333333E-1	-9,404760106E-1
3,360666667E-1	-9,401264011E-1
5,121000000E-1	-9,414108516E-1
6,719333333E-1	-9,339002296E-1
8,478333333E-1	-9,458096800E-1
1,007966667E0	-9,427085004E-1
1,168033333E0	-9,455591305E-1
1,343900000E0	-9,505570059E-1
1,504000000E0	-9,481140908E-1
1,679866667E0	-9,466063789E-1
1,839933333E0	-9,487353130E-1
1,999933333E0	-9,509853312E-1
2,176033333E0	-9,476715895E-1
2,335933333E0	-9,484130209E-1
2,511900000E0	-9,438721464E-1
2,672033333E0	-9,364085324E-1
2,832033333E0	-9,418704494E-1
3,008000000E0	-9,235086144E-1
3,168000000E0	-2,455484141E-1
3,343933333E0	2,299359719E-1
3,503933333E0	-1,954070226E-1
3,664000000E0	-2,163448233E0
3,839900000E0	-3,111429045E0
4,000000000E0	-2,115600073E0
4,175933333E0	-6,981796690E-1
4,335900000E0	1,220044643E-1
4,511833333E0	-3,238829840E-1
4,671866667E0	-8,331853124E-1
4,832000000E0	-7,480714713E-1
5,007966667E0	-8,509220767E-1
5,168000000E0	-9,399058981E-1
5,343833333E0	-9,421163392E-1
5,503900000E0	-8,698118402E-1
5,664000000E0	1,774813807E-2
5,839900000E0	-3,271691158E-1
5,999933333E0	9,520168634E-1
6,175800000E0	9,480019385E-1
6,335900000E0	-1,484111542E-1
6,495900000E0	-1,914372193E0
6,671866667E0	-3,913125954E0
6,831900000E0	-1,772425717E0
7,007866667E0	-9,162396858E-1
7,167966667E0	-8,746715091E-1
7,343800000E0	-1,949002861E0
7,503900000E0	-2,664977742E0
7,663866667E0	-2,212430288E0
7,839933333E0	-1,875643028E0
7,999833333E0	-8,324080475E-1
8,175766667E0	1,224344115E-1
8,335766667E0	-8,967195771E-2
8,495800000E0	2,842521811E-1
8,671800000E0	3,871537133E-2
8,831800000E0	1,036831130E0
9,007866667E0	8,130000805E-1
9,167866667E0	-5,591020055E-1
9,327866667E0	-1,017691049E0
9,503800000E0	-2,778122593E0
9,663866667E0	-8,298750756E-2
9,839800000E0	-2,602207598E-1
9,999833333E0	-5,953414538E-1
1,015986667E1	-1,114334721E0
1,033583333E1	-1,878925434E0
1,049590000E1	-2,070100202E0
1,067186667E1	-2,102740871E0
1,083180000E1	-5,232573343E-1
1,100780000E1	-5,431645959E-1
1,116790000E1	-9,769478327E-1
1,132790000E1	-1,044114095E0
1,150383333E1	-1,251411310E0
1,166383333E1	5,451033466E-2
1,183976667E1	8,052507411E-2
1,199980000E1	-3,443417185E-2
1,216003333E1	-2,603125767E-1
1,233586667E1	-1,794535978E0
1,249590000E1	-8,887564110E-1
1,267186667E1	-8,708799162E-1
1,283186667E1	-1,044104135E0
1,299183333E1	-1,288811361E0
1,316773333E1	-1,704786795E0
1,332786667E1	-1,832386841E0
1,350376667E1	-1,333861093E0
1,366383333E1	2,843942671E-1
1,382380000E1	7,572303206E-1
1,399983333E1	-7,716386965E-1
1,415976667E1	-8,367180682E-1
1,433573333E1	-1,269396482E0
1,449583333E1	2,206377670E-2
1,467166667E1	2,130172628E-1
1,483176667E1	-6,974247727E-1
1,499173333E1	-1,150585009E0
1,516773333E1	-2,829951012E0
1,532790000E1	-1,093554836E0
1,550380000E1	-9,227726407E-1
1,566373333E1	-1,078615877E0
1,582373333E1	-1,663773538E0
1,599973333E1	-1,630654964E0
1,615976667E1	-1,036138943E0
1,633573333E1	-1,162081804E0
1,649576667E1	-9,923745215E-2
1,665570000E1	-1,064082193E-1
1,683166667E1	-1,065193167E0
1,699170000E1	-1,145625190E0
1,716776667E1	-1,303787579E0
1,732770000E1	1,210287435E0
1,750366667E1	1,376555990E0
1,766376667E1	8,611709244E-2
1,782376667E1	-9,920025012E-1
1,799970000E1	-3,504959023E0
1,815973333E1	-1,575863492E0
1,833566667E1	-1,039058999E0
1,849570000E1	-1,578125055E0
1,865580000E1	-1,954163487E0
1,883170000E1	-1,708227766E0
1,899170000E1	-8,288112348E-1
1,916766667E1	-1,166191302E0
1,932783333E1	-4,786743134E-2
1,948776667E1	-2,981288604E-1
1,966370000E1	-9,029198538E-1
1,982376667E1	-9,459131344E-1
1,999970000E1	-9,441911622E-1
2,015973333E1	1,847174889E0
2,031973333E1	7,619011426E-1
2,049573333E1	-1,592759178E-1
2,065580000E1	-1,392782643E0
2,083176667E1	-3,187434948E0
2,099166667E1	-1,085368343E0
2,116763333E1	-7,372781095E-1
2,132770000E1	-8,807793927E-1
2,148773333E1	-1,035146876E0
2,166373333E1	-9,897851171E-1
2,182366667E1	-9,918374944E-1
2,199963333E1	-1,330636893E0
2,215966667E1	-9,127613830E-1
2,231976667E1	-1,012711052E0
2,249573333E1	-1,000919445E0
2,265566667E1	-1,011601462E0
2,283160000E1	-7,532597222E-1
2,299163333E1	1,236922687E0
2,315163333E1	7,364074767E-1
2,332776667E1	2,112155871E-2
2,348770000E1	-1,082418622E0
2,366363333E1	-3,406202177E0
2,382366667E1	-1,019169258E0
2,398370000E1	-2,131877764E-1
2,415966667E1	-8,844021121E-1
2,431970000E1	-1,461368958E0
2,449563333E1	-1,670581908E0
2,465566667E1	-1,915851697E0
2,483160000E1	-1,868899448E0
2,499166667E1	-3,101947069E-1
2,515166667E1	-8,535245363E-2
2,532766667E1	-7,693675282E-1
2,548766667E1	-8,046310991E-1
2,566356667E1	-8,544572277E-1
2,582360000E1	9,441340046E-1
2,598373333E1	-5,777698135E-2
2,615973333E1	-9,535051021E-1
2,631960000E1	-1,595322903E0
2,649560000E1	-2,744213780E0
2,665566667E1	-6,382168373E-2
2,681566667E1	-1,752727735E-1
2,699160000E1	-6,655704364E-1
2,715170000E1	-9,674356742E-1
2,732756667E1	-1,344945348E0
2,748760000E1	-1,848757906E0
2,766370000E1	-1,618274204E0
2,782360000E1	3,501884359E-2
2,798366667E1	-4,545804222E-3
2,815960000E1	-7,751929977E-1
2,831960000E1	-9,198905082E-1
2,849553333E1	-8,802293958E-1
2,865560000E1	1,028627205E0
2,881570000E1	-5,444891725E-2
2,899160000E1	-9,362319009E-1
2,915166667E1	-1,045098028E0
2,932753333E1	-2,281689493E0
2,948760000E1	-4,563888745E-1
2,964766667E1	-9,502520604E-1
2,982370000E1	-1,216758074E0
2,998363333E1	-1,751223628E0
3,015953333E1	-1,762598517E0
3,031973333E1	-1,633083532E0
3,047973333E1	-1,016863739E0
3,065563333E1	7,655879771E-1
3,081556667E1	6,117364605E-2
3,099153333E1	-7,772421404E-1
3,115166667E1	-9,210034156E-1
3,132763333E1	-9,023092999E-1
3,148756667E1	8,347448700E-1
3,164753333E1	3,471081586E-2
3,182366667E1	-3,088810272E-2
3,198363333E1	-1,630010034E0
3,215946667E1	-2,745096702E0
3,231963333E1	-7,134453455E-1
3,247966667E1	-1,014828745E0
3,265553333E1	-1,387161697E0
3,281556667E1	-1,669890357E0
3,299153333E1	-1,381534177E0
3,315150000E1	-1,032051934E0
3,331160000E1	-1,097393832E0
3,348763333E1	3,213984104E-2
3,364766667E1	-4,869865237E-1
3,382363333E1	-8,813179432E-1
3,398356667E1	-1,402403152E0
3,414360000E1	-9,293138778E-1
3,431960000E1	1,617529012E0
3,447956667E1	6,378451644E-1
3,465553333E1	1,190777640E-1
3,481560000E1	-1,773363462E0
3,499156667E1	-2,980785791E0
3,515160000E1	-7,775984303E-1
3,531160000E1	-9,225443856E-1
3,548756667E1	-1,155235551E0
3,564753333E1	-1,794103031E0
3,582346667E1	-1,146943803E0
3,598353333E1	-8,913959439E-1
3,614366667E1	-1,000161629E0
3,631953333E1	5,799488684E-2
3,647966667E1	-7,888019679E-1
3,665546667E1	-8,784008889E-1
3,681560000E1	-1,088136167E0
3,697553333E1	-4,599818722E-1
3,715143333E1	1,874831110E0
3,731153333E1	2,493066124E-2
3,748760000E1	-7,963978366E-1
3,764753333E1	-1,972537124E0
3,782346667E1	-2,864411697E0
3,798356667E1	-6,860703550E-1
3,814350000E1	-8,036563868E-1
3,831963333E1	-1,025259898E0
3,847946667E1	-1,468594086E0
3,865553333E1	-1,116165462E0
3,881556667E1	-9,271254004E-1
3,897550000E1	-1,137784105E0
3,915143333E1	-2,676471652E-1
3,931153333E1	-9,366529493E-1
3,948740000E1	-9,307329999E-1
3,964750000E1	-1,039831079E0
3,980753333E1	-3,462339675E-2
3,998360000E1	1,964970916E0
4,014350000E1	1,085217800E-2
4,031946667E1	-3,110254095E-1
4,047960000E1	-1,899903095E0
4,063953333E1	-2,197666636E0
4,081556667E1	-4,811158772E-1
4,097550000E1	-8,582368810E-1
4,115146667E1	-1,097260789E0
4,131156667E1	-1,301594978E0
4,148746667E1	-1,533064856E0
4,164753333E1	-1,428547975E0
4,180750000E1	-1,042502173E0
4,198343333E1	4,645079518E-2
4,214346667E1	-8,617669947E-1
4,231936667E1	-7,371448338E-1
4,247946667E1	-1,154245876E0
4,263950000E1	-5,183956207E-2
4,281543333E1	1,035608046E0
4,297546667E1	-6,618223924E-1
4,315140000E1	-9,440068542E-1
4,331143333E1	-2,113732170E0
4,347150000E1	-1,989067122E0
4,364743333E1	-5,912257768E-1
4,380746667E1	-6,203707050E-1
4,398343333E1	-9,644437960E-1
4,414346667E1	-1,090863265E0
4,430353333E1	-1,624560417E0
4,447943333E1	-1,670701292E0
4,463940000E1	-1,006985643E0
4,481536667E1	1,061257416E-1
4,497536667E1	-8,081649461E-1
4,515153333E1	-7,572784536E-1
4,531136667E1	-1,087908031E0
4,547150000E1	1,879421568E-1
4,564746667E1	1,043889155E0
4,580740000E1	-7,423780650E-1
4,598333333E1	-9,646708476E-1
4,614340000E1	-2,024406145E0
4,630343333E1	-1,710213260E0
4,647943333E1	-6,688016644E-1
4,663946667E1	-8,262052766E-1
4,681536667E1	-1,492485037E0
4,697546667E1	-1,715648746E0
4,713543333E1	-1,822957669E0
4,731136667E1	-1,725719867E0
4,747146667E1	-8,724280179E-1
4,764733333E1	1,853704912E-1
4,780743333E1	-6,681152908E-1
4,798330000E1	-5,670653574E-1
4,814340000E1	-1,040798226E0
4,830353333E1	8,704285334E-1
4,847943333E1	9,405525623E-1
4,863950000E1	-9,142361131E-1
4,881546667E1	-9,881793331E-1
4,897533333E1	-1,988098815E0
4,913533333E1	-9,226114115E-1
4,931130000E1	-5,020583794E-1
4,947133333E1	-8,462457189E-1
4,964726667E1	-1,764265185E0
4,980730000E1	-1,428928397E0
4,996733333E1	-1,516352424E0
5,014333333E1	-1,213254006E0
5,030350000E1	-7,251490561E-1
5,047950000E1	-1,396664196E-1
5,063946667E1	-8,438400064E-1
5,079946667E1	-9,139053998E-1
5,097546667E1	-1,211798195E0
5,113546667E1	9,611621773E-1
5,131130000E1	8,645487419E-1
5,147146667E1	-7,258776622E-1
5,164740000E1	-8,431406052E-1
5,180746667E1	-1,913127989E0
5,196750000E1	-8,818077419E-1
5,214330000E1	-8,656752403E-1
5,230346667E1	-9,999853876E-1
5,247940000E1	-1,611290161E0
5,263926667E1	-1,800255562E0
5,279936667E1	-1,024154080E0
5,297526667E1	-1,212356067E0
5,313533333E1	1,345307228E-2
5,331126667E1	-5,158792883E-2
5,347133333E1	-7,145731622E-1
5,363136667E1	-1,123635272E0
5,380730000E1	-1,311747379E0
5,396733333E1	9,645974200E-1
5,414330000E1	2,790907254E-1
5,430333333E1	-8,906902603E-1
5,446340000E1	-1,224413856E0
5,463930000E1	-2,711632138E0
5,479933333E1	-9,209017457E-1
5,497526667E1	-8,447887013E-1
5,513530000E1	-1,074600218E0
5,531123333E1	-1,694786141E0
5,547126667E1	-1,468988421E0
5,563130000E1	-1,000271014E0
5,580723333E1	-1,441005400E0
5,596733333E1	-8,763298798E-2
5,614320000E1	-2,444759905E-1
5,630323333E1	-7,936166531E-1
5,646330000E1	-1,211058817E0
5,663930000E1	-9,097821471E-1
5,679930000E1	1,749384785E0
5,697526667E1	1,698789616E-1
5,713530000E1	-9,924953345E-1
5,729533333E1	-1,972523422E0
5,747126667E1	-2,072010625E0
5,763130000E1	-9,100145534E-1
5,780723333E1	-9,162830760E-1
5,796730000E1	-1,316898356E0
5,814323333E1	-1,783063838E0
5,830323333E1	-1,794736604E0
5,846326667E1	-1,001901959E0
5,863923333E1	-1,284489985E0
5,879926667E1	-3,617869993E-2
5,897520000E1	-6,050486975E-1
5,913523333E1	-7,062852152E-1
5,929526667E1	-1,210550172E0
5,947120000E1	-4,731457857E-1
5,963126667E1	1,330762700E0
5,980716667E1	-6,597911125E-1
5,996723333E1	-1,086632121E0
6,012726667E1	-2,086405798E0
6,030320000E1	-1,953625068E0
6,046326667E1	-9,333083588E-1
6,063920000E1	-8,525799156E-1
6,079923333E1	-1,520795945E0
6,095926667E1	-1,700556218E0
6,113520000E1	-1,665554743E0
6,129526667E1	-1,290923940E0
6,147116667E1	-1,009794563E0
6,163123333E1	-1,747091727E-1
6,180713333E1	-7,822184420E-1
6,196720000E1	-7,929062885E-1
6,212720000E1	-1,182198266E0
6,230320000E1	-4,390926570E-2
6,246316667E1	1,150462323E0
6,263913333E1	-6,305518721E-2
6,279920000E1	-8,860099478E-1
6,295923333E1	-2,045852824E0
6,313520000E1	-1,812897239E0
6,329523333E1	-9,768832621E-1
6,347116667E1	-8,912852027E-1
6,363123333E1	-1,429704897E0
6,379123333E1	-1,818135179E0
6,396716667E1	-1,780136943E0
6,412723333E1	-1,725246537E0
6,430316667E1	-9,228471138E-1
6,446313333E1	2,131598030E-2
6,462323333E1	-6,242572678E-1
6,479916667E1	-6,584191946E-1
6,495923333E1	-1,143540079E0
6,513513333E1	1,132597502E-1
6,529520000E1	8,153938378E-1
6,547113333E1	-6,233819901E-1
6,563120000E1	-1,559280374E0
6,579123333E1	-2,158271357E0
6,596716667E1	-1,652582016E0
6,612723333E1	-8,616026669E-1
6,630316667E1	-8,732996692E-1
6,646316667E1	-1,583284439E0
6,662323333E1	-1,749630765E0
6,679916667E1	-1,788761228E0
6,695916667E1	-1,829361773E0
6,713513333E1	-8,546477819E-1
6,729516667E1	2,654007066E-2
6,745526667E1	-5,826353807E-1
6,763120000E1	-8,319978634E-1
6,779113333E1	-1,257157124E0
6,796710000E1	9,028320612E-1
6,812713333E1	4,895705828E-1
6,830310000E1	-7,998421602E-1
6,846316667E1	-1,914694344E0
6,862316667E1	-2,044810877E0
6,879913333E1	-1,058650487E0
6,895916667E1	-8,576401569E-1
6,913510000E1	-1,024260077E0
6,929516667E1	-1,937732227E0
6,945516667E1	-1,922767575E0
6,963110000E1	-1,176095812E0
6,979113333E1	-1,465209572E0
6,996706667E1	-1,089058008E-1
7,012713333E1	-2,908650111E-2
7,028720000E1	-6,935715322E-1
7,046310000E1	-9,810356821E-1
7,062310000E1	-9,647673558E-1
7,079910000E1	1,073259231E0
7,095913333E1	5,951801854E-2
7,111920000E1	-9,898228733E-1
7,129510000E1	-2,055725903E0
7,145513333E1	-2,040223016E0
7,163106667E1	-9,211929133E-1
7,179110000E1	-8,191848171E-1
7,196713333E1	-1,665090251E0
7,212706667E1	-1,950133270E0
7,228726667E1	-1,794299932E0
7,246320000E1	-9,668542513E-1
7,262320000E1	-1,057198266E0
7,279900000E1	-9,275087915E-2
7,295906667E1	-1,704231827E-1
7,311913333E1	-8,697859292E-1
7,329503333E1	-1,201414261E0
7,345516667E1	-8,543987197E-1
7,363113333E1	1,217597118E0
7,379106667E1	2,184856466E-2
7,395120000E1	-7,887108975E-1
7,412716667E1	-2,098022975E0
7,428716667E1	-1,900911320E0
7,446303333E1	-9,660518647E-1
7,462303333E1	-8,558181944E-1
7,478323333E1	-1,917984822E0
7,495900000E1	-2,014430119E0
7,511910000E1	-1,769036098E0
7,529506667E1	-1,041061157E0
7,545516667E1	-1,046500436E0
7,563113333E1	-4,886932283E-2
7,579116667E1	-3,033115515E-1
7,595120000E1	-8,085659608E-1
7,612706667E1	-1,155338356E0
7,628713333E1	-2,644031302E-1
7,646310000E1	1,078369104E0
7,662303333E1	-8,750974695E-2
7,678310000E1	-1,202015664E0
7,695913333E1	-2,262772931E0
7,711913333E1	-1,883756922E0
7,729510000E1	-9,520900340E-1
7,745506667E1	-8,212317456E-1
7,761506667E1	-1,758425821E0
7,779106667E1	-1,836502704E0
7,795100000E1	-1,162925781E0
7,812713333E1	-1,081610276E0
7,828706667E1	-6,625296725E-1
7,846310000E1	-1,244455789E-1
7,862310000E1	-6,888825226E-1
7,878310000E1	-9,763372402E-1
7,895910000E1	-1,147835293E0
7,911910000E1	6,913172257E-1
7,929506667E1	9,106362844E-1
7,945500000E1	-5,531829956E-1
7,961503333E1	-1,922972811E0
7,979096667E1	-2,587943619E0
7,995110000E1	-1,149940162E0
8,012690000E1	-9,497812131E-1
8,028703333E1	-8,304575477E-1
8,044700000E1	-1,950536593E0
8,062296667E1	-1,925073126E0
8,078303333E1	-1,046139313E0
8,095903333E1	-1,250854514E0
8,111910000E1	-9,647973081E-2
8,127900000E1	-5,203021342E-2
8,145503333E1	-5,194159929E-1
8,161506667E1	-9,370141880E-1
8,179096667E1	-1,035143161E0
8,195110000E1	1,221918683E0
8,212696667E1	1,135403284E-1
8,228710000E1	-8,218191403E-1
8,244716667E1	-2,077236186E0
8,262306667E1	-2,144026763E0
8,278296667E1	-1,021603863E0
8,295906667E1	-7,849123192E-1
8,311906667E1	-9,416998332E-1
8,327900000E1	-2,071967196E0
8,345493333E1	-1,658173831E0
8,361496667E1	-1,189868746E0
8,379103333E1	-1,094482253E0
8,395096667E1	-1,954327802E-1
8,411106667E1	-5,688966855E-1
8,428703333E1	-7,713864960E-1
8,444710000E1	-1,149673950E0
8,462290000E1	-9,302660399E-1
8,478293333E1	1,338787802E0
8,494310000E1	-1,337631329E-1
8,511896667E1	-8,255168111E-1
8,527900000E1	-2,406359847E0
8,545503333E1	-2,021500650E0
8,561500000E1	-1,022878333E0
8,579103333E1	-6,745699454E-1
8,595093333E1	-9,916521718E-1
8,611100000E1	-2,092611514E0
8,628706667E1	-1,521358213E0
8,644703333E1	-1,409522410E0
8,662286667E1	-1,053136191E0
8,678303333E1	-6,420219428E-3
8,694306667E1	-1,827587873E-1
8,711900000E1	-6,494831026E-1
8,727896667E1	-1,126404181E0
8,745506667E1	-6,635359902E-1
8,761503333E1	1,235993744E0
8,777503333E1	-6,746388027E-2
8,795090000E1	-1,002807130E0
8,811093333E1	-2,796020081E0
8,828700000E1	-1,968724999E0
8,844686667E1	-1,252454528E0
8,862300000E1	-5,396407577E-1
8,878303333E1	-1,123497913E0
8,894303333E1	-1,920628197E0
8,911886667E1	-1,492884378E0
8,927900000E1	-1,114771429E0
8,945503333E1	-9,218189036E-1
8,961503333E1	-2,138271998E-2
8,977496667E1	-4,685358445E-1
8,995090000E1	-8,643444165E-1
9,011100000E1	-1,261122546E0
9,028683333E1	-2,742340636E-1
9,044696667E1	1,046388208E0
9,060686667E1	-7,410731403E-3
9,078300000E1	-1,101219198E0
9,094300000E1	-2,704006030E0
9,111883333E1	-1,857814011E0
9,127886667E1	-1,097504458E0
9,143893333E1	-7,559854007E-1
9,161496667E1	-1,723100354E0
9,177486667E1	-1,917878154E0
9,195096667E1	-1,496223852E0
9,211090000E1	-1,177186378E0
9,228680000E1	-7,276160079E-1
9,244696667E1	7,538182017E-3
9,260700000E1	-5,930231268E-1
9,278290000E1	-8,148834598E-1
9,294290000E1	-1,161524326E0
9,311893333E1	2,706943576E-1
9,327893333E1	7,395997433E-1
9,343896667E1	-2,487344310E-1
9,361483333E1	-1,825364635E0
9,377486667E1	-2,813644269E0
9,395096667E1	-1,741911321E0
9,411083333E1	-9,734111782E-1
9,427090000E1	-9,286357671E-1
9,444693333E1	-1,843394477E0
9,460686667E1	-1,842641192E0
9,478280000E1	-1,109530077E0
9,494283333E1	-1,179276383E0
9,510296667E1	-6,176577646E-1
9,527883333E1	-1,769344151E-1
9,543886667E1	-7,106564706E-1
9,561490000E1	-9,584510344E-1
9,577490000E1	-1,078814062E0
9,595086667E1	6,878587276E-1
9,611080000E1	4,597088274E-1
9,627083333E1	-2,931480197E-1
9,644686667E1	-1,688485096E0
9,660690000E1	-2,172000597E0
9,678286667E1	-1,619666650E0
9,694280000E1	-9,915302277E-1
9,710283333E1	-9,384184221E-1
9,727880000E1	-1,884577482E0
9,743893333E1	-1,819712431E0
9,761486667E1	-1,074963581E0
9,777480000E1	-1,291268329E0
9,793480000E1	-3,858017703E-1
9,811080000E1	-1,465718888E-1
9,827083333E1	-7,753256717E-1
9,844676667E1	-9,653525783E-1
