tömeg_A
t	x
0.000000000E0	2.842170943E-13
1.760000000E-1	-6.188543287E-3
3.359333333E-1	1.823491222E-2
4.959666667E-1	5.052928804E-3
6.720333333E-1	1.668654228E-2
8.321000000E-1	8.059169331E-3
1.008066667E0	1.980342687E-2
1.168033333E0	1.574891974E-2
1.328000000E0	1.389677138E-2
1.504033333E0	1.403892338E-2
1.664000000E0	1.906474240E-2
1.840066667E0	4.124506267E-2
1.999933333E0	9.171629273E-1
2.160033333E0	1.718276789E0
2.336000000E0	9.291121519E-1
2.495966667E0	1.678565864E-2
2.672100000E0	-3.234980048E-1
2.832033333E0	-1.712564164E0
3.008066667E0	-1.920503983E0
3.168033333E0	-1.168944924E0
3.328033333E0	8.624193893E-1
3.503933333E0	1.723125430E-1
3.663966667E0	4.956990745E-2
3.839966667E0	6.953620046E-2
4.000100000E0	2.092687658E-1
4.160066667E0	1.426295782E-1
4.335933333E0	1.733987494E-1
4.496000000E0	7.298942154E-2
4.672033333E0	1.108181017E-1
4.831933333E0	7.414210311E-2
4.991966667E0	9.694745251E-2
5.168033333E0	1.115475187E-1
5.328066667E0	5.734026736E-1
5.503900000E0	9.777963584E-1
5.663933333E0	1.037775689E0
5.823933333E0	9.347943554E-1
6.000033333E0	9.220126930E-1
6.160033333E0	-3.119417291E-1
6.335900000E0	-1.022460813E0
6.495900000E0	-1.064489370E0
6.672000000E0	-1.645046533E0
6.831933333E0	-2.100938583E-1
6.992066667E0	1.140594825E0
7.168100000E0	9.435715406E-1
7.328033333E0	9.140660310E-1
7.503800000E0	-7.947932983E-1
7.663866667E0	-1.001970406E0
7.824066667E0	-1.105326347E0
8.000000000E0	-1.011130362E0
8.160033333E0	-4.666004889E-2
8.335933333E0	-1.245501546E-1
8.495966667E0	-5.411708674E-2
8.655966667E0	1.101305684E-1
8.831866667E0	9.846548294E-1
8.991966667E0	8.782015574E-1
9.168000000E0	6.761287232E-1
9.327933333E0	7.620872086E-1
9.503800000E0	1.262796260E0
9.663866667E0	9.943546460E-1
9.824033333E0	8.085088543E-2
9.999966667E0	5.115680564E-3
1.016000000E1	-2.219460947E-2
1.033586667E1	-1.307714520E-2
1.049586667E1	-1.103889711E-1
1.065593333E1	-2.001758663E-1
1.083183333E1	3.588628179E-1
1.099190000E1	4.458170157E-2
1.116796667E1	-8.356777399E-2
1.132783333E1	-8.323681372E-1
1.148800000E1	-5.814504979E-1
1.166400000E1	6.241981885E-2
1.182393333E1	2.499709643E-1
1.199983333E1	-2.817959622E-1
1.215996667E1	-9.535752388E-1
1.231983333E1	-1.077160987E0
1.249593333E1	-1.625881101E0
1.265590000E1	-1.036652582E0
1.283186667E1	1.696096777E-1
1.299193333E1	1.406104017E-1
1.316786667E1	-2.545004676E-1
1.332783333E1	4.946802306E-2
1.348783333E1	2.269017684E-1
1.366383333E1	3.728992856E-1
1.382383333E1	7.949085881E-2
1.399976667E1	-2.345884552E-2
1.416000000E1	-1.276178731E-1
1.431993333E1	-2.056525445E-1
1.449583333E1	-5.716155667E-2
1.465593333E1	-4.338072281E-2
1.483190000E1	1.178195199E-1
1.499176667E1	9.227106998E-1
1.515186667E1	2.598669611E-1
1.532793333E1	9.115695473E-2
1.548783333E1	3.169115401E-2
1.566383333E1	-5.423959303E-1
1.582393333E1	-1.161893273E0
1.599983333E1	-9.955985991E-1
1.615990000E1	-1.030328600E0
1.631993333E1	4.252697828E-1
1.649580000E1	1.040326421E0
1.665586667E1	7.853906365E-1
1.683190000E1	8.640190941E-1
1.699180000E1	-7.053360134E-1
1.715183333E1	-1.563134654E0
1.732776667E1	-1.957015682E0
1.748780000E1	-1.148749068E0
1.766380000E1	-1.614979362E-1
1.782386667E1	-9.445321569E-1
1.798430000E1	-9.707589045E-1
1.815983333E1	-5.243772220E-1
1.831990000E1	2.719672829E-1
1.849583333E1	2.007059873E-1
1.865576667E1	1.010537174E-1
1.881593333E1	1.627037961E-1
1.899186667E1	5.430237683E-1
1.915180000E1	1.842193529E-1
1.932786667E1	-1.166352694E-2
1.948783333E1	-1.567252879E-1
1.966383333E1	-1.366108788E-1
1.982383333E1	5.882242608E-2
1.998380000E1	3.132854799E-2
2.015986667E1	3.095826117E-2
2.031976667E1	1.745355895E-1
2.049566667E1	1.384238224E-1
2.065573333E1	-4.144816192E-1
2.081576667E1	-1.075234324E0
2.099186667E1	-6.595279017E-1
2.115180000E1	-1.546678858E-2
2.132783333E1	2.157033716E-2
2.148776667E1	-3.600473279E-2
2.164790000E1	-9.358816433E-1
2.182386667E1	-1.282315632E0
2.198383333E1	-1.846089472E0
2.215970000E1	-1.182226145E0
2.231973333E1	4.577552373E-2
2.247990000E1	-7.742831523E-2
2.265573333E1	-1.283105723E-1
2.281573333E1	-7.820009996E-2
2.299183333E1	8.590016272E-1
2.315176667E1	2.126457708E-1
2.332780000E1	-8.927613614E-2
2.348780000E1	-2.914720816E-1
2.364790000E1	-7.108724592E-3
2.382383333E1	2.643385645E-1
2.398386667E1	6.241223474E-1
2.415976667E1	7.549146314E-1
2.431970000E1	7.442091629E-1
2.447983333E1	7.129177610E-1
2.465583333E1	1.597497606E-1
2.481583333E1	-2.334391294E-2
2.499180000E1	-4.770244693E-1
2.515176667E1	-7.777250304E-1
2.531186667E1	-9.660474438E-1
2.548770000E1	-1.058306748E0
2.564780000E1	-9.338762127E-1
2.582366667E1	3.247900164E-1
2.598383333E1	8.809189077E-1
2.615960000E1	1.783568682E-1
2.631990000E1	-1.644752441E-3
2.647976667E1	-1.009764104E0
2.665573333E1	-1.809558758E0
2.681580000E1	-1.669866240E0
2.699176667E1	-2.908037326E-1
2.715180000E1	-4.893162224E-1
2.731166667E1	-9.526942705E-1
2.748766667E1	-7.477853168E-1
2.764776667E1	2.057373340E-1
2.782366667E1	9.930666888E-1
2.798373333E1	8.616914288E-1
2.814373333E1	2.339687937E-1
2.831976667E1	1.949292446E-1
2.847966667E1	1.800840433E-1
2.865563333E1	7.616277996E-2
2.881566667E1	-4.899229917E-2
2.897580000E1	-1.296201794E-1
2.915173333E1	8.466844178E-2
2.931173333E1	1.043626216E-1
2.948773333E1	4.838924546E-2
2.964776667E1	2.743123895E-2
2.982373333E1	1.054514692E-1
2.998373333E1	-1.624487132E-1
3.014376667E1	-8.904683536E-1
3.031973333E1	-1.706595682E0
3.047976667E1	-1.997702259E-1
3.065570000E1	2.384119447E-1
3.081576667E1	-9.566768565E-2
3.097563333E1	-3.837273651E-2
3.115163333E1	-1.078776085E0
3.131163333E1	-1.833358915E0
3.148753333E1	-1.927473074E0
3.164770000E1	-2.097829253E-1
3.180773333E1	4.251336883E-1
3.198373333E1	-1.525165621E-1
3.214376667E1	-7.531528467E-2
3.231960000E1	5.312109768E-3
3.247963333E1	2.627568603E-1
3.263966667E1	1.572801364E-2
3.281560000E1	-5.370826901E-1
3.297570000E1	-4.270375324E-1
3.315170000E1	3.490983851E-1
3.331160000E1	2.497509198E-1
3.348753333E1	5.632844403E-2
3.364756667E1	1.511486892E-1
3.380763333E1	1.585881545E-1
3.398360000E1	2.372146414E-1
3.414370000E1	-4.656276226E-2
3.431953333E1	-3.430314962E-1
3.447963333E1	-6.580389837E-1
3.463963333E1	-3.826650131E-1
3.481570000E1	-8.128089316E-1
3.497570000E1	-1.118928735E0
3.515163333E1	-1.444688177E-1
3.531153333E1	8.499276382E-1
3.547153333E1	4.635336098E-1
3.564766667E1	5.836978382E-1
3.580753333E1	-2.197775745E-1
3.598353333E1	-1.561544551E0
3.614363333E1	-1.909011002E0
3.631963333E1	-1.871368436E0
3.647960000E1	-4.519049883E-1
3.663970000E1	-9.617973868E-1
3.681563333E1	-9.591838126E-1
3.697556667E1	-7.757934593E-1
3.715170000E1	3.620099142E-1
3.731180000E1	3.975397530E-1
3.747166667E1	1.767232128E-3
3.764763333E1	-2.210437622E-3
3.780756667E1	-4.105721076E-2
3.798363333E1	-7.444123182E-4
3.814356667E1	-2.216604750E-1
3.830366667E1	-5.195743428E-2
3.847953333E1	-2.745786129E-2
3.863963333E1	7.434456703E-1
3.881550000E1	4.510298962E-2
3.897553333E1	-1.096116785E-1
3.913566667E1	-1.330619900E-2
3.931150000E1	-7.818629724E-2
3.947153333E1	-3.522397425E-1
3.964756667E1	-1.002997238E0
3.980760000E1	-7.987716385E-1
3.998346667E1	2.015870034E-1
4.014363333E1	-1.811746981E-1
4.030366667E1	-3.652290738E-1
4.047950000E1	-1.103472799E0
4.063956667E1	-1.853014755E0
4.081556667E1	-1.994778124E0
4.097546667E1	-1.026136902E0
4.113556667E1	9.281727977E-2
4.131153333E1	-8.051440111E-2
4.147156667E1	-2.220107709E-1
4.164756667E1	-1.566624994E-1
4.180763333E1	-8.536466650E-2
4.196750000E1	-6.336166239E-2
4.214346667E1	-5.902021129E-1
4.230360000E1	-1.180940298E-1
4.247946667E1	1.103449874E-1
4.263963333E1	8.857862038E-1
4.279963333E1	2.727261765E-1
4.297546667E1	1.500737046E-2
4.313560000E1	-4.406239738E-2
4.331166667E1	6.341959929E-1
4.347150000E1	-4.398867549E-2
4.364753333E1	-5.720834081E-1
4.380756667E1	-8.201219312E-1
4.396760000E1	-8.005373406E-1
4.414346667E1	-9.122492044E-1
4.430356667E1	-1.131330509E0
4.447953333E1	-9.893313742E-1
4.463960000E1	3.758691053E-1
4.479963333E1	7.920471958E-1
4.497560000E1	-2.011537690E-2
4.513556667E1	-5.702017224E-1
4.531140000E1	-1.041085695E0
4.547150000E1	-1.925811080E0
4.563160000E1	-1.887851097E0
4.580756667E1	-7.020406980E-1
4.596763333E1	-6.161981743E-1
4.614343333E1	-8.558150549E-1
4.630370000E1	-3.511592924E-1
4.647940000E1	3.357182997E-1
4.663953333E1	6.585814233E-1
4.679953333E1	6.557013184E-2
4.697556667E1	2.178222555E-2
4.713560000E1	2.462113930E-2
4.731136667E1	1.917311698E-1
4.747140000E1	2.750930058E-2
4.763156667E1	-6.501819642E-2
4.780756667E1	-6.681986829E-2
4.796756667E1	6.992022154E-1
4.814343333E1	-3.489622116E-2
4.830356667E1	-5.280051694E-2
4.846360000E1	-9.459002723E-2
4.863940000E1	-6.241045218E-2
4.879956667E1	-9.595389147E-2
4.897550000E1	-8.736016124E-1
4.913566667E1	-1.027586338E0
4.929546667E1	6.469626326E-2
4.947140000E1	4.159842613E-2
4.963156667E1	-9.042560060E-2
4.980750000E1	-1.020234127E0
4.996740000E1	-1.096293726E0
5.014346667E1	-1.390857734E0
5.030336667E1	-1.075405759E0
5.046340000E1	3.572110407E-2
5.063940000E1	-3.397579347E-2
5.079943333E1	-2.258186041E-1
5.097536667E1	-1.758453492E-1
5.113543333E1	-2.300622202E-1
5.129536667E1	3.432249337E-3
5.147136667E1	-1.227557899E-1
5.163153333E1	-5.057886716E-1
5.180743333E1	-1.495560790E-1
5.196743333E1	5.707869000E-1
5.212743333E1	9.704293891E-2
5.230353333E1	-1.646837201E-2
5.246376667E1	-3.434476308E-2
5.263946667E1	7.987490249E-1
5.279950000E1	1.118858092E-1
5.295946667E1	-3.715458028E-1
5.313543333E1	-6.222101286E-1
5.329553333E1	-7.853151127E-1
5.347136667E1	-9.050062755E-1
5.363133333E1	-1.014774903E0
5.380736667E1	-1.116879277E0
5.396746667E1	8.167521562E-1
5.412753333E1	9.981284007E-1
5.430330000E1	2.794746859E-2
5.446336667E1	-3.893093535E-1
5.463943333E1	-1.017819846E0
5.479933333E1	-1.915213277E0
5.495950000E1	-1.932956158E0
5.513536667E1	-8.006677305E-1
5.529536667E1	-6.953870282E-1
5.547130000E1	-8.479615873E-1
5.563133333E1	-7.093790393E-1
5.579140000E1	-4.540027962E-1
5.596733333E1	4.940950218E-1
5.612743333E1	1.379287000E-1
5.630330000E1	-1.766043332E-2
5.646333333E1	-5.866594581E-3
5.663923333E1	4.797569248E-2
5.679933333E1	2.229113401E-2
5.695936667E1	-1.508832343E-1
5.713553333E1	-1.543670536E-1
5.729540000E1	1.694641087E-1
5.747123333E1	1.257154903E-1
5.763126667E1	-2.984298467E-2
5.779146667E1	-3.824254882E-2
5.796726667E1	-6.249283417E-3
5.812740000E1	-4.729633724E-2
5.830333333E1	-8.295249703E-1
5.846340000E1	-1.107833263E0
5.862336667E1	-5.895261421E-2
5.879930000E1	3.693657811E-1
5.895933333E1	-1.351290381E-1
5.913530000E1	-8.793491489E-1
5.929530000E1	-1.163830715E0
5.945533333E1	-1.548706327E0
5.963123333E1	-1.238111652E0
5.979130000E1	-6.468314040E-1
5.996723333E1	-7.181185439E-2
6.012736667E1	-3.086669291E-1
6.030336667E1	-1.097747144E-1
6.046333333E1	-2.119853970E-1
6.062336667E1	3.822588525E-2
6.079926667E1	5.163557061E-3
6.095950000E1	-3.349671320E-1
6.113523333E1	-8.483070131E-2
6.129533333E1	2.200494266E-1
6.145533333E1	6.132551098E-1
6.163123333E1	5.740490261E-3
6.179143333E1	-1.096997527E-3
6.196723333E1	6.851941264E-1
6.212730000E1	5.408386950E-1
6.228740000E1	-4.879370097E-1
6.246326667E1	-7.144737373E-1
6.262343333E1	-8.266687825E-1
6.279923333E1	-8.987845353E-1
6.295940000E1	-9.508641175E-1
6.311943333E1	-1.661539348E0
6.329536667E1	8.463182615E-2
6.345540000E1	8.855581267E-1
6.363136667E1	-2.765061800E-2
6.379123333E1	-4.642417056E-1
6.396720000E1	-1.018226209E0
6.412730000E1	-1.296169093E0
6.428733333E1	-1.721470146E0
6.446326667E1	-1.044715609E0
6.462330000E1	-3.199600948E-1
6.479926667E1	-6.594891028E-1
6.495923333E1	-1.906783021E-1
6.511926667E1	-1.816156737E-1
6.529523333E1	5.101914249E-2
6.545526667E1	1.837600394E-1
6.563116667E1	4.362224959E-2
6.579120000E1	-8.085012754E-3
6.595126667E1	2.637559858E-2
6.612743333E1	5.028918636E-2
6.628720000E1	-6.411637862E-2
6.646320000E1	-1.674210704E-1
6.662356667E1	8.646029906E-4
6.679930000E1	6.474829092E-1
6.695933333E1	-6.512664848E-2
6.711923333E1	-3.138872352E-1
6.729533333E1	-4.943530523E-1
6.745523333E1	-6.513581328E-1
6.763113333E1	-4.418604787E-1
6.779116667E1	-1.166975411E0
6.795126667E1	-6.956722402E-1
6.812716667E1	2.256266578E-1
6.828730000E1	-2.360440346E-1
6.846316667E1	-4.739681502E-1
6.862333333E1	-9.850261203E-1
6.878320000E1	-1.121187205E0
6.895926667E1	-1.176770861E0
6.911920000E1	-9.954209150E-1
6.929526667E1	-9.538280721E-2
6.945516667E1	-2.069502025E-1
6.961526667E1	-1.059756742E-1
6.979116667E1	-1.945259382E-1
6.995116667E1	-1.972394620E-2
7.012723333E1	2.829220351E-2
7.028733333E1	-2.376250489E-1
7.046313333E1	-1.253417114E-1
7.062316667E1	1.842046049E-2
7.078316667E1	3.303718308E-1
7.095926667E1	2.737704432E-2
7.111916667E1	-8.131709033E-3
7.129520000E1	-9.672253962E-3
7.145523333E1	7.654015305E-1
7.161533333E1	-3.022369849E-1
7.179113333E1	-5.757473126E-1
7.195116667E1	-9.051488303E-1
7.212723333E1	-8.883226419E-1
7.228716667E1	-6.334562661E-1
7.244750000E1	-1.144362983E0
7.262313333E1	-1.337474748E-1
7.278323333E1	7.455407392E-1
7.295926667E1	3.266223099E-2
7.311920000E1	-3.656393077E-1
7.327926667E1	-9.998015407E-1
7.345516667E1	-1.238535765E0
7.361520000E1	-1.516022256E0
7.379123333E1	-1.119706257E0
7.395123333E1	-6.133912949E-1
7.412720000E1	-8.575731395E-1
7.428710000E1	-4.512234476E-1
7.444713333E1	-3.049103723E-1
7.462333333E1	-5.604843855E-2
7.478323333E1	1.242887880E-1
7.495920000E1	4.634317393E-2
7.511923333E1	-7.269419491E-3
7.527913333E1	-9.061404864E-3
7.545510000E1	6.447787684E-2
7.561516667E1	-5.794894307E-2
7.579120000E1	-1.398667229E-1
7.595123333E1	-7.469021865E-2
7.611126667E1	7.437405241E-1
7.628710000E1	-1.235972945E-1
7.644710000E1	-7.950027038E-2
7.662333333E1	-3.617481609E-1
7.678323333E1	-5.738443317E-1
7.695916667E1	-4.965445117E-1
7.711920000E1	-1.271879824E0
7.727926667E1	-3.968661803E-1
7.745506667E1	7.904605959E-1
7.761513333E1	-1.120874739E-1
7.779103333E1	-7.903022416E-1
7.795106667E1	-1.046174837E0
7.811113333E1	-1.677624882E0
7.828720000E1	-1.207374430E0
7.844713333E1	-8.455360738E-1
7.862313333E1	-2.068276962E-1
7.878310000E1	-4.944560671E-1
7.894303333E1	-6.132872074E-2
7.911916667E1	-1.177671219E-1
7.927910000E1	-9.355051016E-2
7.945506667E1	-4.535446981E-2
7.961520000E1	-1.061864637E-1
7.977520000E1	-6.208838641E-2
7.995113333E1	-4.571022442E-2
8.011150000E1	8.372609930E-1
8.028716667E1	-3.455794295E-2
8.044706667E1	-4.903747611E-2
8.062296667E1	-1.517579565E-1
8.078310000E1	8.047439926E-1
8.094313333E1	-4.203912718E-1
8.111916667E1	-4.754647582E-1
8.127916667E1	-8.365149261E-1
8.145500000E1	-9.286960339E-1
8.161506667E1	-9.365649260E-1
8.177506667E1	-1.071397494E0
8.195116667E1	-4.598332419E-2
8.211133333E1	8.406940700E-1
8.228696667E1	6.548966052E-2
8.244726667E1	-6.139407501E-1
8.260700000E1	-1.232119125E0
8.278313333E1	-1.186162311E0
8.294300000E1	-1.489365618E0
8.311903333E1	-6.572392920E-1
8.327910000E1	-5.381533044E-1
8.343906667E1	-5.606365887E-1
8.361513333E1	-1.480673206E-1
8.377510000E1	-2.777378519E-2
8.395106667E1	-1.625584197E-2
8.411113333E1	2.066563874E-1
8.428710000E1	2.231076855E-1
8.444703333E1	4.077086354E-2
8.460703333E1	1.889928231E-2
8.478310000E1	7.586086146E-1
8.494306667E1	-7.289847693E-2
8.511910000E1	-1.185456430E-1
8.527910000E1	-4.959853296E-2
8.543903333E1	4.713825548E-1
8.561510000E1	-1.587209620E-2
8.577496667E1	-3.493398494E-2
8.595110000E1	-1.807989428E-1
8.611100000E1	-1.382989989E-1
8.627116667E1	-6.433559974E-1
8.644700000E1	-9.394692432E-1
8.660713333E1	-8.739057056E-2
8.678310000E1	8.478225314E-1
8.694300000E1	4.647942755E-2
8.711896667E1	-4.821783055E-1
8.727896667E1	-1.087341335E0
8.743920000E1	-1.206615430E0
8.761506667E1	-1.183123506E0
8.777500000E1	-3.401936994E-1
8.795096667E1	-3.830535145E-1
8.811123333E1	-6.961907538E-1
8.827110000E1	1.094147095E-2
8.844693333E1	-3.176487342E-2
8.860703333E1	-1.979811115E-2
8.878286667E1	-2.470114533E-2
8.894300000E1	-7.568700512E-3
8.910306667E1	-9.668437062E-3
8.927893333E1	2.457686447E-2
8.943910000E1	8.898140032E-1
8.961500000E1	-1.234501748E-1
8.977503333E1	-3.040989236E-2
8.993503333E1	7.788154032E-2
9.011106667E1	2.375622628E-1
9.027110000E1	-1.610371988E-2
9.044693333E1	-3.976682541E-2
9.060703333E1	-2.581496353E-1
9.078296667E1	-4.046654684E-1
9.094293333E1	-8.121345013E-1
9.110290000E1	-9.651274721E-1
9.127890000E1	8.543478042E-2
9.143893333E1	9.110861951E-1
9.161496667E1	2.021319676E-1
9.177503333E1	-7.473879561E-1
9.193506667E1	-1.110116644E0
9.211090000E1	-1.236233680E0
9.227096667E1	-1.076418443E0
9.244690000E1	-7.232106999E-1
9.260696667E1	-8.129539464E-1
9.276703333E1	-8.790974595E-1
9.294290000E1	1.753932562E-3
9.310303333E1	-2.252706656E-2
9.327886667E1	-8.960758171E-2
9.343890000E1	2.178644161E-1
9.359900000E1	1.419606308E-1
9.377503333E1	1.823087305E-1
9.393500000E1	8.285634171E-2
9.411090000E1	6.244105737E-1
9.427096667E1	-1.918938443E-1
9.444696667E1	-9.505277646E-2
9.460683333E1	2.592895078E-1
9.476703333E1	2.417049487E-1
9.494296667E1	2.129644819E-2
9.510293333E1	-1.735481140E-2
9.527893333E1	-2.052015077E-1
9.543900000E1	-4.983741037E-1
9.559896667E1	-9.553658556E-1
9.577500000E1	-6.856147306E-1
9.593500000E1	2.278250699E-1
9.611086667E1	3.407426597E-1
9.627096667E1	-2.006240528E-2
9.643100000E1	-1.041718083E0
9.660700000E1	-1.652299748E0
9.676700000E1	-1.354204616E0
9.694286667E1	-2.101982578E-1
9.710300000E1	-9.537524429E-2
9.727893333E1	-3.084882178E-1
9.743893333E1	-7.892539761E-2
9.759890000E1	5.060649440E-1
9.777490000E1	4.691742265E-2
9.793496667E1	6.815438262E-2
9.811080000E1	4.945761166E-2
9.827096667E1	2.747342798E-2
9.843100000E1	3.967523515E-2
9.860690000E1	6.202809381E-1
9.876696667E1	1.355409067E-1
9.894293333E1	-2.351345874E-2
9.910280000E1	-1.861178106E-1
9.926286667E1	3.897488180E-1
9.943883333E1	1.114302614E-1
9.959890000E1	-8.636474865E-3
9.977476667E1	-5.585562371E-1
9.993480000E1	-9.137336951E-1
1.000949333E2	-8.040471587E-1
1.002709333E2	-1.160500386E0
1.004308667E2	-1.120112760E-1
1.006069000E2	8.749188603E-1
1.007668333E2	5.607146573E-1
1.009429000E2	-9.149110213E-3
1.011028667E2	-1.042258469E0
1.012628000E2	-1.253244281E0
1.014389667E2	-1.090374988E0
1.015989333E2	1.040698289E-2
1.017748667E2	-2.519569784E-1
1.019349000E2	-3.499116231E-1
1.020950333E2	-1.284132878E-1
1.022708000E2	6.077017509E-2
1.024308000E2	6.209973419E-2
1.026067333E2	7.776925259E-2
1.027668667E2	9.370054093E-2
1.029268000E2	1.427607629E-1
1.031028333E2	9.968422541E-2
1.032628667E2	3.979075885E-1
1.034387667E2	2.361000881E-4
1.035989333E2	-1.998592697E-1
1.037589667E2	-9.808313677E-2
1.039349333E2	1.282856504E-1
1.040948000E2	-2.903813381E-2
1.042709000E2	-3.429154142E-2
1.044308000E2	-4.728097163E-1
1.046068667E2	-7.892468070E-1
1.047667667E2	-9.077084179E-1
1.049268000E2	-9.785356909E-1
1.051028000E2	-1.830917108E-2
1.052628000E2	5.592295515E-1
1.054387000E2	7.787887235E-2
1.055989333E2	-8.242570841E-2
1.057589333E2	-1.226787117E0
1.059348667E2	-1.546902965E0
1.060949333E2	-1.098294339E0
1.062708667E2	-8.752048030E-2
1.064308333E2	-1.793886814E-1
1.065908333E2	-7.558502215E-1
1.067667667E2	-3.244859522E-2
1.069268333E2	1.669770175E-1
1.071027000E2	3.982125628E-2
1.072627333E2	7.403993972E-2
1.074387000E2	1.221617443E-3
1.075987667E2	-2.007632462E-2
1.077588000E2	3.900095418E-2
1.079348333E2	8.705714641E-1
1.080948667E2	-3.884109387E-1
1.082707333E2	-4.302728695E-2
1.084308000E2	1.230432214E-2
1.085908000E2	8.877006695E-2
1.087667000E2	-2.270125018E-2
1.089268667E2	-5.245437971E-2
1.091026667E2	-5.980056522E-2
1.092628000E2	-5.536623058E-1
1.094230667E2	-1.029026891E0
1.095987000E2	-9.230514923E-1
1.097588667E2	-7.971407201E-2
1.099346667E2	8.182542647E-1
1.100948000E2	1.711176082E-2
1.102548667E2	-2.271187755E-1
1.104308000E2	-1.138761515E0
1.105907333E2	-1.502916763E0
1.107667000E2	-1.426172610E0
1.109268333E2	-2.330755836E-1
1.111026667E2	-8.180569835E-1
1.112627333E2	-7.183914924E-1
1.114226667E2	-3.631526407E-1
1.115987333E2	-3.260776101E-2
1.117588333E2	-4.948560132E-2
1.119347667E2	1.466252319E-2
1.120947667E2	1.990737307E-2
1.122548333E2	1.446265410E-2
1.124310000E2	1.447507439E-2
1.125907667E2	2.244472612E-1
1.127666333E2	-5.194563235E-2
1.129267333E2	-1.885322596E-1
1.130868333E2	5.143262966E-2
1.132628333E2	-4.508601465E-2
1.134228000E2	-8.897753183E-2
1.135987333E2	-2.779446999E-1
1.137587000E2	-2.285942816E-1
1.139187333E2	-8.863526872E-1
1.140948000E2	-9.449461770E-1
1.142548000E2	-7.547620542E-1
1.144307000E2	-2.067359052E-2
1.145908000E2	1.705004441E-1
1.147666000E2	-7.787539245E-2
1.149266333E2	-9.011957653E-1
1.150868000E2	-1.804247593E0
1.152628000E2	-1.767047183E0
1.154228000E2	-1.054692987E0
1.155987333E2	-4.356070437E-2
1.157586667E2	-7.982061129E-1
1.159186667E2	-7.120541469E-1
1.160947667E2	-1.841188498E-2
1.162547000E2	2.565521159E-2
1.164307000E2	7.658333099E-3
1.165907000E2	4.084708228E-2
1.167508000E2	1.415224966E-2
1.169266667E2	1.962558724E-2
1.170866667E2	8.805997365E-2
1.172627333E2	4.264210812E-1
1.174227333E2	-6.632333758E-2
1.175987000E2	-1.411776577E-1
1.177587000E2	1.224086826E-1
1.179186667E2	3.647034191E-2
1.180947667E2	-2.986256808E-2
1.182546333E2	-8.778180914E-2
1.184305667E2	-4.792262851E-1
1.185907667E2	-9.296919271E-1
1.187507333E2	-1.032647886E0
1.189267000E2	-9.501639669E-1
1.190866333E2	1.612220638E-1
1.192625333E2	5.064166396E-1
1.194226000E2	-3.862377079E-2
1.195827667E2	-7.483797111E-1
1.197586667E2	-1.661842109E0
1.199186000E2	-1.653271964E0
1.200946000E2	-6.952876269E-1
1.202545667E2	-2.388266603E-1
1.204147333E2	-8.013578626E-1
1.205906333E2	-6.957072594E-1
1.207507333E2	-2.149215336E-2
1.209265667E2	2.653922359E-2
1.210866000E2	4.045960831E-2
1.212625667E2	4.909938664E-2
1.214226667E2	4.906299171E-2
1.215826667E2	2.520215427E-2
1.217587000E2	2.705046090E-1
1.219187000E2	1.536799485E-2
1.220945000E2	-9.638021316E-2
1.222545667E2	-1.679880039E-1
1.224145667E2	3.728893717E-2
1.225906667E2	-4.957621568E-2
1.227506667E2	-1.008375339E-1
1.229266333E2	-1.942215099E-1
1.230866000E2	-2.166040649E-1
1.232467000E2	-8.933982488E-1
1.234226333E2	-9.986457048E-1
1.235825333E2	-3.868130049E-1
1.237586333E2	3.116033870E-1
1.239186667E2	1.532795596E-1
1.240786000E2	-1.095787034E-1
1.242545333E2	-1.039793028E0
1.244145333E2	-1.829969169E0
1.245906667E2	-1.590005963E0
1.247506000E2	-8.085898600E-2
1.249266000E2	-5.632915144E-1
1.250865667E2	-8.554206885E-1
1.252465333E2	-1.162780151E-1
1.254225000E2	4.572589379E-2
1.255827000E2	5.183301387E-2
1.257585000E2	1.070514028E-1
1.259185667E2	6.496635680E-2
1.260786333E2	4.554832740E-2
1.262545000E2	7.948214075E-2
1.264146667E2	8.724854673E-1
1.265904667E2	5.377907650E-3
1.267506667E2	-3.426848090E-2
1.269106333E2	-3.772732729E-2
1.270866667E2	9.001883815E-2
1.272466000E2	2.553708106E-2
1.274226333E2	-4.940907173E-2
1.275826000E2	-2.096306904E-1
1.277586000E2	-6.281562910E-1
1.279187667E2	-9.574036049E-1
1.280786333E2	-1.011553138E0
1.282546000E2	-2.757960166E-1
1.284146000E2	9.632688102E-1
1.285904667E2	2.618204172E-1
1.287505333E2	-9.526887992E-2
1.289105333E2	-1.060039219E0
1.290865333E2	-1.574712651E0
1.292465667E2	-1.116441565E0
1.294224333E2	-1.131974641E-1
1.295825000E2	-2.920320456E-1
1.297425667E2	-8.100029234E-1
1.299185667E2	-5.323846195E-2
1.300785667E2	2.100506549E-2
1.302544667E2	-4.398953831E-3
1.304144667E2	4.499831051E-2
1.305748000E2	3.644416377E-2
1.307506000E2	1.499914943E-1
1.309106000E2	2.268100881E-1
1.310866000E2	9.076987775E-1
1.312466000E2	-6.637481931E-2
1.314226000E2	-8.637581659E-2
1.315825333E2	-1.290452042E-2
1.317425000E2	5.396708611E-2
1.319186000E2	7.717189942E-3
1.320785000E2	-2.981616524E-2
1.322544000E2	-8.203313109E-2
1.324145667E2	-2.345365324E-1
1.325744667E2	-9.578528998E-1
1.327505667E2	-9.094957417E-1
1.329104333E2	-4.259264906E-2
1.330865667E2	5.648952664E-1
1.332465333E2	2.491659795E-2
1.334066000E2	-2.763385456E-1
1.335824667E2	-1.485133850E0
1.337424667E2	-1.560348783E0
1.339185333E2	-9.957916937E-1
1.340785667E2	-9.033013509E-2
1.342385333E2	-3.442581983E-1
1.344145667E2	-7.266269519E-1
1.345744667E2	6.514626969E-2
1.347505667E2	1.962314353E-1
1.349104333E2	2.258335588E-1
1.350865333E2	1.038688300E-1
1.352466000E2	4.323805047E-2
1.354064000E2	4.372381338E-2
1.355823667E2	1.126895542E-1
1.357424333E2	3.727725541E-1
1.359184333E2	-1.016402105E-1
1.360785333E2	-3.781465063E-2
1.362385333E2	7.262481055E-2
1.364144000E2	8.579284175E-2
1.365744667E2	-1.919586744E-2
1.367503667E2	-8.295841742E-2
1.369105333E2	-3.192979416E-1
1.370705333E2	-7.684431521E-1
1.372464000E2	-1.040178998E0
1.374066333E2	-9.570042941E-1
1.375825333E2	6.546393503E-2
1.377424000E2	7.703681445E-1
1.379185000E2	3.598823871E-2
1.380785000E2	-6.542413420E-1
1.382388000E2	-1.656430218E0
1.384144000E2	-1.404938360E0
1.385744667E2	-8.699603295E-1
1.387504667E2	-1.337889857E-1
1.389104000E2	-6.759854210E-1
1.390705667E2	-4.986830762E-1
1.392463667E2	2.455585400E-2
1.394065333E2	8.418160074E-2
1.395824000E2	1.162615587E-1
1.397423667E2	4.784957650E-2
1.399025333E2	5.611499521E-2
1.400783667E2	1.345319199E-1
1.402384000E2	4.708164395E-1
1.404143333E2	1.556836556E-1
1.405745000E2	-1.639609915E-1
1.407345333E2	-1.210771748E-1
1.409103667E2	2.723609863E-2
1.410704667E2	-4.525731311E-2
1.412464000E2	-5.470122200E-2
1.414064000E2	-4.774366499E-2
1.415823333E2	-1.238558045E-1
1.417424000E2	-7.508387905E-1
1.419024333E2	-1.062747685E0
1.420783667E2	-1.935695807E-1
1.422384000E2	9.299537627E-2
1.424143000E2	1.871647642E-1
1.425744000E2	-4.590197301E-2
1.427343667E2	-9.880813682E-1
1.429103333E2	-1.491291491E0
1.430704333E2	-1.215480809E0
1.432463667E2	-1.942014787E-1
1.434064333E2	-1.428804303E-1
1.435664000E2	-5.541321061E-1
1.437424000E2	-7.190498302E-2
1.439024667E2	1.445730818E-1
1.440782667E2	1.939972954E-1
1.442383333E2	1.225875983E-1
1.443983333E2	8.616669822E-2
1.445743667E2	2.755969971E-2
1.447344000E2	1.620737093E-1
1.449104333E2	6.147456027E-1
1.450704000E2	2.136432810E-2
1.452463333E2	-6.348382574E-2
1.454065000E2	-3.079617443E-3
1.455664667E2	1.012373942E-1
1.457424000E2	2.575075129E-2
1.459024333E2	-4.798052425E-3
1.460782000E2	-1.644780425E-1
1.462382667E2	-7.946809795E-1
1.463983333E2	-9.304454012E-1
1.465743667E2	-1.010574713E0
1.467343333E2	-1.107147743E-1
1.469104000E2	8.567813309E-1
1.470703000E2	1.729184243E-1
1.472303000E2	-1.268058101E-1
1.474064000E2	-1.104273042E0
1.475663333E2	-1.564028246E0
1.477423333E2	-1.055977998E0
1.479023333E2	1.240852287E-1
1.480782667E2	-4.754431372E-1
1.482382333E2	-4.500511338E-1
1.483984000E2	3.159194268E-2
1.485742667E2	3.977153142E-2
1.487344000E2	1.331923379E-1
1.489103333E2	3.291361845E-1
1.490704000E2	3.273460029E-1
1.492303000E2	1.629285591E-1
1.494063667E2	1.599320955E-1
1.495663333E2	9.556758574E-1
1.497423667E2	-3.240303705E-2
1.499024000E2	-9.306936799E-2
1.500623333E2	-3.497242355E-2
1.502382333E2	1.033586106E-1
1.503982667E2	2.573392537E-3
1.505743000E2	-4.652545357E-2
1.507344000E2	-3.307703905E-1
1.508944000E2	-7.932913549E-1
1.510703667E2	-1.009755993E0
1.512302667E2	-8.573661552E-1
1.514063333E2	3.402266290E-2
1.515664667E2	3.895685346E-1
1.517422667E2	8.401146174E-2
1.519024000E2	-7.945026182E-1
1.520622333E2	-1.283944420E0
