mass_A
t	x
0.000000000E0	-9.846153846E1
1.601000000E-1	-9.848052236E1
3.200666667E-1	-9.848179668E1
4.961666667E-1	-9.847052750E1
6.561333333E-1	-9.847042303E1
8.320666667E-1	-9.846177480E1
9.920333333E-1	-9.845288337E1
1.152100000E0	-9.846684675E1
1.328033333E0	-9.846367145E1
1.488066667E0	-9.846918909E1
1.664033333E0	-9.846754177E1
1.824133333E0	-9.846735444E1
2.000033333E0	-9.848420868E1
2.160033333E0	-9.847164111E1
2.320100000E0	-9.847803066E1
2.496000000E0	-9.846940139E1
2.656100000E0	-9.847270930E1
2.831933333E0	-9.847903696E1
2.992066667E0	-9.847865366E1
3.152033333E0	-9.847291784E1
3.327966667E0	-9.847779503E1
3.488000000E0	-9.848021899E1
3.664066667E0	-9.849363131E1
3.823966667E0	-9.847508215E1
3.984066667E0	-9.846902954E1
4.159966667E0	-9.847697512E1
4.320000000E0	-9.847939811E1
4.495933333E0	-9.847703983E1
4.655966667E0	-9.847311506E1
4.831933333E0	-9.847320315E1
4.991933333E0	-9.848037067E1
5.152000000E0	-9.846959598E1
5.327933333E0	-9.846453463E1
5.488100000E0	-9.846260027E1
5.663933333E0	-9.847023877E1
5.823966667E0	-9.847988513E1
5.984066667E0	-9.847040664E1
6.160166667E0	-9.846481343E1
6.320000000E0	-9.848243754E1
6.496000000E0	-9.846427156E1
6.655966667E0	-9.847141935E1
6.816100000E0	-9.847293056E1
6.991933333E0	-9.847176489E1
7.152100000E0	-9.848090794E1
7.327933333E0	-9.846552928E1
7.488066667E0	-9.847355220E1
7.648066667E0	-9.848698326E1
7.823933333E0	-9.848017871E1
7.983966667E0	-9.847032755E1
8.159933333E0	-9.847258892E1
8.319933333E0	-9.847969781E1
8.495900000E0	-9.849011901E1
8.655933333E0	-9.847779808E1
8.815966667E0	-9.847837714E1
8.991933333E0	-9.848388051E1
9.151933333E0	-9.847941998E1
9.327866667E0	-9.848311765E1
9.488000000E0	-9.847273460E1
9.648000000E0	-9.846348354E1
9.823833333E0	-9.847194992E1
9.983966667E0	-9.847077966E1
1.015986667E1	-9.846514350E1
1.031996667E1	-9.847260191E1
1.047996667E1	-9.846507973E1
1.065600000E1	-9.846530674E1
1.081603333E1	-9.846844173E1
1.099190000E1	-9.847264401E1
1.115190000E1	-9.846855060E1
1.131193333E1	-9.847584096E1
1.148800000E1	-9.847361952E1
1.164786667E1	-9.847123260E1
1.182386667E1	-9.845758538E1
1.198400000E1	-9.848023499E1
1.215980000E1	-9.847765135E1
1.231996667E1	-9.848165972E1
1.248000000E1	-9.848205294E1
1.265596667E1	-9.847258989E1
1.281596667E1	-9.847625098E1
1.299180000E1	-9.847806850E1
1.315196667E1	-9.848444234E1
1.331190000E1	-9.847110150E1
1.348786667E1	-9.847555103E1
1.364783333E1	-9.847346219E1
1.382393333E1	-9.848894569E1
1.398386667E1	-9.848318940E1
1.414400000E1	-9.847652343E1
1.431986667E1	-9.847380533E1
1.447983333E1	-9.847180408E1
1.465583333E1	-9.847632829E1
1.481600000E1	-9.846833422E1
1.499180000E1	-9.847949516E1
1.515193333E1	-9.846809413E1
1.531183333E1	-9.847371775E1
1.548793333E1	-9.847642445E1
1.564793333E1	-9.846909407E1
1.582380000E1	-9.846572397E1
1.598396667E1	-9.846906005E1
1.614390000E1	-9.848886403E1
1.631983333E1	-9.847589234E1
1.647990000E1	-9.847019732E1
1.665590000E1	-9.846825324E1
1.681586667E1	-9.847419869E1
1.697590000E1	-9.847713393E1
1.715193333E1	-9.848241591E1
1.731183333E1	-9.848188739E1
1.748786667E1	-9.848642526E1
1.764793333E1	-9.848282838E1
1.780793333E1	-9.847806859E1
1.798380000E1	-9.848204968E1
1.814383333E1	-9.847612814E1
1.831976667E1	-9.847549922E1
1.847993333E1	-9.847835731E1
1.865576667E1	-9.847060666E1
1.881580000E1	-9.847535613E1
1.897593333E1	-9.846636075E1
1.915190000E1	-9.846770419E1
1.931183333E1	-9.847238282E1
1.948776667E1	-9.846843095E1
1.964790000E1	-9.847401928E1
1.980796667E1	-9.847752511E1
1.998390000E1	-9.847982913E1
2.014380000E1	-9.847328451E1
2.031973333E1	-9.847553315E1
2.047983333E1	-9.846836788E1
2.063976667E1	-9.846891214E1
2.081583333E1	-9.847363810E1
2.097583333E1	-9.847957437E1
2.115183333E1	-9.847469564E1
2.131183333E1	-9.847473584E1
2.147186667E1	-9.846721716E1
2.164786667E1	-9.847532718E1
2.180780000E1	-9.847795362E1
2.198383333E1	-9.849326623E1
2.214376667E1	-9.847241214E1
2.231970000E1	-9.847941182E1
2.247986667E1	-9.848531542E1
2.263976667E1	-9.847795389E1
2.281586667E1	-9.846485093E1
2.297583333E1	-9.847810277E1
2.315166667E1	-9.848028050E1
2.331176667E1	-9.846794810E1
2.347186667E1	-9.847120655E1
2.364770000E1	-9.847370288E1
2.380790000E1	-9.839853423E1
2.398373333E1	-9.837399285E1
2.414386667E1	-9.836810994E1
2.430380000E1	-9.836581116E1
2.447976667E1	-9.839663639E1
2.463990000E1	-9.839179301E1
2.481583333E1	-9.840061701E1
2.497583333E1	-9.840046284E1
2.515170000E1	-9.840386073E1
2.531173333E1	-9.843142575E1
2.547183333E1	-9.843485194E1
2.564783333E1	-9.842047311E1
2.580783333E1	-9.843824404E1
2.598373333E1	-9.845431625E1
2.614380000E1	-9.844795369E1
2.630376667E1	-9.846248037E1
2.647970000E1	-9.847193859E1
2.663970000E1	-9.846182787E1
2.681563333E1	-9.846530395E1
2.697576667E1	-9.845472954E1
2.713573333E1	-9.847781711E1
2.731170000E1	-9.847738818E1
2.747176667E1	-9.846432578E1
2.764776667E1	-9.841294309E1
2.780780000E1	-9.801986915E1
2.796773333E1	-9.796466568E1
2.814376667E1	-9.804016436E1
2.830380000E1	-9.818238196E1
2.847966667E1	-9.826836009E1
2.863966667E1	-9.835841108E1
2.881570000E1	-9.840683496E1
2.897576667E1	-9.840210339E1
2.913566667E1	-9.841492688E1
2.931170000E1	-9.841634550E1
2.947180000E1	-9.840043641E1
2.964763333E1	-9.842252981E1
2.980780000E1	-9.842939173E1
2.996766667E1	-9.845075006E1
3.014366667E1	-9.845897622E1
3.030383333E1	-9.846891153E1
3.047963333E1	-9.847336707E1
3.063966667E1	-9.847167791E1
3.079976667E1	-9.849019997E1
3.097566667E1	-9.847275804E1
3.113576667E1	-9.845759970E1
3.131163333E1	-9.832999519E1
3.147166667E1	-9.831680792E1
3.163176667E1	-9.833031733E1
3.180776667E1	-9.831693711E1
3.196770000E1	-9.834564053E1
3.214373333E1	-9.831420033E1
3.230373333E1	-9.833768786E1
3.247966667E1	-9.834254488E1
3.263960000E1	-9.836314130E1
3.279970000E1	-9.835512109E1
3.297576667E1	-9.835693627E1
3.313563333E1	-9.836391299E1
3.331156667E1	-9.836136322E1
3.347183333E1	-9.839567824E1
3.363166667E1	-9.843421871E1
3.380766667E1	-9.845320766E1
3.396763333E1	-9.849499017E1
3.414370000E1	-9.849503587E1
3.430356667E1	-9.848091406E1
3.446380000E1	-9.848822614E1
3.463960000E1	-9.846810096E1
3.479963333E1	-9.844885036E1
3.497570000E1	-9.844106436E1
3.513573333E1	-9.843775693E1
3.531153333E1	-9.838592305E1
3.547173333E1	-9.830725401E1
3.563176667E1	-9.832445762E1
3.580760000E1	-9.831844120E1
3.596760000E1	-9.832944217E1
3.614353333E1	-9.836943466E1
3.630366667E1	-9.839027201E1
3.646363333E1	-9.839884891E1
3.663956667E1	-9.843347726E1
3.679963333E1	-9.842832293E1
3.697556667E1	-9.840959738E1
3.713563333E1	-9.841452182E1
3.729573333E1	-9.842718651E1
3.747163333E1	-9.842386857E1
3.763176667E1	-9.845426634E1
3.780760000E1	-9.844327590E1
3.796763333E1	-9.842805518E1
3.812763333E1	-9.839378699E1
3.830356667E1	-9.835981488E1
3.846366667E1	-9.832884807E1
3.863953333E1	-9.831319018E1
3.879956667E1	-9.828011552E1
3.897563333E1	-9.830363786E1
3.913556667E1	-9.832916122E1
3.929570000E1	-9.837854110E1
3.947156667E1	-9.844670929E1
3.963160000E1	-9.861883904E1
3.980763333E1	-9.872144218E1
3.996756667E1	-9.883251001E1
4.012763333E1	-9.888437970E1
4.030363333E1	-9.883053141E1
4.046366667E1	-9.842235165E1
4.063950000E1	-9.828166282E1
4.079966667E1	-9.830961309E1
4.095963333E1	-9.834446262E1
4.113560000E1	-9.836045424E1
4.129570000E1	-9.838692472E1
4.147170000E1	-9.836978544E1
4.163160000E1	-9.833877162E1
4.179170000E1	-9.828824888E1
4.196753333E1	-9.831502731E1
4.212766667E1	-9.828505067E1
4.230356667E1	-9.829047396E1
4.246353333E1	-9.831503772E1
4.263943333E1	-9.831097897E1
4.279963333E1	-9.834020610E1
4.295963333E1	-9.844996100E1
4.313550000E1	-9.849490321E1
4.329560000E1	-9.857124425E1
4.347143333E1	-9.859381378E1
4.363163333E1	-9.863491004E1
4.379166667E1	-9.865543061E1
4.396763333E1	-9.860483791E1
4.412766667E1	-9.859139389E1
4.430360000E1	-9.841924320E1
4.446356667E1	-9.841500504E1
4.462363333E1	-9.841803564E1
4.479963333E1	-9.840510606E1
4.495960000E1	-9.841463289E1
4.513546667E1	-9.840456584E1
4.529563333E1	-9.840909151E1
4.547146667E1	-9.834256091E1
4.563146667E1	-9.824902617E1
4.579153333E1	-9.820366365E1
4.596756667E1	-9.821442617E1
4.612763333E1	-9.823518440E1
4.630343333E1	-9.827698019E1
4.646343333E1	-9.837160518E1
4.662350000E1	-9.843607798E1
4.679946667E1	-9.848665280E1
4.695953333E1	-9.858282396E1
4.713556667E1	-9.874432936E1
4.729556667E1	-9.882772307E1
4.745563333E1	-9.879471685E1
4.763160000E1	-9.877332969E1
4.779160000E1	-9.873724963E1
4.796756667E1	-9.847633949E1
4.812753333E1	-9.758301630E1
4.828750000E1	-9.729062701E1
4.846350000E1	-9.740050224E1
4.862360000E1	-9.751910719E1
4.879956667E1	-9.793180639E1
4.895953333E1	-9.819126935E1
4.913546667E1	-9.821621361E1
4.929543333E1	-9.815384319E1
4.945550000E1	-9.814848585E1
4.963156667E1	-9.829958249E1
4.979153333E1	-9.849120597E1
4.996740000E1	-9.869933280E1
5.012753333E1	-9.898943424E1
5.028746667E1	-9.927594000E1
5.046356667E1	-9.940895580E1
5.062356667E1	-9.919653064E1
5.079946667E1	-9.919586704E1
5.095943333E1	-9.930994249E1
5.111953333E1	-9.922714888E1
5.129546667E1	-9.852801835E1
5.145543333E1	-9.844175918E1
5.163150000E1	-9.779949769E1
5.179143333E1	-9.685810004E1
5.196736667E1	-9.673922742E1
5.212746667E1	-9.676015498E1
5.228750000E1	-9.728478612E1
5.246353333E1	-9.746310193E1
5.262346667E1	-9.770377057E1
5.279943333E1	-9.821179057E1
5.295946667E1	-9.828218524E1
5.311943333E1	-9.841427814E1
5.329536667E1	-9.848712005E1
5.345543333E1	-9.850266659E1
5.363150000E1	-9.848907305E1
5.379143333E1	-9.851150091E1
5.395150000E1	-9.852621072E1
5.412736667E1	-9.854763685E1
5.428746667E1	-9.852366236E1
5.446346667E1	-9.853078140E1
5.462343333E1	-9.858789931E1
5.478340000E1	-9.862729193E1
5.495943333E1	-9.855741819E1
5.511943333E1	-9.841189120E1
5.529543333E1	-9.818037384E1
5.545540000E1	-9.744592995E1
5.563146667E1	-9.687425996E1
5.579143333E1	-9.718700350E1
5.595140000E1	-9.710227150E1
5.612733333E1	-9.735269695E1
5.628746667E1	-9.760127167E1
5.646330000E1	-9.831377625E1
5.662333333E1	-9.829333158E1
5.678353333E1	-9.840327181E1
5.695943333E1	-9.842746891E1
5.711943333E1	-9.840389453E1
5.729533333E1	-9.829533779E1
5.745543333E1	-9.805492352E1
5.761550000E1	-9.824055580E1
5.779136667E1	-9.841244672E1
5.795136667E1	-9.845811658E1
5.812743333E1	-9.854691759E1
5.828733333E1	-9.855851459E1
5.844753333E1	-9.924708223E1
5.862336667E1	-9.928621885E1
5.878343333E1	-9.924943528E1
5.895936667E1	-9.892177690E1
5.911936667E1	-9.839651481E1
5.929536667E1	-9.747840600E1
5.945536667E1	-9.762877329E1
5.961533333E1	-9.785831617E1
5.979130000E1	-9.811963018E1
5.995136667E1	-9.821004842E1
6.012726667E1	-9.819079796E1
6.028736667E1	-9.824932576E1
6.044743333E1	-9.816113251E1
6.062340000E1	-9.822279534E1
6.078343333E1	-9.814196936E1
6.095936667E1	-9.821171919E1
6.111943333E1	-9.807305532E1
6.127933333E1	-9.809273305E1
6.145533333E1	-9.824756534E1
6.161543333E1	-9.847833244E1
6.179126667E1	-9.852883071E1
6.195130000E1	-9.859875498E1
6.212736667E1	-9.874409752E1
6.228740000E1	-9.885756260E1
6.244743333E1	-9.884084503E1
6.262336667E1	-9.855568910E1
6.278340000E1	-9.828134933E1
6.295920000E1	-9.765999121E1
6.311940000E1	-9.768807245E1
6.327940000E1	-9.784842889E1
6.345533333E1	-9.768718609E1
6.361540000E1	-9.785748978E1
6.379133333E1	-9.785274186E1
6.395133333E1	-9.824734743E1
6.411133333E1	-9.831172851E1
6.428726667E1	-9.831676612E1
6.444736667E1	-9.834629261E1
6.462323333E1	-9.825856961E1
6.478326667E1	-9.722458955E1
6.494330000E1	-9.817251543E1
6.511926667E1	-9.767030864E1
6.527933333E1	-9.889509629E1
6.545526667E1	-9.941933845E1
6.561540000E1	-1.000913673E2
6.579130000E1	-1.005097949E2
6.595123333E1	-1.011799647E2
6.611126667E1	-1.004937732E2
6.628730000E1	-9.932183345E1
6.644740000E1	-9.818690456E1
6.662333333E1	-9.809901783E1
6.678330000E1	-9.802347505E1
6.694330000E1	-9.795628383E1
6.711923333E1	-9.754039823E1
6.727933333E1	-9.753517389E1
6.745520000E1	-9.759424491E1
6.761536667E1	-9.764121083E1
6.777523333E1	-9.774930838E1
6.795136667E1	-9.764923879E1
6.811130000E1	-9.753547125E1
6.828730000E1	-9.758743228E1
6.844730000E1	-9.766307713E1
6.860733333E1	-9.778249774E1
6.878333333E1	-9.768074632E1
6.894326667E1	-9.846215892E1
6.911920000E1	-9.934572717E1
6.927930000E1	-9.947803524E1
6.945533333E1	-9.975620238E1
6.961530000E1	-1.002430872E2
6.977526667E1	-1.003115998E2
6.995126667E1	-1.002071065E2
7.011126667E1	-9.916301357E1
7.028716667E1	-9.782822039E1
7.044736667E1	-9.755859813E1
7.060720000E1	-9.758696802E1
7.078330000E1	-9.751301606E1
7.094326667E1	-9.731529576E1
7.111930000E1	-9.741054430E1
7.127923333E1	-9.727742323E1
7.143936667E1	-9.645645251E1
7.161530000E1	-9.726984491E1
7.177530000E1	-9.741643346E1
7.195123333E1	-9.786828835E1
7.211116667E1	-9.807813532E1
7.228723333E1	-9.855163153E1
7.244726667E1	-9.870760280E1
7.260730000E1	-1.005052395E2
7.278323333E1	-1.005590329E2
7.294330000E1	-1.005094112E2
7.311926667E1	-1.004662496E2
7.327920000E1	-1.005224402E2
7.343923333E1	-1.005036223E2
7.361513333E1	-1.004982953E2
7.377523333E1	-9.922742030E1
7.395123333E1	-9.828852898E1
7.411116667E1	-9.755194180E1
7.427120000E1	-9.746205964E1
7.444716667E1	-9.701500115E1
7.460716667E1	-9.648987826E1
7.478316667E1	-9.683568050E1
7.494313333E1	-9.677222421E1
7.510323333E1	-9.705121745E1
7.527916667E1	-9.721153931E1
7.543930000E1	-9.743415729E1
7.561523333E1	-9.761545136E1
7.577510000E1	-9.794543444E1
7.595120000E1	-9.859342539E1
7.611123333E1	-9.903390261E1
7.627120000E1	-9.926445090E1
7.644713333E1	-9.936624077E1
7.660720000E1	-9.936220153E1
7.678320000E1	-9.942657433E1
7.694320000E1	-9.943824839E1
7.710323333E1	-9.944602008E1
7.727926667E1	-9.944578864E1
7.743920000E1	-9.942203331E1
7.761506667E1	-9.774360484E1
7.777516667E1	-9.654553706E1
7.793516667E1	-9.729662302E1
7.811120000E1	-9.672246774E1
7.827113333E1	-9.707517710E1
7.844710000E1	-9.743164635E1
7.860723333E1	-9.875176518E1
7.876720000E1	-9.885786032E1
7.894316667E1	-9.947462604E1
7.910316667E1	-9.848350174E1
7.927916667E1	-9.803750192E1
7.943916667E1	-9.891855437E1
7.961503333E1	-9.918515807E1
7.977520000E1	-9.933344301E1
7.993513333E1	-9.930028257E1
8.011120000E1	-9.937146566E1
8.027120000E1	-9.940562824E1
8.044700000E1	-9.940097261E1
8.060716667E1	-9.852115549E1
8.076713333E1	-9.854560480E1
8.094316667E1	-9.858436898E1
8.110310000E1	-9.819550840E1
8.127903333E1	-9.758430252E1
8.143910000E1	-9.762861340E1
8.159906667E1	-9.761205213E1
8.177510000E1	-9.761324663E1
8.193513333E1	-9.769325832E1
8.211116667E1	-9.794540685E1
8.227116667E1	-9.842514000E1
8.244706667E1	-9.857283719E1
8.260713333E1	-9.877238129E1
8.276713333E1	-9.874332964E1
8.294303333E1	-9.855418184E1
8.310310000E1	-9.837451499E1
8.327913333E1	-9.831053345E1
8.343920000E1	-9.751001583E1
8.359906667E1	-9.749469953E1
8.377513333E1	-9.846588751E1
8.393506667E1	-9.939257059E1
8.411110000E1	-9.967325970E1
8.427106667E1	-9.979128441E1
8.443116667E1	-1.002804183E2
8.460716667E1	-9.947541323E1
8.476706667E1	-9.867792168E1
8.494313333E1	-9.843928461E1
8.510303333E1	-9.840222490E1
8.526303333E1	-9.840920184E1
8.543916667E1	-9.836168057E1
8.559906667E1	-9.832343848E1
8.577513333E1	-9.832850122E1
8.593506667E1	-9.843637359E1
8.611096667E1	-9.857135529E1
8.627113333E1	-9.867519457E1
8.643106667E1	-9.872359411E1
8.660713333E1	-9.863172454E1
8.676706667E1	-9.814943573E1
8.694310000E1	-9.750004465E1
8.710303333E1	-9.752634168E1
8.726313333E1	-9.758262149E1
8.743906667E1	-9.829624785E1
8.759913333E1	-9.865221745E1
8.777506667E1	-9.944219363E1
8.793510000E1	-9.969288538E1
8.809513333E1	-9.986822279E1
8.827103333E1	-9.967553436E1
8.843103333E1	-9.942573957E1
8.860703333E1	-9.731662204E1
8.876700000E1	-9.696228408E1
8.892713333E1	-9.647554354E1
8.910296667E1	-9.630998495E1
8.926296667E1	-9.762973089E1
8.943903333E1	-9.811622807E1
8.959906667E1	-9.868604806E1
8.977506667E1	-9.951264856E1
8.993500000E1	-1.011650552E2
9.009503333E1	-1.006058833E2
9.027093333E1	-9.860389494E1
9.043110000E1	-9.829200556E1
9.060703333E1	-9.828136126E1
9.076700000E1	-9.822225415E1
9.092703333E1	-9.749141302E1
9.110300000E1	-9.741055782E1
9.126296667E1	-9.827268597E1
9.143893333E1	-9.855832942E1
9.159903333E1	-9.929502077E1
9.175903333E1	-9.934204977E1
9.193493333E1	-9.937938881E1
9.209503333E1	-9.913358387E1
9.227106667E1	-9.738393433E1
9.243110000E1	-9.630582930E1
9.260700000E1	-9.640225077E1
9.276696667E1	-9.652631933E1
9.292706667E1	-9.748984889E1
9.310293333E1	-9.802951573E1
9.326306667E1	-9.942234494E1
9.343900000E1	-1.002389240E2
9.359890000E1	-1.004218599E2
9.375900000E1	-1.004367354E2
9.393503333E1	-9.946131301E1
9.409500000E1	-9.850492741E1
9.427100000E1	-9.780486153E1
9.443100000E1	-9.610893904E1
9.459103333E1	-9.652030254E1
9.476690000E1	-9.749633950E1
9.492700000E1	-9.874362466E1
9.510290000E1	-9.958074016E1
9.526303333E1	-1.012711298E2
9.542293333E1	-1.013225987E2
9.559900000E1	-9.932097245E1
9.575903333E1	-9.856534092E1
9.593500000E1	-9.875014738E1
9.609506667E1	-9.794510628E1
9.627086667E1	-9.634725160E1
9.643093333E1	-9.548916189E1
9.659103333E1	-9.640988928E1
9.676700000E1	-9.769686665E1
9.692703333E1	-9.832340435E1
9.710286667E1	-9.849654943E1
9.726296667E1	-9.948889345E1
9.742296667E1	-9.983187180E1
9.759896667E1	-9.950842236E1
9.775890000E1	-9.775591414E1
9.793496667E1	-9.684316998E1
9.809503333E1	-9.720453515E1
9.825493333E1	-9.732515555E1
9.843090000E1	-9.758968059E1
9.859090000E1	-9.846652064E1
9.876693333E1	-9.923753812E1
9.892693333E1	-9.982280761E1
9.908693333E1	-1.000722970E2
9.926296667E1	-9.987538423E1
9.942293333E1	-9.890737637E1
9.959893333E1	-9.726382886E1
9.975900000E1	-9.643957409E1
9.993493333E1	-9.634581096E1
1.000949667E2	-9.758233578E1
1.002549000E2	-9.809704447E1
1.004309000E2	-9.924411687E1
1.005908667E2	-9.928556454E1
1.007668667E2	-9.874868119E1
1.009268333E2	-9.949014502E1
1.010869000E2	-1.002330190E2
1.012628333E2	-1.001179890E2
1.014228667E2	-9.954325859E1
1.015988667E2	-9.807735671E1
1.017589667E2	-9.719961899E1
1.019190000E2	-9.625395455E1
1.020949667E2	-9.749405605E1
1.022548667E2	-9.754681752E1
1.024309333E2	-9.841709941E1
1.025908333E2	-9.859490636E1
1.027669000E2	-9.871155366E1
1.029268667E2	-9.885909109E1
1.030868667E2	-9.837732626E1
1.032628333E2	-9.737815168E1
1.034228333E2	-9.750894423E1
1.035988667E2	-9.742787747E1
1.037589000E2	-9.763564043E1
1.039188000E2	-9.767878300E1
1.040948333E2	-9.847561984E1
1.042549667E2	-9.838326621E1
1.044307667E2	-9.805827847E1
1.045909667E2	-9.878341180E1
1.047509000E2	-9.949069706E1
1.049269000E2	-1.006006007E2
1.050869000E2	-1.006186485E2
1.052629000E2	-1.003041645E2
1.054228333E2	-9.936869446E1
1.055829333E2	-9.845047375E1
1.057588333E2	-9.810367367E1
1.059189333E2	-9.655760236E1
1.060949000E2	-9.731662700E1
1.062548000E2	-9.840919778E1
1.064308667E2	-9.849065943E1
1.065908667E2	-9.880665222E1
1.067509000E2	-9.882817347E1
1.069268667E2	-9.816458475E1
1.070869000E2	-9.703785969E1
1.072628333E2	-9.740063273E1
1.074228333E2	-9.740972559E1
1.075829333E2	-9.720078480E1
1.077588667E2	-9.744436845E1
1.079189000E2	-9.826829335E1
1.080948000E2	-9.833938611E1
1.082548333E2	-9.902120597E1
1.084149000E2	-9.948531945E1
1.085907667E2	-9.959996715E1
1.087508000E2	-1.004239661E2
1.089268333E2	-1.003048162E2
1.090868667E2	-9.859766207E1
1.092468333E2	-9.735635807E1
1.094228333E2	-9.741247104E1
1.095828000E2	-9.802611926E1
1.097587333E2	-9.853349272E1
1.099188000E2	-9.881435983E1
1.100948000E2	-9.918974925E1
1.102551000E2	-9.865598727E1
1.104148667E2	-9.943281660E1
1.105907667E2	-9.940611067E1
1.107507667E2	-9.864897539E1
1.109266667E2	-9.778255109E1
1.110867000E2	-9.576050457E1
1.112468667E2	-9.641884315E1
1.114228667E2	-9.715315074E1
1.115828667E2	-9.748657646E1
1.117587000E2	-9.822124712E1
1.119187667E2	-9.856386573E1
1.120788667E2	-9.874031856E1
1.122548333E2	-9.867313254E1
1.124148000E2	-9.877459710E1
1.125906667E2	-9.868064797E1
1.127507333E2	-9.864309530E1
1.129266333E2	-9.861356890E1
1.130867000E2	-9.855129374E1
1.132468333E2	-9.855502983E1
1.134227667E2	-9.847346373E1
1.135828000E2	-9.684445682E1
1.137586333E2	-9.766864401E1
1.139187667E2	-9.875410515E1
1.140787000E2	-1.003285526E2
1.142546667E2	-1.011888406E2
1.144147333E2	-1.002870203E2
1.145907667E2	-9.825745255E1
1.147507000E2	-9.742722438E1
1.149107000E2	-9.751720472E1
1.150867333E2	-9.675071127E1
1.152467667E2	-9.719092343E1
1.154228000E2	-9.738164603E1
1.155827333E2	-9.787572070E1
1.157427333E2	-9.857577233E1
1.159187333E2	-9.906446826E1
1.160787333E2	-9.922121774E1
1.162547333E2	-9.832439738E1
1.164147667E2	-9.779239948E1
1.165907667E2	-9.777751106E1
1.167507667E2	-9.780505175E1
1.169107000E2	-9.763030855E1
1.170867667E2	-9.756109990E1
1.172466667E2	-9.763222018E1
1.174227000E2	-9.770102089E1
1.175827333E2	-9.926771131E1
1.177428000E2	-9.941252246E1
1.179187333E2	-9.916577506E1
1.180788000E2	-9.894219339E1
1.182547000E2	-9.935709486E1
1.184147667E2	-1.001752741E2
1.185747667E2	-9.942692505E1
1.187507333E2	-9.780457572E1
1.189106667E2	-9.643995780E1
1.190867333E2	-9.677354647E1
1.192466667E2	-9.828833678E1
1.194067000E2	-9.828102656E1
1.195827333E2	-9.942603798E1
1.197427667E2	-9.936394899E1
1.199186333E2	-9.913916101E1
1.200786333E2	-9.872649136E1
1.202547000E2	-9.857786035E1
1.204146667E2	-9.804829863E1
1.205747000E2	-9.690762234E1
1.207507000E2	-9.743399907E1
1.209107333E2	-9.759068809E1
1.210866667E2	-9.770193899E1
1.212466667E2	-9.821265554E1
1.214066667E2	-9.830595355E1
1.215827333E2	-9.857997123E1
1.217427667E2	-9.870627716E1
1.219187333E2	-9.943094266E1
1.220786333E2	-9.930587868E1
1.222386667E2	-9.845946771E1
1.224146000E2	-9.864681955E1
1.225747000E2	-9.877484541E1
1.227506000E2	-9.861329488E1
1.229107000E2	-9.868722114E1
1.230867000E2	-9.828234347E1
1.232466000E2	-9.753916532E1
1.234068000E2	-9.871584995E1
1.235827000E2	-9.869236394E1
1.237427000E2	-9.948502352E1
1.239186333E2	-9.915901462E1
1.240786667E2	-9.768808788E1
1.242386667E2	-9.659639680E1
1.244147333E2	-9.645601620E1
1.245747000E2	-9.758799554E1
1.247505000E2	-9.772475455E1
1.249105667E2	-9.778634111E1
1.250706667E2	-9.771683241E1
1.252465667E2	-9.824550149E1
1.254066333E2	-9.846440137E1
1.255826000E2	-9.857189109E1
1.257426667E2	-9.854047810E1
1.259026333E2	-9.858493498E1
1.260786667E2	-9.872467497E1
1.262385667E2	-9.864173395E1
1.264146333E2	-9.915524937E1
1.265746667E2	-9.933392396E1
1.267506333E2	-9.949365874E1
1.269106667E2	-9.932262241E1
1.270707000E2	-9.901005284E1
1.272465333E2	-9.883646490E1
1.274065667E2	-9.924814815E1
1.275824667E2	-9.907080591E1
1.277425000E2	-9.850681613E1
1.279025667E2	-9.855181824E1
1.280786333E2	-9.826451568E1
1.282386333E2	-9.699751866E1
1.284145000E2	-9.639536000E1
1.285745000E2	-9.681580027E1
1.287346667E2	-9.804963857E1
1.289105000E2	-9.846113479E1
1.290705667E2	-9.851071744E1
1.292466000E2	-9.804448948E1
1.294066000E2	-9.766897823E1
1.295665667E2	-9.815773763E1
1.297425333E2	-9.826658805E1
1.299026333E2	-9.847242421E1
1.300785000E2	-9.859150592E1
1.302386000E2	-9.879639597E1
1.304144333E2	-1.000693444E2
1.305746000E2	-1.005246181E2
1.307346000E2	-1.007315048E2
1.309105000E2	-1.001004458E2
1.310706000E2	-9.788567009E1
1.312464667E2	-9.816852938E1
1.314066333E2	-9.872490651E1
1.315666333E2	-9.851507802E1
1.317425667E2	-9.776793663E1
1.319025333E2	-9.739511863E1
1.320784333E2	-9.748126297E1
1.322385667E2	-9.740016598E1
1.323985333E2	-9.664766446E1
1.325745667E2	-9.663792040E1
1.327345333E2	-9.825680439E1
1.329105333E2	-9.850174759E1
1.330706000E2	-9.860968327E1
1.332465667E2	-9.832274542E1
1.334065000E2	-9.788459000E1
1.335665333E2	-9.780104722E1
1.337426000E2	-9.749867487E1
1.339024667E2	-9.841283435E1
1.340784333E2	-9.907018519E1
1.342385333E2	-1.003131720E2
1.343986667E2	-1.016336689E2
1.345745667E2	-1.022105505E2
1.347345667E2	-1.013432542E2
1.349105667E2	-9.869328964E1
1.350705667E2	-9.833907775E1
1.352305667E2	-9.743209211E1
1.354065000E2	-9.747810328E1
1.355665000E2	-9.765870110E1
1.357425000E2	-9.769386649E1
1.359025333E2	-9.770736705E1
1.360624333E2	-9.775352343E1
1.362385667E2	-9.737653360E1
1.363986000E2	-9.726340782E1
1.365744000E2	-9.753721105E1
1.367344667E2	-9.780860995E1
1.369104667E2	-9.833759787E1
1.370705667E2	-9.836341943E1
1.372305000E2	-9.745309133E1
1.374065000E2	-9.747184390E1
1.375665000E2	-9.742836225E1
1.377425000E2	-9.746130827E1
1.379024000E2	-9.857812842E1
1.380625333E2	-1.022504047E2
1.382385333E2	-1.042579509E2
1.383985333E2	-1.041972416E2
1.385744667E2	-1.015304662E2
1.387344333E2	-9.846930082E1
1.388944667E2	-9.673822853E1
1.390704000E2	-9.755779438E1
1.392304333E2	-9.616971763E1
1.394064000E2	-9.731212136E1
1.395664667E2	-9.826681851E1
1.397264667E2	-9.824215466E1
1.399023667E2	-9.832964139E1
1.400625000E2	-9.762815547E1
1.402385000E2	-9.745838935E1
1.403985333E2	-9.670645452E1
1.405743667E2	-9.655503170E1
1.407344000E2	-9.746675788E1
1.408945000E2	-9.750683391E1
1.410704000E2	-9.757024854E1
1.412305000E2	-9.650512350E1
1.414063333E2	-9.579330715E1
1.415665000E2	-9.763407027E1
1.417265000E2	-9.969471199E1
1.419023667E2	-1.027288940E2
1.420624000E2	-1.053712611E2
1.422383667E2	-1.034867726E2
1.423985333E2	-1.004486899E2
1.425584333E2	-9.856530954E1
1.427345000E2	-9.737389253E1
1.428944000E2	-9.517174092E1
1.430703667E2	-9.447690988E1
1.432304333E2	-9.674302229E1
1.434063000E2	-9.758397580E1
1.435664333E2	-9.836768889E1
1.437265000E2	-9.842378939E1
1.439023333E2	-9.656539185E1
1.440624333E2	-9.647716907E1
1.442383000E2	-9.647051702E1
1.443984000E2	-9.648580799E1
1.445584667E2	-9.565956295E1
1.447344667E2	-9.547248418E1
1.448944667E2	-9.614693814E1
1.450703667E2	-9.641343735E1
1.452304000E2	-9.852988858E1
1.453904333E2	-1.013946272E2
1.455664333E2	-1.031242856E2
1.457263333E2	-1.034340421E2
1.459023333E2	-1.027973521E2
1.460624667E2	-1.013015565E2
1.462223333E2	-1.010099261E2
1.463983000E2	-9.864459276E1
1.465583667E2	-9.626828028E1
1.467343667E2	-9.459305665E1
1.468944000E2	-9.435426597E1
1.470702667E2	-9.731327991E1
1.472304000E2	-9.771439456E1
1.473904667E2	-9.798989181E1
1.475663000E2	-9.830959039E1
1.477264667E2	-9.734199822E1
1.479023667E2	-9.656170162E1
1.480624333E2	-9.441787308E1
1.482224333E2	-9.242294336E1
1.483983000E2	-9.277483681E1
1.485583333E2	-9.560974509E1
1.487342667E2	-1.006425215E2
1.488943333E2	-1.023237638E2
1.490543667E2	-1.025413684E2
1.492304000E2	-1.023363386E2
1.493904333E2	-1.007295277E2
1.495662667E2	-1.014073985E2
1.497262667E2	-1.005610278E2
1.498863333E2	-1.000537152E2
1.500622667E2	-9.998223993E1
1.502223000E2	-9.803323094E1
1.503982667E2	-9.600920115E1
1.505582667E2	-9.537242505E1
1.507342333E2	-9.572802599E1
1.508943667E2	-9.752875806E1
1.510544000E2	-9.684057684E1
1.512304000E2	-9.787856089E1
1.513903667E2	-9.781641187E1
1.515662667E2	-9.692083696E1
1.517263667E2	-9.529036626E1
1.518863667E2	-9.184176138E1
1.520623667E2	-9.620971173E1
1.522223000E2	-9.975885087E1
1.523983000E2	-1.013413596E2
1.525583000E2	-1.024082833E2
1.527183000E2	-1.008746716E2
1.528943667E2	-1.002751246E2
1.530542333E2	-1.020030601E2
1.532302333E2	-1.012924369E2
1.533902667E2	-1.008244966E2
1.535662333E2	-1.002069483E2
1.537262333E2	-9.841717924E1
1.538863000E2	-9.851784227E1
1.540622000E2	-9.779178838E1
1.542223333E2	-9.755082717E1
1.543983000E2	-9.557794106E1
1.545582333E2	-9.462997344E1
1.547182333E2	-9.629933924E1
1.548943333E2	-9.534322248E1
1.550542333E2	-9.625183225E1
1.552303000E2	-9.715920273E1
1.553902333E2	-9.778622779E1
1.555503000E2	-1.003802870E2
1.557262000E2	-1.000907656E2
1.558862333E2	-9.962377338E1
1.560622333E2	-9.919947435E1
1.562221667E2	-9.844182529E1
1.563823000E2	-9.963117612E1
1.565582000E2	-1.003268047E2
1.567183333E2	-1.018319913E2
1.568942667E2	-1.017374305E2
1.570542333E2	-9.971985140E1
1.572302667E2	-9.850110135E1
1.573901667E2	-9.826489986E1
1.575502667E2	-9.949123924E1
1.577264333E2	-9.872516330E1
1.578863333E2	-9.541344460E1
1.580621333E2	-9.480153011E1
1.582222667E2	-9.404929055E1
1.583822667E2	-9.365659471E1
1.585581333E2	-9.476587893E1
1.587181667E2	-9.754437283E1
1.588941667E2	-1.014217585E2
1.590543000E2	-1.020718857E2
1.592142667E2	-1.016873682E2
1.593903000E2	-9.979103676E1
1.595503000E2	-9.847140519E1
1.597261667E2	-9.886936674E1
1.598862000E2	-9.833507189E1
1.600462667E2	-9.876156593E1
1.602223000E2	-9.947748133E1
1.603822667E2	-1.004012511E2
1.605581333E2	-1.001646044E2
1.607182667E2	-1.001471472E2
1.608942333E2	-9.989213448E1
1.610542667E2	-9.941709041E1
1.612142333E2	-9.655595058E1
1.613901333E2	-9.470715595E1
1.615502667E2	-9.316770256E1
1.617260667E2	-9.446769730E1
1.618862333E2	-9.632218657E1
1.620462667E2	-9.836226518E1
1.622222667E2	-9.952827467E1
1.623822333E2	-9.931615410E1
1.625582667E2	-9.954252085E1
1.627181333E2	-9.974083647E1
1.628782333E2	-1.006195849E2
1.630541333E2	-1.002973334E2
1.632141667E2	-9.883641721E1
1.633901000E2	-9.942676427E1
1.635502667E2	-9.938747952E1
1.637260667E2	-9.918500662E1
1.638861667E2	-9.719803470E1
1.640462333E2	-9.761024735E1
1.642222000E2	-1.000601105E2
1.643822333E2	-9.980201182E1
1.645581333E2	-9.916465318E1
1.647181667E2	-9.549144441E1
1.648781333E2	-9.627283752E1
1.650541333E2	-9.674374613E1
1.652141667E2	-9.669909377E1
1.653901667E2	-9.838448604E1
1.655502333E2	-9.816126389E1
1.657101333E2	-9.843012930E1
1.658861667E2	-9.850988472E1
1.660461000E2	-9.899229844E1
1.662220667E2	-9.940302131E1
1.663821667E2	-9.954351411E1
1.665421000E2	-9.960840188E1
1.667181333E2	-9.949953323E1
1.668781667E2	-1.000223507E2
1.670542000E2	-9.972483844E1
1.672141333E2	-9.882983205E1
1.673901667E2	-9.844883553E1
1.675501333E2	-9.736982805E1
1.677101000E2	-9.734254574E1
1.678860667E2	-9.546011312E1
1.680461000E2	-9.770862463E1
1.682221333E2	-9.985983669E1
1.683821667E2	-1.004710750E2
1.685422333E2	-1.004166930E2
1.687182000E2	-9.808428350E1
1.688781000E2	-9.694299011E1
1.690541667E2	-9.745432649E1
1.692140667E2	-9.664174826E1
1.693741667E2	-9.705286200E1
1.695501667E2	-9.856737230E1
1.697101000E2	-9.915284204E1
1.698861667E2	-9.940829909E1
1.700460667E2	-9.931085044E1
1.702061667E2	-9.941704732E1
1.703820667E2	-9.938206802E1
1.705421667E2	-9.866785728E1
1.707180667E2	-9.804761406E1
1.708780333E2	-9.739906355E1
1.710541000E2	-9.634032456E1
1.712141333E2	-9.843925881E1
1.713741667E2	-9.946589733E1
1.715500333E2	-9.944728616E1
1.717100333E2	-9.943019012E1
1.718860000E2	-9.833175603E1
1.720460333E2	-9.929154305E1
1.722061667E2	-9.980938644E1
1.723819667E2	-9.949614892E1
1.725420667E2	-9.759526331E1
1.727181000E2	-9.683542164E1
1.728781333E2	-9.741688915E1
1.730382000E2	-9.731449604E1
1.732140333E2	-9.653131132E1
1.733741333E2	-9.800423244E1
1.735501000E2	-9.849417085E1
1.737101667E2	-9.868236148E1
1.738860667E2	-9.902677938E1
1.740460000E2	-9.756896455E1
1.742061333E2	-9.923099553E1
1.743819667E2	-1.000478615E2
1.745420333E2	-9.951162905E1
1.747179667E2	-9.864906579E1
1.748781000E2	-9.748787912E1
1.750381333E2	-9.903460048E1
1.752140000E2	-9.891341157E1
1.753740333E2	-9.760943513E1
1.755499333E2	-9.781170691E1
1.757100667E2	-9.844913089E1
1.758700000E2	-9.874012952E1
1.760459333E2	-9.850287400E1
1.762060667E2	-9.755278971E1
1.763820000E2	-9.785191186E1
1.765420333E2	-9.682993972E1
1.767020333E2	-9.438694185E1
1.768780333E2	-9.552711648E1
1.770381000E2	-9.647979637E1
1.772139667E2	-1.003206266E2
1.773740667E2	-1.015981205E2
1.775499333E2	-1.010936874E2
1.777100000E2	-1.006007287E2
1.778700667E2	-9.817386957E1
1.780459000E2	-1.004430412E2
1.782060333E2	-1.002472164E2
1.783819333E2	-9.781599803E1
1.785420667E2	-9.779707887E1
1.787020333E2	-9.658320988E1
1.788780333E2	-9.942079086E1
1.790380667E2	-9.829383942E1
1.792139333E2	-9.725572256E1
1.793740333E2	-9.821854652E1
1.795341000E2	-9.683625104E1
1.797100333E2	-9.745449681E1
1.798700333E2	-9.725940216E1
1.800459667E2	-9.861268251E1
1.802059333E2	-1.008877181E2
1.803660000E2	-9.773181837E1
1.805420000E2	-9.824729226E1
1.807019667E2	-9.618639425E1
1.808779000E2	-9.844225351E1
1.810380333E2	-1.012952445E2
1.812139000E2	-1.005312311E2
1.813739333E2	-1.003066208E2
1.815340000E2	-9.939923436E1
1.817099667E2	-9.927737475E1
1.818700333E2	-9.933337085E1
1.820459000E2	-9.750507766E1
1.822059333E2	-9.673776277E1
1.823659667E2	-9.656220073E1
1.825420333E2	-9.638585783E1
1.827020333E2	-9.794163981E1
1.828780333E2	-9.834610042E1
1.830380333E2	-9.999661886E1
1.831980000E2	-9.955525296E1
1.833739000E2	-9.763134705E1
1.835339000E2	-9.755235328E1
1.837099667E2	-9.761780053E1
1.838699333E2	-9.919234596E1
1.840459667E2	-9.904640888E1
1.842060333E2	-9.789899576E1
1.843660000E2	-9.727487927E1
1.845419667E2	-9.687309486E1
1.847020000E2	-9.758748160E1
1.848778333E2	-9.789414923E1
1.850378333E2	-9.852588462E1
1.851979667E2	-9.849993939E1
1.853739667E2	-9.861408481E1
1.855339000E2	-9.954402904E1
1.857098667E2	-9.971487638E1
1.858700000E2	-9.846003016E1
1.860300000E2	-9.612924653E1
1.862058333E2	-9.724943899E1
1.863658333E2	-9.844560309E1
1.865418000E2	-9.840588112E1
1.867018667E2	-9.840964884E1
1.868619667E2	-9.903610855E1
1.870379000E2	-9.940471404E1
1.871978667E2	-9.750413835E1
1.873738000E2	-9.639258479E1
1.875338667E2	-9.741538036E1
1.877098000E2	-9.752464966E1
1.878699667E2	-9.681808256E1
1.880298667E2	-9.547887982E1
1.882058667E2	-9.930101362E1
1.883659333E2	-1.004237331E2
1.885419333E2	-1.000384927E2
1.887018333E2	-9.825044551E1
1.888618667E2	-9.623307740E1
1.890379333E2	-9.947497184E1
1.891978667E2	-1.016115004E2
1.893739000E2	-1.004297157E2
1.895339333E2	-9.830543379E1
1.896939333E2	-9.760745236E1
1.898698667E2	-9.758891529E1
1.900299000E2	-9.640011305E1
1.902059333E2	-9.531481110E1
1.903658333E2	-9.834065685E1
1.905259667E2	-9.767478080E1
1.907018333E2	-9.763827501E1
1.908619667E2	-1.003694317E2
1.910379333E2	-1.004117653E2
1.911979000E2	-9.943973533E1
1.913737667E2	-9.568953118E1
1.915339000E2	-9.549008332E1
1.916939333E2	-9.802489141E1
1.918698333E2	-9.880902312E1
1.920299000E2	-9.935246922E1
1.922059000E2	-9.956234038E1
1.923658667E2	-9.886464898E1
1.925258667E2	-9.826205646E1
1.927017667E2	-9.743677357E1
1.928618333E2	-9.742593138E1
1.930379000E2	-9.828172350E1
1.931979000E2	-9.756723660E1
1.933578667E2	-9.781960543E1
1.935338333E2	-1.002525286E2
1.936938000E2	-1.008263180E2
1.938697667E2	-9.785288758E1
1.940298667E2	-9.362346241E1
1.942058333E2	-9.535381577E1
1.943657333E2	-9.958321471E1
1.945258333E2	-1.009244555E2
1.947017667E2	-1.003482707E2
1.948617667E2	-9.859572204E1
1.950377333E2	-9.754509534E1
1.951978667E2	-9.678991135E1
1.953578667E2	-9.452518257E1
1.955338667E2	-9.445499337E1
1.956937667E2	-9.728594474E1
1.958698667E2	-9.752610895E1
1.960297333E2	-1.011002975E2
1.961898667E2	-1.033382353E2
1.963658333E2	-1.006087382E2
1.965258667E2	-9.751498069E1
1.967017667E2	-9.543939344E1
1.968618667E2	-9.623356318E1
1.970218000E2	-9.841921925E1
1.971978000E2	-1.005233644E2
1.973578333E2	-1.005368664E2
1.975338667E2	-9.750536346E1
1.976938333E2	-9.609427836E1
1.978696667E2	-9.638991546E1
1.980298333E2	-9.474991205E1
1.981898000E2	-9.554880850E1
1.983658333E2	-9.794333320E1
1.985258667E2	-9.928942604E1
1.987017667E2	-1.015695287E2
1.988618333E2	-1.016181103E2
1.990217333E2	-9.858318374E1
1.991977667E2	-9.270991686E1
1.993576667E2	-9.306267011E1
1.995338333E2	-9.746086970E1
1.996938333E2	-9.964855736E1
1.998538667E2	-1.013727974E2
2.000296667E2	-1.003560521E2
2.001897333E2	-9.850584444E1
2.003657000E2	-9.747351650E1
2.005256667E2	-9.540219773E1
2.007017333E2	-9.447752761E1
2.008617667E2	-9.427293556E1
2.010217333E2	-9.839490423E1
2.011977667E2	-1.015965176E2
2.013578333E2	-1.015527555E2
2.015336333E2	-9.904803043E1
2.016937333E2	-9.540619195E1
2.018538333E2	-9.357619482E1
2.020296333E2	-9.539562920E1
2.021897000E2	-9.732161215E1
2.023656000E2	-1.008005885E2
2.025257000E2	-1.016411389E2
2.026858000E2	-9.942774033E1
2.028616667E2	-9.642474492E1
2.030216667E2	-9.320354082E1
2.031977667E2	-9.345529116E1
2.033576667E2	-9.372289598E1
2.035177667E2	-9.741840468E1
2.036936333E2	-1.032557592E2
2.038536667E2	-1.037195541E2
2.040297667E2	-1.016432229E2
2.041897000E2	-9.827624295E1
2.043656000E2	-9.441004450E1
2.045256000E2	-9.438045317E1
2.046857667E2	-9.533710436E1
2.048616333E2	-9.979617716E1
2.050217667E2	-1.006944588E2
