2.750000000000000000e+02 3.000000000000000000e+01
2.750000000000000000e+02 3.000000000000000000e+01
2.750000000000000000e+02 3.000000000000000000e+01
2.750000000000000000e+02 3.100000000000000000e+01
2.750000000000000000e+02 3.000000000000000000e+01
2.750000000000000000e+02 3.000000000000000000e+01
2.750000000000000000e+02 3.000000000000000000e+01
2.750000000000000000e+02 3.000000000000000000e+01
2.750000000000000000e+02 3.000000000000000000e+01
2.750000000000000000e+02 2.900000000000000000e+01
2.750000000000000000e+02 3.000000000000000000e+01
2.750000000000000000e+02 2.900000000000000000e+01
2.750000000000000000e+02 3.100000000000000000e+01
2.750000000000000000e+02 3.000000000000000000e+01
2.750000000000000000e+02 3.000000000000000000e+01
2.750000000000000000e+02 3.000000000000000000e+01
2.750000000000000000e+02 3.100000000000000000e+01
2.750000000000000000e+02 3.000000000000000000e+01
2.750000000000000000e+02 3.000000000000000000e+01
2.750000000000000000e+02 3.100000000000000000e+01
2.750000000000000000e+02 3.000000000000000000e+01
2.750000000000000000e+02 3.100000000000000000e+01
2.750000000000000000e+02 3.100000000000000000e+01
2.750000000000000000e+02 3.100000000000000000e+01
2.750000000000000000e+02 3.200000000000000000e+01
2.750000000000000000e+02 3.300000000000000000e+01
2.750000000000000000e+02 3.100000000000000000e+01
2.750000000000000000e+02 3.200000000000000000e+01
2.750000000000000000e+02 3.200000000000000000e+01
2.750000000000000000e+02 3.300000000000000000e+01
2.750000000000000000e+02 3.300000000000000000e+01
2.750000000000000000e+02 3.300000000000000000e+01
2.750000000000000000e+02 3.300000000000000000e+01
2.750000000000000000e+02 3.400000000000000000e+01
2.750000000000000000e+02 3.400000000000000000e+01
2.750000000000000000e+02 3.300000000000000000e+01
2.750000000000000000e+02 3.400000000000000000e+01
2.750000000000000000e+02 3.400000000000000000e+01
2.750000000000000000e+02 3.400000000000000000e+01
2.750000000000000000e+02 3.400000000000000000e+01
2.750000000000000000e+02 3.500000000000000000e+01
2.750000000000000000e+02 3.400000000000000000e+01
2.750000000000000000e+02 3.500000000000000000e+01
2.750000000000000000e+02 3.500000000000000000e+01
2.750000000000000000e+02 3.500000000000000000e+01
2.750000000000000000e+02 3.500000000000000000e+01
2.750000000000000000e+02 3.500000000000000000e+01
2.750000000000000000e+02 3.500000000000000000e+01
2.750000000000000000e+02 3.600000000000000000e+01
2.750000000000000000e+02 3.500000000000000000e+01
2.750000000000000000e+02 3.600000000000000000e+01
2.750000000000000000e+02 3.600000000000000000e+01
2.740000000000000000e+02 3.800000000000000000e+01
2.750000000000000000e+02 3.600000000000000000e+01
3.170000000000000000e+02 1.600000000000000000e+01
3.170000000000000000e+02 1.600000000000000000e+01
3.170000000000000000e+02 1.600000000000000000e+01
3.170000000000000000e+02 1.600000000000000000e+01
3.170000000000000000e+02 1.600000000000000000e+01
3.170000000000000000e+02 1.600000000000000000e+01
3.170000000000000000e+02 1.500000000000000000e+01
3.170000000000000000e+02 1.500000000000000000e+01
3.170000000000000000e+02 1.500000000000000000e+01
3.170000000000000000e+02 1.600000000000000000e+01
3.170000000000000000e+02 1.600000000000000000e+01
3.170000000000000000e+02 1.500000000000000000e+01
3.170000000000000000e+02 1.600000000000000000e+01
3.170000000000000000e+02 1.600000000000000000e+01
3.170000000000000000e+02 1.600000000000000000e+01
3.170000000000000000e+02 1.600000000000000000e+01
3.170000000000000000e+02 1.600000000000000000e+01
3.170000000000000000e+02 1.600000000000000000e+01
2.750000000000000000e+02 3.600000000000000000e+01
2.750000000000000000e+02 3.600000000000000000e+01
2.750000000000000000e+02 3.600000000000000000e+01
2.750000000000000000e+02 3.500000000000000000e+01
2.750000000000000000e+02 3.600000000000000000e+01
2.750000000000000000e+02 3.600000000000000000e+01
2.750000000000000000e+02 3.600000000000000000e+01
2.750000000000000000e+02 3.600000000000000000e+01
2.750000000000000000e+02 3.500000000000000000e+01
2.750000000000000000e+02 3.400000000000000000e+01
2.750000000000000000e+02 3.500000000000000000e+01
2.750000000000000000e+02 3.400000000000000000e+01
2.750000000000000000e+02 3.400000000000000000e+01
2.750000000000000000e+02 3.400000000000000000e+01
2.750000000000000000e+02 3.400000000000000000e+01
2.750000000000000000e+02 3.300000000000000000e+01
2.750000000000000000e+02 3.300000000000000000e+01
2.750000000000000000e+02 3.300000000000000000e+01
2.750000000000000000e+02 3.400000000000000000e+01
2.750000000000000000e+02 3.300000000000000000e+01
2.750000000000000000e+02 3.300000000000000000e+01
2.750000000000000000e+02 3.200000000000000000e+01
2.750000000000000000e+02 3.300000000000000000e+01
2.750000000000000000e+02 3.100000000000000000e+01
2.750000000000000000e+02 3.100000000000000000e+01
2.750000000000000000e+02 3.100000000000000000e+01
2.750000000000000000e+02 3.100000000000000000e+01
2.750000000000000000e+02 3.000000000000000000e+01
2.750000000000000000e+02 2.900000000000000000e+01
2.750000000000000000e+02 2.900000000000000000e+01
2.750000000000000000e+02 2.900000000000000000e+01
2.750000000000000000e+02 2.900000000000000000e+01
2.750000000000000000e+02 2.900000000000000000e+01
2.750000000000000000e+02 2.800000000000000000e+01
2.750000000000000000e+02 2.800000000000000000e+01
2.750000000000000000e+02 2.800000000000000000e+01
2.750000000000000000e+02 2.800000000000000000e+01
2.820000000000000000e+02 1.800000000000000000e+01
2.820000000000000000e+02 1.800000000000000000e+01
2.820000000000000000e+02 1.900000000000000000e+01
2.820000000000000000e+02 1.900000000000000000e+01
2.820000000000000000e+02 1.800000000000000000e+01
2.750000000000000000e+02 2.700000000000000000e+01
2.750000000000000000e+02 2.800000000000000000e+01
2.750000000000000000e+02 2.800000000000000000e+01
2.750000000000000000e+02 2.800000000000000000e+01
2.750000000000000000e+02 2.800000000000000000e+01
2.750000000000000000e+02 2.800000000000000000e+01
2.750000000000000000e+02 2.800000000000000000e+01
2.750000000000000000e+02 2.800000000000000000e+01
2.750000000000000000e+02 2.900000000000000000e+01
2.750000000000000000e+02 3.100000000000000000e+01
2.750000000000000000e+02 3.100000000000000000e+01
3.100000000000000000e+02 3.300000000000000000e+01
3.100000000000000000e+02 3.300000000000000000e+01
3.100000000000000000e+02 3.300000000000000000e+01
2.750000000000000000e+02 3.100000000000000000e+01
2.810000000000000000e+02 2.500000000000000000e+01
2.810000000000000000e+02 2.600000000000000000e+01
3.110000000000000000e+02 2.800000000000000000e+01
2.810000000000000000e+02 2.600000000000000000e+01
2.810000000000000000e+02 2.600000000000000000e+01
2.810000000000000000e+02 2.600000000000000000e+01
2.810000000000000000e+02 2.600000000000000000e+01
2.810000000000000000e+02 2.600000000000000000e+01
2.810000000000000000e+02 2.700000000000000000e+01
2.810000000000000000e+02 2.700000000000000000e+01
2.810000000000000000e+02 2.700000000000000000e+01
2.810000000000000000e+02 2.700000000000000000e+01
2.810000000000000000e+02 2.700000000000000000e+01
2.810000000000000000e+02 2.700000000000000000e+01
3.140000000000000000e+02 2.700000000000000000e+01
2.750000000000000000e+02 3.400000000000000000e+01
2.750000000000000000e+02 3.400000000000000000e+01
2.750000000000000000e+02 3.400000000000000000e+01
2.750000000000000000e+02 3.400000000000000000e+01
2.750000000000000000e+02 3.500000000000000000e+01
2.740000000000000000e+02 3.700000000000000000e+01
2.740000000000000000e+02 3.700000000000000000e+01
2.740000000000000000e+02 3.700000000000000000e+01
2.740000000000000000e+02 3.700000000000000000e+01
2.740000000000000000e+02 1.400000000000000000e+01
3.170000000000000000e+02 1.500000000000000000e+01
3.170000000000000000e+02 1.500000000000000000e+01
2.740000000000000000e+02 1.400000000000000000e+01
3.170000000000000000e+02 1.500000000000000000e+01
3.170000000000000000e+02 1.500000000000000000e+01
3.170000000000000000e+02 1.500000000000000000e+01
3.170000000000000000e+02 1.500000000000000000e+01
3.170000000000000000e+02 1.500000000000000000e+01
3.170000000000000000e+02 1.500000000000000000e+01
3.170000000000000000e+02 1.500000000000000000e+01
3.170000000000000000e+02 1.500000000000000000e+01
3.170000000000000000e+02 1.500000000000000000e+01
3.170000000000000000e+02 1.500000000000000000e+01
3.170000000000000000e+02 1.500000000000000000e+01
3.170000000000000000e+02 1.500000000000000000e+01
3.170000000000000000e+02 1.500000000000000000e+01
3.170000000000000000e+02 1.500000000000000000e+01
3.170000000000000000e+02 1.500000000000000000e+01
3.170000000000000000e+02 1.500000000000000000e+01
3.170000000000000000e+02 1.500000000000000000e+01
3.170000000000000000e+02 1.500000000000000000e+01
3.170000000000000000e+02 1.500000000000000000e+01
3.170000000000000000e+02 1.500000000000000000e+01
3.170000000000000000e+02 1.500000000000000000e+01
3.160000000000000000e+02 1.300000000000000000e+01
2.750000000000000000e+02 3.500000000000000000e+01
2.750000000000000000e+02 3.600000000000000000e+01
2.750000000000000000e+02 3.600000000000000000e+01
2.750000000000000000e+02 3.600000000000000000e+01
2.750000000000000000e+02 3.600000000000000000e+01
2.750000000000000000e+02 3.500000000000000000e+01
2.750000000000000000e+02 3.600000000000000000e+01
2.750000000000000000e+02 3.500000000000000000e+01
2.750000000000000000e+02 3.500000000000000000e+01
2.750000000000000000e+02 3.400000000000000000e+01
2.750000000000000000e+02 3.400000000000000000e+01
2.750000000000000000e+02 3.400000000000000000e+01
2.750000000000000000e+02 3.400000000000000000e+01
2.750000000000000000e+02 3.400000000000000000e+01
2.750000000000000000e+02 3.400000000000000000e+01
2.750000000000000000e+02 3.500000000000000000e+01
2.750000000000000000e+02 3.400000000000000000e+01
2.750000000000000000e+02 3.400000000000000000e+01
2.750000000000000000e+02 3.300000000000000000e+01
2.750000000000000000e+02 3.300000000000000000e+01
2.750000000000000000e+02 3.300000000000000000e+01
2.750000000000000000e+02 3.300000000000000000e+01
2.750000000000000000e+02 3.200000000000000000e+01
2.750000000000000000e+02 3.200000000000000000e+01
2.750000000000000000e+02 3.200000000000000000e+01
2.750000000000000000e+02 3.200000000000000000e+01
2.750000000000000000e+02 3.200000000000000000e+01
2.750000000000000000e+02 3.200000000000000000e+01
2.750000000000000000e+02 3.200000000000000000e+01
2.750000000000000000e+02 3.200000000000000000e+01
2.750000000000000000e+02 3.200000000000000000e+01
2.750000000000000000e+02 3.000000000000000000e+01
3.110000000000000000e+02 3.400000000000000000e+01
2.750000000000000000e+02 3.000000000000000000e+01
2.750000000000000000e+02 3.100000000000000000e+01
2.750000000000000000e+02 3.000000000000000000e+01
2.750000000000000000e+02 3.000000000000000000e+01
2.750000000000000000e+02 3.100000000000000000e+01
2.750000000000000000e+02 3.100000000000000000e+01
2.750000000000000000e+02 3.200000000000000000e+01
2.750000000000000000e+02 3.200000000000000000e+01
2.750000000000000000e+02 3.200000000000000000e+01
2.750000000000000000e+02 3.200000000000000000e+01
2.750000000000000000e+02 3.200000000000000000e+01
2.750000000000000000e+02 3.100000000000000000e+01
2.750000000000000000e+02 3.100000000000000000e+01
2.750000000000000000e+02 3.200000000000000000e+01
2.750000000000000000e+02 3.200000000000000000e+01
2.750000000000000000e+02 3.100000000000000000e+01
2.750000000000000000e+02 3.100000000000000000e+01
2.750000000000000000e+02 3.100000000000000000e+01
2.810000000000000000e+02 2.500000000000000000e+01
2.810000000000000000e+02 2.600000000000000000e+01
2.810000000000000000e+02 2.600000000000000000e+01
2.810000000000000000e+02 2.600000000000000000e+01
2.810000000000000000e+02 2.700000000000000000e+01
2.810000000000000000e+02 2.700000000000000000e+01
2.810000000000000000e+02 2.700000000000000000e+01
2.750000000000000000e+02 3.300000000000000000e+01
2.810000000000000000e+02 2.700000000000000000e+01
2.750000000000000000e+02 3.400000000000000000e+01
2.750000000000000000e+02 3.300000000000000000e+01
2.750000000000000000e+02 3.300000000000000000e+01
2.750000000000000000e+02 3.300000000000000000e+01
2.750000000000000000e+02 3.300000000000000000e+01
2.750000000000000000e+02 3.400000000000000000e+01
2.750000000000000000e+02 2.900000000000000000e+01
2.750000000000000000e+02 2.800000000000000000e+01
3.140000000000000000e+02 2.700000000000000000e+01
3.150000000000000000e+02 2.900000000000000000e+01
3.150000000000000000e+02 2.900000000000000000e+01
3.150000000000000000e+02 2.900000000000000000e+01
3.150000000000000000e+02 2.900000000000000000e+01
3.140000000000000000e+02 2.700000000000000000e+01
2.750000000000000000e+02 3.500000000000000000e+01
2.750000000000000000e+02 3.500000000000000000e+01
2.750000000000000000e+02 3.500000000000000000e+01
2.750000000000000000e+02 3.500000000000000000e+01
2.750000000000000000e+02 3.500000000000000000e+01
2.750000000000000000e+02 3.500000000000000000e+01
2.750000000000000000e+02 3.500000000000000000e+01
3.150000000000000000e+02 2.900000000000000000e+01
2.750000000000000000e+02 3.600000000000000000e+01
2.540000000000000000e+02 1.600000000000000000e+01
3.160000000000000000e+02 3.100000000000000000e+01
3.160000000000000000e+02 1.300000000000000000e+01
3.160000000000000000e+02 1.300000000000000000e+01
3.160000000000000000e+02 3.100000000000000000e+01
2.740000000000000000e+02 3.600000000000000000e+01
2.740000000000000000e+02 3.700000000000000000e+01
2.740000000000000000e+02 1.400000000000000000e+01
3.160000000000000000e+02 1.300000000000000000e+01
2.740000000000000000e+02 1.400000000000000000e+01
2.740000000000000000e+02 1.400000000000000000e+01
2.740000000000000000e+02 1.400000000000000000e+01
2.740000000000000000e+02 1.400000000000000000e+01
2.740000000000000000e+02 1.400000000000000000e+01
2.740000000000000000e+02 1.400000000000000000e+01
2.740000000000000000e+02 1.400000000000000000e+01
2.740000000000000000e+02 1.400000000000000000e+01
2.750000000000000000e+02 1.200000000000000000e+01
2.750000000000000000e+02 1.200000000000000000e+01
2.750000000000000000e+02 3.500000000000000000e+01
2.750000000000000000e+02 3.500000000000000000e+01
2.750000000000000000e+02 3.400000000000000000e+01
2.750000000000000000e+02 3.400000000000000000e+01
2.750000000000000000e+02 3.400000000000000000e+01
2.750000000000000000e+02 3.400000000000000000e+01
2.750000000000000000e+02 3.400000000000000000e+01
2.740000000000000000e+02 3.600000000000000000e+01
2.740000000000000000e+02 3.600000000000000000e+01
2.740000000000000000e+02 3.600000000000000000e+01
2.740000000000000000e+02 3.600000000000000000e+01
2.740000000000000000e+02 3.600000000000000000e+01
2.740000000000000000e+02 3.600000000000000000e+01
2.740000000000000000e+02 3.600000000000000000e+01
2.740000000000000000e+02 3.600000000000000000e+01
2.750000000000000000e+02 3.400000000000000000e+01
2.750000000000000000e+02 3.300000000000000000e+01
2.740000000000000000e+02 3.500000000000000000e+01
2.750000000000000000e+02 3.400000000000000000e+01
2.810000000000000000e+02 2.700000000000000000e+01
2.810000000000000000e+02 2.700000000000000000e+01
2.750000000000000000e+02 3.300000000000000000e+01
2.750000000000000000e+02 3.300000000000000000e+01
2.750000000000000000e+02 3.300000000000000000e+01
2.750000000000000000e+02 3.300000000000000000e+01
2.750000000000000000e+02 3.300000000000000000e+01
2.750000000000000000e+02 3.300000000000000000e+01
2.750000000000000000e+02 3.300000000000000000e+01
2.750000000000000000e+02 3.300000000000000000e+01
2.750000000000000000e+02 3.300000000000000000e+01
2.750000000000000000e+02 3.300000000000000000e+01
2.810000000000000000e+02 2.600000000000000000e+01
2.810000000000000000e+02 2.600000000000000000e+01
2.810000000000000000e+02 2.600000000000000000e+01
2.810000000000000000e+02 2.600000000000000000e+01
2.810000000000000000e+02 2.600000000000000000e+01
2.750000000000000000e+02 3.200000000000000000e+01
2.750000000000000000e+02 3.200000000000000000e+01
2.750000000000000000e+02 3.200000000000000000e+01
2.750000000000000000e+02 3.200000000000000000e+01
2.750000000000000000e+02 3.200000000000000000e+01
2.810000000000000000e+02 2.600000000000000000e+01
2.810000000000000000e+02 2.600000000000000000e+01
2.750000000000000000e+02 3.400000000000000000e+01
2.750000000000000000e+02 3.300000000000000000e+01
3.140000000000000000e+02 1.300000000000000000e+01
3.140000000000000000e+02 1.300000000000000000e+01
3.140000000000000000e+02 1.300000000000000000e+01
3.140000000000000000e+02 1.300000000000000000e+01
3.140000000000000000e+02 1.300000000000000000e+01
3.150000000000000000e+02 1.500000000000000000e+01
3.160000000000000000e+02 1.700000000000000000e+01
2.740000000000000000e+02 3.700000000000000000e+01
2.740000000000000000e+02 3.700000000000000000e+01
2.740000000000000000e+02 3.700000000000000000e+01
2.740000000000000000e+02 3.700000000000000000e+01
2.740000000000000000e+02 3.700000000000000000e+01
2.740000000000000000e+02 3.700000000000000000e+01
2.740000000000000000e+02 3.700000000000000000e+01
2.740000000000000000e+02 3.700000000000000000e+01
2.740000000000000000e+02 3.700000000000000000e+01
2.740000000000000000e+02 3.600000000000000000e+01
2.740000000000000000e+02 3.600000000000000000e+01
2.740000000000000000e+02 3.700000000000000000e+01
2.740000000000000000e+02 3.600000000000000000e+01
2.740000000000000000e+02 3.600000000000000000e+01
2.740000000000000000e+02 3.600000000000000000e+01
2.740000000000000000e+02 3.600000000000000000e+01
2.740000000000000000e+02 3.600000000000000000e+01
2.740000000000000000e+02 3.600000000000000000e+01
2.740000000000000000e+02 3.700000000000000000e+01
2.740000000000000000e+02 3.700000000000000000e+01
3.150000000000000000e+02 3.900000000000000000e+01
2.740000000000000000e+02 3.700000000000000000e+01
2.740000000000000000e+02 3.800000000000000000e+01
2.740000000000000000e+02 3.800000000000000000e+01
2.740000000000000000e+02 3.800000000000000000e+01
2.740000000000000000e+02 3.800000000000000000e+01
2.750000000000000000e+02 3.600000000000000000e+01
2.750000000000000000e+02 3.500000000000000000e+01
2.750000000000000000e+02 3.500000000000000000e+01
2.750000000000000000e+02 3.500000000000000000e+01
2.750000000000000000e+02 3.500000000000000000e+01
2.750000000000000000e+02 2.900000000000000000e+01
2.750000000000000000e+02 3.600000000000000000e+01
2.750000000000000000e+02 3.500000000000000000e+01
2.750000000000000000e+02 3.500000000000000000e+01
2.810000000000000000e+02 2.800000000000000000e+01
2.810000000000000000e+02 2.700000000000000000e+01
2.810000000000000000e+02 2.700000000000000000e+01
2.810000000000000000e+02 2.700000000000000000e+01
2.810000000000000000e+02 2.700000000000000000e+01
2.810000000000000000e+02 2.700000000000000000e+01
2.810000000000000000e+02 2.700000000000000000e+01
2.810000000000000000e+02 2.700000000000000000e+01
2.810000000000000000e+02 2.700000000000000000e+01
2.810000000000000000e+02 2.700000000000000000e+01
2.810000000000000000e+02 2.700000000000000000e+01
2.810000000000000000e+02 2.600000000000000000e+01
2.810000000000000000e+02 2.600000000000000000e+01
2.810000000000000000e+02 2.600000000000000000e+01
2.810000000000000000e+02 2.600000000000000000e+01
2.810000000000000000e+02 2.600000000000000000e+01
2.810000000000000000e+02 2.600000000000000000e+01
2.810000000000000000e+02 2.700000000000000000e+01
2.810000000000000000e+02 2.700000000000000000e+01
2.810000000000000000e+02 2.700000000000000000e+01
2.810000000000000000e+02 2.700000000000000000e+01
2.810000000000000000e+02 2.700000000000000000e+01
2.810000000000000000e+02 2.700000000000000000e+01
2.810000000000000000e+02 2.600000000000000000e+01
2.810000000000000000e+02 2.600000000000000000e+01
2.810000000000000000e+02 2.600000000000000000e+01
2.810000000000000000e+02 2.600000000000000000e+01
3.110000000000000000e+02 2.800000000000000000e+01
2.810000000000000000e+02 2.500000000000000000e+01
2.810000000000000000e+02 2.500000000000000000e+01
2.810000000000000000e+02 2.400000000000000000e+01
2.810000000000000000e+02 2.400000000000000000e+01
2.810000000000000000e+02 2.500000000000000000e+01
2.810000000000000000e+02 2.500000000000000000e+01
2.810000000000000000e+02 2.500000000000000000e+01
2.810000000000000000e+02 2.600000000000000000e+01
2.810000000000000000e+02 2.600000000000000000e+01
2.810000000000000000e+02 2.600000000000000000e+01
2.810000000000000000e+02 2.700000000000000000e+01
2.750000000000000000e+02 3.200000000000000000e+01
2.750000000000000000e+02 3.200000000000000000e+01
2.750000000000000000e+02 3.200000000000000000e+01
2.750000000000000000e+02 3.200000000000000000e+01
2.750000000000000000e+02 3.300000000000000000e+01
2.750000000000000000e+02 3.300000000000000000e+01
2.750000000000000000e+02 3.300000000000000000e+01
2.750000000000000000e+02 3.400000000000000000e+01
2.740000000000000000e+02 3.500000000000000000e+01
2.750000000000000000e+02 3.300000000000000000e+01
2.750000000000000000e+02 3.300000000000000000e+01
2.740000000000000000e+02 3.500000000000000000e+01
2.740000000000000000e+02 3.500000000000000000e+01
2.740000000000000000e+02 3.500000000000000000e+01
2.740000000000000000e+02 3.500000000000000000e+01
2.740000000000000000e+02 3.500000000000000000e+01
2.740000000000000000e+02 3.500000000000000000e+01
2.740000000000000000e+02 3.500000000000000000e+01
2.740000000000000000e+02 3.500000000000000000e+01
2.740000000000000000e+02 3.600000000000000000e+01
3.150000000000000000e+02 1.500000000000000000e+01
3.150000000000000000e+02 1.500000000000000000e+01
3.150000000000000000e+02 1.500000000000000000e+01
3.160000000000000000e+02 1.700000000000000000e+01
3.150000000000000000e+02 1.500000000000000000e+01
3.150000000000000000e+02 1.500000000000000000e+01
3.160000000000000000e+02 1.700000000000000000e+01
3.160000000000000000e+02 1.700000000000000000e+01
2.740000000000000000e+02 3.600000000000000000e+01
2.740000000000000000e+02 3.600000000000000000e+01
2.740000000000000000e+02 3.600000000000000000e+01
3.160000000000000000e+02 1.800000000000000000e+01
3.160000000000000000e+02 1.800000000000000000e+01
3.160000000000000000e+02 1.800000000000000000e+01
3.160000000000000000e+02 1.800000000000000000e+01
3.160000000000000000e+02 1.800000000000000000e+01
3.160000000000000000e+02 1.800000000000000000e+01
3.170000000000000000e+02 2.000000000000000000e+01
3.170000000000000000e+02 2.000000000000000000e+01
3.170000000000000000e+02 2.000000000000000000e+01
2.740000000000000000e+02 3.700000000000000000e+01
2.740000000000000000e+02 3.700000000000000000e+01
2.740000000000000000e+02 3.700000000000000000e+01
2.740000000000000000e+02 3.700000000000000000e+01
3.170000000000000000e+02 3.400000000000000000e+01
3.160000000000000000e+02 3.200000000000000000e+01
3.160000000000000000e+02 3.200000000000000000e+01
2.740000000000000000e+02 3.700000000000000000e+01
2.740000000000000000e+02 3.800000000000000000e+01
2.740000000000000000e+02 3.700000000000000000e+01
2.740000000000000000e+02 3.600000000000000000e+01
2.740000000000000000e+02 3.600000000000000000e+01
2.740000000000000000e+02 3.700000000000000000e+01
2.740000000000000000e+02 3.600000000000000000e+01
2.740000000000000000e+02 3.700000000000000000e+01
2.740000000000000000e+02 3.600000000000000000e+01
2.740000000000000000e+02 3.600000000000000000e+01
3.140000000000000000e+02 3.800000000000000000e+01
3.140000000000000000e+02 3.800000000000000000e+01
2.810000000000000000e+02 2.700000000000000000e+01
2.810000000000000000e+02 2.700000000000000000e+01
2.810000000000000000e+02 2.700000000000000000e+01
2.810000000000000000e+02 2.600000000000000000e+01
2.810000000000000000e+02 2.600000000000000000e+01
2.810000000000000000e+02 2.200000000000000000e+01
3.040000000000000000e+02 2.100000000000000000e+01
2.810000000000000000e+02 1.600000000000000000e+01
2.810000000000000000e+02 1.600000000000000000e+01
2.810000000000000000e+02 1.500000000000000000e+01
2.810000000000000000e+02 1.500000000000000000e+01
2.810000000000000000e+02 1.500000000000000000e+01
2.810000000000000000e+02 1.500000000000000000e+01
2.810000000000000000e+02 1.500000000000000000e+01
2.810000000000000000e+02 1.500000000000000000e+01
2.810000000000000000e+02 1.500000000000000000e+01
2.810000000000000000e+02 1.500000000000000000e+01
2.810000000000000000e+02 1.500000000000000000e+01
2.810000000000000000e+02 1.600000000000000000e+01
2.810000000000000000e+02 1.500000000000000000e+01
2.810000000000000000e+02 1.600000000000000000e+01
2.810000000000000000e+02 1.600000000000000000e+01
2.810000000000000000e+02 1.600000000000000000e+01
2.810000000000000000e+02 1.600000000000000000e+01
2.810000000000000000e+02 1.700000000000000000e+01
2.810000000000000000e+02 1.700000000000000000e+01
2.810000000000000000e+02 1.800000000000000000e+01
2.810000000000000000e+02 2.000000000000000000e+01
3.060000000000000000e+02 2.200000000000000000e+01
2.810000000000000000e+02 2.200000000000000000e+01
2.810000000000000000e+02 2.200000000000000000e+01
2.810000000000000000e+02 2.200000000000000000e+01
2.810000000000000000e+02 2.300000000000000000e+01
2.810000000000000000e+02 2.300000000000000000e+01
2.810000000000000000e+02 2.300000000000000000e+01
2.810000000000000000e+02 2.300000000000000000e+01
2.810000000000000000e+02 2.300000000000000000e+01
2.810000000000000000e+02 2.300000000000000000e+01
2.810000000000000000e+02 2.400000000000000000e+01
2.810000000000000000e+02 2.500000000000000000e+01
2.740000000000000000e+02 3.500000000000000000e+01
2.740000000000000000e+02 3.500000000000000000e+01
2.740000000000000000e+02 3.000000000000000000e+01
3.140000000000000000e+02 2.800000000000000000e+01
3.150000000000000000e+02 1.500000000000000000e+01
3.150000000000000000e+02 1.500000000000000000e+01
3.160000000000000000e+02 1.700000000000000000e+01
3.160000000000000000e+02 1.700000000000000000e+01
3.150000000000000000e+02 1.500000000000000000e+01
3.150000000000000000e+02 1.500000000000000000e+01
3.150000000000000000e+02 1.500000000000000000e+01
3.160000000000000000e+02 1.700000000000000000e+01
3.160000000000000000e+02 1.700000000000000000e+01
3.160000000000000000e+02 1.700000000000000000e+01
3.160000000000000000e+02 1.700000000000000000e+01
3.170000000000000000e+02 1.900000000000000000e+01
3.170000000000000000e+02 1.900000000000000000e+01
3.170000000000000000e+02 1.900000000000000000e+01
3.170000000000000000e+02 1.900000000000000000e+01
3.170000000000000000e+02 1.900000000000000000e+01
3.170000000000000000e+02 1.900000000000000000e+01
3.170000000000000000e+02 1.900000000000000000e+01
3.170000000000000000e+02 1.900000000000000000e+01
3.170000000000000000e+02 1.900000000000000000e+01
3.160000000000000000e+02 1.700000000000000000e+01
3.160000000000000000e+02 1.700000000000000000e+01
3.160000000000000000e+02 1.700000000000000000e+01
3.160000000000000000e+02 1.700000000000000000e+01
3.160000000000000000e+02 1.700000000000000000e+01
3.170000000000000000e+02 1.900000000000000000e+01
3.160000000000000000e+02 1.700000000000000000e+01
3.160000000000000000e+02 1.700000000000000000e+01
3.170000000000000000e+02 1.900000000000000000e+01
3.170000000000000000e+02 1.900000000000000000e+01
3.170000000000000000e+02 1.900000000000000000e+01
3.170000000000000000e+02 1.900000000000000000e+01
3.170000000000000000e+02 1.900000000000000000e+01
3.170000000000000000e+02 1.900000000000000000e+01
3.170000000000000000e+02 3.400000000000000000e+01
2.740000000000000000e+02 3.700000000000000000e+01
2.740000000000000000e+02 3.700000000000000000e+01
3.170000000000000000e+02 2.000000000000000000e+01
3.170000000000000000e+02 2.000000000000000000e+01
3.170000000000000000e+02 2.000000000000000000e+01
3.170000000000000000e+02 2.000000000000000000e+01
3.170000000000000000e+02 2.000000000000000000e+01
3.170000000000000000e+02 2.000000000000000000e+01
3.170000000000000000e+02 2.000000000000000000e+01
3.170000000000000000e+02 2.000000000000000000e+01
3.160000000000000000e+02 1.800000000000000000e+01
3.160000000000000000e+02 1.800000000000000000e+01
2.740000000000000000e+02 3.600000000000000000e+01
2.740000000000000000e+02 3.600000000000000000e+01
3.150000000000000000e+02 3.000000000000000000e+01
2.740000000000000000e+02 3.700000000000000000e+01
2.740000000000000000e+02 3.600000000000000000e+01
2.740000000000000000e+02 3.600000000000000000e+01
2.740000000000000000e+02 3.500000000000000000e+01
2.740000000000000000e+02 3.500000000000000000e+01
2.810000000000000000e+02 2.600000000000000000e+01
2.810000000000000000e+02 2.500000000000000000e+01
2.810000000000000000e+02 2.500000000000000000e+01
2.810000000000000000e+02 2.400000000000000000e+01
2.810000000000000000e+02 2.300000000000000000e+01
2.810000000000000000e+02 2.300000000000000000e+01
2.810000000000000000e+02 2.100000000000000000e+01
3.040000000000000000e+02 2.000000000000000000e+01
3.040000000000000000e+02 2.100000000000000000e+01
2.810000000000000000e+02 1.600000000000000000e+01
2.810000000000000000e+02 1.600000000000000000e+01
2.810000000000000000e+02 1.600000000000000000e+01
2.810000000000000000e+02 1.600000000000000000e+01
2.810000000000000000e+02 1.500000000000000000e+01
2.810000000000000000e+02 1.500000000000000000e+01
2.810000000000000000e+02 1.500000000000000000e+01
2.810000000000000000e+02 1.500000000000000000e+01
2.810000000000000000e+02 1.500000000000000000e+01
2.810000000000000000e+02 1.500000000000000000e+01
2.810000000000000000e+02 1.500000000000000000e+01
2.810000000000000000e+02 1.500000000000000000e+01
2.810000000000000000e+02 1.500000000000000000e+01
2.810000000000000000e+02 1.500000000000000000e+01
2.810000000000000000e+02 1.500000000000000000e+01
2.810000000000000000e+02 1.500000000000000000e+01
2.810000000000000000e+02 1.500000000000000000e+01
2.810000000000000000e+02 1.600000000000000000e+01
2.810000000000000000e+02 1.600000000000000000e+01
2.810000000000000000e+02 1.600000000000000000e+01
2.810000000000000000e+02 1.600000000000000000e+01
3.250000000000000000e+02 1.200000000000000000e+01
2.810000000000000000e+02 1.200000000000000000e+01
2.810000000000000000e+02 1.300000000000000000e+01
2.810000000000000000e+02 1.700000000000000000e+01
2.810000000000000000e+02 2.000000000000000000e+01
3.110000000000000000e+02 2.200000000000000000e+01
2.800000000000000000e+02 2.600000000000000000e+01
2.800000000000000000e+02 2.700000000000000000e+01
2.800000000000000000e+02 2.700000000000000000e+01
2.800000000000000000e+02 2.800000000000000000e+01
2.800000000000000000e+02 2.800000000000000000e+01
2.800000000000000000e+02 2.900000000000000000e+01
3.140000000000000000e+02 2.200000000000000000e+01
2.890000000000000000e+02 1.700000000000000000e+01
2.890000000000000000e+02 1.600000000000000000e+01
3.150000000000000000e+02 3.100000000000000000e+01
3.150000000000000000e+02 1.500000000000000000e+01
3.150000000000000000e+02 1.500000000000000000e+01
3.160000000000000000e+02 1.700000000000000000e+01
3.160000000000000000e+02 1.700000000000000000e+01
3.160000000000000000e+02 1.700000000000000000e+01
3.170000000000000000e+02 1.900000000000000000e+01
3.170000000000000000e+02 1.900000000000000000e+01
3.170000000000000000e+02 1.900000000000000000e+01
3.170000000000000000e+02 1.900000000000000000e+01
3.170000000000000000e+02 1.900000000000000000e+01
3.170000000000000000e+02 1.900000000000000000e+01
3.170000000000000000e+02 1.900000000000000000e+01
3.170000000000000000e+02 1.900000000000000000e+01
3.170000000000000000e+02 1.900000000000000000e+01
3.170000000000000000e+02 1.900000000000000000e+01
2.730000000000000000e+02 1.000000000000000000e+01
2.890000000000000000e+02 2.200000000000000000e+01
2.530000000000000000e+02 9.000000000000000000e+00
2.730000000000000000e+02 1.000000000000000000e+01
2.730000000000000000e+02 1.000000000000000000e+01
2.730000000000000000e+02 1.000000000000000000e+01
2.730000000000000000e+02 1.000000000000000000e+01
2.730000000000000000e+02 1.000000000000000000e+01
2.730000000000000000e+02 1.100000000000000000e+01
2.730000000000000000e+02 1.100000000000000000e+01
3.170000000000000000e+02 1.800000000000000000e+01
3.170000000000000000e+02 1.800000000000000000e+01
3.160000000000000000e+02 1.600000000000000000e+01
3.160000000000000000e+02 1.600000000000000000e+01
3.160000000000000000e+02 1.600000000000000000e+01
3.170000000000000000e+02 1.800000000000000000e+01
3.160000000000000000e+02 1.600000000000000000e+01
3.160000000000000000e+02 1.600000000000000000e+01
3.160000000000000000e+02 1.600000000000000000e+01
3.160000000000000000e+02 1.600000000000000000e+01
2.530000000000000000e+02 1.600000000000000000e+01
2.530000000000000000e+02 1.600000000000000000e+01
2.530000000000000000e+02 1.600000000000000000e+01
2.530000000000000000e+02 1.600000000000000000e+01
3.150000000000000000e+02 3.000000000000000000e+01
2.740000000000000000e+02 3.500000000000000000e+01
2.800000000000000000e+02 2.900000000000000000e+01
2.800000000000000000e+02 3.000000000000000000e+01
2.740000000000000000e+02 3.500000000000000000e+01
2.740000000000000000e+02 3.500000000000000000e+01
2.740000000000000000e+02 3.500000000000000000e+01
2.800000000000000000e+02 2.900000000000000000e+01
2.800000000000000000e+02 2.900000000000000000e+01
2.800000000000000000e+02 2.900000000000000000e+01
2.740000000000000000e+02 3.500000000000000000e+01
2.740000000000000000e+02 3.500000000000000000e+01
2.740000000000000000e+02 3.400000000000000000e+01
3.140000000000000000e+02 2.800000000000000000e+01
2.740000000000000000e+02 3.000000000000000000e+01
2.810000000000000000e+02 2.500000000000000000e+01
2.810000000000000000e+02 2.400000000000000000e+01
2.810000000000000000e+02 2.300000000000000000e+01
2.810000000000000000e+02 2.100000000000000000e+01
2.810000000000000000e+02 1.700000000000000000e+01
2.810000000000000000e+02 1.700000000000000000e+01
2.810000000000000000e+02 1.700000000000000000e+01
2.810000000000000000e+02 1.700000000000000000e+01
3.030000000000000000e+02 2.000000000000000000e+01
2.810000000000000000e+02 1.600000000000000000e+01
2.810000000000000000e+02 1.600000000000000000e+01
2.810000000000000000e+02 1.600000000000000000e+01
2.810000000000000000e+02 1.600000000000000000e+01
2.810000000000000000e+02 1.600000000000000000e+01
2.810000000000000000e+02 1.500000000000000000e+01
2.810000000000000000e+02 1.500000000000000000e+01
2.810000000000000000e+02 1.500000000000000000e+01
2.810000000000000000e+02 1.500000000000000000e+01
2.810000000000000000e+02 1.500000000000000000e+01
2.810000000000000000e+02 1.500000000000000000e+01
2.810000000000000000e+02 1.500000000000000000e+01
2.810000000000000000e+02 1.500000000000000000e+01
2.810000000000000000e+02 1.500000000000000000e+01
2.810000000000000000e+02 1.500000000000000000e+01
2.810000000000000000e+02 1.500000000000000000e+01
2.810000000000000000e+02 1.500000000000000000e+01
2.810000000000000000e+02 1.500000000000000000e+01
2.810000000000000000e+02 1.500000000000000000e+01
2.810000000000000000e+02 1.500000000000000000e+01
2.810000000000000000e+02 1.500000000000000000e+01
2.810000000000000000e+02 1.500000000000000000e+01
2.810000000000000000e+02 1.600000000000000000e+01
3.250000000000000000e+02 1.200000000000000000e+01
3.250000000000000000e+02 1.200000000000000000e+01
2.800000000000000000e+02 1.400000000000000000e+01
3.050000000000000000e+02 2.200000000000000000e+01
3.070000000000000000e+02 2.500000000000000000e+01
2.800000000000000000e+02 2.600000000000000000e+01
2.800000000000000000e+02 2.700000000000000000e+01
2.800000000000000000e+02 2.800000000000000000e+01
2.640000000000000000e+02 1.100000000000000000e+01
2.590000000000000000e+02 1.600000000000000000e+01
2.640000000000000000e+02 2.500000000000000000e+01
2.730000000000000000e+02 1.200000000000000000e+01
3.160000000000000000e+02 1.200000000000000000e+01
3.160000000000000000e+02 1.200000000000000000e+01
3.170000000000000000e+02 3.500000000000000000e+01
3.170000000000000000e+02 3.500000000000000000e+01
3.160000000000000000e+02 1.800000000000000000e+01
3.160000000000000000e+02 3.300000000000000000e+01
3.160000000000000000e+02 3.300000000000000000e+01
3.160000000000000000e+02 3.300000000000000000e+01
3.160000000000000000e+02 3.300000000000000000e+01
3.160000000000000000e+02 3.300000000000000000e+01
3.160000000000000000e+02 1.800000000000000000e+01
3.170000000000000000e+02 3.500000000000000000e+01
3.170000000000000000e+02 3.500000000000000000e+01
2.880000000000000000e+02 2.400000000000000000e+01
2.890000000000000000e+02 2.200000000000000000e+01
2.890000000000000000e+02 2.200000000000000000e+01
2.890000000000000000e+02 2.200000000000000000e+01
2.890000000000000000e+02 2.200000000000000000e+01
2.890000000000000000e+02 2.200000000000000000e+01
2.890000000000000000e+02 2.200000000000000000e+01
2.890000000000000000e+02 2.200000000000000000e+01
3.170000000000000000e+02 1.900000000000000000e+01
3.170000000000000000e+02 1.900000000000000000e+01
2.730000000000000000e+02 1.000000000000000000e+01
2.730000000000000000e+02 1.100000000000000000e+01
2.730000000000000000e+02 1.100000000000000000e+01
2.730000000000000000e+02 1.100000000000000000e+01
2.730000000000000000e+02 1.100000000000000000e+01
2.730000000000000000e+02 1.100000000000000000e+01
2.530000000000000000e+02 9.000000000000000000e+00
3.170000000000000000e+02 8.000000000000000000e+00
2.900000000000000000e+02 2.000000000000000000e+01
2.900000000000000000e+02 2.000000000000000000e+01
2.900000000000000000e+02 2.000000000000000000e+01
3.160000000000000000e+02 1.600000000000000000e+01
3.150000000000000000e+02 1.400000000000000000e+01
3.160000000000000000e+02 1.600000000000000000e+01
3.150000000000000000e+02 1.400000000000000000e+01
3.150000000000000000e+02 1.400000000000000000e+01
3.150000000000000000e+02 1.400000000000000000e+01
3.150000000000000000e+02 1.400000000000000000e+01
2.900000000000000000e+02 1.900000000000000000e+01
3.150000000000000000e+02 1.900000000000000000e+01
2.530000000000000000e+02 1.500000000000000000e+01
2.900000000000000000e+02 1.900000000000000000e+01
2.900000000000000000e+02 1.900000000000000000e+01
2.530000000000000000e+02 1.500000000000000000e+01
2.530000000000000000e+02 1.500000000000000000e+01
2.530000000000000000e+02 1.500000000000000000e+01
2.530000000000000000e+02 1.500000000000000000e+01
2.530000000000000000e+02 1.500000000000000000e+01
2.530000000000000000e+02 1.500000000000000000e+01
2.530000000000000000e+02 1.500000000000000000e+01
2.530000000000000000e+02 1.500000000000000000e+01
2.680000000000000000e+02 1.500000000000000000e+01
2.900000000000000000e+02 1.500000000000000000e+01
2.800000000000000000e+02 2.700000000000000000e+01
2.800000000000000000e+02 2.700000000000000000e+01
2.800000000000000000e+02 2.700000000000000000e+01
2.800000000000000000e+02 2.700000000000000000e+01
2.800000000000000000e+02 2.600000000000000000e+01
2.800000000000000000e+02 2.700000000000000000e+01
2.800000000000000000e+02 2.700000000000000000e+01
2.800000000000000000e+02 2.500000000000000000e+01
2.800000000000000000e+02 2.400000000000000000e+01
2.800000000000000000e+02 2.200000000000000000e+01
2.810000000000000000e+02 1.800000000000000000e+01
3.050000000000000000e+02 2.200000000000000000e+01
2.810000000000000000e+02 1.600000000000000000e+01
2.810000000000000000e+02 1.600000000000000000e+01
3.250000000000000000e+02 1.200000000000000000e+01
3.260000000000000000e+02 1.400000000000000000e+01
3.250000000000000000e+02 1.200000000000000000e+01
3.250000000000000000e+02 1.200000000000000000e+01
3.250000000000000000e+02 1.200000000000000000e+01
3.250000000000000000e+02 1.200000000000000000e+01
2.810000000000000000e+02 1.600000000000000000e+01
2.810000000000000000e+02 1.600000000000000000e+01
3.260000000000000000e+02 1.500000000000000000e+01
2.810000000000000000e+02 1.500000000000000000e+01
2.810000000000000000e+02 1.500000000000000000e+01
2.810000000000000000e+02 1.500000000000000000e+01
2.810000000000000000e+02 1.500000000000000000e+01
2.810000000000000000e+02 1.500000000000000000e+01
2.810000000000000000e+02 1.500000000000000000e+01
2.810000000000000000e+02 1.500000000000000000e+01
2.810000000000000000e+02 1.500000000000000000e+01
2.810000000000000000e+02 1.500000000000000000e+01
3.250000000000000000e+02 1.300000000000000000e+01
3.260000000000000000e+02 1.500000000000000000e+01
2.700000000000000000e+02 2.900000000000000000e+01
3.260000000000000000e+02 1.400000000000000000e+01
2.600000000000000000e+02 1.400000000000000000e+01
2.800000000000000000e+02 1.800000000000000000e+01
3.040000000000000000e+02 2.000000000000000000e+01
2.800000000000000000e+02 2.500000000000000000e+01
2.800000000000000000e+02 2.600000000000000000e+01
2.800000000000000000e+02 2.800000000000000000e+01
2.800000000000000000e+02 2.800000000000000000e+01
2.800000000000000000e+02 8.000000000000000000e+00
3.150000000000000000e+02 1.000000000000000000e+01
2.640000000000000000e+02 1.100000000000000000e+01
2.640000000000000000e+02 2.500000000000000000e+01
2.640000000000000000e+02 2.500000000000000000e+01
2.640000000000000000e+02 2.500000000000000000e+01
2.730000000000000000e+02 1.200000000000000000e+01
3.160000000000000000e+02 1.200000000000000000e+01
3.170000000000000000e+02 3.500000000000000000e+01
3.170000000000000000e+02 3.500000000000000000e+01
3.160000000000000000e+02 3.300000000000000000e+01
3.160000000000000000e+02 3.300000000000000000e+01
3.160000000000000000e+02 3.300000000000000000e+01
3.170000000000000000e+02 3.500000000000000000e+01
3.160000000000000000e+02 3.300000000000000000e+01
3.160000000000000000e+02 3.300000000000000000e+01
3.170000000000000000e+02 3.500000000000000000e+01
3.160000000000000000e+02 3.300000000000000000e+01
3.170000000000000000e+02 1.900000000000000000e+01
3.170000000000000000e+02 1.900000000000000000e+01
3.170000000000000000e+02 1.900000000000000000e+01
3.170000000000000000e+02 1.900000000000000000e+01
3.170000000000000000e+02 1.900000000000000000e+01
3.170000000000000000e+02 1.900000000000000000e+01
3.160000000000000000e+02 1.700000000000000000e+01
3.170000000000000000e+02 1.900000000000000000e+01
3.170000000000000000e+02 1.900000000000000000e+01
2.900000000000000000e+02 2.100000000000000000e+01
2.900000000000000000e+02 2.100000000000000000e+01
2.900000000000000000e+02 2.000000000000000000e+01
2.900000000000000000e+02 2.000000000000000000e+01
2.900000000000000000e+02 2.000000000000000000e+01
2.900000000000000000e+02 2.000000000000000000e+01
2.900000000000000000e+02 2.000000000000000000e+01
3.160000000000000000e+02 1.600000000000000000e+01
3.160000000000000000e+02 1.600000000000000000e+01
3.150000000000000000e+02 1.400000000000000000e+01
3.150000000000000000e+02 1.400000000000000000e+01
3.160000000000000000e+02 1.600000000000000000e+01
2.910000000000000000e+02 1.900000000000000000e+01
3.150000000000000000e+02 1.900000000000000000e+01
2.910000000000000000e+02 1.900000000000000000e+01
2.910000000000000000e+02 1.700000000000000000e+01
2.910000000000000000e+02 1.700000000000000000e+01
2.910000000000000000e+02 1.700000000000000000e+01
2.910000000000000000e+02 1.800000000000000000e+01
2.910000000000000000e+02 1.800000000000000000e+01
2.910000000000000000e+02 1.800000000000000000e+01
2.910000000000000000e+02 1.700000000000000000e+01
2.910000000000000000e+02 1.600000000000000000e+01
2.910000000000000000e+02 1.600000000000000000e+01
2.850000000000000000e+02 2.300000000000000000e+01
2.850000000000000000e+02 2.300000000000000000e+01
2.850000000000000000e+02 2.300000000000000000e+01
2.850000000000000000e+02 2.500000000000000000e+01
2.900000000000000000e+02 1.900000000000000000e+01
2.530000000000000000e+02 1.500000000000000000e+01
2.900000000000000000e+02 1.400000000000000000e+01
2.900000000000000000e+02 1.400000000000000000e+01
3.150000000000000000e+02 1.400000000000000000e+01
3.150000000000000000e+02 1.400000000000000000e+01
2.900000000000000000e+02 1.500000000000000000e+01
3.150000000000000000e+02 3.100000000000000000e+01
2.730000000000000000e+02 3.700000000000000000e+01
3.150000000000000000e+02 3.100000000000000000e+01
2.800000000000000000e+02 2.800000000000000000e+01
2.800000000000000000e+02 2.800000000000000000e+01
2.800000000000000000e+02 2.800000000000000000e+01
2.800000000000000000e+02 2.800000000000000000e+01
2.800000000000000000e+02 2.800000000000000000e+01
2.800000000000000000e+02 2.800000000000000000e+01
2.800000000000000000e+02 2.800000000000000000e+01
2.800000000000000000e+02 2.700000000000000000e+01
2.800000000000000000e+02 2.700000000000000000e+01
2.800000000000000000e+02 2.500000000000000000e+01
2.800000000000000000e+02 2.500000000000000000e+01
2.800000000000000000e+02 2.400000000000000000e+01
2.800000000000000000e+02 2.300000000000000000e+01
3.080000000000000000e+02 1.600000000000000000e+01
2.540000000000000000e+02 1.500000000000000000e+01
3.050000000000000000e+02 2.800000000000000000e+01
2.540000000000000000e+02 1.500000000000000000e+01
2.540000000000000000e+02 1.500000000000000000e+01
2.740000000000000000e+02 1.700000000000000000e+01
3.060000000000000000e+02 3.000000000000000000e+01
3.080000000000000000e+02 1.600000000000000000e+01
3.060000000000000000e+02 2.900000000000000000e+01
2.540000000000000000e+02 1.500000000000000000e+01
2.540000000000000000e+02 1.500000000000000000e+01
2.540000000000000000e+02 4.500000000000000000e+01
2.700000000000000000e+02 1.800000000000000000e+01
2.700000000000000000e+02 1.800000000000000000e+01
2.540000000000000000e+02 1.600000000000000000e+01
2.540000000000000000e+02 4.500000000000000000e+01
2.540000000000000000e+02 4.600000000000000000e+01
3.040000000000000000e+02 4.800000000000000000e+01
3.050000000000000000e+02 2.800000000000000000e+01
3.090000000000000000e+02 3.300000000000000000e+01
3.120000000000000000e+02 2.400000000000000000e+01
2.740000000000000000e+02 2.800000000000000000e+01
2.800000000000000000e+02 2.700000000000000000e+01
2.740000000000000000e+02 3.400000000000000000e+01
2.800000000000000000e+02 2.700000000000000000e+01
2.800000000000000000e+02 2.700000000000000000e+01
2.800000000000000000e+02 2.800000000000000000e+01
2.800000000000000000e+02 2.800000000000000000e+01
2.800000000000000000e+02 2.800000000000000000e+01
2.800000000000000000e+02 2.800000000000000000e+01
2.800000000000000000e+02 2.900000000000000000e+01
2.800000000000000000e+02 2.900000000000000000e+01
2.740000000000000000e+02 3.100000000000000000e+01
2.740000000000000000e+02 3.200000000000000000e+01
2.740000000000000000e+02 3.200000000000000000e+01
3.160000000000000000e+02 3.300000000000000000e+01
3.160000000000000000e+02 3.300000000000000000e+01
3.160000000000000000e+02 3.300000000000000000e+01
3.160000000000000000e+02 3.300000000000000000e+01
3.150000000000000000e+02 3.100000000000000000e+01
3.160000000000000000e+02 3.300000000000000000e+01
2.730000000000000000e+02 3.700000000000000000e+01
2.730000000000000000e+02 3.700000000000000000e+01
2.840000000000000000e+02 2.000000000000000000e+01
2.900000000000000000e+02 2.000000000000000000e+01
2.900000000000000000e+02 2.000000000000000000e+01
2.900000000000000000e+02 2.000000000000000000e+01
2.900000000000000000e+02 2.000000000000000000e+01
2.900000000000000000e+02 2.000000000000000000e+01
2.900000000000000000e+02 2.000000000000000000e+01
2.900000000000000000e+02 2.000000000000000000e+01
2.900000000000000000e+02 2.000000000000000000e+01
2.900000000000000000e+02 1.900000000000000000e+01
2.530000000000000000e+02 1.500000000000000000e+01
2.530000000000000000e+02 1.500000000000000000e+01
3.150000000000000000e+02 1.400000000000000000e+01
3.150000000000000000e+02 1.400000000000000000e+01
3.160000000000000000e+02 3.300000000000000000e+01
3.150000000000000000e+02 1.300000000000000000e+01
2.790000000000000000e+02 3.000000000000000000e+01
2.910000000000000000e+02 1.800000000000000000e+01
2.910000000000000000e+02 1.900000000000000000e+01
2.910000000000000000e+02 1.800000000000000000e+01
2.910000000000000000e+02 1.800000000000000000e+01
2.910000000000000000e+02 1.800000000000000000e+01
2.910000000000000000e+02 1.800000000000000000e+01
2.910000000000000000e+02 1.800000000000000000e+01
2.910000000000000000e+02 1.800000000000000000e+01
3.150000000000000000e+02 1.900000000000000000e+01
3.150000000000000000e+02 1.900000000000000000e+01
3.150000000000000000e+02 1.900000000000000000e+01
2.900000000000000000e+02 2.000000000000000000e+01
2.900000000000000000e+02 2.000000000000000000e+01
2.900000000000000000e+02 2.000000000000000000e+01
3.160000000000000000e+02 1.600000000000000000e+01
2.530000000000000000e+02 1.500000000000000000e+01
2.530000000000000000e+02 1.500000000000000000e+01
2.530000000000000000e+02 1.500000000000000000e+01
2.530000000000000000e+02 1.500000000000000000e+01
3.160000000000000000e+02 1.600000000000000000e+01
3.160000000000000000e+02 1.600000000000000000e+01
2.900000000000000000e+02 1.900000000000000000e+01
2.900000000000000000e+02 2.000000000000000000e+01
2.840000000000000000e+02 2.700000000000000000e+01
2.840000000000000000e+02 2.600000000000000000e+01
2.840000000000000000e+02 2.700000000000000000e+01
2.890000000000000000e+02 1.700000000000000000e+01
2.890000000000000000e+02 1.700000000000000000e+01
2.890000000000000000e+02 1.700000000000000000e+01
2.890000000000000000e+02 1.700000000000000000e+01
2.890000000000000000e+02 1.700000000000000000e+01
2.730000000000000000e+02 1.900000000000000000e+01
2.890000000000000000e+02 1.600000000000000000e+01
2.890000000000000000e+02 1.700000000000000000e+01
2.890000000000000000e+02 1.600000000000000000e+01
2.890000000000000000e+02 1.600000000000000000e+01
2.790000000000000000e+02 3.100000000000000000e+01
2.790000000000000000e+02 3.000000000000000000e+01
2.790000000000000000e+02 3.000000000000000000e+01
2.730000000000000000e+02 3.300000000000000000e+01
2.640000000000000000e+02 4.600000000000000000e+01
2.640000000000000000e+02 4.500000000000000000e+01
2.740000000000000000e+02 2.900000000000000000e+01
3.140000000000000000e+02 2.200000000000000000e+01
2.800000000000000000e+02 2.700000000000000000e+01
2.800000000000000000e+02 2.600000000000000000e+01
2.800000000000000000e+02 2.500000000000000000e+01
2.800000000000000000e+02 2.300000000000000000e+01
2.800000000000000000e+02 2.200000000000000000e+01
3.060000000000000000e+02 2.400000000000000000e+01
3.060000000000000000e+02 2.400000000000000000e+01
2.800000000000000000e+02 1.900000000000000000e+01
2.800000000000000000e+02 1.900000000000000000e+01
2.800000000000000000e+02 1.900000000000000000e+01
2.800000000000000000e+02 1.800000000000000000e+01
2.800000000000000000e+02 1.800000000000000000e+01
2.600000000000000000e+02 1.400000000000000000e+01
3.260000000000000000e+02 1.400000000000000000e+01
2.700000000000000000e+02 2.800000000000000000e+01
3.030000000000000000e+02 3.100000000000000000e+01
2.700000000000000000e+02 2.800000000000000000e+01
2.700000000000000000e+02 2.800000000000000000e+01
2.700000000000000000e+02 2.800000000000000000e+01
2.700000000000000000e+02 2.800000000000000000e+01
2.800000000000000000e+02 1.700000000000000000e+01
2.800000000000000000e+02 1.700000000000000000e+01
2.540000000000000000e+02 1.500000000000000000e+01
2.800000000000000000e+02 1.800000000000000000e+01
2.800000000000000000e+02 1.800000000000000000e+01
2.800000000000000000e+02 1.900000000000000000e+01
2.800000000000000000e+02 1.900000000000000000e+01
2.800000000000000000e+02 1.900000000000000000e+01
3.060000000000000000e+02 2.300000000000000000e+01
2.800000000000000000e+02 2.400000000000000000e+01
2.800000000000000000e+02 2.400000000000000000e+01
2.800000000000000000e+02 2.600000000000000000e+01
2.800000000000000000e+02 2.600000000000000000e+01
2.800000000000000000e+02 2.700000000000000000e+01
2.800000000000000000e+02 2.800000000000000000e+01
2.740000000000000000e+02 3.000000000000000000e+01
2.740000000000000000e+02 3.000000000000000000e+01
2.740000000000000000e+02 3.000000000000000000e+01
2.640000000000000000e+02 4.500000000000000000e+01
3.140000000000000000e+02 5.300000000000000000e+01
3.160000000000000000e+02 3.300000000000000000e+01
3.160000000000000000e+02 3.300000000000000000e+01
3.150000000000000000e+02 1.400000000000000000e+01
3.160000000000000000e+02 1.600000000000000000e+01
3.160000000000000000e+02 1.600000000000000000e+01
2.900000000000000000e+02 2.000000000000000000e+01
2.900000000000000000e+02 2.100000000000000000e+01
2.900000000000000000e+02 2.000000000000000000e+01
2.900000000000000000e+02 2.000000000000000000e+01
2.900000000000000000e+02 2.100000000000000000e+01
2.900000000000000000e+02 2.000000000000000000e+01
2.900000000000000000e+02 2.100000000000000000e+01
2.900000000000000000e+02 2.100000000000000000e+01
2.900000000000000000e+02 2.100000000000000000e+01
2.900000000000000000e+02 2.100000000000000000e+01
2.900000000000000000e+02 2.100000000000000000e+01
2.900000000000000000e+02 2.100000000000000000e+01
2.900000000000000000e+02 2.100000000000000000e+01
2.900000000000000000e+02 2.100000000000000000e+01
2.900000000000000000e+02 2.100000000000000000e+01
2.900000000000000000e+02 2.100000000000000000e+01
2.900000000000000000e+02 2.100000000000000000e+01
2.900000000000000000e+02 2.100000000000000000e+01
2.900000000000000000e+02 2.100000000000000000e+01
2.900000000000000000e+02 2.100000000000000000e+01
2.900000000000000000e+02 2.100000000000000000e+01
2.900000000000000000e+02 2.100000000000000000e+01
2.900000000000000000e+02 2.100000000000000000e+01
2.900000000000000000e+02 2.100000000000000000e+01
2.900000000000000000e+02 2.100000000000000000e+01
2.900000000000000000e+02 2.100000000000000000e+01
2.900000000000000000e+02 2.100000000000000000e+01
2.900000000000000000e+02 2.100000000000000000e+01
2.900000000000000000e+02 2.000000000000000000e+01
2.900000000000000000e+02 2.000000000000000000e+01
2.900000000000000000e+02 2.000000000000000000e+01
2.900000000000000000e+02 2.000000000000000000e+01
2.900000000000000000e+02 2.000000000000000000e+01
2.900000000000000000e+02 2.000000000000000000e+01
2.900000000000000000e+02 2.100000000000000000e+01
2.900000000000000000e+02 2.000000000000000000e+01
2.900000000000000000e+02 2.000000000000000000e+01
2.900000000000000000e+02 2.000000000000000000e+01
2.900000000000000000e+02 2.000000000000000000e+01
2.900000000000000000e+02 2.000000000000000000e+01
2.900000000000000000e+02 2.000000000000000000e+01
2.900000000000000000e+02 2.000000000000000000e+01
2.900000000000000000e+02 2.000000000000000000e+01
2.900000000000000000e+02 2.000000000000000000e+01
2.900000000000000000e+02 2.000000000000000000e+01
2.900000000000000000e+02 1.900000000000000000e+01
2.900000000000000000e+02 2.000000000000000000e+01
2.900000000000000000e+02 1.900000000000000000e+01
2.900000000000000000e+02 1.900000000000000000e+01
2.900000000000000000e+02 2.000000000000000000e+01
2.900000000000000000e+02 2.000000000000000000e+01
2.840000000000000000e+02 2.700000000000000000e+01
2.530000000000000000e+02 1.500000000000000000e+01
3.150000000000000000e+02 1.400000000000000000e+01
3.140000000000000000e+02 1.200000000000000000e+01
3.140000000000000000e+02 1.200000000000000000e+01
3.140000000000000000e+02 1.200000000000000000e+01
2.900000000000000000e+02 1.300000000000000000e+01
2.800000000000000000e+02 2.600000000000000000e+01
2.900000000000000000e+02 1.200000000000000000e+01
2.800000000000000000e+02 2.500000000000000000e+01
2.800000000000000000e+02 2.500000000000000000e+01
2.800000000000000000e+02 2.300000000000000000e+01
2.800000000000000000e+02 2.200000000000000000e+01
2.800000000000000000e+02 2.100000000000000000e+01
2.800000000000000000e+02 2.000000000000000000e+01
2.800000000000000000e+02 2.000000000000000000e+01
2.740000000000000000e+02 2.600000000000000000e+01
2.740000000000000000e+02 2.100000000000000000e+01
2.740000000000000000e+02 2.100000000000000000e+01
2.810000000000000000e+02 1.600000000000000000e+01
2.810000000000000000e+02 1.600000000000000000e+01
2.810000000000000000e+02 1.600000000000000000e+01
2.860000000000000000e+02 1.300000000000000000e+01
2.860000000000000000e+02 1.300000000000000000e+01
2.860000000000000000e+02 1.300000000000000000e+01
2.860000000000000000e+02 1.300000000000000000e+01
2.860000000000000000e+02 1.300000000000000000e+01
2.860000000000000000e+02 1.300000000000000000e+01
2.860000000000000000e+02 1.300000000000000000e+01
2.860000000000000000e+02 1.300000000000000000e+01
2.860000000000000000e+02 1.300000000000000000e+01
2.810000000000000000e+02 1.700000000000000000e+01
2.810000000000000000e+02 1.600000000000000000e+01
2.810000000000000000e+02 1.600000000000000000e+01
2.540000000000000000e+02 1.500000000000000000e+01
2.740000000000000000e+02 2.500000000000000000e+01
2.800000000000000000e+02 1.800000000000000000e+01
2.800000000000000000e+02 1.800000000000000000e+01
2.800000000000000000e+02 2.000000000000000000e+01
2.850000000000000000e+02 1.600000000000000000e+01
3.060000000000000000e+02 1.700000000000000000e+01
2.850000000000000000e+02 1.900000000000000000e+01
2.800000000000000000e+02 2.600000000000000000e+01
2.800000000000000000e+02 2.700000000000000000e+01
3.140000000000000000e+02 1.200000000000000000e+01
3.140000000000000000e+02 1.200000000000000000e+01
3.140000000000000000e+02 1.200000000000000000e+01
2.640000000000000000e+02 2.100000000000000000e+01
2.640000000000000000e+02 2.100000000000000000e+01
2.900000000000000000e+02 1.900000000000000000e+01
2.900000000000000000e+02 1.900000000000000000e+01
2.900000000000000000e+02 2.000000000000000000e+01
2.900000000000000000e+02 1.900000000000000000e+01
2.900000000000000000e+02 1.900000000000000000e+01
3.160000000000000000e+02 2.200000000000000000e+01
3.160000000000000000e+02 2.200000000000000000e+01
3.160000000000000000e+02 2.200000000000000000e+01
3.160000000000000000e+02 2.200000000000000000e+01
2.890000000000000000e+02 2.200000000000000000e+01
2.890000000000000000e+02 2.200000000000000000e+01
2.890000000000000000e+02 2.200000000000000000e+01
2.890000000000000000e+02 2.200000000000000000e+01
2.890000000000000000e+02 2.200000000000000000e+01
2.890000000000000000e+02 2.200000000000000000e+01
2.890000000000000000e+02 2.200000000000000000e+01
2.890000000000000000e+02 2.200000000000000000e+01
2.890000000000000000e+02 2.200000000000000000e+01
2.890000000000000000e+02 2.200000000000000000e+01
2.890000000000000000e+02 2.200000000000000000e+01
2.890000000000000000e+02 2.200000000000000000e+01
2.890000000000000000e+02 2.200000000000000000e+01
2.890000000000000000e+02 2.200000000000000000e+01
2.890000000000000000e+02 2.200000000000000000e+01
2.890000000000000000e+02 2.200000000000000000e+01
2.830000000000000000e+02 2.900000000000000000e+01
2.830000000000000000e+02 2.900000000000000000e+01
2.900000000000000000e+02 2.000000000000000000e+01
2.900000000000000000e+02 2.100000000000000000e+01
2.900000000000000000e+02 2.100000000000000000e+01
2.900000000000000000e+02 2.000000000000000000e+01
2.900000000000000000e+02 2.000000000000000000e+01
2.900000000000000000e+02 2.000000000000000000e+01
2.900000000000000000e+02 2.100000000000000000e+01
2.900000000000000000e+02 2.100000000000000000e+01
2.900000000000000000e+02 2.000000000000000000e+01
2.900000000000000000e+02 2.000000000000000000e+01
2.900000000000000000e+02 2.000000000000000000e+01
2.900000000000000000e+02 2.000000000000000000e+01
2.900000000000000000e+02 1.900000000000000000e+01
2.900000000000000000e+02 2.000000000000000000e+01
2.900000000000000000e+02 1.900000000000000000e+01
2.900000000000000000e+02 1.900000000000000000e+01
2.900000000000000000e+02 1.900000000000000000e+01
2.900000000000000000e+02 1.900000000000000000e+01
2.900000000000000000e+02 2.000000000000000000e+01
2.900000000000000000e+02 1.900000000000000000e+01
2.900000000000000000e+02 1.900000000000000000e+01
2.900000000000000000e+02 1.900000000000000000e+01
2.900000000000000000e+02 1.900000000000000000e+01
2.900000000000000000e+02 1.900000000000000000e+01
2.900000000000000000e+02 1.800000000000000000e+01
2.530000000000000000e+02 1.500000000000000000e+01
2.530000000000000000e+02 1.500000000000000000e+01
2.900000000000000000e+02 1.900000000000000000e+01
2.850000000000000000e+02 2.300000000000000000e+01
2.850000000000000000e+02 1.500000000000000000e+01
2.910000000000000000e+02 1.400000000000000000e+01
2.910000000000000000e+02 1.400000000000000000e+01
2.910000000000000000e+02 1.400000000000000000e+01
2.910000000000000000e+02 1.300000000000000000e+01
2.910000000000000000e+02 1.300000000000000000e+01
2.910000000000000000e+02 1.200000000000000000e+01
2.910000000000000000e+02 1.100000000000000000e+01
2.910000000000000000e+02 1.000000000000000000e+01
5.700000000000000000e+01 8.000000000000000000e+00
3.250000000000000000e+02 9.000000000000000000e+00
2.910000000000000000e+02 1.000000000000000000e+01
2.910000000000000000e+02 1.000000000000000000e+01
3.250000000000000000e+02 1.000000000000000000e+01
3.250000000000000000e+02 1.000000000000000000e+01
3.250000000000000000e+02 1.000000000000000000e+01
3.250000000000000000e+02 1.000000000000000000e+01
3.250000000000000000e+02 1.000000000000000000e+01
3.250000000000000000e+02 1.000000000000000000e+01
3.250000000000000000e+02 1.000000000000000000e+01
2.540000000000000000e+02 1.500000000000000000e+01
2.540000000000000000e+02 1.500000000000000000e+01
2.540000000000000000e+02 2.200000000000000000e+01
2.860000000000000000e+02 1.300000000000000000e+01
2.860000000000000000e+02 1.300000000000000000e+01
3.250000000000000000e+02 1.100000000000000000e+01
3.250000000000000000e+02 1.100000000000000000e+01
3.250000000000000000e+02 1.100000000000000000e+01
2.540000000000000000e+02 1.100000000000000000e+01
2.540000000000000000e+02 1.100000000000000000e+01
2.540000000000000000e+02 1.500000000000000000e+01
2.540000000000000000e+02 1.500000000000000000e+01
3.250000000000000000e+02 1.100000000000000000e+01
2.800000000000000000e+02 1.800000000000000000e+01
2.800000000000000000e+02 1.800000000000000000e+01
2.850000000000000000e+02 1.400000000000000000e+01
2.850000000000000000e+02 1.500000000000000000e+01
2.850000000000000000e+02 1.600000000000000000e+01
3.070000000000000000e+02 1.900000000000000000e+01
2.740000000000000000e+02 1.100000000000000000e+01
3.140000000000000000e+02 1.200000000000000000e+01
2.740000000000000000e+02 3.500000000000000000e+01
2.640000000000000000e+02 4.500000000000000000e+01
2.590000000000000000e+02 2.000000000000000000e+01
2.840000000000000000e+02 2.000000000000000000e+01
3.160000000000000000e+02 2.200000000000000000e+01
3.160000000000000000e+02 2.200000000000000000e+01
3.160000000000000000e+02 2.200000000000000000e+01
3.170000000000000000e+02 2.400000000000000000e+01
3.160000000000000000e+02 2.200000000000000000e+01
3.160000000000000000e+02 2.200000000000000000e+01
3.170000000000000000e+02 2.400000000000000000e+01
3.170000000000000000e+02 3.500000000000000000e+01
2.890000000000000000e+02 2.200000000000000000e+01
2.890000000000000000e+02 2.200000000000000000e+01
2.890000000000000000e+02 2.200000000000000000e+01
2.890000000000000000e+02 2.200000000000000000e+01
2.890000000000000000e+02 2.200000000000000000e+01
2.890000000000000000e+02 2.300000000000000000e+01
2.890000000000000000e+02 2.300000000000000000e+01
2.890000000000000000e+02 2.300000000000000000e+01
2.890000000000000000e+02 2.300000000000000000e+01
2.890000000000000000e+02 2.300000000000000000e+01
2.890000000000000000e+02 2.300000000000000000e+01
2.890000000000000000e+02 2.300000000000000000e+01
2.890000000000000000e+02 2.300000000000000000e+01
2.890000000000000000e+02 2.300000000000000000e+01
2.890000000000000000e+02 2.300000000000000000e+01
2.890000000000000000e+02 2.300000000000000000e+01
2.890000000000000000e+02 2.300000000000000000e+01
2.890000000000000000e+02 2.300000000000000000e+01
2.890000000000000000e+02 2.300000000000000000e+01
2.890000000000000000e+02 2.200000000000000000e+01
2.890000000000000000e+02 2.300000000000000000e+01
3.180000000000000000e+02 2.700000000000000000e+01
2.830000000000000000e+02 2.900000000000000000e+01
2.900000000000000000e+02 2.100000000000000000e+01
2.900000000000000000e+02 2.100000000000000000e+01
2.900000000000000000e+02 2.100000000000000000e+01
2.900000000000000000e+02 2.000000000000000000e+01
2.900000000000000000e+02 2.000000000000000000e+01
2.900000000000000000e+02 2.000000000000000000e+01
2.900000000000000000e+02 2.000000000000000000e+01
3.150000000000000000e+02 2.300000000000000000e+01
2.900000000000000000e+02 2.000000000000000000e+01
2.900000000000000000e+02 1.900000000000000000e+01
2.900000000000000000e+02 1.900000000000000000e+01
2.840000000000000000e+02 2.700000000000000000e+01
2.910000000000000000e+02 1.700000000000000000e+01
2.910000000000000000e+02 1.600000000000000000e+01
2.910000000000000000e+02 1.700000000000000000e+01
2.910000000000000000e+02 1.700000000000000000e+01
2.910000000000000000e+02 1.700000000000000000e+01
2.910000000000000000e+02 1.700000000000000000e+01
2.910000000000000000e+02 1.700000000000000000e+01
2.910000000000000000e+02 1.600000000000000000e+01
2.910000000000000000e+02 1.600000000000000000e+01
2.910000000000000000e+02 1.600000000000000000e+01
2.910000000000000000e+02 1.500000000000000000e+01
2.910000000000000000e+02 1.600000000000000000e+01
2.910000000000000000e+02 1.500000000000000000e+01
2.910000000000000000e+02 1.500000000000000000e+01
2.910000000000000000e+02 1.500000000000000000e+01
2.910000000000000000e+02 1.400000000000000000e+01
2.910000000000000000e+02 1.400000000000000000e+01
2.910000000000000000e+02 1.300000000000000000e+01
2.910000000000000000e+02 1.300000000000000000e+01
2.910000000000000000e+02 1.300000000000000000e+01
2.910000000000000000e+02 1.200000000000000000e+01
2.910000000000000000e+02 1.200000000000000000e+01
2.910000000000000000e+02 1.100000000000000000e+01
2.910000000000000000e+02 1.100000000000000000e+01
2.540000000000000000e+02 1.200000000000000000e+01
2.910000000000000000e+02 1.000000000000000000e+01
1.900000000000000000e+01 1.100000000000000000e+01
5.700000000000000000e+01 8.000000000000000000e+00
3.250000000000000000e+02 8.000000000000000000e+00
5.700000000000000000e+01 8.000000000000000000e+00
3.250000000000000000e+02 8.000000000000000000e+00
3.070000000000000000e+02 1.600000000000000000e+01
3.070000000000000000e+02 1.600000000000000000e+01
3.250000000000000000e+02 9.000000000000000000e+00
3.250000000000000000e+02 1.000000000000000000e+01
3.250000000000000000e+02 1.000000000000000000e+01
3.250000000000000000e+02 1.000000000000000000e+01
3.250000000000000000e+02 1.000000000000000000e+01
3.250000000000000000e+02 1.000000000000000000e+01
3.250000000000000000e+02 1.000000000000000000e+01
3.250000000000000000e+02 1.000000000000000000e+01
3.250000000000000000e+02 1.000000000000000000e+01
3.250000000000000000e+02 1.100000000000000000e+01
2.540000000000000000e+02 1.500000000000000000e+01
2.540000000000000000e+02 1.500000000000000000e+01
2.800000000000000000e+02 1.800000000000000000e+01
2.800000000000000000e+02 1.800000000000000000e+01
2.850000000000000000e+02 1.400000000000000000e+01
2.850000000000000000e+02 1.500000000000000000e+01
3.050000000000000000e+02 1.800000000000000000e+01
2.800000000000000000e+02 1.900000000000000000e+01
3.250000000000000000e+02 9.000000000000000000e+00
5.700000000000000000e+01 1.600000000000000000e+01
2.740000000000000000e+02 3.200000000000000000e+01
2.740000000000000000e+02 1.100000000000000000e+01
2.740000000000000000e+02 1.100000000000000000e+01
2.740000000000000000e+02 1.100000000000000000e+01
2.840000000000000000e+02 2.000000000000000000e+01
3.150000000000000000e+02 2.000000000000000000e+01
3.160000000000000000e+02 2.200000000000000000e+01
3.160000000000000000e+02 2.200000000000000000e+01
3.160000000000000000e+02 2.200000000000000000e+01
3.160000000000000000e+02 2.200000000000000000e+01
3.170000000000000000e+02 3.500000000000000000e+01
2.730000000000000000e+02 3.900000000000000000e+01
2.890000000000000000e+02 2.200000000000000000e+01
2.890000000000000000e+02 2.200000000000000000e+01
2.890000000000000000e+02 2.200000000000000000e+01
2.890000000000000000e+02 2.200000000000000000e+01
2.890000000000000000e+02 2.200000000000000000e+01
2.890000000000000000e+02 2.200000000000000000e+01
2.890000000000000000e+02 2.200000000000000000e+01
2.890000000000000000e+02 2.200000000000000000e+01
2.890000000000000000e+02 2.200000000000000000e+01
2.890000000000000000e+02 2.200000000000000000e+01
2.890000000000000000e+02 2.200000000000000000e+01
2.890000000000000000e+02 2.300000000000000000e+01
2.890000000000000000e+02 2.200000000000000000e+01
2.890000000000000000e+02 2.300000000000000000e+01
2.890000000000000000e+02 2.300000000000000000e+01
2.890000000000000000e+02 2.300000000000000000e+01
2.890000000000000000e+02 2.300000000000000000e+01
2.890000000000000000e+02 2.300000000000000000e+01
2.890000000000000000e+02 2.300000000000000000e+01
2.890000000000000000e+02 2.300000000000000000e+01
2.890000000000000000e+02 2.200000000000000000e+01
2.890000000000000000e+02 2.200000000000000000e+01
2.890000000000000000e+02 2.200000000000000000e+01
3.170000000000000000e+02 2.500000000000000000e+01
3.170000000000000000e+02 2.500000000000000000e+01
3.170000000000000000e+02 2.400000000000000000e+01
2.900000000000000000e+02 2.100000000000000000e+01
2.900000000000000000e+02 2.100000000000000000e+01
2.900000000000000000e+02 2.100000000000000000e+01
2.900000000000000000e+02 2.100000000000000000e+01
2.900000000000000000e+02 2.100000000000000000e+01
3.160000000000000000e+02 2.200000000000000000e+01
2.840000000000000000e+02 2.000000000000000000e+01
2.910000000000000000e+02 1.800000000000000000e+01
2.910000000000000000e+02 1.800000000000000000e+01
2.910000000000000000e+02 1.700000000000000000e+01
2.910000000000000000e+02 1.700000000000000000e+01
2.910000000000000000e+02 1.700000000000000000e+01
2.910000000000000000e+02 1.600000000000000000e+01
2.910000000000000000e+02 1.600000000000000000e+01
2.910000000000000000e+02 1.500000000000000000e+01
2.910000000000000000e+02 1.500000000000000000e+01
2.910000000000000000e+02 1.500000000000000000e+01
2.910000000000000000e+02 1.400000000000000000e+01
2.910000000000000000e+02 1.500000000000000000e+01
2.910000000000000000e+02 1.400000000000000000e+01
2.910000000000000000e+02 1.400000000000000000e+01
2.910000000000000000e+02 1.400000000000000000e+01
2.910000000000000000e+02 1.500000000000000000e+01
2.910000000000000000e+02 1.400000000000000000e+01
2.910000000000000000e+02 1.400000000000000000e+01
2.910000000000000000e+02 1.400000000000000000e+01
2.910000000000000000e+02 1.500000000000000000e+01
2.910000000000000000e+02 1.400000000000000000e+01
2.910000000000000000e+02 1.400000000000000000e+01
2.910000000000000000e+02 1.400000000000000000e+01
2.910000000000000000e+02 1.300000000000000000e+01
2.910000000000000000e+02 1.400000000000000000e+01
2.910000000000000000e+02 1.300000000000000000e+01
2.910000000000000000e+02 1.300000000000000000e+01
2.910000000000000000e+02 1.300000000000000000e+01
2.910000000000000000e+02 1.300000000000000000e+01
2.910000000000000000e+02 1.300000000000000000e+01
2.910000000000000000e+02 1.200000000000000000e+01
2.910000000000000000e+02 1.200000000000000000e+01
2.910000000000000000e+02 1.100000000000000000e+01
2.910000000000000000e+02 1.200000000000000000e+01
2.910000000000000000e+02 1.100000000000000000e+01
2.910000000000000000e+02 1.200000000000000000e+01
2.910000000000000000e+02 1.100000000000000000e+01
2.910000000000000000e+02 1.000000000000000000e+01
2.910000000000000000e+02 1.100000000000000000e+01
2.910000000000000000e+02 1.100000000000000000e+01
2.910000000000000000e+02 1.200000000000000000e+01
2.910000000000000000e+02 1.100000000000000000e+01
2.910000000000000000e+02 1.200000000000000000e+01
2.910000000000000000e+02 1.100000000000000000e+01
2.850000000000000000e+02 1.400000000000000000e+01
2.850000000000000000e+02 1.900000000000000000e+01
2.850000000000000000e+02 1.900000000000000000e+01
2.850000000000000000e+02 1.900000000000000000e+01
2.850000000000000000e+02 1.800000000000000000e+01
2.850000000000000000e+02 1.900000000000000000e+01
2.850000000000000000e+02 1.900000000000000000e+01
2.740000000000000000e+02 2.900000000000000000e+01
2.900000000000000000e+02 1.300000000000000000e+01
2.740000000000000000e+02 1.100000000000000000e+01
2.740000000000000000e+02 1.100000000000000000e+01
5.700000000000000000e+01 1.600000000000000000e+01
2.740000000000000000e+02 1.100000000000000000e+01
2.740000000000000000e+02 1.100000000000000000e+01
2.740000000000000000e+02 1.100000000000000000e+01
3.140000000000000000e+02 1.200000000000000000e+01
2.740000000000000000e+02 3.500000000000000000e+01
2.740000000000000000e+02 3.000000000000000000e+01
2.740000000000000000e+02 3.000000000000000000e+01
2.840000000000000000e+02 2.000000000000000000e+01
2.840000000000000000e+02 2.100000000000000000e+01
2.840000000000000000e+02 2.200000000000000000e+01
3.160000000000000000e+02 2.200000000000000000e+01
3.150000000000000000e+02 2.000000000000000000e+01
3.160000000000000000e+02 2.200000000000000000e+01
3.160000000000000000e+02 2.200000000000000000e+01
3.160000000000000000e+02 3.300000000000000000e+01
2.730000000000000000e+02 3.900000000000000000e+01
3.170000000000000000e+02 2.500000000000000000e+01
3.170000000000000000e+02 2.500000000000000000e+01
3.170000000000000000e+02 2.500000000000000000e+01
3.170000000000000000e+02 2.500000000000000000e+01
2.890000000000000000e+02 2.200000000000000000e+01
2.890000000000000000e+02 2.200000000000000000e+01
3.170000000000000000e+02 2.500000000000000000e+01
2.830000000000000000e+02 2.300000000000000000e+01
3.170000000000000000e+02 2.500000000000000000e+01
3.170000000000000000e+02 2.500000000000000000e+01
2.830000000000000000e+02 2.300000000000000000e+01
3.170000000000000000e+02 2.500000000000000000e+01
2.890000000000000000e+02 2.200000000000000000e+01
2.890000000000000000e+02 2.200000000000000000e+01
2.890000000000000000e+02 2.200000000000000000e+01
2.890000000000000000e+02 2.200000000000000000e+01
2.890000000000000000e+02 2.200000000000000000e+01
3.170000000000000000e+02 2.500000000000000000e+01
3.170000000000000000e+02 2.500000000000000000e+01
3.170000000000000000e+02 2.500000000000000000e+01
3.170000000000000000e+02 2.500000000000000000e+01
3.170000000000000000e+02 2.500000000000000000e+01
3.170000000000000000e+02 2.500000000000000000e+01
2.900000000000000000e+02 2.100000000000000000e+01
2.900000000000000000e+02 2.100000000000000000e+01
2.900000000000000000e+02 2.100000000000000000e+01
2.900000000000000000e+02 2.100000000000000000e+01
2.900000000000000000e+02 2.100000000000000000e+01
2.900000000000000000e+02 2.100000000000000000e+01
2.900000000000000000e+02 2.100000000000000000e+01
2.900000000000000000e+02 2.000000000000000000e+01
2.900000000000000000e+02 1.900000000000000000e+01
2.840000000000000000e+02 2.000000000000000000e+01
3.160000000000000000e+02 2.200000000000000000e+01
2.840000000000000000e+02 2.000000000000000000e+01
2.910000000000000000e+02 1.600000000000000000e+01
2.910000000000000000e+02 1.600000000000000000e+01
2.910000000000000000e+02 1.700000000000000000e+01
2.910000000000000000e+02 1.600000000000000000e+01
2.910000000000000000e+02 1.600000000000000000e+01
2.910000000000000000e+02 1.600000000000000000e+01
2.590000000000000000e+02 2.000000000000000000e+01
2.850000000000000000e+02 2.000000000000000000e+01
2.850000000000000000e+02 2.000000000000000000e+01
2.850000000000000000e+02 2.000000000000000000e+01
2.850000000000000000e+02 2.000000000000000000e+01
2.850000000000000000e+02 2.000000000000000000e+01
2.910000000000000000e+02 1.500000000000000000e+01
2.910000000000000000e+02 1.600000000000000000e+01
2.910000000000000000e+02 1.600000000000000000e+01
2.910000000000000000e+02 1.500000000000000000e+01
2.910000000000000000e+02 1.600000000000000000e+01
2.910000000000000000e+02 1.600000000000000000e+01
2.910000000000000000e+02 1.600000000000000000e+01
2.910000000000000000e+02 1.600000000000000000e+01
2.910000000000000000e+02 1.600000000000000000e+01
2.910000000000000000e+02 1.600000000000000000e+01
2.910000000000000000e+02 1.600000000000000000e+01
2.910000000000000000e+02 1.600000000000000000e+01
2.910000000000000000e+02 1.600000000000000000e+01
2.910000000000000000e+02 1.600000000000000000e+01
3.400000000000000000e+01 1.600000000000000000e+01
2.910000000000000000e+02 1.500000000000000000e+01
2.910000000000000000e+02 1.400000000000000000e+01
2.910000000000000000e+02 1.500000000000000000e+01
2.850000000000000000e+02 2.000000000000000000e+01
2.590000000000000000e+02 1.500000000000000000e+01
2.590000000000000000e+02 2.100000000000000000e+01
2.910000000000000000e+02 1.300000000000000000e+01
2.910000000000000000e+02 1.300000000000000000e+01
2.910000000000000000e+02 1.300000000000000000e+01
2.910000000000000000e+02 1.300000000000000000e+01
2.910000000000000000e+02 1.300000000000000000e+01
2.910000000000000000e+02 1.300000000000000000e+01
2.910000000000000000e+02 1.300000000000000000e+01
2.740000000000000000e+02 2.700000000000000000e+01
2.740000000000000000e+02 2.600000000000000000e+01
5.700000000000000000e+01 8.000000000000000000e+00
9.300000000000000000e+01 7.000000000000000000e+00
9.300000000000000000e+01 7.000000000000000000e+00
2.740000000000000000e+02 1.100000000000000000e+01
2.740000000000000000e+02 3.100000000000000000e+01
2.740000000000000000e+02 3.100000000000000000e+01
2.740000000000000000e+02 3.100000000000000000e+01
2.850000000000000000e+02 1.300000000000000000e+01
2.850000000000000000e+02 1.300000000000000000e+01
2.850000000000000000e+02 1.900000000000000000e+01
3.070000000000000000e+02 2.000000000000000000e+01
2.850000000000000000e+02 1.900000000000000000e+01
2.800000000000000000e+02 2.200000000000000000e+01
2.740000000000000000e+02 3.000000000000000000e+01
2.740000000000000000e+02 3.000000000000000000e+01
2.740000000000000000e+02 3.100000000000000000e+01
2.740000000000000000e+02 3.100000000000000000e+01
2.740000000000000000e+02 3.200000000000000000e+01
2.740000000000000000e+02 3.200000000000000000e+01
2.740000000000000000e+02 3.200000000000000000e+01
2.740000000000000000e+02 3.300000000000000000e+01
2.740000000000000000e+02 3.400000000000000000e+01
2.740000000000000000e+02 1.100000000000000000e+01
3.140000000000000000e+02 1.200000000000000000e+01
3.140000000000000000e+02 1.200000000000000000e+01
2.900000000000000000e+02 1.800000000000000000e+01
2.900000000000000000e+02 1.800000000000000000e+01
2.900000000000000000e+02 1.900000000000000000e+01
2.900000000000000000e+02 1.900000000000000000e+01
2.900000000000000000e+02 2.000000000000000000e+01
2.900000000000000000e+02 2.000000000000000000e+01
2.900000000000000000e+02 2.000000000000000000e+01
2.900000000000000000e+02 2.000000000000000000e+01
2.900000000000000000e+02 1.900000000000000000e+01
2.900000000000000000e+02 2.000000000000000000e+01
2.900000000000000000e+02 2.000000000000000000e+01
2.900000000000000000e+02 2.000000000000000000e+01
2.900000000000000000e+02 2.000000000000000000e+01
2.590000000000000000e+02 1.900000000000000000e+01
2.900000000000000000e+02 2.000000000000000000e+01
2.900000000000000000e+02 2.000000000000000000e+01
2.900000000000000000e+02 2.000000000000000000e+01
2.900000000000000000e+02 2.100000000000000000e+01
2.900000000000000000e+02 2.000000000000000000e+01
2.900000000000000000e+02 2.000000000000000000e+01
2.900000000000000000e+02 2.000000000000000000e+01
2.900000000000000000e+02 2.100000000000000000e+01
2.900000000000000000e+02 2.000000000000000000e+01
2.900000000000000000e+02 2.000000000000000000e+01
2.900000000000000000e+02 2.100000000000000000e+01
2.900000000000000000e+02 2.100000000000000000e+01
2.900000000000000000e+02 2.100000000000000000e+01
2.900000000000000000e+02 2.100000000000000000e+01
2.900000000000000000e+02 2.100000000000000000e+01
2.900000000000000000e+02 2.100000000000000000e+01
2.900000000000000000e+02 2.000000000000000000e+01
2.900000000000000000e+02 2.000000000000000000e+01
2.900000000000000000e+02 2.100000000000000000e+01
2.900000000000000000e+02 2.000000000000000000e+01
2.900000000000000000e+02 2.100000000000000000e+01
3.170000000000000000e+02 2.400000000000000000e+01
3.160000000000000000e+02 2.200000000000000000e+01
2.840000000000000000e+02 2.000000000000000000e+01
3.150000000000000000e+02 2.900000000000000000e+01
2.910000000000000000e+02 1.700000000000000000e+01
2.910000000000000000e+02 1.700000000000000000e+01
2.910000000000000000e+02 1.700000000000000000e+01
2.910000000000000000e+02 1.800000000000000000e+01
2.910000000000000000e+02 1.800000000000000000e+01
2.910000000000000000e+02 1.700000000000000000e+01
2.910000000000000000e+02 1.700000000000000000e+01
2.910000000000000000e+02 1.700000000000000000e+01
2.910000000000000000e+02 1.700000000000000000e+01
2.910000000000000000e+02 1.700000000000000000e+01
2.910000000000000000e+02 1.700000000000000000e+01
2.910000000000000000e+02 1.700000000000000000e+01
2.910000000000000000e+02 1.700000000000000000e+01
2.910000000000000000e+02 1.700000000000000000e+01
2.910000000000000000e+02 1.700000000000000000e+01
2.910000000000000000e+02 1.800000000000000000e+01
2.910000000000000000e+02 1.800000000000000000e+01
2.910000000000000000e+02 1.800000000000000000e+01
2.910000000000000000e+02 1.700000000000000000e+01
2.910000000000000000e+02 1.700000000000000000e+01
2.910000000000000000e+02 1.700000000000000000e+01
2.910000000000000000e+02 1.800000000000000000e+01
2.910000000000000000e+02 1.700000000000000000e+01
2.910000000000000000e+02 1.700000000000000000e+01
2.910000000000000000e+02 1.700000000000000000e+01
2.910000000000000000e+02 1.700000000000000000e+01
2.910000000000000000e+02 1.700000000000000000e+01
2.910000000000000000e+02 1.700000000000000000e+01
2.910000000000000000e+02 1.700000000000000000e+01
2.910000000000000000e+02 1.600000000000000000e+01
2.910000000000000000e+02 1.500000000000000000e+01
5.700000000000000000e+01 1.600000000000000000e+01
5.700000000000000000e+01 1.600000000000000000e+01
5.700000000000000000e+01 1.600000000000000000e+01
3.100000000000000000e+02 1.700000000000000000e+01
5.600000000000000000e+01 1.400000000000000000e+01
3.400000000000000000e+01 1.600000000000000000e+01
3.400000000000000000e+01 1.600000000000000000e+01
2.910000000000000000e+02 1.300000000000000000e+01
2.910000000000000000e+02 1.300000000000000000e+01
2.910000000000000000e+02 1.300000000000000000e+01
5.600000000000000000e+01 1.400000000000000000e+01
5.600000000000000000e+01 1.400000000000000000e+01
5.600000000000000000e+01 1.400000000000000000e+01
5.600000000000000000e+01 1.400000000000000000e+01
5.600000000000000000e+01 1.400000000000000000e+01
5.600000000000000000e+01 1.400000000000000000e+01
5.600000000000000000e+01 1.400000000000000000e+01
2.910000000000000000e+02 1.000000000000000000e+01
2.910000000000000000e+02 9.000000000000000000e+00
7.100000000000000000e+01 1.500000000000000000e+01
7.100000000000000000e+01 1.500000000000000000e+01
3.250000000000000000e+02 1.000000000000000000e+01
3.250000000000000000e+02 1.000000000000000000e+01
2.850000000000000000e+02 1.500000000000000000e+01
2.850000000000000000e+02 1.500000000000000000e+01
3.050000000000000000e+02 1.700000000000000000e+01
2.850000000000000000e+02 1.500000000000000000e+01
3.260000000000000000e+02 1.200000000000000000e+01
2.850000000000000000e+02 1.400000000000000000e+01
2.740000000000000000e+02 2.500000000000000000e+01
2.850000000000000000e+02 1.500000000000000000e+01
2.800000000000000000e+02 1.800000000000000000e+01
