2.334400000000000086e-01 3.955095535925132566e+01 8.110712114235099079e+01
2.918000000000000038e-01 1.480903784010909696e+01 2.246334712370353515e+01
2.334400000000000086e-01 1.735092099857853043e+01 1.548775658383098452e+01
2.918000000000000038e-01 1.843226093550569544e+01 2.457015067108869033e+01
1.750800000000000134e-01 3.335214198034942257e+01 4.674563213820088947e+01
3.501600000000000268e-01 2.197937093201495173e+01 2.565341076738139847e+01
2.334400000000000086e-01 1.618714159817969289e+01 2.411101084566966080e+01
1.750800000000000134e-01 1.812044190092208140e+01 4.186351437708019319e+01
2.334400000000000086e-01 1.231418999104577949e+01 1.823918857844284602e+01
2.918000000000000038e-01 3.994768226003083811e+01 3.218743922712710059e+01
2.918000000000000038e-01 3.294020188701899343e+01 3.263729615026343112e+01
2.918000000000000038e-01 5.331326926564058510e+01 4.482152893420749962e+01
4.085199999999999942e-01 3.379878749932495907e+01 8.459137381553748014e+01
3.501600000000000268e-01 2.786848268050258426e+01 8.335228800698874352e+01
6.419599999999999751e-01 4.209135491523134220e+01 9.928196057693460830e+01
