2.424568965517241437e-01 5.920530715639147484e-02 6.372042768680379402e-03
5.505952380952380265e-01 2.325677235938247711e-01 2.517620169203953207e-02
2.347288191759638043e-01 5.040060108371915426e-01 3.096682056433441507e-02
2.946885338042384284e-01 1.549499714073969026e+00 1.149865405070383262e-01
3.061288293748752887e-01 6.407994352266175309e-01 3.868671093428147079e-02
5.478716421792072522e-01 1.494774530912394761e+00 1.010190379205082728e-01
2.051422319474835443e-01 3.542990168975305165e-01 3.252120248281731296e-02
2.048873340360168049e-01 3.453532260906352902e-01 3.392172530109013873e-02
2.463077142244701756e-01 1.603599565222037837e+00 1.448578834058529274e-01
5.165289256198347667e-01 3.094484364771454832e+00 3.128625663070231933e-01
2.773878410189207777e-01 1.709551185035369958e+00 1.667511588804842793e-01
2.721207827618941644e-01 1.837248859072913465e+00 1.592407254462505917e-01
3.284262397771536279e-01 8.779475401598234585e-01 7.701605554624658956e-02
3.147640843784061948e-01 5.579553565683438299e-01 6.952448074549556767e-02
3.358546958879953803e-01 6.056294344417114672e-01 6.252736270521322415e-02
