mass_A
t	x
0.000000000E0	0.000000000E0
1.600333333E-1	-1.071367876E-2
3.359333333E-1	9.946229857E-3
4.959000000E-1	-3.500869487E-3
6.719000000E-1	1.542030456E-2
8.318333333E-1	3.656858052E-2
1.007833333E0	4.594947866E-2
1.167966667E0	2.984183526E-2
1.327866667E0	1.764177133E-2
1.503833333E0	2.546224617E-2
1.663866667E0	2.278105684E-3
1.839866667E0	3.112562913E-3
2.000033333E0	3.027974005E-2
2.159933333E0	1.250071403E-2
2.336000000E0	6.821702364E-3
2.496033333E0	3.437208231E-3
2.671900000E0	5.576671372E-3
2.831966667E0	1.634030814E-2
2.992100000E0	2.017423692E-2
3.167933333E0	5.787064711E-3
3.327933333E0	1.158570824E-2
3.503866667E0	1.545334276E-2
3.663900000E0	7.852408436E-3
3.824166667E0	1.886248993E-2
3.999966667E0	1.107157013E-2
4.159966667E0	7.489472390E-3
4.335900000E0	-1.978202543E-2
4.496000000E0	2.416847022E-2
4.672300000E0	1.691162703E-2
4.831900000E0	1.310773293E-2
4.992033333E0	9.778434495E-3
5.168033333E0	4.281743780E-4
5.328100000E0	7.370120275E-3
5.503800000E0	7.333245308E-3
5.663833333E0	2.063801127E-2
5.823866667E0	1.608475448E-2
5.999833333E0	4.091519978E-3
6.159833333E0	-6.483602351E-5
6.335866667E0	3.922011737E-3
6.495866667E0	4.567863775E-3
6.656033333E0	-4.469609852E-3
6.831866667E0	-2.072025244E-2
6.992033333E0	6.688013648E-3
7.167833333E0	4.621071546E-3
7.327933333E0	3.521316173E-3
7.503866667E0	-4.995649037E-3
7.663866667E0	-3.170098712E-2
7.824166667E0	-5.773350140E-2
7.999800000E0	-1.892971359E-2
8.159966667E0	-1.823901917E-2
8.335933333E0	2.289756188E-3
8.496033333E0	1.878401014E-2
8.656233333E0	3.571838081E-2
8.831933333E0	4.316020958E-2
8.991966667E0	-1.452924989E-2
9.167866667E0	1.082079323E-2
9.328433333E0	6.442371457E-3
9.488733333E0	-6.236930944E-2
9.664000000E0	-3.698598436E-2
9.824000000E0	-9.365516264E-2
9.999933333E0	-6.556441538E-2
1.015996667E1	-9.145369898E-2
1.032030000E1	-1.441646591E-1
1.049593333E1	-1.743216708E-1
1.065606667E1	-2.968515574E-1
1.083233333E1	-6.391486074E-2
1.099200000E1	-5.385338954E-2
1.116790000E1	2.921246911E-2
1.132806667E1	2.511077096E-2
1.148823333E1	1.053321654E-1
1.166393333E1	1.206483682E-1
1.182396667E1	5.191455041E-2
1.199993333E1	1.193099855E-2
1.215993333E1	-6.226000397E-3
1.232010000E1	2.088648106E-2
1.249596667E1	8.228231752E-2
1.265626667E1	8.356326485E-2
1.283193333E1	3.407258241E-2
1.299190000E1	-1.839866296E-3
1.315200000E1	-2.080989829E-2
1.332803333E1	-5.466755867E-2
1.348850000E1	-2.867294303E-2
1.366386667E1	-4.158800688E-2
1.382393333E1	-3.783328235E-2
1.399993333E1	-7.756199797E-3
1.415990000E1	-5.417199958E-3
1.432003333E1	5.991193013E-3
1.449593333E1	1.710696717E-2
1.465623333E1	-2.045013672E-2
1.483203333E1	4.479284264E-4
1.499193333E1	3.989709199E-2
1.515203333E1	1.335638426E-1
1.532803333E1	9.036804187E-2
1.548860000E1	1.049268995E-1
1.566380000E1	3.412314470E-2
1.582383333E1	1.801533658E-2
1.598393333E1	-7.997459698E-3
1.616050000E1	2.204023723E-2
1.631996667E1	2.964182581E-2
1.649583333E1	2.655900476E-2
1.665650000E1	5.531546086E-2
1.681636667E1	5.505901949E-2
1.699206667E1	3.237352889E-2
1.715190000E1	-2.143295544E-2
1.732783333E1	-3.314829403E-2
1.748823333E1	-2.673928859E-2
1.766383333E1	-1.908200046E-2
1.782413333E1	6.292577994E-2
1.798393333E1	3.227164042E-2
1.815996667E1	-2.735938586E-2
1.832006667E1	1.346640685E-2
1.849586667E1	-6.624721488E-3
1.865653333E1	3.504548056E-3
1.881606667E1	3.932687816E-2
1.899196667E1	2.577847742E-2
1.915203333E1	7.759413529E-2
1.932793333E1	7.931455833E-2
1.948856667E1	6.008951239E-3
1.964796667E1	9.928625895E-3
1.982390000E1	-1.870057167E-2
1.998393333E1	-1.701999923E-1
2.015990000E1	-1.171137340E-1
2.031993333E1	-1.022957390E-1
2.049596667E1	-4.210124012E-2
2.065603333E1	-2.504678199E-2
2.081600000E1	2.881938899E-2
2.099196667E1	-4.133365433E-2
2.115200000E1	-3.430264467E-2
2.132783333E1	-2.852647284E-2
2.148833333E1	-4.107171766E-2
2.164800000E1	-1.522434414E-2
2.182396667E1	1.360499167E-2
2.198406667E1	1.639266890E-2
2.215996667E1	-2.467144915E-2
2.231993333E1	-4.911925354E-2
2.248003333E1	-1.043731608E-1
2.265626667E1	-9.655574720E-2
2.281613333E1	-8.853740770E-2
2.299193333E1	-2.798529157E-3
2.315200000E1	4.905344770E-3
2.331196667E1	-3.469410334E-2
2.348836667E1	-1.031231687E-2
2.364800000E1	-2.135719760E-3
2.382393333E1	7.731387195E-2
2.398393333E1	1.387895431E-1
2.415990000E1	9.848870794E-2
2.431996667E1	4.140320923E-2
2.447993333E1	3.402714172E-2
2.465620000E1	8.127121490E-2
2.481600000E1	1.783354152E-2
2.499186667E1	1.083883000E-2
2.515196667E1	2.290128143E-2
2.531196667E1	2.840927004E-2
2.548780000E1	-3.195262796E-2
2.564800000E1	4.582314563E-3
2.582393333E1	1.836446991E-2
2.598386667E1	-5.458323075E-3
2.614450000E1	7.709176378E-3
2.632026667E1	7.940430369E-3
2.648013333E1	1.335066435E-2
2.665603333E1	-6.871201985E-2
2.681606667E1	-2.493877330E-2
2.699183333E1	3.836766760E-2
2.715203333E1	7.085344005E-2
2.731250000E1	3.687083203E-2
2.748803333E1	2.960629306E-2
2.764813333E1	1.499506946E-2
2.782383333E1	8.298433620E-2
2.798403333E1	1.694540504E-2
2.814390000E1	3.912946777E-2
2.832030000E1	4.214061882E-2
2.848003333E1	1.716469886E-2
2.865613333E1	1.923788941E-2
2.881606667E1	3.166942252E-2
2.897596667E1	6.512203148E-2
2.915206667E1	6.858781839E-3
2.931196667E1	6.300228823E-3
2.948840000E1	3.492637642E-3
2.964786667E1	3.028303228E-2
2.980800000E1	2.165273603E-2
2.998413333E1	8.309128934E-2
3.014400000E1	3.050586262E-2
3.031986667E1	-1.705387720E-3
3.047986667E1	-4.496964977E-2
3.065580000E1	-3.180382172E-2
3.081580000E1	-5.137219002E-2
3.097586667E1	3.624622836E-2
3.115220000E1	4.167215831E-2
3.131196667E1	3.677252253E-2
3.148786667E1	5.611346593E-2
3.164800000E1	2.365653783E-2
3.180806667E1	-1.203093800E-2
3.198403333E1	-8.777821177E-2
3.214460000E1	-1.097285084E-1
3.231996667E1	-1.074249575E-1
3.248003333E1	-8.235183707E-2
3.264013333E1	-2.535748927E-2
3.281600000E1	-1.136251323E-2
3.297596667E1	4.705536661E-2
3.315243333E1	2.504676714E-2
3.331196667E1	2.523562171E-2
3.347183333E1	3.976002506E-2
3.364803333E1	-2.106972769E-2
3.380806667E1	-5.561480290E-2
3.398400000E1	-3.490621627E-2
3.414446667E1	-8.778307085E-2
3.431983333E1	-1.702352619E-1
3.447990000E1	-6.848548815E-1
3.464006667E1	-4.285051046E-1
3.481586667E1	-1.531741681E-1
3.497586667E1	-6.597292905E-2
3.515190000E1	6.357502961E-2
3.531193333E1	9.420248081E-2
3.547220000E1	1.030164522E-1
3.564803333E1	8.893550278E-2
3.580790000E1	1.305096575E-2
3.598383333E1	4.723188621E-2
3.614386667E1	4.302290851E-2
3.630423333E1	3.589187816E-2
3.647983333E1	3.997175111E-2
3.663990000E1	1.193713592E-1
3.681593333E1	1.412889344E-1
3.697596667E1	1.565078503E-1
3.715193333E1	1.049192859E-1
3.731190000E1	7.973669189E-2
3.747196667E1	2.090763478E-2
3.764823333E1	2.209503952E-2
3.780800000E1	-7.238092633E-2
3.798380000E1	-1.205480531E-1
3.814383333E1	-1.019359347E-1
3.830390000E1	-6.358455621E-2
3.847983333E1	-4.943568750E-2
3.863990000E1	-3.319500967E-2
3.881593333E1	-1.874756365E-3
3.897603333E1	1.010802217E-1
3.913656667E1	1.161447943E-1
3.931203333E1	1.008030860E-1
3.947186667E1	3.488525692E-2
3.964793333E1	3.158531965E-2
3.980786667E1	1.659781691E-2
3.996790000E1	-4.422858691E-2
4.014390000E1	6.463796560E-3
4.030386667E1	1.352895214E-1
4.047983333E1	9.366175822E-2
4.063993333E1	8.509279860E-2
4.081586667E1	1.306969150E-1
4.097596667E1	1.268598468E-1
4.113620000E1	5.312191802E-2
4.131183333E1	3.391293156E-2
4.147210000E1	-2.035919764E-2
4.164786667E1	-7.490058484E-2
4.180790000E1	-1.466029185E-1
4.196803333E1	-2.379634910E-1
4.214433333E1	-1.558370025E-1
4.230393333E1	-2.004853197E-2
4.247990000E1	-1.336775865E-2
4.263986667E1	7.481119282E-2
4.280003333E1	-5.990700708E-2
4.297590000E1	-5.532916160E-2
4.313643333E1	-3.365832428E-2
4.331190000E1	-3.379749816E-2
4.347193333E1	3.722709293E-2
4.364790000E1	-2.315093647E-2
4.380786667E1	-2.494736311E-2
4.396796667E1	-4.372171123E-2
4.414383333E1	1.396854504E-2
4.430423333E1	3.466279881E-2
4.447993333E1	3.766247315E-2
4.463996667E1	3.754103529E-2
4.480000000E1	-3.962729140E-2
4.497590000E1	-2.388645792E-1
4.513616667E1	-2.085896349E-1
4.531190000E1	-6.170695396E-1
4.547183333E1	-7.270049330E-1
4.563196667E1	-1.694026643E-1
4.580793333E1	-7.019387706E-2
4.596813333E1	-2.306339777E-2
4.614400000E1	-2.040660133E-1
4.630406667E1	3.007699279E-2
4.646393333E1	1.116131851E-1
4.663986667E1	1.391727591E-1
4.679990000E1	1.141010012E-1
4.697586667E1	8.562229015E-2
4.713643333E1	7.896652409E-2
4.731200000E1	6.355451315E-2
4.747190000E1	6.692261539E-2
4.763206667E1	7.737896012E-2
4.780803333E1	8.929148419E-2
4.796803333E1	2.142489889E-2
4.814380000E1	-6.941105884E-2
4.830420000E1	-3.660687199E-4
4.846390000E1	-2.535972352E-2
4.864040000E1	-4.480870987E-2
4.880016667E1	-1.186345460E-1
4.897603333E1	-1.551810935E-1
4.913646667E1	-1.470816407E-1
4.929600000E1	-1.059024725E-1
4.947193333E1	-3.435067860E-2
4.963200000E1	-3.375693711E-2
4.980786667E1	1.857263141E-2
4.996820000E1	-1.080270718E-2
5.014386667E1	9.794601081E-3
5.030426667E1	5.187112354E-2
5.046393333E1	1.155807850E-1
5.063986667E1	1.118277183E-1
5.080000000E1	1.105761770E-1
5.097593333E1	4.596125759E-2
5.113616667E1	1.165654606E-1
5.129596667E1	4.426225002E-2
5.147200000E1	-4.816293775E-3
5.163206667E1	8.333475755E-2
5.180790000E1	-1.147886200E-2
5.196836667E1	-4.346592588E-2
5.212793333E1	-7.006301065E-2
5.230413333E1	-2.351692132E-1
5.246390000E1	-1.543562990E-1
5.263996667E1	-1.445150811E-1
5.279986667E1	-1.700517597E-1
5.296000000E1	-3.467924174E-1
5.313653333E1	-1.730920441E-1
5.329600000E1	-7.266098189E-3
5.347196667E1	-2.489595659E-3
5.363196667E1	9.401192662E-2
5.380793333E1	-8.875035264E-3
5.396793333E1	2.134559254E-2
5.412800000E1	-5.753687823E-2
5.430420000E1	-6.355347237E-2
5.446396667E1	-1.324986578E-3
5.464003333E1	1.113745763E-1
5.479990000E1	7.262257197E-3
5.495996667E1	4.477222885E-2
5.513593333E1	3.460295340E-2
5.529590000E1	-2.840856259E-3
5.547186667E1	-1.186173341E-1
5.563183333E1	-3.785728451E-2
5.579193333E1	2.685315163E-3
5.596786667E1	3.990860475E-2
5.612786667E1	1.165682489E-2
5.630390000E1	1.668689571E-2
5.646386667E1	5.766364194E-2
5.663983333E1	7.834239327E-2
5.679990000E1	5.463896441E-2
5.695996667E1	4.962315036E-2
5.713593333E1	1.806884478E-2
5.729603333E1	-2.692432905E-3
5.747190000E1	-1.966564500E-2
5.763203333E1	-6.747264674E-3
5.779193333E1	-1.194776560E-2
5.796790000E1	-2.210232274E-2
5.812793333E1	-1.088709657E-2
5.830390000E1	-3.729303151E-2
5.846390000E1	2.384709556E-2
5.862403333E1	9.467918875E-2
5.879996667E1	6.428232121E-2
5.896006667E1	6.722931247E-2
5.913586667E1	-1.104079571E-2
5.929596667E1	-1.007620018E-1
5.945600000E1	-1.351144454E-1
5.963200000E1	-4.349825102E-2
5.979213333E1	-1.636306930E-3
5.996796667E1	7.843246963E-2
6.012800000E1	1.245529967E-1
6.030386667E1	2.219018668E-3
6.046380000E1	9.101488435E-2
6.062386667E1	5.629526331E-2
6.079983333E1	6.392865144E-2
6.095986667E1	2.508481860E-2
6.113580000E1	-5.926483294E-2
6.129596667E1	-2.029478631E-1
6.145600000E1	-4.744312502E-2
6.163200000E1	-6.033490388E-2
6.179206667E1	2.457789719E-2
6.196810000E1	-3.803635187E-2
6.212800000E1	-1.740968400E-2
6.228846667E1	-2.395092013E-1
6.246396667E1	-2.058162396E-2
6.262423333E1	-1.067258493E-1
6.280000000E1	-1.117204090E-1
6.296000000E1	-3.613336224E-1
6.313586667E1	-5.650562065E-1
6.329596667E1	-1.819118488E-1
6.345596667E1	-6.808879672E-2
6.363193333E1	-1.876763186E-1
6.379200000E1	-2.455380747E-2
6.396800000E1	6.824560871E-2
6.412803333E1	9.809651171E-2
6.428833333E1	1.827485654E-1
6.446386667E1	8.597654554E-2
6.462386667E1	9.991334208E-2
6.479986667E1	7.069002185E-2
6.496003333E1	4.736439366E-2
6.511993333E1	5.218512470E-2
6.529583333E1	1.406389192E-1
6.545586667E1	7.356918185E-2
6.563193333E1	9.501580221E-2
6.579190000E1	5.515150942E-2
6.595313333E1	5.625051781E-2
6.612783333E1	-2.135485505E-2
6.628803333E1	-9.485994373E-2
6.646383333E1	-2.547695209E-1
6.662386667E1	-2.483992326E-1
6.679980000E1	-1.249519630E-1
6.695996667E1	-1.203004065E-1
6.712036667E1	-1.121194964E-1
6.729603333E1	-5.726060600E-2
6.745603333E1	-3.555326250E-2
6.763193333E1	-2.015019935E-2
6.779196667E1	9.144866428E-3
6.795243333E1	1.687490408E-1
6.812790000E1	1.862813319E-1
6.828810000E1	1.715522488E-1
6.846410000E1	1.334591904E-1
6.862400000E1	1.867520827E-1
6.878450000E1	6.194610452E-2
6.895993333E1	-5.274547169E-2
6.912066667E1	-2.624936948E-2
6.929596667E1	3.979805815E-2
6.945590000E1	6.188284175E-2
6.963183333E1	1.261106738E-2
6.979203333E1	-3.104139404E-2
6.995256667E1	-7.946291296E-2
7.012790000E1	-6.505307505E-1
7.028873333E1	-8.350268654E-1
7.046393333E1	-1.218338966E0
7.062390000E1	-1.284190932E0
7.078463333E1	-9.496755134E-1
7.095993333E1	-1.429045960E-1
7.111986667E1	-5.425438945E-2
7.129600000E1	-2.855196114E-2
7.145613333E1	-1.377986201E-1
7.161603333E1	-1.669034991E-1
7.179196667E1	5.591682407E-2
7.195196667E1	8.121088071E-2
7.212793333E1	1.891231650E-1
7.228810000E1	6.985065462E-2
7.244816667E1	1.073543303E-1
7.262456667E1	6.567938263E-2
7.278433333E1	7.956316478E-2
7.295993333E1	4.450991140E-2
7.312023333E1	1.078554004E-1
7.329590000E1	6.628326856E-2
7.345616667E1	3.356947065E-2
7.361596667E1	-2.714864415E-2
7.379203333E1	-4.958039434E-2
7.395223333E1	-2.427238084E-1
7.412790000E1	-4.200119696E-1
7.428800000E1	-5.077612548E-1
7.444790000E1	-6.151255617E-1
7.462393333E1	-3.366386824E-1
7.478426667E1	2.461059207E-3
7.495983333E1	-2.829229703E-2
7.511993333E1	1.773923979E-2
7.527990000E1	4.923688532E-3
7.545593333E1	-4.018471636E-3
7.561606667E1	3.032920502E-2
7.579183333E1	7.296058980E-2
7.595200000E1	1.590242979E-1
7.611190000E1	3.049906461E-2
7.628786667E1	-1.479508667E-1
7.644790000E1	-6.092880955E-2
7.662383333E1	1.145922093E-1
7.678436667E1	1.080989289E-1
7.695983333E1	4.684966194E-2
7.712050000E1	-1.457152822E-2
7.727990000E1	-1.737807961E-1
7.745586667E1	-5.996744760E-1
7.761590000E1	-9.954052140E-1
7.779196667E1	-1.083114466E0
7.795250000E1	-1.512945888E0
7.811200000E1	-1.265238743E0
7.828790000E1	-3.962815313E-1
7.844786667E1	-7.027263029E-1
7.862420000E1	-3.553855985E-1
7.878430000E1	-1.366623478E-1
7.894393333E1	-3.365300024E-2
7.911990000E1	7.419947454E-2
7.928000000E1	5.860385222E-2
7.945600000E1	9.333143866E-2
7.961610000E1	1.498082903E-1
7.979193333E1	1.196627578E-1
7.995216667E1	1.550766299E-2
8.011210000E1	1.152949368E-1
8.028850000E1	-8.882435323E-2
8.044806667E1	1.694590555E-2
8.062383333E1	5.785651843E-2
8.078453333E1	3.207303562E-2
8.094403333E1	-1.803443587E-1
8.112006667E1	-2.423157965E-1
8.128013333E1	-7.906497595E-1
8.145593333E1	-4.408180859E-1
8.161586667E1	-4.320689542E-1
8.177603333E1	-3.956418188E-1
8.195236667E1	-1.469659191E-1
8.211196667E1	-1.177652028E-1
8.228793333E1	-6.671978080E-2
8.244803333E1	2.607336670E-2
8.260803333E1	3.026575198E-2
8.278426667E1	6.622533116E-2
8.294403333E1	2.320603167E-1
8.312003333E1	-6.186928647E-2
8.328010000E1	6.855010266E-2
8.345593333E1	6.400859939E-2
8.361600000E1	-3.253028486E-2
8.377596667E1	-3.472061565E-2
8.395230000E1	9.501930922E-2
8.411200000E1	8.605692165E-2
8.428790000E1	4.572211654E-2
8.444796667E1	2.817929527E-2
8.460803333E1	-8.334245338E-1
8.478393333E1	-1.480249630E0
8.494390000E1	-9.545328067E-1
8.512000000E1	-9.057391907E-1
8.528000000E1	-9.515913335E-1
8.543990000E1	-1.112368783E0
8.561606667E1	-6.978190386E-1
8.577603333E1	-1.832149344E-1
8.595193333E1	1.505944098E-2
8.611186667E1	4.234499633E-2
8.628830000E1	1.962007235E-1
8.644786667E1	1.978537944E-1
8.660806667E1	1.367471050E-1
8.678390000E1	4.947412368E-2
8.694396667E1	4.169393240E-2
8.711976667E1	-1.096739074E-1
8.727986667E1	-3.906110943E-2
8.744006667E1	3.538297554E-2
8.761586667E1	7.539188424E-2
8.777590000E1	9.699502829E-2
8.795190000E1	4.032944622E-3
8.811200000E1	-1.765663222E-1
8.827216667E1	-4.546185525E-1
8.844806667E1	-8.373052761E-1
8.860790000E1	-6.460598038E-1
8.878406667E1	-6.543810781E-1
8.894386667E1	-8.811572252E-1
8.910390000E1	-6.345474017E-1
8.927996667E1	-6.445636298E-1
8.944000000E1	-1.745412979E-1
8.961636667E1	8.195630366E-2
8.977596667E1	-1.276122623E-2
8.995186667E1	4.314587474E-2
9.011203333E1	1.682146790E-1
9.027200000E1	5.698665282E-2
9.044783333E1	1.146628843E-1
9.060783333E1	1.571996207E-1
9.078390000E1	8.004352886E-2
9.094383333E1	9.016561426E-2
9.110416667E1	1.154031504E-1
9.128006667E1	1.885903071E-1
9.143993333E1	1.281969975E-1
9.161613333E1	-1.011671180E-1
9.177593333E1	-8.140382233E-1
9.193636667E1	-8.252343098E-1
9.211223333E1	-1.003646249E0
9.227203333E1	-7.395265857E-1
9.244800000E1	-3.599779472E-1
9.260803333E1	-1.023119331E-1
9.278406667E1	-8.324370599E-1
9.294430000E1	-7.129317018E-2
9.310400000E1	1.492281445E-3
9.327996667E1	1.218943081E-1
9.344000000E1	7.890992478E-2
9.361590000E1	1.611941606E-1
9.377596667E1	3.377187861E-2
9.393623333E1	7.728747247E-2
9.411203333E1	3.688475652E-2
9.427196667E1	3.402934931E-2
9.444783333E1	-7.696942699E-2
9.460796667E1	-5.795755194E-2
9.476846667E1	2.778431487E-3
9.494390000E1	9.097829203E-2
9.510396667E1	8.991896767E-2
9.527993333E1	5.757427460E-2
9.544010000E1	2.415032388E-2
9.560036667E1	-8.204470429E-2
9.577586667E1	-1.418489974E0
9.593586667E1	-1.446490491E0
9.611183333E1	-6.841968818E-1
9.627190000E1	-4.681760208E-1
9.644790000E1	-6.489049099E-2
9.660796667E1	-6.805577810E-1
9.676836667E1	-7.989815788E-1
9.694390000E1	-5.813750631E-1
9.710386667E1	-5.228838376E-2
9.727980000E1	2.530332876E-1
9.743983333E1	2.662436404E-1
9.760050000E1	2.221768463E-1
9.777593333E1	1.345553111E-1
9.793593333E1	1.144157047E-1
9.811186667E1	1.062107861E-1
9.827206667E1	3.568903903E-2
9.843216667E1	8.656694301E-2
9.860806667E1	-2.960640824E-2
9.876836667E1	-9.376292783E-3
9.894390000E1	1.532259011E-1
9.910396667E1	1.066382505E-1
9.928016667E1	8.936792083E-2
9.943993333E1	7.340237888E-2
9.960016667E1	-1.137514572E-1
9.977590000E1	-6.255910372E-1
9.993653333E1	-8.079094558E-1
1.001119667E2	-7.476416419E-1
1.002720333E2	-5.174683378E-1
1.004322333E2	-5.340944279E-1
1.006079333E2	-3.963919948E-1
1.007688667E2	-1.310147448E-1
1.009438333E2	-9.382230029E-2
1.011044000E2	1.737916091E-2
1.012639333E2	-7.801328370E-3
1.014399333E2	2.446268458E-3
1.016001333E2	4.517257876E-3
1.017759333E2	-6.692255824E-2
1.019360000E2	1.227337142E-1
1.020960000E2	-5.804285064E-2
1.022719667E2	-2.477472996E-1
1.024321333E2	-8.234737683E-1
1.026079667E2	-4.620366107E-1
1.027683333E2	-1.333941002E-1
1.029440000E2	8.664688303E-3
1.031039333E2	3.154971948E-2
1.032639333E2	-6.904936230E-2
1.034399333E2	-4.168609371E-1
1.036001667E2	-2.086279086E-1
1.037759667E2	-1.303990156E-1
1.039366000E2	-9.526424556E-1
1.040959667E2	-2.584100466E-1
1.042719667E2	-1.283186239E-1
1.044322000E2	1.276611542E-1
1.046079333E2	1.615414643E-1
1.047678333E2	2.349820337E-1
1.049279667E2	-9.196226369E-2
1.051039000E2	1.145538042E-1
1.052639000E2	5.883599464E-2
1.054399333E2	8.001982211E-2
1.056003667E2	1.237543893E-1
1.057757667E2	8.956685371E-3
1.059358000E2	-1.710840670E-1
1.060958333E2	-4.128710817E-1
1.062718333E2	-8.091720289E-1
1.064325000E2	-1.698456117E-1
1.066078000E2	3.015050527E-2
1.067679667E2	1.083177313E-1
1.069279667E2	-1.428633307E-1
1.071041000E2	1.092996010E-2
1.072638667E2	-1.654445267E-2
1.074398667E2	-8.065621827E-1
1.076000000E2	-5.951478029E-1
1.077599000E2	-1.864754120E0
1.079362000E2	-2.109729565E0
1.080959000E2	-1.285257259E0
1.082719667E2	-4.725506187E-2
1.084320333E2	1.065174082E-1
1.085919333E2	-1.306429259E-3
1.087683000E2	4.236198061E-2
1.089280667E2	8.419213530E-2
1.091043000E2	1.938046889E-2
1.092643333E2	9.533946605E-2
1.094400000E2	1.134219544E-1
1.096001667E2	2.914099222E-2
1.097598667E2	-7.219039244E-2
1.099363000E2	-6.689113043E-2
1.100959667E2	-2.811915643E-1
1.102720000E2	-6.510334675E-2
1.104324000E2	6.598934481E-2
1.105920000E2	9.857531872E-2
1.107684333E2	6.950031335E-2
1.109279667E2	1.312973105E-1
1.111038667E2	-5.005208306E-2
1.112639333E2	-9.526781074E-1
1.114239667E2	-1.503269295E0
1.116004000E2	-1.387798397E0
1.117600000E2	-7.055527629E-1
1.119364000E2	-6.563275752E-2
1.120960000E2	-2.409262947E-1
1.122719000E2	2.058951712E-1
1.124319000E2	3.133166418E-2
1.125919667E2	1.202401790E-1
1.127684333E2	6.679211915E-2
1.129280000E2	-2.770525097E-2
1.131038667E2	-4.866343272E-2
1.132641333E2	-1.154153548E0
1.134239333E2	4.963304567E-2
1.136003333E2	-4.942191857E-1
1.137600000E2	-1.477612635E0
1.139359000E2	-3.001475644E-2
1.140959667E2	-2.902980368E-2
1.142560333E2	1.148806972E-1
1.144319333E2	1.022422531E-1
1.145919333E2	1.326627045E-1
1.147685333E2	-1.166339579E-2
1.149279000E2	-2.609665584E-2
1.150882667E2	-6.282667055E-2
1.152639333E2	-9.177114990E-1
1.154240333E2	-6.455947494E-1
1.156002000E2	-1.487058823E-1
1.157599333E2	7.750258612E-2
1.159359000E2	1.307732356E-1
1.160959000E2	1.541274462E-1
1.162561000E2	6.668002787E-2
1.164319333E2	9.583325142E-2
1.165919667E2	-1.231899484E-1
1.167680667E2	-5.638399491E-2
1.169279667E2	-2.298855921E-1
1.170881000E2	-1.399154065E-1
1.172639000E2	7.281147447E-2
1.174239333E2	-5.282579337E-2
1.175998000E2	-8.976597709E-1
1.177598667E2	-1.078924646E0
1.179199000E2	-1.571183057E-1
1.180959000E2	2.572073692E-2
1.182565333E2	1.077203803E-1
1.184318667E2	1.022010280E-1
1.185918667E2	-3.097209250E-2
1.187520667E2	-2.854198105E-1
1.189279000E2	6.502251987E-2
1.190879333E2	-4.543056268E-2
1.192641000E2	-8.795042992E-2
1.194242333E2	-1.348327802E-1
1.196000667E2	1.264480920E-1
1.197599333E2	4.472509961E-2
1.199199667E2	1.607442553E-1
1.200959000E2	6.405347163E-2
1.202560333E2	8.871293477E-2
1.204318000E2	5.640141250E-2
1.205918667E2	-8.864441245E-2
1.207519000E2	-2.067858343E-1
1.209278667E2	-2.137346664E-2
1.210881000E2	8.983246809E-3
1.212640000E2	-1.986239259E-1
1.214240333E2	-2.733902108E-1
1.215852000E2	-9.935190838E-2
1.217599667E2	-9.813694445E-2
1.219200333E2	-2.479345252E-1
1.220960333E2	2.333891077E-1
1.222559000E2	1.506386532E-1
1.224322333E2	-2.700585720E-2
1.225919000E2	-2.023516126E-1
1.227521667E2	-1.838099253E0
1.229279333E2	-1.545280084E-1
1.230879667E2	-8.646101207E-3
1.232638333E2	-1.237680797E-2
1.234239667E2	-4.910383906E-2
1.235843000E2	1.245499077E-1
1.237599667E2	-2.207003747E-1
1.239199333E2	6.302622540E-2
1.240959667E2	2.635652269E-2
1.242560333E2	1.074012586E-1
1.244163333E2	-6.079415732E-2
1.245920667E2	-8.886678978E-2
1.247521000E2	-1.193633416E-1
1.249280000E2	-1.446354919E-1
1.250879667E2	-5.805083054E-3
1.252482667E2	1.025458678E-1
1.254239333E2	7.498294978E-2
1.255844000E2	3.488830838E-2
1.257599667E2	-1.304804694E-1
1.259200667E2	2.259298354E-2
1.260958333E2	8.700422127E-2
1.262559667E2	-1.430856946E-1
1.264162667E2	-6.208535748E-1
1.265919667E2	-4.675185768E-1
1.267519333E2	-1.014259373E-1
1.269278667E2	-1.416296067E0
1.270879000E2	2.401232375E-2
1.272480667E2	-2.461465730E-3
1.274239667E2	2.050413644E-2
1.275839667E2	1.157178351E-1
1.277599333E2	1.699616121E-1
1.279199333E2	1.878481569E-1
1.280799000E2	-3.884772649E-2
1.282559000E2	1.062604877E-1
1.284162667E2	6.986375286E-2
1.285918333E2	-1.716712625E-1
1.287519000E2	-2.837754662E-1
1.289278333E2	-9.642379440E-3
1.290882000E2	1.892723128E-1
1.292480000E2	1.023265619E-1
1.294238333E2	9.551203656E-2
1.295845333E2	7.959632881E-2
1.297598667E2	8.280482652E-2
1.299201667E2	3.645450307E-2
1.300799333E2	1.517577115E-3
1.302560333E2	-3.614092039E-1
1.304165667E2	1.136133185E-2
1.305919667E2	5.579506655E-2
1.307519667E2	-1.233260348E0
1.309120667E2	-8.272718766E-1
1.310879333E2	-6.689487832E-2
1.312481333E2	1.181073646E-1
1.314243000E2	1.035555380E-1
1.315841333E2	8.153764932E-3
1.317439333E2	-1.728637301E-1
1.319200000E2	4.845156859E-2
1.320800667E2	4.730869660E-2
1.322561000E2	-7.751909139E-2
1.324162000E2	-7.314766054E-1
1.325919333E2	-1.147825426E-1
1.327521667E2	1.702860407E-1
1.329120000E2	5.832765691E-3
1.330879667E2	1.977353263E-1
1.332482333E2	6.984623727E-2
1.334239000E2	4.537132174E-2
1.335846667E2	7.490455065E-2
1.337440667E2	1.943484564E-2
1.339199667E2	2.328864043E-3
1.340800667E2	-2.062677705E-2
1.342560333E2	-2.438639225E-2
1.344161000E2	7.846501652E-2
1.345761667E2	6.229164917E-2
1.347519333E2	2.183456027E-2
1.349118667E2	2.707857621E-2
1.350880000E2	-1.136093902E-1
1.352484667E2	9.711426510E-3
1.354238333E2	-2.376371921E-3
1.355838667E2	-2.014741126E-1
1.357440333E2	-1.396081752E-1
1.359200000E2	-7.794533996E-1
1.360801333E2	-1.127883059E-1
1.362560000E2	-6.994785607E-1
1.364164333E2	-1.857454922E-1
1.365760333E2	5.267165948E-2
1.367519667E2	9.927160682E-3
1.369120667E2	-8.514078968E-2
1.370878333E2	1.183108793E-1
1.372481000E2	1.400119001E-1
1.374081333E2	1.139867724E-1
1.375846333E2	9.580710801E-2
1.377439667E2	7.209840341E-2
1.379199000E2	-5.209492924E-2
1.380799667E2	-7.888711414E-3
1.382399000E2	6.266451282E-2
1.384165667E2	2.636836013E-2
1.385761333E2	6.880947397E-2
1.387518667E2	-3.373009839E-2
1.389120667E2	1.247367645E-1
1.390878000E2	-7.477302798E-2
1.392480667E2	-9.908364323E-1
1.394080000E2	-8.106040394E-1
1.395839333E2	-8.071401444E-1
1.397439333E2	-2.236111820E0
1.399198000E2	-1.127192676E0
1.400798667E2	-1.046316257E0
1.402399667E2	3.644152906E-2
1.404163333E2	-8.808224071E-3
1.405767333E2	-1.901034034E-2
1.407519333E2	1.219875321E-1
1.409119667E2	2.325861134E-1
1.410720333E2	-1.554839621E-1
1.412480667E2	-2.465499031E-2
1.414080667E2	8.439716038E-2
1.415838667E2	4.105438405E-2
1.417439000E2	5.818630938E-2
1.419199000E2	-5.935389763E-2
1.420800667E2	4.886812929E-2
1.422400000E2	-1.139762131E-2
1.424163333E2	9.980075317E-2
1.425760000E2	8.725674395E-2
1.427519000E2	7.598194558E-2
1.429119667E2	-7.824884691E-2
1.430720333E2	-7.519287934E-2
1.432479333E2	-1.281237103E0
1.434080000E2	-2.077474687E0
1.435840333E2	-1.579927401E0
1.437441667E2	-2.164097591E0
1.439040000E2	-1.628792746E0
1.440800333E2	-9.278619587E-1
1.442399667E2	-8.218051782E-2
1.444163000E2	1.955511452E-1
1.445761667E2	-2.277299154E-2
1.447363333E2	1.354899158E-1
1.449120333E2	-1.488235672E-1
1.450719333E2	4.597543203E-2
1.452481000E2	-6.467660637E-5
1.454080000E2	-1.757460273E-2
1.455838667E2	2.738353502E-2
1.457439333E2	6.672629058E-2
1.459039667E2	1.375729077E-1
1.460799333E2	5.504944414E-2
1.462400333E2	1.477960207E-2
1.464160667E2	1.279383489E-1
1.465760000E2	2.258015135E-3
1.467359667E2	3.331992151E-2
1.469120667E2	2.010237872E-2
1.470721000E2	-1.442671892E-2
1.472479667E2	-1.057237509E0
1.474081333E2	-3.079939970E0
1.475679667E2	-2.947568140E0
1.477438667E2	-2.607984731E0
1.479040667E2	-1.261487221E0
1.480799333E2	-4.245252056E-1
1.482401000E2	1.158408927E-1
1.484160000E2	1.150245362E-1
1.485759333E2	1.103652817E-2
1.487359667E2	8.143600431E-2
1.489118667E2	8.283509939E-2
1.490719333E2	7.179301079E-2
1.492479000E2	-2.018995115E-2
1.494080333E2	-3.989820689E-2
1.495679333E2	-2.112409403E-2
1.497438333E2	1.520575183E-2
1.499039667E2	-9.012019736E-3
1.500801667E2	-9.777694708E-2
1.502399333E2	8.331456212E-3
1.503998667E2	2.418155667E-3
1.505759333E2	5.401598440E-2
1.507358667E2	-2.195318818E-2
1.509118333E2	-2.634330867E-1
1.510718667E2	-8.283812610E-1
1.512330000E2	-1.201060475E0
1.514078667E2	-2.113828500E0
1.515680000E2	-4.331327136E0
1.517444000E2	-3.360776490E0
1.519039000E2	-9.074930600E-1
1.520799667E2	-6.481333916E-2
1.522400667E2	5.769132174E-2
1.524007667E2	-5.022617200E-2
1.525760333E2	1.602637812E-1
1.527360333E2	-3.844594817E-2
1.529120333E2	7.272733762E-2
1.530719333E2	-1.844368016E-2
1.532324333E2	-1.867465589E-2
1.534080333E2	-1.184564316E-3
1.535679333E2	-1.615864977E-1
1.537439667E2	-3.871181432E-2
1.539040333E2	-1.282776140E-1
1.540641000E2	-1.156769183E-1
1.542400333E2	1.059840409E-2
1.543999333E2	1.490579952E-2
1.545760333E2	3.915777157E-2
1.547360333E2	-1.927335995E-1
1.548963333E2	-1.425675628E0
1.550720667E2	-1.096594550E0
1.552322333E2	-2.391298766E0
1.554080333E2	-4.448287906E0
1.555679667E2	-3.720365953E0
1.557438333E2	-1.409021039E0
1.559041000E2	-9.327527192E-2
1.560642667E2	6.379457297E-2
1.562399333E2	-3.626956010E-1
1.564007333E2	-3.869968552E-1
1.565759667E2	-1.276705362E-1
1.567360333E2	1.339365964E-1
1.568962667E2	-5.497775281E-1
1.570719333E2	-2.422491909E-1
1.572327000E2	4.937921896E-3
1.574079333E2	-2.612860357E-1
1.575679667E2	-1.061871751E-1
1.577280667E2	-4.445551035E-2
1.579039333E2	-2.116636107E-1
1.580644000E2	-6.966063047E-2
1.582400000E2	-9.178248105E-2
1.584002333E2	-6.186993693E-3
1.585759333E2	-1.887225783E-1
1.587359667E2	-8.286896119E-1
1.588962000E2	-2.219115528E0
1.590719667E2	-3.670680301E0
1.592323333E2	-3.647696809E0
1.594080667E2	-3.388843552E0
1.595679333E2	-1.604260263E0
1.597280667E2	-6.407498339E-1
1.599039000E2	7.069107937E-2
1.600640333E2	-2.908041236E-1
1.602399333E2	1.724137564E-2
1.604000000E2	-3.788159041E-1
1.605599000E2	2.554733044E-2
1.607359667E2	-4.349713329E-2
1.608964667E2	-2.541486807E-1
1.610718667E2	-4.413093973E-1
1.612321000E2	5.799607133E-2
1.613918667E2	9.174571398E-3
1.615679667E2	-2.165852139E-1
1.617279667E2	-1.468192833E-1
1.619039333E2	-1.141762591E-1
1.620641333E2	-1.534992755E-1
1.622399000E2	-1.281153539E-1
1.624002667E2	-2.980360150E-1
1.625601000E2	-1.535027226E0
1.627360667E2	-4.017943046E0
1.628960667E2	-4.104523708E0
1.630719333E2	-4.233329375E0
1.632324333E2	-2.256056151E0
1.633920000E2	-1.407789103E0
1.635680667E2	9.105484949E-2
1.637281333E2	-2.727569410E-1
1.639039000E2	2.182933629E-2
1.640641667E2	-9.594940866E-2
1.642240000E2	1.854875908E-2
1.644000333E2	-1.768771661E-2
1.645600333E2	1.986632335E-2
1.647360667E2	-1.305353384E-1
1.648963333E2	-3.794568172E-1
1.650719333E2	5.130935015E-2
1.652323667E2	2.869161852E-2
1.653920000E2	-9.312971082E-2
1.655679333E2	-2.967016160E-1
1.657278667E2	-2.044383883E-1
1.659039000E2	-3.593509712E-1
1.660640333E2	3.676240115E-1
1.662240333E2	-3.633498751E0
1.663999333E2	-5.369348573E0
1.665600667E2	-5.157561989E0
1.667358667E2	-3.539655642E0
1.668963333E2	-3.775439153E0
1.670561000E2	-1.216253100E0
1.672320667E2	-2.057758468E-1
1.673919667E2	-4.703681759E-1
1.675680333E2	-3.813726018E-1
1.677279667E2	-4.199721418E-1
1.678881333E2	-3.678665198E-1
1.680639667E2	-2.154552660E-1
1.682238667E2	-1.319720971E-1
1.684000667E2	-1.938100397E-1
1.685600333E2	-1.019983899E-1
1.687359333E2	2.559770036E-2
1.688961000E2	3.353321461E-2
1.690561000E2	5.089969258E-2
1.692322667E2	-1.757535816E-1
1.693919667E2	-3.116545651E-1
1.695679000E2	-7.817004477E-2
1.697280333E2	2.662852207E-1
1.698881333E2	-5.508807137E0
1.700638667E2	-4.856348929E0
1.702239333E2	-4.714276793E0
1.703999667E2	-4.966271915E0
1.705599333E2	-3.055523813E0
1.707198667E2	-1.030424348E0
1.708959000E2	-3.989118662E-1
1.710559000E2	-1.686329483E-1
1.712318333E2	-3.178663420E-1
1.713919667E2	-1.773169443E-1
1.715678000E2	-1.324792032E-1
1.717279333E2	-3.314778787E-1
1.718879333E2	-3.884777057E-2
1.720643333E2	-1.042215267E-1
1.722240667E2	-3.269107342E-2
1.723998000E2	-2.593273058E-1
1.725599667E2	-1.206985370E-3
1.727200333E2	-1.383896136E-1
1.728962333E2	-1.373353272E0
1.730558667E2	-2.089635394E-1
1.732318333E2	9.043511254E-1
1.733920333E2	-9.165294090E-1
1.735521000E2	-3.587016904E0
1.737278333E2	-2.573968656E0
1.738880333E2	-5.035516126E0
1.740643000E2	-4.410204774E0
1.742239000E2	-1.983826270E0
1.743841333E2	-1.324295242E0
1.745599333E2	-1.116425970E0
1.747201000E2	-3.113407823E-1
1.748959667E2	-3.627486125E-1
1.750558667E2	-3.637576244E-1
1.752319000E2	-4.141720629E-1
1.753920000E2	-3.439547532E-1
1.755519333E2	-1.280801611E-1
1.757278333E2	-9.315080648E-2
1.758880333E2	-5.975289787E-2
1.760638667E2	-1.899211172E-1
1.762239333E2	-1.399929164E-1
1.763846333E2	-4.466959515E-1
1.765599667E2	-4.241061795E-2
1.767200333E2	-3.699721506E-1
1.768961000E2	-3.527117861E-1
1.770560000E2	-7.634285764E-1
1.772163000E2	-4.838568690E-1
1.773919667E2	-2.975044374E0
1.775520667E2	-2.075658325E0
1.777280667E2	-8.091663596E-1
1.778879000E2	-3.050349303E0
1.780642667E2	-2.263366827E0
1.782238667E2	-3.831624984E-1
1.783840333E2	1.429254020E-2
1.785600000E2	-1.242735086E-1
1.787200667E2	-3.275563351E-1
1.788958333E2	-4.193860125E-1
1.790560667E2	-2.868771372E-1
1.792166000E2	-2.633347676E-1
1.793919333E2	-2.305907247E-1
1.795521000E2	4.659927338E-2
1.797279667E2	1.069311015E-1
1.798881000E2	1.133385306E-2
1.800479667E2	-1.014826160E0
1.802239000E2	-1.843791062E0
1.803839333E2	-3.237883169E-1
1.805598333E2	-2.702401404E-1
1.807198667E2	-2.511091525E-1
1.808804667E2	1.380253016E-1
1.810559333E2	8.949417305E-3
1.812159333E2	-2.235990727E-2
1.813919333E2	-2.953269242E0
1.815519000E2	-1.292792939E0
1.817279000E2	-1.418001603E0
1.818879333E2	-1.051059635E0
1.820481000E2	6.954786409E-2
1.822238333E2	6.008327213E-2
1.823839000E2	-4.902404925E-1
1.825599333E2	-9.780593169E-1
1.827198667E2	-2.263959029E-1
1.828806333E2	-2.611237842E-1
1.830559333E2	2.214394610E0
1.832159333E2	3.724578904E-2
1.833918667E2	-1.036467807E-1
1.835520000E2	3.136820749E-1
1.837122667E2	-1.729054391E0
1.838879333E2	-3.636619116E-2
1.840481333E2	-1.846831722E-1
1.842238667E2	5.660892158E-1
1.843839000E2	1.985728626E-1
1.845600000E2	1.631734898E-1
1.847201000E2	-8.392753778E-2
1.848807000E2	-2.897406746E0
1.850560333E2	-6.914073319E-3
1.852166000E2	-6.078142319E-2
1.853919000E2	-1.014779968E0
1.855524333E2	-9.035582449E-1
1.857125667E2	-1.158242564E0
1.858883667E2	-2.763473142E0
1.860479333E2	-4.031215368E-1
1.862238667E2	-1.891528880E0
1.863839333E2	-1.641952964E0
1.865439667E2	9.202546725E-1
1.867199667E2	1.651631710E0
1.868806000E2	4.889186184E-1
1.870560333E2	-9.457846971E-1
1.872161000E2	2.282886839E-1
1.873760333E2	-7.282458755E-2
1.875519667E2	9.640958109E-2
1.877122333E2	-1.693598583E-1
1.878878667E2	3.619838524E-1
1.880482000E2	-4.809627085E-2
1.882239000E2	-5.880502297E-2
1.883839000E2	2.068022254E-1
1.885444333E2	2.801238991E-2
1.887200667E2	-1.153462758E0
1.888808000E2	3.570989953E-2
1.890559333E2	2.715393553E-2
1.892162333E2	-7.045506766E-1
1.893760333E2	4.919855168E-2
1.895520000E2	-2.256693063E-1
1.897123333E2	-5.496286110E-2
1.898880333E2	2.245040418E-1
1.900486333E2	-2.638358653E-2
1.902079667E2	3.656837440E-1
1.903839333E2	1.364584634E-1
1.905439667E2	-1.282968159E0
1.907199333E2	-3.625043321E-2
1.908800667E2	8.023198273E-2
1.910559333E2	1.275776660E-1
1.912159667E2	-2.499877463E-1
1.913759667E2	1.312315707E-1
1.915519667E2	7.553206640E-3
1.917119000E2	3.735501889E-1
1.918878333E2	2.305345222E-1
1.920482333E2	4.797315275E-1
1.922079333E2	8.696190323E-2
1.923838333E2	-1.027696761E-1
1.925438667E2	-8.050060514E-1
1.927198000E2	-2.969365387E0
1.928803333E2	-8.046080181E-1
1.930398667E2	-7.975149688E-1
1.932162333E2	-2.363864437E-1
1.933758667E2	-1.337437085E-1
1.935521333E2	3.875676771E-1
1.937123000E2	2.716348736E-1
1.938720667E2	-1.188133493E-1
1.940481000E2	-8.534008227E-1
1.942079000E2	2.161459857E-1
1.943843333E2	-3.215072426E-1
1.945446000E2	9.376532523E-2
1.947199333E2	-1.925198846E-1
1.948800000E2	9.310639420E-2
1.950399333E2	3.753350899E-2
1.952159333E2	3.379798556E-2
1.953759667E2	-1.428059470E-1
1.955519667E2	-7.753843272E-2
1.957120333E2	-1.060636537E-1
1.958720667E2	-5.854593701E-1
1.960480333E2	1.605003065E-1
1.962080667E2	-1.689591851E0
1.963839000E2	-2.219442511E0
1.965443000E2	-1.769481359E-1
1.967040667E2	-5.729843564E-1
1.968801333E2	-7.640780823E-1
1.970401333E2	1.718399620E-1
1.972160333E2	2.342507504E-1
1.973759000E2	1.910076105E-1
1.975362000E2	-5.192222937E-2
1.977121667E2	-3.288045807E-1
1.978720333E2	1.235084655E-1
1.980479667E2	-2.636515310E-1
1.982080000E2	-2.629731050E-1
1.983839000E2	-1.828833639E-1
1.985440000E2	3.166814195E-2
1.987040667E2	-9.225996511E-1
1.988803333E2	-2.396959901E0
1.990400000E2	-7.099221630E-1
1.992159333E2	-1.676135355E-1
1.993759667E2	-3.525584219E-1
1.995363000E2	-1.213977558E-1
1.997122333E2	1.219990581E-1
1.998720333E2	-2.905153765E-1
2.000479667E2	2.439774306E-3
2.002080000E2	-1.837757193E-1
2.003680333E2	-1.944054766E-1
2.005440667E2	6.888502290E-2
2.007039667E2	-7.807268798E-2
2.008801667E2	1.882445746E-1
2.010400333E2	2.238572122E-1
2.012160333E2	-1.503278953E-1
2.013759667E2	-4.316272284E-1
2.015360333E2	7.373848684E-2
2.017119333E2	2.401786781E-1
2.018720000E2	-2.955887321E0
2.020478667E2	-1.065997588E-1
2.022078667E2	1.716480684E-1
2.023680333E2	-5.426044905E-1
2.025439000E2	-1.103060328E-1
2.027039000E2	-6.261835312E-1
2.028799333E2	-8.702400880E-1
2.030400333E2	-4.513219956E-2
2.031999333E2	2.227131529E-1
2.033759333E2	3.697286629E-1
2.035359000E2	1.607372731E-1
2.037120667E2	1.354999824E-1
2.038720667E2	-4.988427353E-1
2.040319000E2	-7.622087141E-1
2.042078667E2	9.852681812E-3
2.043679667E2	7.915180313E-3
2.045439000E2	1.970911086E-1
2.047040000E2	7.421478102E-3
2.048803000E2	-1.438248096E-1
2.050399333E2	7.008356511E-2
2.051999667E2	-2.848203856E-1
2.053759333E2	1.806241464E-1
2.055361333E2	-1.376414989E-1
2.057120333E2	-8.949569383E-2
2.058720667E2	-9.838530213E-1
2.060320667E2	3.806633860E-2
2.062079333E2	5.849346909E-2
2.063680333E2	9.261025536E-2
2.065441333E2	9.917604007E-2
2.067039333E2	-8.991289719E-1
2.068639000E2	-3.961954352E-1
2.070399000E2	2.473929676E-2
2.071999667E2	4.047071011E-3
2.073759333E2	-1.237802091E-1
2.075359667E2	-7.288757929E-1
2.077118333E2	-1.275276678E0
2.078719000E2	-3.751406979E-1
2.080325333E2	-1.266606115E0
2.082079333E2	1.187746564E-2
2.083680000E2	-6.986355143E-1
2.085440667E2	-5.257596218E-1
2.087039333E2	-4.817003127E-2
2.088640667E2	-2.070128406E-1
2.090399667E2	-1.692216400E0
2.092000000E2	-1.156684372E-1
2.093758667E2	-2.766358744E-1
2.095360000E2	1.595116181E-1
2.096962333E2	2.185947674E-2
2.098720667E2	-3.117942552E-1
2.100320000E2	-2.024102597E0
2.102079000E2	-3.211137621E-1
2.103681667E2	-1.629412006E-2
2.105281000E2	-4.767024667E-1
2.107038667E2	-2.769225789E-1
2.108638667E2	-3.001255395E-1
2.110399000E2	-1.028286046E0
2.112000000E2	1.267818380E-1
2.113759333E2	6.742319289E-2
2.115360000E2	5.490933911E-2
2.116962000E2	-8.224927638E-1
2.118719667E2	-5.319811206E-2
2.120320333E2	3.237518434E-1
2.122079667E2	1.014683226E-1
2.123681000E2	-1.789463706E0
2.125283333E2	-1.671224934E-1
2.127042333E2	-7.224799505E-2
2.128645667E2	-4.303646275E-1
2.130398333E2	-2.720488047E-1
2.132001333E2	3.396654468E-1
2.133600667E2	-7.833750271E-2
2.135358667E2	-1.170864451E0
2.136971333E2	-9.641960039E-1
2.138719333E2	-1.269485756E0
2.140319333E2	-3.778040013E-2
2.142078333E2	-7.485487883E-2
2.143679333E2	2.887702949E-1
2.145284667E2	-7.405337235E-2
2.147039333E2	1.515443640E-1
2.148639667E2	2.309931941E-1
2.150398333E2	-3.950055382E-1
2.151999667E2	-3.685946600E-2
2.153601333E2	1.048197244E-1
2.155358333E2	-5.917110337E-2
2.156964667E2	1.156948272E-1
2.158719000E2	7.268787240E-2
2.160320333E2	6.723739618E-2
2.161919667E2	-6.321132816E-2
2.163680000E2	7.509522986E-2
2.165283000E2	-4.849380117E-2
2.167039000E2	-2.144042574E-1
2.168644667E2	2.056093360E-2
2.170241000E2	5.772991664E-2
2.171999333E2	-1.095744054E-1
2.173600667E2	-2.198075790E0
2.175360333E2	-6.522115447E-1
2.176958333E2	1.663372155E-1
2.178720000E2	-1.094030918E-1
2.180319667E2	-1.303519942E-1
2.181920000E2	-9.880949470E-2
2.183681000E2	-1.237679683E-1
2.185282667E2	4.210135742E-2
2.187039667E2	-5.925821517E-2
2.188638667E2	1.759892814E-1
2.190243667E2	-1.784047575E0
2.192000000E2	-9.068599529E-1
2.193601000E2	1.146677630E-1
2.195359000E2	9.559719963E-2
2.196968667E2	1.068979276E-1
2.198561000E2	1.502859116E-1
2.200320000E2	-3.484020397E-2
2.201920667E2	-6.951091456E-2
2.203678333E2	1.486118349E-1
2.205285000E2	1.379899828E-1
2.207039333E2	-2.709914333E-2
2.208639000E2	5.432191763E-3
2.210240000E2	-7.302436989E-1
2.211998333E2	-1.568395904E-1
2.213599667E2	-1.684017936E0
2.215361333E2	-4.624260690E-1
2.216964333E2	-7.732155267E-2
2.218560667E2	7.298480387E-2
2.220319667E2	2.630789626E-1
2.221921000E2	-2.777088223E-2
2.223680000E2	8.994913087E-2
2.225284333E2	6.608943775E-2
2.226881000E2	-4.228125794E-2
2.228639000E2	-5.517197481E-1
2.230245333E2	-6.581451829E-2
2.232000000E2	7.956746867E-2
2.233598667E2	4.406880901E-2
2.235199333E2	-1.555180954E-1
2.236959333E2	-1.618389990E-1
2.238559667E2	1.314846288E-1
2.240319333E2	-1.481224747E-1
2.241919667E2	-9.661498737E-2
2.243678333E2	-1.018903828E0
2.245281333E2	-8.189908874E-1
2.246879667E2	5.510102029E-2
2.248639667E2	-2.020325718E-1
2.250240000E2	9.354227951E-3
2.251998667E2	7.987280593E-3
2.253601333E2	-1.280652777E0
2.255200000E2	-1.718312157E0
2.256963667E2	-4.713735000E-1
2.258560000E2	2.331883432E-1
2.260319000E2	-2.052578895E-2
2.261919667E2	-1.851092881E-1
2.263521667E2	1.536877939E-3
2.265282000E2	-1.492244153E-1
2.266879667E2	-4.522597435E-2
2.268643333E2	-8.815464011E-2
2.270239333E2	-1.481091837E-2
2.271999000E2	-1.420952733E0
2.273599667E2	-4.009319487E-2
2.275200333E2	-1.155928764E-1
2.276962667E2	3.636622971E-2
2.278560333E2	2.889819299E-2
2.280318667E2	-9.490690125E-2
2.281920000E2	-8.276006939E-1
2.283520333E2	-1.923604611E0
2.285282000E2	-1.022102312E-1
2.286880333E2	1.635336567E-2
2.288639333E2	-1.397349077E-1
2.290239000E2	-2.033751117E-1
2.291845333E2	-1.017768984E-1
2.293600667E2	-8.713294999E-1
2.295199667E2	-1.074920783E0
2.296958667E2	-2.019674539E-1
2.298560667E2	-6.696623397E-1
2.300161000E2	1.405169188E-1
2.301921000E2	3.193945765E-2
2.303520333E2	4.879871659E-2
2.305279000E2	-2.050331809E-1
2.306879667E2	-1.142094285E0
2.308638000E2	-7.465926454E-1
2.310239000E2	-7.689508212E-1
2.311841000E2	1.586122563E-1
2.313600333E2	-3.710517085E-1
2.315200000E2	-2.536995252E-1
2.316959000E2	-2.159475471E-1
2.318560000E2	1.849709689E-1
2.320159667E2	-3.674223185E-2
2.321920000E2	-2.920139463E0
2.323523333E2	-1.930385894E0
2.325278667E2	-1.944222333E0
2.326880000E2	6.586189529E-2
2.328479667E2	-1.654321059E-1
2.330239333E2	-4.657381472E-2
2.331841667E2	5.879837727E-2
2.333599333E2	-1.803632927E0
2.335199333E2	-1.135610649E0
2.336798667E2	-9.665533914E-1
2.338562667E2	-3.423537554E-1
2.340160667E2	-2.777745696E0
2.341918333E2	-1.474605922E0
2.343521000E2	-4.006926820E-1
2.345278000E2	-1.288946114E-1
2.346879000E2	-1.441968424E0
2.348479667E2	-1.132795908E0
2.350239333E2	-1.639131837E0
2.351839000E2	-1.111122092E0
2.353600333E2	-1.945734352E-1
2.355199000E2	-2.963673448E-1
2.356800333E2	-1.073040019E-2
2.358559667E2	-4.097186529E-2
2.360162000E2	-3.383056095E0
2.361918667E2	-2.168789693E0
2.363518667E2	-1.168111872E0
2.365119000E2	-2.351739708E0
2.366880667E2	-1.595200004E0
2.368479667E2	-4.885680030E-1
2.370239000E2	-3.440928067E-1
2.371838667E2	-1.075044678E-1
2.373598000E2	-2.186566773E0
2.375199333E2	-2.115857660E0
2.376799333E2	-5.144803060E0
2.378558333E2	-4.234809069E-1
2.380163667E2	2.856277614E-2
2.381919000E2	-3.886485886E-1
2.383520000E2	-4.423792861E-1
2.385124333E2	-1.600526845E0
2.386879667E2	-1.488992444E0
2.388486667E2	-3.032570739E0
2.390238667E2	-8.998371793E-1
2.391839667E2	-1.466372491E0
2.393444000E2	-1.635367927E0
2.395199667E2	-1.292804975E0
2.396799667E2	-7.201138396E-1
2.398559000E2	-1.263289200E0
2.400159333E2	-5.979855305E0
2.401761667E2	-4.282251056E0
2.403518333E2	-9.172889037E-1
2.405118667E2	-4.618462512E-1
2.406878333E2	-2.067836726E-1
2.408479000E2	-3.459898442E-1
2.410237667E2	3.335983516E-1
2.411839333E2	-1.605273914E0
2.413445667E2	-1.398625884E0
2.415199667E2	-3.606846162E0
2.416801000E2	-6.988987171E-1
2.418558667E2	-4.668293682E-1
2.420159000E2	-6.945445660E-1
2.421762667E2	-5.431783025E-1
2.423520667E2	1.459991994E0
2.425119667E2	-3.824329786E0
2.426880667E2	-4.979184593E0
2.428479000E2	-2.985833632E0
2.430080000E2	-9.205936071E-1
2.431844000E2	-4.490684147E-1
2.433441333E2	-1.080583322E0
2.435201000E2	-2.707592765E-1
2.436799667E2	-1.805266144E0
2.438560000E2	-1.586146997E0
2.440159333E2	-4.276071422E0
2.441760000E2	-4.584415217E0
2.443518333E2	-1.754487587E0
2.445119667E2	-2.428939957E0
2.446879000E2	-1.653417969E-1
2.448479000E2	2.585793176E-1
2.450079000E2	-1.425731783E0
2.451844000E2	-3.961290586E0
2.453444000E2	-5.210996974E0
2.455199000E2	-5.636513232E-1
2.456798667E2	-4.778855744E-1
2.458400000E2	-1.071038442E0
2.460158667E2	-9.440891865E-1
2.461761000E2	8.313929701E-1
2.463518667E2	1.115076265E0
2.465119333E2	-1.746901310E0
2.466720333E2	-5.309956107E0
2.468479667E2	-1.967265839E0
2.470079333E2	-2.987548396E0
2.471839000E2	-8.152652436E-1
2.473442000E2	-9.556316180E-1
2.475199333E2	-1.709503138E-1
2.476799333E2	-3.288413707E0
2.478400333E2	-6.181725530E0
2.480159000E2	-1.752647245E0
2.481763000E2	-1.099038956E0
2.483519000E2	-1.552370608E0
2.485122000E2	-5.480454093E-1
2.486720000E2	1.739624047E0
2.488480333E2	1.679962026E0
2.490080333E2	-1.319492497E0
2.491841333E2	-3.098826898E0
2.493444667E2	-1.584178469E0
2.495048000E2	-9.244982803E-1
2.496800333E2	-7.685026410E-1
2.498401000E2	-9.019344190E-1
2.500160000E2	1.656302183E0
2.501763333E2	-1.213267533E0
2.503519667E2	-2.863883735E0
2.505124333E2	-8.465903015E-1
2.506719667E2	-1.213436474E0
2.508480333E2	-4.675364703E-1
2.510080000E2	-2.836833347E0
2.511841000E2	-1.138718491E0
2.513444667E2	-5.176951916E-1
2.515041000E2	-1.521004994E-1
2.516799667E2	-1.801069906E0
2.518400000E2	-2.075614990E0
2.520159333E2	-9.172158229E-1
2.521762667E2	-2.591728011E0
2.523360333E2	-1.283877218E0
2.525121667E2	5.534718215E-1
2.526720333E2	4.446407334E-1
2.528480333E2	-8.669746125E-1
2.530079667E2	-1.055232085E0
2.531681000E2	-8.522166917E-1
2.533440000E2	-1.524778291E0
2.535041333E2	3.450527334E-2
2.536800667E2	-1.338914297E0
2.538401000E2	9.524172087E-2
2.540159000E2	-2.419513010E-1
2.541761333E2	8.404913021E-2
2.543361333E2	-1.811039922E0
2.545119000E2	-5.496032736E-1
2.546720000E2	-7.846987018E-1
2.548478333E2	-3.123754383E-1
2.550080000E2	-6.094469584E-1
2.551680667E2	-1.037322183E0
2.553445000E2	-5.482767945E-2
2.555043000E2	-7.859877736E-1
2.556798333E2	-1.909140027E-1
2.558399333E2	-1.032950195E0
2.559999000E2	-6.303768898E-2
2.561765000E2	-5.767711456E-1
2.563360333E2	2.894911354E-2
2.565124333E2	-9.636832113E-1
2.566719667E2	-9.491277188E-1
2.568479667E2	-4.894076357E-2
2.570079333E2	-1.122168054E0
2.571679667E2	-3.854726265E-1
2.573441000E2	-1.109919259E0
2.575040000E2	-8.848736930E-1
2.576798667E2	-1.267335583E0
2.578399667E2	-6.935375021E-1
2.580005667E2	-5.083028238E-1
2.581763333E2	-3.337209378E-1
2.583360000E2	-3.022172633E0
2.585118333E2	-4.168613954E-1
2.586719667E2	-7.475740007E-1
2.588320333E2	-4.094269710E-1
2.590081667E2	-2.761607437E0
2.591680667E2	-2.932925533E0
2.593442000E2	-2.656485954E0
2.595039667E2	-5.295595348E-1
2.596645000E2	-2.640505723E0
2.598400333E2	-2.399426011E0
2.600001000E2	-6.863808252E-1
2.601764000E2	-2.643877783E0
2.603358667E2	-1.507737606E0
2.605118000E2	-1.603155946E0
2.606718000E2	-4.095785818E-1
2.608319333E2	-1.835557225E0
2.610079667E2	-2.016639128E-1
