2.561166380789022128e+02
2.558679245283018986e+02
2.556192109777015276e+02
2.553704974271012134e+02
2.551217838765008707e+02
2.548730703259005281e+02
2.546243567753001855e+02
2.546243567753001571e+02
2.543979416809605425e+02
2.541715265866209279e+02
2.539193825042881940e+02
2.536689536878216131e+02
2.534185248713550891e+02
2.531578044596912491e+02
2.531749571183533476e+02
2.532041166380789150e+02
2.532332761578044540e+02
2.532624356775299930e+02
2.532915951972555604e+02
2.533996569468267808e+02
2.534288164665523198e+02
2.534459691252143898e+02
2.534631217838764883e+02
2.534802744425385868e+02
2.534854202401372163e+02
2.535025728987993148e+02
2.535197255574614132e+02
2.535488850771869522e+02
2.535660377358490223e+02
2.533550600343052963e+02
2.532024013722127052e+02
2.528353344768439115e+02
2.528524871355060100e+02
2.528696397941681084e+02
2.528867924528302069e+02
2.529039451114922770e+02
2.529210977701543754e+02
2.529382504288164455e+02
2.529554030874785440e+02
2.529725557461406424e+02
2.529914236706689508e+02
2.530102915951972591e+02
2.530291595197255674e+02
2.527581475128644968e+02
2.524871355060034261e+02
2.522144082332761741e+02
2.519416809605488936e+02
2.516706689536878230e+02
2.513704974271012134e+02
2.510891938250429121e+02
2.507238421955403282e+02
2.503704974271012134e+02
2.500994854202401427e+02
2.498284734133790721e+02
2.495694682675814988e+02
2.497186963979416987e+02
2.497066895368782298e+02
2.498559176672384297e+02
2.500051457975986580e+02
2.497238421955403282e+02
2.494253859348199001e+02
2.491252144082332620e+02
2.488250428816466524e+02
2.485488850771869522e+02
2.485403087478559030e+02
2.482521440823327623e+02
2.479639794168096216e+02
2.478010291595197430e+02
2.480411663807890363e+02
2.482813036020583013e+02
2.481680960548885082e+02
2.484168096054888508e+02
2.488473413379073804e+02
2.492778730703259384e+02
2.495060034305317629e+02
2.497324185248713775e+02
2.497495711835334760e+02
2.499862778730703496e+02
2.500000000000000000e+02
2.500137221269296788e+02
2.500274442538593576e+02
2.502641509433962312e+02
2.502778730703259100e+02
2.505145797598627837e+02
2.507530017152658672e+02
2.509914236706689508e+02
2.512195540308748036e+02
2.514699828473413277e+02
2.517289879931389578e+02
2.519674099485420413e+02
2.522075471698113347e+02
2.522092624356775161e+02
2.522229845626071949e+02
2.524716981132075375e+02
2.527204116638078801e+02
2.529691252144082227e+02
2.529828473413379015e+02
2.529965694682675803e+02
2.528696397941680800e+02
2.527307032590051108e+02
2.529451114922813133e+02
2.528061749571183441e+02
2.526775300171526624e+02
2.526260720411663669e+02
2.528730703259004997e+02
2.531114922813036117e+02
2.530789022298455961e+02
2.533173241852487081e+02
2.535557461406517916e+02
2.535334476843910636e+02
2.535111492281303640e+02
2.534699828473413277e+02
2.534476843910805997e+02
2.534253859348199001e+02
2.533927958833619414e+02
2.533704974271012134e+02
2.533190394511149179e+02
2.532967409948541899e+02
2.532555746140651536e+02
2.532144082332761457e+02
2.531732418524871377e+02
2.531320754716981298e+02
2.530909090909090935e+02
2.530497427101200856e+02
2.530085763293310492e+02
2.529674099485420129e+02
2.529571183533447538e+02
2.529382504288164455e+02
2.529193825042881656e+02
2.530737564322470234e+02
2.527838765008576445e+02
2.528730703259005281e+02
2.530325900514579871e+02
2.532933104631217702e+02
2.533927958833619414e+02
2.536552315608919628e+02
2.538387650085763312e+02
2.539399656946826838e+02
2.540394511149227981e+02
2.541406518010291506e+02
2.545077186963979443e+02
2.548747855917667380e+02
2.553190394511149179e+02
2.556861063464837116e+02
2.559588336192109921e+02
2.562315608919382157e+02
2.565042881646655246e+02
2.567770154373928335e+02
2.569588336192109637e+02
2.571406518010291506e+02
2.574939965694682087e+02
2.576758147512864525e+02
2.578576329331046395e+02
2.580394511149228265e+02
2.583121783876500785e+02
2.585849056603773306e+02
2.588953687821611993e+02
2.588953687821611993e+02
2.588953687821612561e+02
2.590240137221268810e+02
2.589674099485420129e+02
2.590463121783876659e+02
2.591252144082332620e+02
2.591252144082332620e+02
2.591252144082332620e+02
2.591252144082333189e+02
2.591252144082333189e+02
2.591234991423671090e+02
2.590668953687821841e+02
2.590102915951972591e+02
2.590085763293310492e+02
2.589536878216123341e+02
2.590514579759862954e+02
2.591492281303601999e+02
2.592469982847341043e+02
2.593344768439108066e+02
2.594219554030875088e+02
2.595094339622641542e+02
2.597684391080617843e+02
2.600274442538593576e+02
2.602109777015436975e+02
2.602984562607203998e+02
2.604819897084048534e+02
2.606655231560891934e+02
2.609245283018867667e+02
2.612795883361920914e+02
2.613859348198970451e+02
2.614922813036020557e+02
2.615986277873070094e+02
2.618765008576328910e+02
2.621663807890222984e+02
2.624253859348198716e+02
2.627032590051458101e+02
2.627032590051458101e+02
2.627032590051458101e+02
2.627032590051457532e+02
2.626843910806175018e+02
2.626843910806175018e+02
2.627512864493996858e+02
2.624511149228130762e+02
2.626346483704974162e+02
2.626226415094339472e+02
2.624391080617496073e+02
2.621286449399657386e+02
2.618181818181818699e+02
2.615077186963979443e+02
2.613259005145797573e+02
2.611440823327616272e+02
2.609622641509434402e+02
2.607804459691252532e+02
2.605986277873070094e+02
2.601560891938250393e+02
2.601578044596912491e+02
2.599759862778730621e+02
2.601612349914236120e+02
2.602590051457975733e+02
2.601732418524871377e+02
2.603602058319038974e+02
2.606346483704974162e+02
2.607804459691251964e+02
2.606140651801028980e+02
2.603790737564322626e+02
2.604339622641509777e+02
2.600668953687821841e+02
2.598833619210977304e+02
2.598833619210977304e+02
2.598730703259004713e+02
2.595831903945111208e+02
2.593464837049742755e+02
2.593053173241852392e+02
2.593584905660377444e+02
2.594116638078902497e+02
2.594648370497427550e+02
2.594648370497427550e+02
2.594322469982847110e+02
2.594528301886792860e+02
2.595060034305317345e+02
2.592830188679245111e+02
2.590600343053173447e+02
2.588490566037736471e+02
2.586380789022298359e+02
2.584116638078901929e+02
2.581852487135506067e+02
2.579588336192109637e+02
2.577324185248713775e+02
2.575077186963979443e+02
2.572830188679245111e+02
2.570480274442538757e+02
2.571886792452830264e+02
2.571457975986277802e+02
2.572984562607203998e+02
2.574511149228130193e+02
2.576037735849056389e+02
2.577564322469983153e+02
2.575557461406517632e+02
2.573550600343052679e+02
2.571423670668953605e+02
2.569296740994853963e+02
2.567289879931389009e+02
2.565145797598627269e+02
2.563001715265866096e+02
2.560977701543739045e+02
2.558833619210977304e+02
2.556809605488850821e+02
2.556483704974270950e+02
2.554459691252144182e+02
2.552435677530017415e+02
2.552881646655231691e+02
2.553224699828473376e+02
2.553550600343053247e+02
2.553876500857633118e+02
2.554202401372212989e+02
2.554528301886792576e+02
2.554854202401372163e+02
2.555180102915952034e+02
2.555506003430531905e+02
2.555694682675814704e+02
2.556003430531732192e+02
2.556312178387649965e+02
2.556826758147512919e+02
2.557135506003430407e+02
2.557444253859348180e+02
2.557958833619210850e+02
2.558473413379073804e+02
2.558987993138936474e+02
2.559296740994853963e+02
2.559468267581474663e+02
2.559502572898799144e+02
2.559879931389365026e+02
2.560034305317324197e+02
2.560411663807890363e+02
2.560789022298455961e+02
2.561166380789022128e+02
2.561440823327615703e+02
2.561595197255574590e+02
2.563516295025729050e+02
2.565420240137221413e+02
2.565420240137221413e+02
2.563121783876500785e+02
2.560823327615780727e+02
2.563070325900514490e+02
2.560771869639793863e+02
2.563516295025729050e+02
2.563773584905660528e+02
2.564133790737564027e+02
2.564391080617496073e+02
2.561955403087478658e+02
2.563190394511149179e+02
2.564425385934820270e+02
2.563842195540308921e+02
2.565094339622641542e+02
2.566329331046312063e+02
2.567581475128645252e+02
2.568816466552315774e+02
2.566535162950257245e+02
2.567650085763293646e+02
2.568765008576328910e+02
2.569879931389365311e+02
2.570137221269296788e+02
2.570394511149228265e+02
2.570651801029159742e+02
2.571114922813035832e+02
2.572487135506003142e+02
2.573859348198971020e+02
2.574974271012006852e+02
2.575248713550599859e+02
2.576363636363636260e+02
2.576998284734133904e+02
2.578387650085763312e+02
2.577495711835334760e+02
2.578679245283018986e+02
2.578970840480274660e+02
2.580154373927958886e+02
2.581355060034305779e+02
2.582555746140651536e+02
2.583756432246998429e+02
2.586586620926243540e+02
2.586603773584905639e+02
2.589433962264150750e+02
2.592264150943396430e+02
2.594974271012006852e+02
2.597684391080617843e+02
2.599485420240137046e+02
2.603156089193824982e+02
2.604974271012006284e+02
2.607341337907375873e+02
2.609708404802744326e+02
2.612075471698112779e+02
2.614888507718695791e+02
2.615214408233276231e+02
2.614356775300171307e+02
2.613825042881646255e+02
2.613293310463121770e+02
2.613327615780445399e+02
2.613259005145797005e+02
2.613190394511149179e+02
2.611012006861063242e+02
2.611149228130359461e+02
2.611303602058318916e+02
2.613790737564322058e+02
2.613739279588336331e+02
2.613584905660377444e+02
2.613533447684391149e+02
2.615831903945111208e+02
2.615797598627787011e+02
2.618096054888507069e+02
2.618181818181818130e+02
2.620480274442538757e+02
2.622778730703258816e+02
2.625077186963979443e+02
2.627375643224700070e+02
2.629674099485420129e+02
2.628319039451114918e+02
2.630463121783876090e+02
2.632607204116637831e+02
2.634768439108061102e+02
2.636929674099485510e+02
2.639108061749570879e+02
2.641286449399657386e+02
2.643464837049742755e+02
2.645643224699828124e+02
2.647821612349914062e+02
2.650000000000000000e+02
2.652178387650085369e+02
2.654356775300171307e+02
2.656552315608919344e+02
2.658747855917666811e+02
2.660943396226415416e+02
2.663138936535162884e+02
2.665334476843910352e+02
2.667530017152658957e+02
2.669725557461406424e+02
2.669605488850771735e+02
2.669485420240137046e+02
2.671680960548885082e+02
2.673876500857633118e+02
2.676072041166380586e+02
2.678250428816466524e+02
2.680411663807890363e+02
2.682727272727272521e+02
2.685042881646655246e+02
2.687358490566037972e+02
2.689674099485420129e+02
2.691989708404802286e+02
2.694305317324185012e+02
2.696620926243567737e+02
2.698936535162949895e+02
2.701252144082332620e+02
2.703567753001715346e+02
2.703533447684391149e+02
2.705849056603773306e+02
2.708164665523156032e+02
2.710480274442538189e+02
2.712813036020583013e+02
2.715128644939965170e+02
2.717444253859347896e+02
2.719759862778730621e+02
2.722092624356774877e+02
2.722041166380788582e+02
2.721989708404802286e+02
2.721921097770153892e+02
2.721852487135505498e+02
2.721783876500857673e+02
2.721303602058318916e+02
2.721217838765008423e+02
2.720651801029159742e+02
2.720548885077187151e+02
2.720394511149228265e+02
2.720240137221269379e+02
2.720240137221269379e+02
2.720188679245283083e+02
2.720171526586620985e+02
2.720343053173241969e+02
2.720514579759862954e+02
2.720686106346483939e+02
2.720857632933104924e+02
2.721132075471697931e+02
2.721389365351628840e+02
2.721337907375643113e+02
2.720857632933104924e+02
2.720994854202401712e+02
2.721132075471697931e+02
2.721269296740994719e+02
2.721406518010291506e+02
2.720926243567753318e+02
2.720445969125214560e+02
2.719982847341337902e+02
2.719519725557461243e+02
2.719056603773584584e+02
2.718593481989707925e+02
2.718130360205831835e+02
2.717684391080617274e+02
2.717221269296740047e+02
2.717186963979416419e+02
2.716740994854202427e+02
2.716295025728987866e+02
2.715849056603773306e+02
2.715403087478558746e+02
2.714957118353344754e+02
2.714699828473413277e+02
2.716089193825042685e+02
2.716397941680960457e+02
2.716518010291595147e+02
2.716638078902229836e+02
2.716740994854202427e+02
2.716843910806175018e+02
2.716946826758147608e+02
2.717049742710119631e+02
2.718456260720411137e+02
2.719759862778730621e+02
2.720737564322469666e+02
2.721715265866209279e+02
2.721475128644939900e+02
2.721234991423671090e+02
2.720994854202401712e+02
2.721389365351629408e+02
2.721783876500857104e+02
2.722058319039450680e+02
2.722332761578044256e+02
2.722521440823327339e+02
2.722590051457975733e+02
2.722658662092624127e+02
2.723619210977701641e+02
2.720926243567752749e+02
2.720926243567753318e+02
2.720926243567753318e+02
2.720943396226415416e+02
2.720943396226415416e+02
2.720960548885077515e+02
2.720960548885077515e+02
2.720960548885076946e+02
2.720960548885077515e+02
2.720977701543739613e+02
2.720977701543739613e+02
2.720994854202401143e+02
2.721012006861063242e+02
2.721029159519725340e+02
2.721046312178388007e+02
2.718233276157804426e+02
2.718250428816465956e+02
2.715437392795882943e+02
2.712624356775299930e+02
2.709811320754716917e+02
2.706998284734133904e+02
2.704185248713550322e+02
2.701372212692967310e+02
2.698559176672383728e+02
2.695746140651800715e+02
2.692933104631217702e+02
2.690120068610634689e+02
2.687307032590051676e+02
2.684493996569468663e+02
2.681680960548885650e+02
2.678867924528302069e+02
2.676072041166380586e+02
2.673276157804459672e+02
2.670480274442538757e+02
2.667684391080617843e+02
2.664888507718696928e+02
2.661989708404803423e+02
2.664922813036021125e+02
2.664939965694683224e+02
2.667718696397942040e+02
2.670497427101200856e+02
2.670377358490566166e+02
2.670411663807890363e+02
2.669742710120068523e+02
2.672778730703259384e+02
2.672813036020583581e+02
2.672847341337907210e+02
2.674493996569468663e+02
2.674511149228130762e+02
2.674528301886792860e+02
2.677341337907375873e+02
2.677804459691252532e+02
2.678267581475129191e+02
2.681080617495712204e+02
2.683687821612350035e+02
2.683825042881646823e+02
2.685454545454545041e+02
2.687084048027444396e+02
2.688730703259004713e+02
2.690360205831904068e+02
2.691989708404802286e+02
2.693619210977701641e+02
2.698061749571182872e+02
2.700137221269296788e+02
2.699571183533447538e+02
2.700017152658662098e+02
2.699931389365351606e+02
2.701475128644939332e+02
2.700394511149228265e+02
2.699125214408232978e+02
2.696140651801028980e+02
2.694305317324185580e+02
2.690651801029159742e+02
2.690668953687821841e+02
2.693276157804459672e+02
2.692212692967409566e+02
2.689742710120068523e+02
2.692349914236706354e+02
2.694854202401372163e+02
2.697341337907375305e+02
2.699828473413379015e+02
2.702315608919382157e+02
2.704802744425385868e+02
2.707289879931389578e+02
2.709777015437392720e+02
2.712264150943395862e+02
2.714768439108061671e+02
2.717066895368781729e+02
2.719365351629502356e+02
2.721526586620925627e+02
2.723687821612349467e+02
2.725849056603773306e+02
2.728010291595197145e+02
2.730171526586620985e+02
2.732332761578044824e+02
2.734699828473413277e+02
2.737066895368782298e+02
2.739433962264150750e+02
2.741801029159519771e+02
2.744168096054888224e+02
2.746535162950257245e+02
2.748902229845626266e+02
2.748404802744425979e+02
2.748096054888508206e+02
2.747890222984563025e+02
2.747684391080617843e+02
2.747289879931389578e+02
2.747289879931389578e+02
2.749554030874785440e+02
2.750000000000000000e+02
2.750686106346483939e+02
2.753190394511149179e+02
2.755694682675814420e+02
2.758301886792452819e+02
2.760909090909090651e+02
2.761029159519725340e+02
2.761149228130360029e+02
2.761389365351628840e+02
2.761629502572898218e+02
2.761080617495711635e+02
2.761320754716981014e+02
2.761560891938250393e+02
2.761801029159519771e+02
2.762041166380788582e+02
2.762401372212692650e+02
2.762641509433962597e+02
2.763001715265866096e+02
2.763241852487135475e+02
2.763396226415094361e+02
2.765454545454545041e+02
2.767512864493996858e+02
2.768799313893653107e+02
2.769159519725557175e+02
2.769519725557461243e+02
2.769879931389365311e+02
2.770240137221269379e+02
2.770600343053173447e+02
2.770651801029159742e+02
2.771012006861063242e+02
2.771372212692967310e+02
2.771715265866209847e+02
2.772058319039451248e+02
2.772401372212693218e+02
2.772744425385934619e+02
2.773087478559176589e+02
2.773430531732418558e+02
2.773361921097770164e+02
2.773293310463121770e+02
2.774476843910805997e+02
2.774596912521440686e+02
2.775557461406517632e+02
2.776518010291595147e+02
2.777409948542024267e+02
2.778319039451114918e+02
2.779108061749570879e+02
2.777427101200685797e+02
2.777444253859348464e+02
2.777461406518010563e+02
2.775780445969124912e+02
2.778404802744425410e+02
2.781286449399657386e+02
2.784150943396226694e+02
2.787032590051458101e+02
2.789811320754716917e+02
2.792590051457975733e+02
2.795368782161234549e+02
2.795454545454545041e+02
2.797084048027444396e+02
2.795591766723841829e+02
2.793001715265866096e+02
2.794871355060034830e+02
2.792281303602059097e+02
2.790789022298456530e+02
2.789125214408233546e+02
2.785591766723842966e+02
2.783945111492281512e+02
2.784391080617496073e+02
2.782915951972555604e+02
2.783670668953687937e+02
2.784425385934820270e+02
2.785180102915952034e+02
2.783704974271012134e+02
2.784288164665523482e+02
2.782641509433962597e+02
2.781149228130360598e+02
2.779485420240137046e+02
2.777821612349914631e+02
2.776037735849056958e+02
2.773241852487135475e+02
2.770874785591767022e+02
2.768061749571184009e+02
2.767735849056604138e+02
2.767718696397941471e+02
2.765934819897083798e+02
2.764150943396226694e+02
2.762367066895369021e+02
2.762933104631217702e+02
2.763499142367067520e+02
2.765368782161235686e+02
2.767238421955403282e+02
2.765574614065180299e+02
2.767444253859348464e+02
2.769313893653516061e+02
2.770394511149228265e+02
2.768593481989709062e+02
2.768319039451115486e+02
2.770754716981132333e+02
2.768353344768439115e+02
2.765643224699829261e+02
2.765746140651801284e+02
2.765849056603773306e+02
2.766140651801028980e+02
2.766243567753001571e+02
2.766346483704974162e+02
2.766552315608919344e+02
2.766655231560891934e+02
2.767049742710120199e+02
2.767478559176672661e+02
2.768096054888507638e+02
2.768696397941681084e+02
2.769296740994854531e+02
2.769897084048027409e+02
2.770497427101200856e+02
2.771097770154373734e+02
2.771492281303601999e+02
2.771886792452830264e+02
2.772281303602058529e+02
2.772675814751286225e+02
2.773070325900514490e+02
2.773670668953687937e+02
2.774271012006860815e+02
2.773790737564322626e+02
2.773310463121783869e+02
2.771012006861063810e+02
2.770531732418525053e+02
2.770051457975986295e+02
2.767753001715266237e+02
2.767255574614065381e+02
2.766912521440823411e+02
2.766552315608919344e+02
2.764391080617496073e+02
2.762229845626072233e+02
2.760051457975986295e+02
2.757890222984563025e+02
2.755728987993139185e+02
2.753567753001715346e+02
2.751406518010292075e+02
2.749228130360205569e+02
2.747049742710120199e+02
2.744871355060034261e+02
2.742830188679245111e+02
2.740651801029159742e+02
2.738473413379073804e+02
2.736295025728987866e+02
2.734116638078902497e+02
2.731938250428815991e+02
2.729759862778730621e+02
2.729399656946826553e+02
2.729039451114922485e+02
2.729245283018867667e+02
2.729451114922812849e+02
2.729090909090908781e+02
2.728730703259004713e+02
2.728370497427101213e+02
2.728010291595197145e+02
2.727650085763293077e+02
2.727289879931389009e+02
2.726946826758147608e+02
2.727152658662092790e+02
2.727358490566037403e+02
2.727015437392796002e+02
2.727221269296740616e+02
2.726878216123498646e+02
2.726535162950257245e+02
2.726192109777014707e+02
2.725866209262435405e+02
2.725540308747855534e+02
2.725060034305316776e+02
2.724579759862778587e+02
2.724099485420239830e+02
2.723619210977701073e+02
2.723138936535162884e+02
2.722658662092624127e+02
2.722178387650085369e+02
2.719794168096054818e+02
2.717409948542023699e+02
2.716929674099485510e+02
2.716260720411664238e+02
2.715780445969125481e+02
2.713584905660377444e+02
2.711269296740995287e+02
2.709073756432246682e+02
2.706878216123499215e+02
2.707461406518010563e+02
2.708061749571183441e+02
2.708353344768439115e+02
2.708644939965694789e+02
2.708936535162949895e+02
2.709331046312178159e+02
2.709725557461406424e+02
2.709296740994853963e+02
2.707152658662092790e+02
2.706723842195540328e+02
2.708027444253858675e+02
2.709331046312178159e+02
2.710634648370497644e+02
2.710651801029159742e+02
2.710668953687821272e+02
2.710840480274442825e+02
2.710840480274442257e+02
2.710840480274442825e+02
2.713447684391080656e+02
2.713447684391080656e+02
2.713447684391080088e+02
2.711595197255574590e+02
2.712469982847341043e+02
2.713344768439108066e+02
2.714219554030875088e+02
2.714219554030875088e+02
2.715488850771869807e+02
2.719931389365351606e+02
2.720034305317324197e+02
2.720017152658662098e+02
2.721320754716981014e+02
2.720789022298456530e+02
2.721320754716981583e+02
2.719056603773585152e+02
2.719588336192110205e+02
2.719725557461406424e+02
2.720806174957118628e+02
2.719502572898799713e+02
2.718198970840480797e+02
2.716895368782161313e+02
2.715591766723842397e+02
2.715831903945111208e+02
2.716295025728987866e+02
2.716432246998284654e+02
2.718799313893653107e+02
2.721149228130360598e+02
2.723379073756432263e+02
2.725608919382504496e+02
2.727855917667238259e+02
2.730102915951972591e+02
2.732349914236706923e+02
2.734596912521440686e+02
2.734648370497426981e+02
2.734699828473413277e+02
2.734854202401371595e+02
2.737101200686106495e+02
2.739348198970840258e+02
2.741475128644939900e+02
2.743602058319039543e+02
2.745746140651800715e+02
2.747873070325900926e+02
2.750000000000000000e+02
2.752126929674099074e+02
2.754271012006861383e+02
2.756415094339622556e+02
2.758559176672384297e+02
2.760703259005146037e+02
2.762847341337907210e+02
2.764991423670668951e+02
2.767135506003430692e+02
2.769296740994853963e+02
2.771457975986277802e+02
2.773619210977701641e+02
2.775763293310462814e+02
2.777924528301886653e+02
2.780085763293310492e+02
2.782264150943395862e+02
2.784442538593481800e+02
2.786620926243567737e+02
2.788782161234991008e+02
2.790943396226415416e+02
2.793104631217838687e+02
2.792950257289879801e+02
2.792126929674099074e+02
2.791303602058319484e+02
2.789811320754716917e+02
2.791989708404802286e+02
2.794150943396226694e+02
2.796329331046312063e+02
2.798490566037735903e+02
2.800668953687821841e+02
2.802847341337907210e+02
2.805025728987993716e+02
2.807204116638079086e+02
2.809519725557461243e+02
2.810188679245283083e+02
2.812504288164665240e+02
2.814819897084048534e+02
2.815506003430531905e+02
2.817821612349914631e+02
2.818610634648370592e+02
2.820926243567753318e+02
2.821063464837050105e+02
2.821200686106346893e+02
2.821732418524871377e+02
2.822246998284733763e+02
2.822761578044596718e+02
2.823276157804459672e+02
2.823773584905660528e+02
2.823962264150943611e+02
2.824768439108062239e+02
2.825180102915952602e+02
2.825814751286449678e+02
2.826620926243567737e+02
2.826809605488850821e+02
2.829245283018867667e+02
2.829416809605488652e+02
2.830034305317324197e+02
2.830188679245283083e+02
2.830325900514579871e+02
2.830463121783876659e+02
2.830720411663808136e+02
2.833259005145797573e+02
2.833499142367066952e+02
2.833756432246998429e+02
2.833996569468267808e+02
2.834236706689537186e+02
2.834476843910805997e+02
2.834716981132075375e+02
2.834048027444254103e+02
2.833379073756432263e+02
2.833619210977701641e+02
2.833859348198971020e+02
2.834099485420240399e+02
2.834168096054888224e+02
2.833481989708404853e+02
2.833704974271012134e+02
2.833036020583190293e+02
2.833259005145797573e+02
2.832590051457975733e+02
2.831903945111492362e+02
2.831234991423670522e+02
2.830377358490565598e+02
2.828078902229844971e+02
2.828404802744424842e+02
2.826106346483704783e+02
2.823807890222984724e+02
2.821526586620926196e+02
2.819245283018867667e+02
2.816946826758147608e+02
2.814459691252144466e+02
2.811972555746141325e+02
2.809485420240137614e+02
2.807204116638079086e+02
2.804716981132075375e+02
2.802229845626071665e+02
2.802349914236706354e+02
2.802778730703258816e+02
2.802881646655231407e+02
2.802984562607203998e+02
2.802984562607203998e+02
2.803087478559176589e+02
2.805540308747855534e+02
2.809965694682675803e+02
2.812315608919382157e+02
2.814648370497427550e+02
2.814648370497426981e+02
2.814408233276158171e+02
2.814271012006860815e+02
2.813825042881646823e+02
2.811046312178388007e+02
2.810600343053173447e+02
2.810600343053172878e+02
2.812813036020583581e+02
2.812813036020583013e+02
2.812813036020583013e+02
2.812813036020583013e+02
2.812813036020583013e+02
2.812813036020583013e+02
2.816466552315608851e+02
2.816466552315608851e+02
2.816466552315608851e+02
2.816466552315608851e+02
2.816466552315608851e+02
2.816466552315608851e+02
2.814150943396226694e+02
2.814150943396226694e+02
2.814150943396226126e+02
2.814150943396226126e+02
2.814150943396226126e+02
2.814150943396226126e+02
2.814150943396226694e+02
2.814150943396226694e+02
2.814150943396226694e+02
2.814150943396226694e+02
2.814150943396226126e+02
2.811252144082332620e+02
2.811252144082332620e+02
2.811252144082332052e+02
2.813584905660377444e+02
2.815917667238421700e+02
2.815934819897083798e+02
2.813138936535162884e+02
2.810240137221269379e+02
2.807341337907375873e+02
2.804442538593482368e+02
2.801543739279588294e+02
2.801423670668953605e+02
2.801303602058318916e+02
2.801183533447684795e+02
2.801063464837050105e+02
2.797409948542024267e+02
2.797289879931389578e+02
2.797169811320754889e+02
2.797049742710120199e+02
2.796929674099485510e+02
2.799159519725557743e+02
2.799039451114923054e+02
2.798919382504288365e+02
2.798799313893653675e+02
2.798662092624356887e+02
2.798542024013722198e+02
2.798542024013722198e+02
2.795660377358490223e+02
2.792761578044596718e+02
2.792778730703258816e+02
2.792264150943395862e+02
2.794648370497426981e+02
2.797032590051458101e+02
2.796518010291595147e+02
2.796415094339622556e+02
2.798799313893653107e+02
2.801166380789022128e+02
2.800651801029159742e+02
2.800137221269296788e+02
2.799622641509433834e+02
2.799519725557461243e+02
2.799416809605488652e+02
2.799313893653516061e+02
2.801578044596912491e+02
2.800943396226415416e+02
2.803190394511149179e+02
2.805454545454546178e+02
2.807718696397942040e+02
2.810000000000000000e+02
2.809382504288164455e+02
2.808765008576329478e+02
2.808542024013722198e+02
2.808319039451114918e+02
2.808096054888508206e+02
2.810360205831904068e+02
2.812641509433962028e+02
2.814922813036020557e+02
2.813533447684391149e+02
2.812144082332761741e+02
2.810754716981132333e+02
2.809365351629502356e+02
2.811646655231560317e+02
2.813790737564322058e+02
2.813550600343053247e+02
2.815831903945111208e+02
2.818113207547169736e+02
2.820394511149228265e+02
2.822675814751286225e+02
2.824957118353344754e+02
2.827238421955403282e+02
2.826809605488850821e+02
2.826569468267581442e+02
2.826123499142367450e+02
2.824716981132075375e+02
2.824459691252143898e+02
2.824202401372212989e+02
2.823945111492281512e+02
2.823687821612350035e+02
2.823430531732418558e+02
2.823173241852487081e+02
2.823018867924528195e+02
2.823190394511149179e+02
2.823361921097770164e+02
2.823430531732418558e+02
2.823499142367066952e+02
2.823464837049742755e+02
2.823430531732418558e+02
2.823396226415094361e+02
2.824271012006861383e+02
2.826981132075471805e+02
2.827632933104631547e+02
2.827718696397942040e+02
2.827804459691252532e+02
2.827993138936535615e+02
2.828181818181818130e+02
2.825677530017152321e+02
2.823173241852487081e+02
2.820651801029159742e+02
2.818147512864494502e+02
2.815626072041166594e+02
2.815643224699828693e+02
2.815660377358490791e+02
2.815557461406517632e+02
2.815437392795883511e+02
2.811783876500857673e+02
2.808113207547169736e+02
2.804442538593482368e+02
2.802607204116638400e+02
2.802487135506003142e+02
2.803481989708404853e+02
2.801646655231560885e+02
2.802641509433962028e+02
2.802761578044596718e+02
2.801921097770154461e+02
2.802915951972555604e+02
2.803910806174957315e+02
2.804905660377358458e+02
2.805900514579760170e+02
2.806895368782161313e+02
2.807890222984562456e+02
2.808885077186963599e+02
2.809879931389365311e+02
2.810874785591767022e+02
2.811869639794168165e+02
2.812864493996569877e+02
2.813842195540308921e+02
2.814819897084047966e+02
2.815797598627787011e+02
2.816775300171526624e+02
2.817770154373927767e+02
2.818850771869639971e+02
2.816998284734133904e+02
2.815145797598627837e+02
2.813447684391080656e+02
2.811749571183533476e+02
2.810051457975986295e+02
2.808216123499142896e+02
2.809399656946827122e+02
2.807564322469983153e+02
2.805728987993139185e+02
2.803893653516295217e+02
2.802058319039451248e+02
2.800240137221269379e+02
2.798421955403087509e+02
2.796603773584905639e+02
2.797135506003430692e+02
2.797667238421955744e+02
2.795849056603773874e+02
2.794048027444254103e+02
2.792246998284734332e+02
2.790445969125214560e+02
2.788644939965694789e+02
2.786843910806175018e+02
2.785042881646655246e+02
2.783241852487135475e+02
2.781440823327615703e+02
2.778730703259005281e+02
2.778387650085763312e+02
2.778953687821612561e+02
2.779519725557461243e+02
2.780617495711835545e+02
2.781286449399656817e+02
2.782384219554031120e+02
2.784253859348199285e+02
2.785454545454545610e+02
2.787324185248713775e+02
2.789193825042881372e+02
2.787392795883362169e+02
2.785591766723842397e+02
2.787461406518010563e+02
2.788147512864494502e+02
2.786346483704974730e+02
2.784545454545454959e+02
2.782761578044596718e+02
2.780977701543739613e+02
2.779193825042881940e+02
2.777409948542024267e+02
2.775626072041166026e+02
2.773842195540308921e+02
2.771612349914237257e+02
2.769348198970840258e+02
2.767084048027444396e+02
2.764819897084048534e+02
2.762675814751286225e+02
2.760531732418525053e+02
2.758370497427101213e+02
2.756192109777015276e+02
2.754013722126929906e+02
2.751835334476843400e+02
2.749656946826758031e+02
2.747478559176672661e+02
2.745300171526587292e+02
2.743121783876500785e+02
2.740943396226415416e+02
2.738765008576329478e+02
2.736586620926243540e+02
2.737272727272727479e+02
2.737581475128645252e+02
2.737975986277873517e+02
2.738370497427101782e+02
2.738953687821612561e+02
2.736655231560891934e+02
2.734356775300171876e+02
2.733876500857633118e+02
2.733396226415094361e+02
2.731252144082332052e+02
2.729090909090908781e+02
2.726929674099485510e+02
2.724768439108061102e+02
2.725094339622641542e+02
2.725420240137221413e+02
2.725626072041166026e+02
2.725831903945111208e+02
2.726037735849056389e+02
2.726243567753001571e+02
2.726449399656946753e+02
2.726655231560891934e+02
2.726861063464837116e+02
2.727066895368782298e+02
2.727272727272727479e+02
2.727478559176672661e+02
2.727684391080617843e+02
2.730257289879931477e+02
2.732624356775300498e+02
2.734991423670669519e+02
2.735197255574614701e+02
2.737564322469983153e+02
2.739931389365352175e+02
2.740360205831904068e+02
2.740789022298456530e+02
2.740977701543739045e+02
2.741475128644939900e+02
2.741663807890222984e+02
2.741852487135505498e+02
2.742041166380789150e+02
2.742229845626071665e+02
2.742418524871354748e+02
2.742607204116637831e+02
2.742795883361920914e+02
2.742984562607203998e+02
2.743584905660376876e+02
2.744185248713550891e+02
2.743842195540308921e+02
2.744356775300171307e+02
2.744888507718695791e+02
2.745283018867924056e+02
2.744802744425385868e+02
2.744305317324184443e+02
2.743807890222984156e+02
2.743310463121783869e+02
2.741114922813035264e+02
2.738919382504287796e+02
2.738421955403086940e+02
2.737924528301886085e+02
2.735728987993138617e+02
2.733259005145797573e+02
2.731063464837048969e+02
2.728867924528301501e+02
2.727358490566037972e+02
2.725231560891937761e+02
2.725797598627787011e+02
2.726981132075471805e+02
2.726981132075471805e+02
2.728078902229846108e+02
2.727650085763293077e+02
2.728747855917667380e+02
2.728747855917667380e+02
2.728130360205831835e+02
2.730171526586620985e+02
2.729554030874785440e+02
2.728936535162949895e+02
2.728147512864493365e+02
2.727358490566037972e+02
2.727358490566037972e+02
2.727341337907375873e+02
2.727324185248713775e+02
2.726123499142366882e+02
2.725111492281303640e+02
2.725094339622640973e+02
2.725248713550599859e+02
2.725265866209262526e+02
2.725437392795882943e+02
2.726620926243567737e+02
2.727358490566037972e+02
2.728542024013722198e+02
2.729725557461406424e+02
2.730480274442538757e+02
2.730480274442538757e+02
2.730651801029159742e+02
2.730068610634648394e+02
2.730051457975986295e+02
2.728953687821612561e+02
2.728370497427100645e+02
2.727804459691251964e+02
2.727238421955402714e+02
2.726672384219553464e+02
2.726106346483704783e+02
2.725557461406517632e+02
2.725128644939965739e+02
2.723156089193824982e+02
2.721080617495711635e+02
2.721132075471698499e+02
2.723842195540308353e+02
2.726449399656946753e+02
2.726826758147512351e+02
2.729433962264150750e+02
2.732041166380788582e+02
2.734648370497426981e+02
2.734819897084047398e+02
2.735094339622641542e+02
2.734030874785591436e+02
2.732641509433962028e+02
2.731252144082333189e+02
2.733550600343053247e+02
2.735849056603773306e+02
2.738147512864493365e+02
2.736775300171526624e+02
2.735403087478558746e+02
2.737907375643224555e+02
2.740394511149228265e+02
2.742881646655231407e+02
2.745368782161235117e+02
2.744202401372212421e+02
2.742830188679245111e+02
2.741457975986277233e+02
2.743739279588335762e+02
2.746020583190394291e+02
2.748301886792452251e+02
2.750583190394510211e+02
2.752864493996568740e+02
2.755145797598627269e+02
2.757427101200686366e+02
2.759571183533447538e+02
2.761715265866209279e+02
2.763859348198970451e+02
2.766003430531732192e+02
2.764511149228129625e+02
2.763001715265866096e+02
2.765145797598627837e+02
2.767289879931389578e+02
2.769433962264150750e+02
2.771595197255574590e+02
2.773756432246998429e+02
2.775934819897083798e+02
2.778096054888507638e+02
2.780257289879931477e+02
2.782418524871355316e+02
2.784579759862778019e+02
2.786758147512864525e+02
2.788919382504288365e+02
2.788867924528301501e+02
2.787375643224699502e+02
2.789554030874785440e+02
2.791715265866208711e+02
2.793876500857633118e+02
2.796037735849056389e+02
2.798216123499142327e+02
2.800394511149228265e+02
2.800205831903945182e+02
2.802367066895368453e+02
2.804528301886792292e+02
2.806689536878216131e+02
2.805197255574613564e+02
2.807375643224699502e+02
2.805883361921097503e+02
2.808061749571182872e+02
2.808010291595197145e+02
2.808370497427101213e+02
2.808164665523156032e+02
2.807941680960548752e+02
2.807718696397942040e+02
2.807650085763293077e+02
2.808147512864493933e+02
2.810463121783876659e+02
2.810960548885077515e+02
2.811457975986277802e+02
2.811955403087478658e+02
2.812452830188678945e+02
2.813138936535162884e+02
2.811972555746140188e+02
2.811903945111491794e+02
2.814391080617494936e+02
2.816706689536878230e+02
2.819022298456260387e+02
2.819073756432246682e+02
2.821389365351629408e+02
2.823687821612349467e+02
2.826003430531732192e+02
2.828301886792452251e+02
2.828216123499142327e+02
2.828130360205831835e+02
2.828473413379073236e+02
2.828799313893653107e+02
2.829142367066895076e+02
2.829142367066895076e+02
2.829125214408232978e+02
2.829125214408232978e+02
2.828662092624356887e+02
2.828198970840480229e+02
2.827735849056604138e+02
2.827255574614065381e+02
2.826792452830188154e+02
2.826174957118353177e+02
2.825711835334477087e+02
2.825265866209261958e+02
2.824819897084047966e+02
2.824373927958833974e+02
2.823722126929674232e+02
2.824922813036019988e+02
2.824271012006861383e+02
2.823619210977701641e+02
2.822967409948541899e+02
2.822315608919382157e+02
2.821680960548885082e+02
2.819331046312178159e+02
2.819108061749570879e+02
2.819005145797598857e+02
2.818902229845625698e+02
2.818799313893653107e+02
2.818696397941681084e+02
2.818593481989708494e+02
2.818490566037735903e+02
2.818370497427101782e+02
2.818130360205831835e+02
2.819331046312178159e+02
2.820531732418525053e+02
2.821406518010291506e+02
2.822281303602057960e+02
2.821938250428816559e+02
2.821372212692967310e+02
2.823584905660377444e+02
2.823567753001715346e+02
2.823567753001715346e+02
2.823567753001715346e+02
2.823567753001715346e+02
2.823567753001715346e+02
2.823567753001714777e+02
2.823567753001714777e+02
2.823567753001714777e+02
2.823070325900514490e+02
2.825265866209262526e+02
2.827461406518010563e+02
2.827341337907375873e+02
2.827221269296741184e+02
2.823567753001715346e+02
2.823567753001715346e+02
2.823550600343053247e+02
2.823550600343053247e+02
2.823550600343053247e+02
2.823550600343053247e+02
2.823533447684391149e+02
2.823516295025729050e+02
2.820703259005145469e+02
2.817907375643224555e+02
2.815111492281303640e+02
2.812315608919382157e+02
2.812315608919382157e+02
2.809502572898799144e+02
2.806689536878216131e+02
2.806672384219554033e+02
2.806672384219554033e+02
2.806535162950257245e+02
2.806397941680960457e+02
2.803379073756432263e+02
2.800463121783876659e+02
2.800463121783876659e+02
2.800480274442538757e+02
2.800497427101200856e+02
2.800497427101200856e+02
2.799914236706689508e+02
2.800000000000000000e+02
2.803001715265866096e+02
2.806672384219554033e+02
2.806672384219554033e+02
2.806689536878216131e+02
2.806689536878216131e+02
2.806689536878216131e+02
2.806672384219554033e+02
2.806655231560891934e+02
2.806655231560891934e+02
2.806638078902229836e+02
2.806620926243567737e+02
2.805900514579759601e+02
2.803001715265866096e+02
2.800102915951972591e+02
2.799382504288165023e+02
2.799365351629502356e+02
2.798524871355060100e+02
2.796157804459691079e+02
2.796174957118353745e+02
2.798559176672384297e+02
2.800360205831904068e+02
2.799794168096054818e+02
2.799228130360206137e+02
2.798662092624356887e+02
2.798096054888507638e+02
2.797358490566037972e+02
2.796620926243567737e+02
2.798421955403087509e+02
2.800222984562607280e+02
2.801852487135505498e+02
2.804099485420239830e+02
2.804099485420239830e+02
2.806226415094339472e+02
2.808027444253858675e+02
2.807941680960548183e+02
2.810085763293309924e+02
2.812367066895368453e+02
2.811955403087478089e+02
2.809262435677529766e+02
2.808679245283018417e+02
2.808078902229845539e+02
2.807495711835334191e+02
2.807307032590051108e+02
2.806809605488850821e+02
2.806312178387649965e+02
2.805814751286449109e+02
2.805403087478559314e+02
2.804991423670668951e+02
2.804682675814751747e+02
2.804476843910806565e+02
2.804271012006861383e+02
2.804065180102916202e+02
2.806380789022298359e+02
2.808696397941680516e+02
2.808370497427101213e+02
2.810548885077187151e+02
2.810343053173241969e+02
2.810120068610634689e+02
2.810085763293310492e+02
2.809845626072041114e+02
2.809794168096054818e+02
2.809554030874785440e+02
2.809313893653516061e+02
2.809073756432246682e+02
2.808833619210977872e+02
2.808593481989708494e+02
2.808542024013721630e+02
2.808490566037735903e+02
2.808439108061749607e+02
2.808181818181818130e+02
2.808130360205832403e+02
2.808078902229846108e+02
2.807821612349914631e+02
2.807564322469983153e+02
2.807307032590051676e+02
2.807049742710120199e+02
2.806895368782161313e+02
2.806638078902229836e+02
2.804030874785592005e+02
2.801423670668953605e+02
2.798816466552315205e+02
2.796209262435677374e+02
2.793602058319039543e+02
2.793670668953687937e+02
2.793636363636363171e+02
2.793910806174957315e+02
2.794185248713550891e+02
2.794614065180102784e+02
2.792126929674099074e+02
2.789639794168095932e+02
2.787152658662092790e+02
2.784459691252143898e+02
2.781766723842195006e+02
2.779073756432246682e+02
2.776380789022298359e+02
2.773687821612349467e+02
2.770994854202401143e+02
2.768301886792452819e+02
2.765608919382504496e+02
2.762915951972555604e+02
2.762933104631217702e+02
2.765265866209262526e+02
2.762572898799313634e+02
2.759879931389365311e+02
2.757186963979416987e+02
2.754493996569468663e+02
2.751801029159519771e+02
2.749108061749570879e+02
2.746415094339622556e+02
2.746432246998284654e+02
2.746449399656947321e+02
2.746466552315608851e+02
2.749382504288164455e+02
2.749399656946826553e+02
2.749416809605488652e+02
2.749416809605488652e+02
2.746809605488850821e+02
2.746809605488850821e+02
2.747015437392796002e+02
2.749931389365351606e+02
2.751012006861063810e+02
2.752092624356775445e+02
2.753173241852487081e+02
2.751492281303602567e+02
2.749811320754716917e+02
2.748130360205832403e+02
2.746449399656946753e+02
2.748301886792453388e+02
2.745626072041166594e+02
2.743962264150943611e+02
2.742298456260720627e+02
2.739622641509433834e+02
2.736946826758147608e+02
2.734271012006861383e+02
2.732778730703258816e+02
2.730102915951972591e+02
2.727512864493996858e+02
2.726020583190394291e+02
2.724408233276157603e+02
2.725677530017152321e+02
2.726946826758147608e+02
2.727684391080617843e+02
2.728953687821612561e+02
2.727324185248713775e+02
2.725694682675814420e+02
2.726963979416809707e+02
2.728233276157804426e+02
2.726603773584905639e+02
2.724991423670668382e+02
2.726260720411663669e+02
2.727530017152658957e+02
2.728799313893653107e+02
2.729536878216123341e+02
2.730274442538593576e+02
2.731012006861063242e+02
2.729382504288164455e+02
2.730651801029159742e+02
2.728473413379073804e+02
2.726277873070325768e+02
2.723842195540308353e+02
2.721629502572898787e+02
2.722315608919382157e+02
2.723001715265866096e+02
2.723276157804459672e+02
2.723550600343053247e+02
2.723825042881646255e+02
2.721612349914236688e+02
2.719365351629502356e+02
2.717152658662092222e+02
2.718593481989708494e+02
2.720480274442538757e+02
2.721835334476843400e+02
2.723190394511149179e+02
2.720857632933104355e+02
2.718662092624356319e+02
2.718850771869639971e+02
2.716518010291595147e+02
2.714185248713550322e+02
2.711663807890222415e+02
2.709142367066895076e+02
2.706809605488850821e+02
2.704476843910805428e+02
2.704665523156089080e+02
2.704854202401372163e+02
2.705042881646654678e+02
2.706380789022298359e+02
2.706569468267581442e+02
2.706758147512864525e+02
2.706946826758147608e+02
2.707324185248713775e+02
2.707667238421955744e+02
2.708010291595197145e+02
2.708336192109777016e+02
2.708662092624356319e+02
2.708987993138936190e+02
2.709313893653516061e+02
2.709639794168095932e+02
2.710068610634648394e+02
2.710497427101200287e+02
2.710926243567752749e+02
2.710566037735848681e+02
2.708370497427100645e+02
2.708319039451114350e+02
2.708747855917666811e+02
2.709176672384219273e+02
2.709502572898799144e+02
2.709828473413379015e+02
2.710154373927958886e+02
2.710480274442538189e+02
2.710806174957118060e+02
2.711132075471697931e+02
2.713636363636363740e+02
2.711440823327615135e+02
2.709245283018867667e+02
2.709348198970840258e+02
2.707272727272726911e+02
2.708747855917666811e+02
2.710222984562607280e+02
2.711698113207546612e+02
2.711320754716981014e+02
2.709228130360205569e+02
2.708850771869639402e+02
2.708473413379073236e+02
2.708096054888507638e+02
2.708593481989707925e+02
2.710051457975986295e+02
2.709674099485420129e+02
2.709313893653516629e+02
2.708936535162950463e+02
2.708559176672383728e+02
2.708181818181817562e+02
2.707821612349914062e+02
2.707478559176672093e+02
2.707152658662092790e+02
2.706826758147512919e+02
2.706329331046312063e+02
2.705831903945111776e+02
2.705334476843910352e+02
2.704837049742709496e+02
2.704339622641509209e+02
2.703842195540308921e+02
2.703327615780445967e+02
2.702830188679245111e+02
2.702332761578044824e+02
2.701835334476843968e+02
2.701337907375642544e+02
2.700840480274442825e+02
2.700343053173241969e+02
2.699828473413379015e+02
2.699313893653516061e+02
2.698799313893653107e+02
2.698301886792452819e+02
2.697804459691251964e+02
2.697307032590051108e+02
2.696826758147512919e+02
2.696346483704974162e+02
2.695728987993138617e+02
2.695265866209261958e+02
2.695454545454545041e+02
2.695008576329330481e+02
2.694545454545454390e+02
2.694082332761578300e+02
2.693619210977701641e+02
2.693001715265866096e+02
2.692384219554030551e+02
2.691663807890222415e+02
2.691835334476843968e+02
2.692006861063464385e+02
2.692933104631217702e+02
2.691972555746140756e+02
2.692144082332761172e+02
2.691543739279588863e+02
2.690943396226415416e+02
2.690668953687821841e+02
2.689965694682675803e+02
2.688096054888507638e+02
2.687512864493996290e+02
2.689193825042881372e+02
2.688610634648370024e+02
2.688027444253859244e+02
2.687581475128645252e+02
2.687135506003430692e+02
2.686569468267581442e+02
2.686003430531732192e+02
2.685437392795882943e+02
2.684871355060034261e+02
2.684425385934819701e+02
2.683876500857633118e+02
2.683224699828473376e+02
2.685025728987992579e+02
2.686826758147512919e+02
2.686843910806175018e+02
2.689108061749570879e+02
2.691372212692966741e+02
2.689965694682675803e+02
2.688576329331046395e+02
2.690840480274442825e+02
2.693121783876500785e+02
2.693224699828473376e+02
2.695523156089193435e+02
2.697821612349914631e+02
2.700120068610634689e+02
2.698765008576328910e+02
2.701080617495711635e+02
2.703379073756432263e+02
2.705677530017152321e+02
2.704322469982847110e+02
2.706620926243567737e+02
2.708919382504287796e+02
2.711406518010292075e+02
2.713704974271012134e+02
2.716003430531732192e+02
2.718301886792452819e+02
2.720600343053173447e+02
2.722898799313893505e+02
2.725197255574613564e+02
2.727495711835334191e+02
2.729639794168095932e+02
2.731801029159519203e+02
2.733962264150943042e+02
2.736123499142366882e+02
2.738284734133790153e+02
2.740445969125213992e+02
2.742607204116637831e+02
2.744768439108061102e+02
2.746929674099485510e+02
2.749090909090908781e+02
2.751252144082332620e+02
2.753413379073756460e+02
2.755574614065179730e+02
2.757735849056603570e+02
2.759897084048027409e+02
2.762058319039450680e+02
2.764219554030875088e+02
2.764236706689537186e+02
2.764253859348199285e+02
2.764253859348198716e+02
2.766415094339622556e+02
2.766415094339622556e+02
2.766432246998284654e+02
2.768370497427101213e+02
2.770325900514579871e+02
2.772521440823327339e+02
2.771612349914236688e+02
2.771560891938250393e+02
2.773739279588336331e+02
2.775934819897083798e+02
2.778130360205831266e+02
2.780325900514579871e+02
2.782504288164665240e+02
2.784682675814750610e+02
2.784631217838764314e+02
2.784579759862778587e+02
2.784511149228130193e+02
2.784425385934819701e+02
2.786620926243567737e+02
2.786535162950257245e+02
2.788850771869639402e+02
2.791166380789022128e+02
2.791680960548885650e+02
2.792195540308748036e+02
2.791612349914236688e+02
2.791646655231561454e+02
2.791680960548885650e+02
2.792195540308747468e+02
2.792710120068610991e+02
2.793224699828473376e+02
2.795831903945111208e+02
2.796518010291595147e+02
2.796518010291595147e+02
2.795831903945111208e+02
2.798078902229845539e+02
2.800325900514579871e+02
2.799262435677529766e+02
2.798198970840479660e+02
2.797135506003430123e+02
2.796672384219554033e+02
2.795608919382503927e+02
2.794545454545454390e+02
2.794648370497426981e+02
2.793584905660377444e+02
2.795986277873070094e+02
2.798387650085762743e+02
2.800789022298455961e+02
2.800891938250428552e+02
2.800205831903945182e+02
2.799536878216123341e+02
2.798867924528301501e+02
2.799554030874785440e+02
2.800051457975986295e+02
2.799382504288164455e+02
2.798713550600343183e+02
2.798181818181818130e+02
2.797495711835334191e+02
2.796809605488850821e+02
2.796157804459691647e+02
2.795488850771869807e+02
2.794819897084047966e+02
2.794150943396226694e+02
2.793653516295025838e+02
2.792984562607204566e+02
2.793070325900514490e+02
2.792590051457975733e+02
2.793207547169811278e+02
2.793310463121783869e+02
2.793396226415094361e+02
2.793481989708404853e+02
2.793379073756432263e+02
2.793276157804459672e+02
2.793173241852487081e+02
2.793156089193824982e+02
2.793138936535162884e+02
2.793018867924528195e+02
2.792675814751286225e+02
2.789982847341337902e+02
2.787289879931389009e+02
2.789502572898799144e+02
2.789485420240137046e+02
2.786792452830188722e+02
2.784099485420240399e+02
2.783842195540308921e+02
2.783481989708404853e+02
2.784356775300171307e+02
2.788010291595197145e+02
2.791663807890222415e+02
2.791646655231560317e+02
2.791629502572898218e+02
2.791612349914236120e+02
2.795265866209261958e+02
2.798919382504287796e+02
2.798902229845625698e+02
2.798902229845625698e+02
2.798902229845625698e+02
2.796226415094339472e+02
2.799879931389365311e+02
2.803533447684391149e+02
2.804202401372212421e+02
2.801217838765008423e+02
2.797564322469982017e+02
2.793910806174956747e+02
2.790257289879931477e+02
2.790257289879931477e+02
2.790257289879931477e+02
2.790274442538593007e+02
2.790291595197255674e+02
2.790291595197255674e+02
2.787495711835334191e+02
2.784699828473412708e+02
2.788353344768438546e+02
2.789108061749570879e+02
2.789125214408232978e+02
2.789142367066895076e+02
2.786243567753001571e+02
2.783344768439108066e+02
2.783344768439108066e+02
2.783327615780445967e+02
2.783327615780445967e+02
2.783344768439108066e+02
2.783224699828473376e+02
2.783241852487136043e+02
2.783104631217838687e+02
2.782984562607203998e+02
2.785077186963980012e+02
2.788747855917667380e+02
2.788747855917667380e+02
2.788765008576329478e+02
2.788765008576329478e+02
2.788765008576329478e+02
2.788747855917667380e+02
2.788730703259004713e+02
2.791080617495711635e+02
2.791080617495712204e+02
2.790960548885076946e+02
2.790977701543739613e+02
2.791749571183533476e+02
2.791749571183533476e+02
2.793070325900514490e+02
2.790171526586620985e+02
2.789502572898799144e+02
2.788421955403087509e+02
2.787907375643225123e+02
2.787307032590051676e+02
2.786706689536878230e+02
2.789073756432246682e+02
2.790874785591767022e+02
2.790857632933104355e+02
2.792658662092624127e+02
2.794476843910805428e+02
2.796295025728987866e+02
2.798096054888507638e+02
2.799897084048027409e+02
2.803550600343053247e+02
2.805797598627787011e+02
2.805677530017152321e+02
2.805660377358490223e+02
2.805643224699828124e+02
2.804236706689537186e+02
2.804236706689536618e+02
2.804253859348199285e+02
2.804253859348199285e+02
2.801355060034305211e+02
2.801234991423670522e+02
2.803927958833619414e+02
2.803379073756432263e+02
2.802847341337907210e+02
2.802487135506003142e+02
2.802126929674099642e+02
2.801783876500857673e+02
2.801526586620926196e+02
2.801286449399656817e+02
2.800909090909091219e+02
2.800531732418525053e+02
2.800171526586620985e+02
2.799794168096054818e+02
2.799416809605489220e+02
2.799176672384219842e+02
2.798919382504288365e+02
2.798662092624356887e+02
2.798387650085763312e+02
2.798336192109777016e+02
2.798267581475129191e+02
2.798198970840480229e+02
2.798130360205831835e+02
2.798061749571183441e+02
2.797993138936535615e+02
2.797924528301887221e+02
2.797855917667238828e+02
2.797787307032590434e+02
2.797718696397942040e+02
2.797650085763293646e+02
2.797581475128645252e+02
2.797512864493996858e+02
2.797444253859348464e+02
2.797375643224700070e+02
2.797186963979416987e+02
2.797118353344768593e+02
2.797049742710120199e+02
2.796981132075471805e+02
2.797238421955403282e+02
2.797495711835334760e+02
2.797753001715266237e+02
2.798010291595197714e+02
2.795488850771869807e+02
2.792967409948541899e+02
2.790445969125214560e+02
2.787924528301887221e+02
2.785403087478559314e+02
2.782778730703258816e+02
2.780154373927958886e+02
2.777632933104631547e+02
2.775128644939965739e+02
2.775197255574614132e+02
2.772692967409948892e+02
2.770188679245283083e+02
2.767804459691252532e+02
2.765420240137220844e+02
2.766569468267581442e+02
2.763962264150943611e+02
2.761252144082332620e+02
2.758542024013721630e+02
2.758542024013722198e+02
2.758542024013721630e+02
2.758542024013721630e+02
2.755934819897083798e+02
2.756020583190394291e+02
2.756106346483704783e+02
2.758782161234991577e+02
2.761578044596912491e+02
2.761457975986277802e+02
2.764133790737564595e+02
2.766809605488850821e+02
2.766689536878216131e+02
2.766569468267581442e+02
2.764099485420240399e+02
2.761509433962264097e+02
2.761921097770153892e+02
2.762229845626072233e+02
2.759622641509433834e+02
2.757015437392796002e+02
2.754408233276158171e+02
2.751818181818181870e+02
2.752126929674099074e+02
2.753207547169811278e+02
2.751372212692967310e+02
2.751252144082333189e+02
2.749416809605488652e+02
2.747581475128645252e+02
2.745746140651801284e+02
2.743927958833619414e+02
2.742109777015437544e+02
2.740291595197255674e+02
2.738456260720411706e+02
2.738353344768439115e+02
2.738250428816466524e+02
2.740497427101200856e+02
2.741578044596912491e+02
2.742658662092624127e+02
2.743190394511149179e+02
2.741389365351629976e+02
2.742041166380789150e+02
2.741595197255574590e+02
2.742161234991423271e+02
2.740531732418525053e+02
2.738730703259004713e+02
2.739296740994853963e+02
2.739262435677529766e+02
2.739828473413379015e+02
2.739382504288164455e+02
2.739948542024013705e+02
2.739502572898799713e+02
2.736689536878216131e+02
2.734168096054888224e+02
2.731646655231560885e+02
2.729845626072041114e+02
2.727324185248713206e+02
2.724939965694682655e+02
2.722418524871354748e+02
2.722367066895368453e+02
2.720874785591766454e+02
2.718473413379073236e+02
2.718953687821611993e+02
2.719433962264150750e+02
2.720102915951972591e+02
2.720771869639794431e+02
2.721423670668953605e+02
2.721698113207547181e+02
2.722298456260720059e+02
2.722847341337907210e+02
2.723396226415094361e+02
2.724322469982847679e+02
2.724734133790738042e+02
2.725042881646655246e+02
2.725231560891937761e+02
2.725420240137220844e+02
2.725608919382503927e+02
2.723276157804459672e+02
2.720943396226414848e+02
2.721252144082332052e+02
2.719056603773584584e+02
2.719245283018867667e+02
2.719433962264150750e+02
2.719622641509433834e+02
2.719828473413379015e+02
2.720034305317324197e+02
2.720240137221269379e+02
2.720445969125213992e+02
2.720651801029159174e+02
2.720857632933104924e+02
2.721063464837050105e+02
2.721269296740994719e+02
2.721646655231560885e+02
2.722006861063464953e+02
2.722349914236706354e+02
2.722692967409948324e+02
2.723018867924528195e+02
2.723344768439108066e+02
2.723653516295025270e+02
2.723962264150943042e+02
2.724271012006860815e+02
2.724579759862778587e+02
2.724991423670668382e+02
2.725403087478558746e+02
2.725814751286449109e+02
2.726226415094339472e+02
2.726638078902229836e+02
2.727049742710120199e+02
2.727358490566037403e+02
2.727770154373927767e+02
2.728078902229844971e+02
2.728387650085762743e+02
2.728542024013721630e+02
2.728833619210977304e+02
2.729125214408232978e+02
2.729416809605488652e+02
2.729914236706688939e+02
2.730411663807890363e+02
2.730909090909091219e+02
2.731406518010291506e+02
2.731903945111491794e+02
2.732401372212692650e+02
2.732898799313893505e+02
2.733396226415094361e+02
2.733893653516294648e+02
2.731680960548884514e+02
2.729468267581474947e+02
2.729965694682675803e+02
2.730463121783876659e+02
2.730943396226415416e+02
2.731440823327615703e+02
2.731938250428815991e+02
2.732452830188678945e+02
2.733018867924528195e+02
2.730891938250429121e+02
2.728782161234991008e+02
2.726706689536878230e+02
2.724356775300171307e+02
2.722006861063464385e+02
2.719656946826758031e+02
2.717307032590051108e+02
2.717564322469982585e+02
2.715214408233275662e+02
2.715471698113207140e+02
2.713138936535162884e+02
2.713344768439108066e+02
2.712847341337907210e+02
2.712367066895368453e+02
2.711886792452829695e+02
2.711475128644939900e+02
2.711063464837049537e+02
2.710668953687821272e+02
2.710274442538593007e+02
2.710634648370497075e+02
2.709982847341337902e+02
2.709571183533447538e+02
2.710171526586620985e+02
2.710771869639793863e+02
2.711149228130360598e+02
2.710343053173241969e+02
2.710720411663807567e+02
2.711012006861063242e+02
2.710222984562607280e+02
2.709433962264150750e+02
2.708644939965694221e+02
2.707855917667238259e+02
2.706946826758147608e+02
2.706037735849056389e+02
2.706037735849056389e+02
2.706037735849056389e+02
2.706037735849056389e+02
2.706037735849056389e+02
2.706037735849056389e+02
2.706037735849056389e+02
2.706037735849056389e+02
2.706037735849056389e+02
2.706037735849056389e+02
2.705866209262435405e+02
2.703825042881646255e+02
2.701783876500857104e+02
2.701029159519725340e+02
2.698987993138936190e+02
2.697512864493996858e+02
2.697324185248713206e+02
2.697375643224699502e+02
2.697341337907375305e+02
2.699554030874785440e+02
2.699399656946826553e+02
2.699262435677529766e+02
2.699245283018868236e+02
2.699228130360205569e+02
2.699108061749570879e+02
2.701355060034305211e+02
2.701217838765008423e+02
2.703430531732417990e+02
2.705214408233275662e+02
2.703859348198971020e+02
2.702504288164665240e+02
2.704837049742709496e+02
2.703499142367066952e+02
2.705831903945111208e+02
2.705831903945111208e+02
2.708164665523155463e+02
2.710668953687820704e+02
2.713190394511149179e+02
2.715506003430531905e+02
2.714168096054888792e+02
2.712830188679245111e+02
2.711492281303601430e+02
2.713825042881646255e+02
2.716140651801028980e+02
2.718456260720411137e+02
2.716346483704974162e+02
2.718662092624356319e+02
2.720789022298455961e+02
2.722950257289879801e+02
2.725111492281303072e+02
2.727289879931389578e+02
2.729468267581474947e+02
2.731646655231560885e+02
2.733825042881646823e+02
2.736003430531732192e+02
2.738181818181817562e+02
2.740360205831903500e+02
2.742538593481989437e+02
2.744716981132074807e+02
2.746895368782161313e+02
2.749073756432246682e+02
2.751252144082332052e+02
2.753430531732418558e+02
2.755608919382503927e+02
2.757787307032589865e+02
2.759965694682675803e+02
2.762161234991423271e+02
2.764356775300171307e+02
2.766552315608919344e+02
2.766552315608919344e+02
2.768730703259004713e+02
2.770909090909090651e+02
2.770926243567752749e+02
2.773104631217838687e+02
2.775283018867924056e+02
2.775231560891937761e+02
2.775180102915952034e+02
2.775145797598627837e+02
2.777358490566037972e+02
2.779571183533447538e+02
2.781783876500857673e+02
2.783996569468267808e+02
2.786209262435677374e+02
2.788421955403086940e+02
2.788387650085762743e+02
2.788319039451114918e+02
2.788267581475128623e+02
2.788216123499141759e+02
2.790428816466551893e+02
2.792624356775299930e+02
2.794802744425385868e+02
2.796963979416809707e+02
2.796226415094339472e+02
2.795660377358490223e+02
2.795094339622640973e+02
2.797409948542023699e+02
2.799725557461406424e+02
2.799777015437392720e+02
2.799811320754716917e+02
2.799845626072041114e+02
2.799879931389365311e+02
2.799914236706689508e+02
2.799948542024013705e+02
2.799965694682675803e+02
2.799982847341337902e+02
2.800000000000000000e+02
2.800017152658662098e+02
2.800034305317324197e+02
2.800051457975986295e+02
2.800051457975986295e+02
2.800051457975986295e+02
2.800051457975986295e+02
2.800034305317324197e+02
2.800017152658662098e+02
2.800137221269296788e+02
2.800102915951972591e+02
2.799416809605488652e+02
2.799365351629502356e+02
2.799313893653516061e+02
2.799262435677529766e+02
2.799210977701543470e+02
2.799313893653516061e+02
2.799416809605488652e+02
2.799622641509433834e+02
2.798936535162949895e+02
2.798439108061749607e+02
2.798096054888507638e+02
2.799639794168095932e+02
2.799142367066895076e+02
2.799416809605488652e+02
2.799519725557461243e+02
2.799725557461406424e+02
2.799931389365351606e+02
2.801303602058318916e+02
2.801389365351629408e+02
2.799382504288164455e+02
2.799656946826758031e+02
2.799759862778730621e+02
2.799725557461406424e+02
2.799691252144082227e+02
2.799777015437392720e+02
2.799862778730703212e+02
2.799948542024013705e+02
2.800051457975986295e+02
2.799725557461406424e+02
2.799502572898799144e+02
2.799262435677530334e+02
2.796569468267581442e+02
2.793876500857633118e+02
2.793413379073756460e+02
2.790720411663808136e+02
2.788027444253859244e+02
2.788902229845625698e+02
2.789777015437392720e+02
2.786998284734133335e+02
2.786998284734133904e+02
2.789193825042881372e+02
2.789193825042881372e+02
2.789193825042881372e+02
2.789193825042881372e+02
2.792847341337907210e+02
2.792830188679245111e+02
2.792830188679245111e+02
2.792830188679245111e+02
2.796483704974270950e+02
2.796483704974270950e+02
2.796483704974270950e+02
2.796483704974270950e+02
2.796483704974270381e+02
2.796483704974270950e+02
2.796483704974270950e+02
2.796483704974270950e+02
2.796483704974270950e+02
2.796483704974270950e+02
2.796500857632933048e+02
2.793704974271012134e+02
2.790909090909091219e+02
2.788113207547169736e+02
2.785317324185248822e+02
2.785317324185248822e+02
2.785334476843910352e+02
2.785351629502572450e+02
2.785351629502572450e+02
2.785368782161234549e+02
2.782367066895368453e+02
2.779365351629502356e+02
2.776363636363636260e+02
2.776380789022298359e+02
2.773379073756432263e+02
2.770377358490566166e+02
2.767478559176672093e+02
2.764476843910806565e+02
2.761560891938249824e+02
2.758644939965694221e+02
2.755746140651800715e+02
2.752847341337907210e+02
2.752727272727273089e+02
2.752590051457975733e+02
2.752469982847341612e+02
2.752452830188678945e+02
2.752315608919382726e+02
2.755403087478558746e+02
2.757632933104631547e+02
2.757632933104630979e+02
2.757615780445968880e+02
2.757598627787307350e+02
2.754699828473413277e+02
2.754699828473413277e+02
2.751818181818181870e+02
2.754048027444254103e+02
2.756277873070325768e+02
2.758524871355060100e+02
2.760771869639794431e+02
2.760754716981132333e+02
2.763001715265866096e+02
2.760651801029159742e+02
2.760634648370497644e+02
2.760085763293310492e+02
2.759536878216123341e+02
2.760085763293310492e+02
2.762349914236706354e+02
2.762281303602057960e+02
2.764065180102916202e+02
2.763499142367066952e+02
2.762933104631217702e+02
2.760566037735849250e+02
2.762178387650085369e+02
2.764476843910806565e+02
2.766775300171526624e+02
2.764288164665523482e+02
2.764150943396226126e+02
2.766706689536878230e+02
2.769262435677529766e+02
2.771955403087478658e+02
2.774648370497427550e+02
2.777341337907375873e+02
2.780034305317324197e+02
2.782349914236706354e+02
2.785042881646655246e+02
2.785060034305316776e+02
2.785077186963978875e+02
2.785094339622641542e+02
2.787409948542024267e+02
2.787101200686106495e+02
2.786792452830188722e+02
2.786483704974270950e+02
2.786277873070325768e+02
2.786072041166380586e+02
2.785746140651801284e+02
2.785420240137221413e+02
2.785214408233276799e+02
2.785008576329331618e+02
2.784802744425386436e+02
2.784579759862779156e+02
2.784356775300171876e+02
2.783996569468267808e+02
2.783756432246998429e+02
2.783396226415094361e+02
2.783036020583190293e+02
2.782795883361921483e+02
2.782435677530017415e+02
2.784699828473413845e+02
2.786963979416809707e+02
2.789228130360206137e+02
2.791492281303602567e+02
2.791423670668954173e+02
2.791355060034305779e+02
2.791286449399657386e+02
2.791012006861063810e+02
2.790737564322470234e+02
2.790668953687821841e+02
2.790823327615780727e+02
2.790977701543739613e+02
2.791132075471698499e+02
2.788610634648370592e+02
2.786089193825042685e+02
2.786243567753001571e+02
2.786397941680961026e+02
2.786552315608919344e+02
2.786706689536878230e+02
2.786963979416809707e+02
2.784442538593481800e+02
2.781921097770153892e+02
2.779399656946826553e+02
2.776878216123499215e+02
2.774356775300171876e+02
2.771732418524871377e+02
2.771749571183532908e+02
2.769125214408232978e+02
2.766500857632933048e+02
2.763876500857633118e+02
2.763927958833619414e+02
2.761303602058319484e+02
2.758799313893653675e+02
2.761783876500857673e+02
2.762161234991423271e+02
2.763207547169811278e+02
2.764253859348198716e+02
2.765300171526586155e+02
2.762692967409948324e+02
2.760085763293310492e+02
2.760068610634648394e+02
2.760068610634648394e+02
2.759948542024013705e+02
2.762624356775299930e+02
2.762710120068610422e+02
2.760000000000000000e+02
2.760188679245283083e+02
2.757461406518010563e+02
2.754734133790737474e+02
2.754922813036019988e+02
2.755111492281303072e+02
2.752401372212692650e+02
2.749691252144082227e+02
2.746981132075471805e+02
2.744253859348198148e+02
2.741663807890222415e+02
2.738936535162949895e+02
2.736346483704974162e+02
2.733756432246998429e+02
2.731166380789022128e+02
2.728439108061749607e+02
2.725711835334476518e+02
2.722984562607203998e+02
2.720274442538593576e+02
2.717564322469982585e+02
2.714854202401372163e+02
2.712144082332761172e+02
2.709433962264150750e+02
2.706723842195540328e+02
2.704133790737564027e+02
2.701406518010290938e+02
2.701578044596912491e+02
2.698850771869639402e+02
2.698473413379073236e+02
2.699571183533447538e+02
2.700840480274442825e+02
2.701938250428815991e+02
2.703036020583190293e+02
2.704219554030875088e+02
2.705574614065179730e+02
2.703962264150943611e+02
2.702349914236706354e+02
2.700737564322470234e+02
2.698953687821611993e+02
2.697152658662092790e+02
2.695523156089194003e+02
2.693910806174957315e+02
2.692298456260720059e+02
2.690686106346483939e+02
2.689022298456260387e+02
2.687530017152658388e+02
2.685746140651800715e+02
2.683962264150943611e+02
2.685385934819897216e+02
2.683756432246998429e+02
2.681955403087478089e+02
2.680154373927958886e+02
2.681252144082333189e+02
2.681783876500857673e+02
2.679485420240137046e+02
2.679982847341337902e+02
2.680480274442538757e+02
2.680771869639793863e+02
2.681063464837049537e+02
2.681355060034305211e+02
2.681543739279588294e+02
2.681715265866209279e+02
2.681835334476843968e+02
2.682144082332761741e+02
2.682452830188678945e+02
2.682761578044596718e+02
2.683070325900514490e+02
2.683259005145797573e+02
2.683447684391080656e+02
2.683636363636363740e+02
2.683825042881646823e+02
2.683996569468267808e+02
2.684459691252144466e+02
2.684922813036020557e+02
2.685368782161235117e+02
2.685831903945111208e+02
2.686295025728987866e+02
2.686740994854202427e+02
2.687186963979416419e+02
2.687598627787307350e+02
2.687975986277873517e+02
2.688336192109777016e+02
2.688679245283018986e+02
2.689022298456260387e+02
2.689348198970840258e+02
2.689674099485420697e+02
2.689982847341337902e+02
2.690291595197255674e+02
2.690600343053173447e+02
2.690909090909090651e+02
2.691217838765008423e+02
2.691526586620926196e+02
2.691835334476843968e+02
2.692144082332761741e+02
2.692452830188679513e+02
2.692761578044596718e+02
2.693070325900514490e+02
2.693379073756432263e+02
2.695900514579759601e+02
2.696312178387649965e+02
2.696723842195540328e+02
2.697032590051458101e+02
2.697324185248713775e+02
2.697735849056603570e+02
2.698027444253859244e+02
2.698319039451115486e+02
2.698610634648370592e+02
2.698902229845625698e+02
2.699193825042881372e+02
2.699588336192109637e+02
2.700085763293310492e+02
2.700583190394511348e+02
2.698370497427101213e+02
2.696157804459691079e+02
2.693945111492281512e+02
2.694339622641509209e+02
2.694837049742710064e+02
2.695351629502573019e+02
2.693276157804459672e+02
2.691132075471698499e+02
2.689125214408232978e+02
2.687135506003430123e+02
2.685197255574614132e+02
2.682984562607203998e+02
2.680771869639793863e+02
2.681029159519725908e+02
2.681406518010291506e+02
2.681663807890222984e+02
2.681921097770154461e+02
2.682178387650085369e+02
2.682435677530016847e+02
2.682692967409948892e+02
2.682950257289880369e+02
2.683207547169811278e+02
2.682692967409948324e+02
2.682195540308747468e+02
2.679982847341337902e+02
2.680017152658662098e+02
2.679554030874785440e+02
2.679759862778730621e+02
2.679365351629502356e+02
2.678970840480274092e+02
2.678559176672384297e+02
2.678147512864493933e+02
2.676020583190394291e+02
2.673893653516295217e+02
2.671801029159519203e+02
2.671183533447684795e+02
2.670771869639794431e+02
2.670960548885076946e+02
2.671149228130360598e+02
2.671337907375643681e+02
2.672521440823327907e+02
2.672692967409948324e+02
2.671903945111492362e+02
2.671183533447684226e+02
2.670463121783876659e+02
2.671063464837050105e+02
2.671063464837049537e+02
2.672075471698113347e+02
2.672246998284733763e+02
2.673259005145797573e+02
2.674253859348199285e+02
2.673104631217838687e+02
2.673241852487135475e+02
2.671372212692967878e+02
2.673773584905660528e+02
2.676174957118353177e+02
2.676312178387649965e+02
2.676500857632933048e+02
2.675763293310462814e+02
2.675814751286449109e+02
2.677924528301886653e+02
2.680034305317324197e+02
2.682264150943395862e+02
2.682264150943396430e+02
2.684511149228130193e+02
2.684391080617496073e+02
2.684253859348199285e+02
2.686518010291595147e+02
2.688782161234991577e+02
2.690583190394511348e+02
2.692898799313893505e+02
2.695214408233276231e+02
2.693876500857633118e+02
2.693224699828473376e+02
2.693344768439108066e+02
2.692692967409948324e+02
2.695008576329330481e+02
2.694356775300171307e+02
2.696672384219554033e+02
2.698987993138936190e+02
2.701303602058318916e+02
2.703619210977701641e+02
2.702281303602057960e+02
2.700943396226414848e+02
2.703259005145797573e+02
2.705574614065179730e+02
2.707890222984562456e+02
2.710205831903945182e+02
2.712521440823327339e+02
2.714837049742710064e+02
2.716981132075471805e+02
2.719142367066895076e+02
2.721320754716981014e+02
2.723499142367066952e+02
2.725694682675814420e+02
2.727873070325900358e+02
2.730068610634648394e+02
2.732264150943396430e+02
2.734459691252144466e+02
2.736655231560891934e+02
2.738850771869639971e+02
2.741046312178388007e+02
2.743241852487135475e+02
2.745437392795882943e+02
2.747632933104630979e+02
2.749828473413379015e+02
2.752024013722126483e+02
2.754219554030874519e+02
2.756415094339622556e+02
2.758627787307032122e+02
2.760823327615780727e+02
2.763036020583190293e+02
2.765248713550599859e+02
2.767444253859348464e+02
2.769639794168095932e+02
2.771835334476843968e+02
2.771818181818181870e+02
2.774030874785592005e+02
2.776226415094339472e+02
2.778421955403088077e+02
2.780634648370497644e+02
2.782830188679245680e+02
2.785025728987993148e+02
2.787221269296741184e+02
2.789433962264150750e+02
2.791629502572898787e+02
2.791595197255575158e+02
2.791578044596913060e+02
2.793773584905660528e+02
2.795969125214408564e+02
2.798147512864493933e+02
2.800274442538593576e+02
2.802401372212693786e+02
2.804511149228130762e+02
2.806586620926244109e+02
2.806655231560891934e+02
2.806723842195540328e+02
2.806792452830188722e+02
2.806861063464837116e+02
2.806912521440823411e+02
2.806963979416809707e+02
2.807015437392796002e+02
2.807049742710120199e+02
2.806380789022298359e+02
2.806397941680960457e+02
2.806397941680961026e+02
2.806380789022298359e+02
2.806295025728987866e+02
2.806209262435677374e+02
2.806106346483704783e+02
2.806003430531732192e+02
2.806140651801028980e+02
2.806277873070325768e+02
2.806174957118353745e+02
2.806072041166381155e+02
2.805969125214407995e+02
2.806089193825042685e+02
2.806209262435677942e+02
2.806329331046312632e+02
2.806449399656946753e+02
2.806552315608919344e+02
2.806655231560892503e+02
2.806758147512865094e+02
2.806861063464837116e+02
2.807084048027444396e+02
2.807307032590051676e+02
2.806620926243567737e+02
2.805934819897084367e+02
2.805248713550600996e+02
2.804391080617496073e+02
2.803704974271012134e+02
2.803018867924528763e+02
2.802332761578044256e+02
2.801475128644939900e+02
2.800789022298456530e+02
2.800274442538593576e+02
2.801646655231560885e+02
2.803018867924528195e+02
2.803104631217838687e+02
2.804476843910806565e+02
2.805849056603773306e+02
2.805934819897083798e+02
2.806037735849056389e+02
2.806003430531732192e+02
2.803722126929674232e+02
2.803807890222984724e+02
2.803910806174957315e+02
2.803893653516295217e+02
2.803876500857633118e+02
2.803962264150943611e+02
2.801595197255575158e+02
2.801252144082333189e+02
2.798902229845626266e+02
2.796432246998284654e+02
2.797530017152658957e+02
2.798404802744425979e+02
2.795608919382505064e+02
2.796483704974271518e+02
2.796466552315608851e+02
2.798799313893653675e+02
2.798799313893654244e+02
2.798799313893653675e+02
2.798782161234992145e+02
2.798782161234991577e+02
2.802435677530017983e+02
2.806089193825042685e+02
2.809742710120068523e+02
2.809725557461406993e+02
2.806072041166380586e+02
2.802418524871354748e+02
2.803859348198971020e+02
2.800205831903944613e+02
2.800205831903945182e+02
2.800205831903944613e+02
2.796552315608919344e+02
2.796552315608919344e+02
2.796569468267581442e+02
2.792915951972555604e+02
2.792915951972555604e+02
2.790120068610634689e+02
2.787324185248713775e+02
2.784528301886792860e+02
2.781732418524871946e+02
2.778936535162949895e+02
2.776140651801028980e+02
2.773344768439108066e+02
2.770445969125214560e+02
2.767650085763293646e+02
2.767650085763293646e+02
2.767650085763293646e+02
2.767650085763293646e+02
2.767632933104631547e+02
2.767615780445969449e+02
2.767598627787307350e+02
2.767615780445969449e+02
2.767615780445969449e+02
2.767615780445969449e+02
2.767615780445969449e+02
2.767632933104631547e+02
2.767650085763293646e+02
2.769897084048027409e+02
2.772144082332761741e+02
2.774391080617496073e+02
2.774391080617496073e+02
2.774253859348199285e+02
2.774116638078902497e+02
2.773979416809605709e+02
2.773979416809605709e+02
2.773979416809605709e+02
2.776226415094340041e+02
2.778353344768439683e+02
2.778267581475128623e+02
2.778181818181818130e+02
2.775831903945111208e+02
2.773481989708404853e+02
2.771132075471698499e+02
2.768782161234991577e+02
2.769331046312178159e+02
2.769879931389365311e+02
2.770428816466552462e+02
2.767975986277872948e+02
2.767975986277873517e+02
2.767907375643225123e+02
2.766535162950257245e+02
2.768696397941681084e+02
2.770857632933104924e+02
2.773018867924528763e+02
2.775180102915952602e+02
2.777358490566037972e+02
2.779536878216124478e+02
2.779502572898800281e+02
2.781818181818181870e+02
2.784133790737564595e+02
2.786466552315608851e+02
2.788782161234991577e+02
2.791097770154373734e+02
2.790909090909091219e+02
2.790720411663808136e+02
2.790411663807890363e+02
2.792590051457975733e+02
2.794768439108061671e+02
2.796946826758147608e+02
2.796740994854202427e+02
2.796535162950257245e+02
2.796329331046312063e+02
2.796123499142366882e+02
2.798439108061749039e+02
2.800737564322470234e+02
2.803053173241852392e+02
2.802830188679245111e+02
2.802435677530017415e+02
2.802024013722127052e+02
2.801612349914236688e+02
2.801200686106346325e+02
2.800789022298455961e+02
2.800548885077187151e+02
2.800308747855917773e+02
2.800068610634648394e+02
2.799828473413379584e+02
2.799588336192109637e+02
2.799176672384219273e+02
2.798747855917667380e+02
2.798490566037735903e+02
2.798233276157804994e+02
2.797958833619211418e+02
2.797684391080617843e+02
2.797409948542024267e+02
2.797135506003430692e+02
2.796843910806175018e+02
2.796878216123499215e+02
2.796912521440823411e+02
2.797066895368782298e+02
2.797221269296741184e+02
2.797375643224700070e+02
2.797530017152658957e+02
2.797684391080617843e+02
2.797838765008576729e+02
2.798096054888507069e+02
2.798353344768439115e+02
2.798610634648370024e+02
2.796089193825042685e+02
2.793567753001715346e+02
2.791046312178387439e+02
2.788524871355059531e+02
2.786003430531732192e+02
2.786020583190394291e+02
2.783499142367066952e+02
2.780977701543739045e+02
2.778473413379073804e+02
2.775969125214407995e+02
2.775986277873070094e+02
2.775986277873070094e+02
2.775986277873070094e+02
2.773361921097770164e+02
2.770737564322470234e+02
2.768113207547169736e+02
2.765488850771869238e+02
2.762881646655231407e+02
2.760274442538593576e+02
2.760274442538593576e+02
2.760463121783876659e+02
2.763276157804459672e+02
2.766089193825042685e+02
2.768902229845626266e+02
2.766295025728987866e+02
2.763670668953687937e+02
2.763670668953687937e+02
2.761063464837050105e+02
2.758439108061749039e+02
2.758833619210977872e+02
2.759228130360205569e+02
2.759622641509433834e+02
2.756998284734133904e+02
2.757392795883362169e+02
2.757787307032589865e+02
2.758078902229845539e+02
2.758473413379073236e+02
2.758765008576328910e+02
2.758953687821611993e+02
2.759245283018867667e+02
2.759433962264150750e+02
2.756843910806175018e+02
2.754253859348198716e+02
2.751663807890222984e+02
2.748953687821611993e+02
2.746363636363636260e+02
2.743653516295025838e+02
2.740943396226415416e+02
2.738233276157804426e+02
2.735523156089193435e+02
2.732813036020583013e+02
2.732984562607203998e+02
2.730274442538593576e+02
2.731355060034305779e+02
2.729554030874786008e+02
2.727753001715266237e+02
2.725265866209262526e+02
2.723481989708404853e+02
2.720891938250429121e+02
2.718301886792453388e+02
2.718044596912521911e+02
2.715849056603773874e+02
2.716397941680960457e+02
2.716929674099485510e+02
2.717461406518010563e+02
2.715660377358490791e+02
2.716192109777015276e+02
2.713945111492281512e+02
2.714493996569468663e+02
2.714596912521441254e+02
2.714168096054888792e+02
2.711389365351629408e+02
2.708799313893653107e+02
2.706500857632933048e+02
2.706380789022298359e+02
2.704185248713550322e+02
2.701989708404802855e+02
2.699794168096054818e+02
2.697461406518010563e+02
2.695128644939965739e+02
2.692795883361921483e+02
2.690463121783876659e+02
2.688130360205832403e+02
2.685797598627787011e+02
2.683464837049742755e+02
2.681132075471698499e+02
2.678799313893653675e+02
2.676466552315608851e+02
2.677032590051458101e+02
2.677598627787307350e+02
2.678164665523156032e+02
2.678627787307032690e+02
2.679090909090909349e+02
2.679656946826758031e+02
2.680240137221269379e+02
2.680686106346483939e+02
2.681149228130360598e+02
2.681612349914236688e+02
2.682075471698113347e+02
2.682538593481989437e+02
2.683121783876500785e+02
2.683584905660377444e+02
2.684116638078902497e+02
2.684648370497427550e+02
2.685060034305317345e+02
2.685591766723842397e+02
2.683464837049742755e+02
2.681355060034305779e+02
2.679210977701544039e+02
2.677032590051458101e+02
2.677358490566037972e+02
2.677684391080617843e+02
2.677993138936535047e+02
2.678301886792452819e+02
2.678610634648370592e+02
2.678919382504287796e+02
2.679228130360205569e+02
2.679536878216123341e+02
2.679845626072041114e+02
2.680154373927958886e+02
2.682692967409948324e+02
2.683001715265866665e+02
2.685523156089194003e+02
2.685831903945111776e+02
2.688353344768439115e+02
2.688662092624356319e+02
2.688970840480274092e+02
2.689279588336191864e+02
2.689588336192109637e+02
2.689897084048027409e+02
2.690205831903945182e+02
2.690617495711835545e+02
2.688387650085762743e+02
2.688799313893653107e+02
2.689210977701543470e+02
2.689622641509433834e+02
2.690051457975986295e+02
2.690463121783876659e+02
2.690806174957118628e+02
2.688679245283018417e+02
2.689176672384219842e+02
2.689691252144082227e+02
2.690205831903945182e+02
2.690737564322470234e+02
2.691286449399657386e+02
2.691835334476843968e+02
2.689794168096054818e+02
2.687427101200685797e+02
2.685197255574614132e+02
2.682967409948541899e+02
2.683327615780445967e+02
2.683687821612350035e+02
2.684048027444254103e+02
2.684425385934820270e+02
2.684802744425385868e+02
2.685728987993138617e+02
2.686826758147512919e+02
2.687924528301887221e+02
2.688439108061749607e+02
2.688953687821611993e+02
2.689451114922812849e+02
2.689948542024013705e+02
2.690463121783876659e+02
2.690977701543739613e+02
2.691509433962264097e+02
2.692024013722126483e+02
2.692572898799313634e+02
2.693104631217838687e+02
2.693379073756432263e+02
2.693927958833619414e+02
2.694476843910805997e+02
2.695574614065179730e+02
2.696106346483704783e+02
2.696672384219554033e+02
2.696981132075471237e+02
2.697272727272727479e+02
2.697564322469982585e+02
2.697873070325900358e+02
2.698061749571183441e+02
2.699159519725557175e+02
2.699331046312178159e+02
2.698542024013721630e+02
2.698713550600342614e+02
2.698885077186963599e+02
2.699056603773584584e+02
2.698885077186963599e+02
2.698713550600342614e+02
2.698542024013722198e+02
2.698370497427100645e+02
2.697667238421955176e+02
2.697084048027444396e+02
2.696329331046312063e+02
2.694288164665522913e+02
2.693533447684391149e+02
2.692915951972555604e+02
2.692487135506003142e+02
2.691749571183533476e+02
2.693550600343053247e+02
2.692984562607203998e+02
2.692984562607203998e+02
2.692384219554030551e+02
2.691835334476843400e+02
2.691286449399657386e+02
2.690737564322470234e+02
2.693018867924528195e+02
2.695317324185248822e+02
2.697632933104630979e+02
2.699948542024013705e+02
2.702281303602057960e+02
2.704614065180102784e+02
2.706946826758147608e+02
2.709279588336191864e+02
2.711612349914236688e+02
2.714133790737564595e+02
2.716466552315608851e+02
2.718799313893653107e+02
2.721132075471697931e+02
2.723464837049742755e+02
2.725797598627787011e+02
2.728130360205831266e+02
2.730445969125214560e+02
2.732778730703258816e+02
2.735111492281303072e+02
2.737186963979416419e+02
2.739262435677529766e+02
2.741337907375643113e+02
2.743396226415094361e+02
2.745454545454545041e+02
2.747530017152658957e+02
2.749605488850771735e+02
2.751715265866209279e+02
2.753859348198971020e+02
2.756020583190394291e+02
2.758198970840480229e+02
2.760377358490566166e+02
2.762572898799313634e+02
2.764768439108062239e+02
2.766981132075471805e+02
2.769193825042881372e+02
2.771406518010292075e+02
2.773619210977701641e+02
2.775849056603773874e+02
2.778078902229845539e+02
2.780308747855917773e+02
2.782538593481989437e+02
2.784768439108061671e+02
2.784099485420240399e+02
2.783550600343053247e+02
2.783001715265866096e+02
2.780120068610634689e+02
2.779451114922812849e+02
2.778782161234991577e+02
2.778113207547170305e+02
2.777444253859348464e+02
2.776775300171526624e+02
2.776106346483704783e+02
2.775437392795883511e+02
2.774768439108061671e+02
2.776981132075471805e+02
2.776963979416809707e+02
2.779176672384219273e+02
2.781389365351629976e+02
2.781372212692967878e+02
2.781355060034305211e+02
2.781337907375643681e+02
2.781303602058319484e+02
2.781286449399656817e+02
2.781269296740995287e+02
2.781217838765008992e+02
2.781166380789022696e+02
2.781063464837050105e+02
2.780943396226415416e+02
2.780789022298456530e+02
2.782847341337907210e+02
2.782915951972555604e+02
2.782984562607203998e+02
2.785317324185248822e+02
2.785385934819896647e+02
2.785437392795882943e+02
2.785488850771869238e+02
2.785540308747855534e+02
2.785591766723841829e+02
2.785643224699828124e+02
2.785694682675814420e+02
2.785746140651800715e+02
2.785797598627787011e+02
2.785831903945111208e+02
2.785866209262435405e+02
2.785574614065179730e+02
2.785557461406517632e+02
2.784871355060034261e+02
2.784785591766724338e+02
2.784888507718696360e+02
2.784819897084047966e+02
2.784751286449400141e+02
2.784871355060034261e+02
2.784991423670668951e+02
2.785077186963979443e+02
2.785385934819896647e+02
2.785488850771869807e+02
2.784991423670668951e+02
2.784493996569468095e+02
2.783996569468267808e+02
2.783499142367066952e+02
2.783018867924528195e+02
2.783327615780445967e+02
2.783739279588336331e+02
2.784133790737564595e+02
2.783807890222984724e+02
2.783481989708404853e+02
2.782984562607203998e+02
2.782315608919382157e+02
2.781818181818181870e+02
2.781337907375643113e+02
2.782710120068610422e+02
2.782795883361920914e+02
2.784185248713550891e+02
2.782024013722126483e+02
2.779554030874785440e+02
2.779656946826758031e+02
2.779605488850771735e+02
2.779691252144082227e+02
2.779365351629502356e+02
2.776895368782161313e+02
2.774322469982847110e+02
2.772075471698112779e+02
2.772058319039450680e+02
2.769811320754716917e+02
2.769794168096054818e+02
2.769348198970840258e+02
2.766552315608919344e+02
2.763756432246998429e+02
2.760960548885076946e+02
2.758250428816466524e+02
2.755540308747856102e+02
2.756500857632933048e+02
2.759485420240137614e+02
2.758987993138936190e+02
2.761972555746140188e+02
2.761972555746140756e+02
2.764957118353344754e+02
2.764974271012006852e+02
2.762178387650085938e+02
2.762195540308747468e+02
2.762212692967409566e+02
2.765866209262435405e+02
2.769519725557461243e+02
2.769519725557461243e+02
2.769536878216123341e+02
2.769554030874785440e+02
2.769554030874785440e+02
2.769554030874785440e+02
2.769554030874784871e+02
2.769571183533447538e+02
2.766775300171526055e+02
2.766792452830188722e+02
2.766809605488850821e+02
2.766809605488850252e+02
2.766809605488850821e+02
2.766826758147512919e+02
2.766843910806174449e+02
2.764048027444253535e+02
2.761252144082332620e+02
2.758353344768439115e+02
2.755454545454545041e+02
2.752658662092624127e+02
2.752658662092624127e+02
2.752658662092624127e+02
2.752658662092624127e+02
2.752658662092624127e+02
2.752521440823327339e+02
2.749622641509433834e+02
2.749605488850771735e+02
2.749468267581474947e+02
2.749313893653516061e+02
2.745643224699828124e+02
2.741989708404802855e+02
2.738336192109777016e+02
2.734682675814751178e+02
2.736895368782161313e+02
2.736878216123499215e+02
2.736878216123499215e+02
2.733224699828473376e+02
2.733224699828473376e+02
2.728816466552315205e+02
2.724408233276157603e+02
2.719982847341337902e+02
2.715540308747856102e+02
2.711114922813036401e+02
2.708919382504288365e+02
2.706723842195540328e+02
2.702298456260720059e+02
2.702281303602057960e+02
2.699948542024013705e+02
2.697615780445969449e+02
2.695265866209261958e+02
2.692915951972555604e+02
2.690566037735849250e+02
2.690497427101200856e+02
2.690428816466552462e+02
2.690360205831904068e+02
2.690291595197255674e+02
2.692607204116638400e+02
2.694922813036020557e+02
2.697238421955403282e+02
2.695866209262435405e+02
2.694493996569468095e+02
2.696672384219554033e+02
2.696483704974270950e+02
2.696295025728987866e+02
2.696106346483704783e+02
2.698439108061749607e+02
2.700617495711835545e+02
2.702950257289879801e+02
2.705128644939966307e+02
2.707307032590051676e+02
2.709622641509434402e+02
2.711955403087478658e+02
2.710600343053173447e+02
2.712778730703258816e+02
2.710668953687821841e+02
2.708559176672384297e+02
2.706449399656946753e+02
2.708765008576328910e+02
2.711080617495712204e+02
2.710857632933104924e+02
2.713156089193824982e+02
2.715454545454545041e+02
2.717753001715266237e+02
2.720051457975986295e+02
2.722349914236706354e+02
2.724648370497426981e+02
2.727118353344768593e+02
2.729416809605488652e+02
2.731715265866209279e+02
2.734013722126929338e+02
2.736483704974270950e+02
2.738782161234991008e+02
2.741080617495711635e+02
2.743361921097769596e+02
2.741989708404802286e+02
2.740617495711835545e+02
2.739245283018867667e+02
2.737873070325900358e+02
2.736123499142366882e+02
2.734356775300171307e+02
2.736620926243567737e+02
2.738885077186964168e+02
2.738507718696397433e+02
2.738113207547169168e+02
2.737718696397941471e+02
2.737324185248713206e+02
2.735917667238421700e+02
2.738267581475128623e+02
