3.198970840480274092e+01
3.199313893653516061e+01
3.199656946826757675e+01
3.199999999999999289e+01
3.200343053173241969e+01
3.201886792452830122e+01
3.203430531732418274e+01
3.203259005145797289e+01
3.207032590051457532e+01
3.210806174957118486e+01
3.210977701543739471e+01
3.211320754716980730e+01
3.212692967409948608e+01
3.213036020583190577e+01
3.213207547169811562e+01
3.214579759862779440e+01
3.215951972555745897e+01
3.217324185248713775e+01
3.217667238421955744e+01
3.215780445969124912e+01
3.215094339622641684e+01
3.213207547169811562e+01
3.211320754716981440e+01
3.209433962264151319e+01
3.207375643224699502e+01
3.206518010291594578e+01
3.205660377358490365e+01
3.207204116638078517e+01
3.207547169811320487e+01
3.205488850771870091e+01
3.203945111492281228e+01
3.202229845626072091e+01
3.202572898799313350e+01
3.201886792452830122e+01
3.201200686106346893e+01
3.200686106346483939e+01
3.200171526586620985e+01
3.199656946826758031e+01
3.200171526586620985e+01
3.200686106346483939e+01
3.202572898799314061e+01
3.205488850771869380e+01
3.208404802744425410e+01
3.210120068610635258e+01
3.211835334476843684e+01
3.213379073756432547e+01
3.214922813036020699e+01
3.216638078902229836e+01
3.215437392795882943e+01
3.216123499142366882e+01
3.214579759862778729e+01
3.214236706689537471e+01
3.215951972555745897e+01
3.215437392795882943e+01
3.215094339622640973e+01
3.213893653516294791e+01
3.212692967409948608e+01
3.211492281303601715e+01
3.210291595197255532e+01
3.208919382504288365e+01
3.208061749571183441e+01
3.207032590051457532e+01
3.206003430531732334e+01
3.206174957118353319e+01
3.205317324185249106e+01
3.204288164665523198e+01
3.203259005145797289e+01
3.202058319039451106e+01
3.199485420240137046e+01
3.197941680960548894e+01
3.196226415094339757e+01
3.195540308747855818e+01
3.195883361921097787e+01
3.196226415094339757e+01
3.194682675814751249e+01
3.192967409948542468e+01
3.194682675814751249e+01
3.192967409948542112e+01
3.193310463121784082e+01
3.193653516295025696e+01
3.193996569468267666e+01
3.191252144082332975e+01
3.190566037735849392e+01
3.187821612349914702e+01
3.184219554030875088e+01
3.182847341337907565e+01
3.180445969125214134e+01
3.180274442538593505e+01
3.180960548885077088e+01
3.179588336192109921e+01
3.178387650085763383e+01
3.176672384219553891e+01
3.176157804459691292e+01
3.175814751286449322e+01
3.175471698113207708e+01
3.175300171526586723e+01
3.172898799313893647e+01
3.170497427101200572e+01
3.166552315608919344e+01
3.161406518010291578e+01
3.157804459691252319e+01
3.153859348198970736e+01
3.150943396226415061e+01
3.147169811320754818e+01
3.145626072041166310e+01
3.143224699828473589e+01
3.142538593481990006e+01
3.141337907375643113e+01
3.140137221269296575e+01
3.140480274442538899e+01
3.139622641509433976e+01
3.138078902229845824e+01
3.137221269296740900e+01
3.136363636363636687e+01
3.134476843910806210e+01
3.133619210977701641e+01
3.129845626072041043e+01
3.130017152658662383e+01
3.127272727272727337e+01
3.125557461406518200e+01
3.123842195540309064e+01
3.121097770154374018e+01
3.118353344768438973e+01
3.116638078902229836e+01
3.112692967409948608e+01
3.108747855917667025e+01
3.107890222984562456e+01
3.106174957118353319e+01
3.104459691252144182e+01
3.104802744425386152e+01
3.103773584905660243e+01
3.103259005145797644e+01
3.102744425385935045e+01
3.103259005145798000e+01
3.103773584905660243e+01
3.103259005145798000e+01
3.104974271012007137e+01
3.104631217838765167e+01
3.104116638078902213e+01
3.103773584905660599e+01
3.105145797598628121e+01
3.105317324185249106e+01
3.106689536878216273e+01
3.108061749571183796e+01
3.106174957118353319e+01
3.105488850771869735e+01
3.104802744425386152e+01
3.104116638078902213e+01
3.105831903945111705e+01
3.107718696397941827e+01
3.107718696397941471e+01
3.108061749571183441e+01
3.109777015437392933e+01
3.110120068610634547e+01
3.110120068610634547e+01
3.110120068610634547e+01
3.110634648370497501e+01
3.110806174957118486e+01
3.110977701543739471e+01
3.111320754716981085e+01
3.112006861063464669e+01
3.111663807890222699e+01
3.111492281303601715e+01
3.111663807890222699e+01
3.111835334476843684e+01
3.112178387650086009e+01
3.112178387650085654e+01
3.112006861063464669e+01
3.112349914236706638e+01
3.112864493996569593e+01
3.112864493996569593e+01
3.113379073756432547e+01
3.112178387650085654e+01
3.110977701543739471e+01
3.109777015437392933e+01
3.107375643224699857e+01
3.106346483704974304e+01
3.105317324185248751e+01
3.105145797598627766e+01
3.104974271012007137e+01
3.104974271012007137e+01
3.103945111492281583e+01
3.103945111492281228e+01
3.103945111492281228e+01
3.103087478559176660e+01
3.103259005145798000e+01
3.102915951972556030e+01
3.102572898799314061e+01
3.102229845626072091e+01
3.102058319039451106e+01
3.103087478559177015e+01
3.101029159519725553e+01
3.100857632933104924e+01
3.100857632933104924e+01
3.100857632933104924e+01
3.100857632933104568e+01
3.098970840480274447e+01
3.098970840480274447e+01
3.099485420240137046e+01
3.097255574614065310e+01
3.097084048027444325e+01
3.095883361921097787e+01
3.093996569468267666e+01
3.091938250428816204e+01
3.089879931389365453e+01
3.087821612349913991e+01
3.086277873070325839e+01
3.084562607204116702e+01
3.082847341337907565e+01
3.081132075471698428e+01
3.079416809605488936e+01
3.078044596912521769e+01
3.078044596912521769e+01
3.079073756432247322e+01
3.079073756432247322e+01
3.078387650085763738e+01
3.077701543739279799e+01
3.078216123499142753e+01
3.079416809605488936e+01
3.080102915951972875e+01
3.078559176672384012e+01
3.076672384219553891e+01
3.075986277873070307e+01
3.074442538593481800e+01
3.072898799313893647e+01
3.072898799313893647e+01
3.072041166380789079e+01
3.070840480274442541e+01
3.068782161234991435e+01
3.068267581475128480e+01
3.067409948542023912e+01
3.066552315608919344e+01
3.065694682675814775e+01
3.064665523156089222e+01
3.064322469982847252e+01
3.064150943396226268e+01
3.068267581475128480e+01
3.073584905660377231e+01
3.075643224699828693e+01
3.077701543739279799e+01
3.081989708404802997e+01
3.084734133790737687e+01
3.088507718696397930e+01
3.091252144082332975e+01
3.095025728987993219e+01
3.098970840480274447e+01
3.103087478559176660e+01
3.106174957118353319e+01
3.110291595197255532e+01
3.114408233276157745e+01
3.119725557461406495e+01
3.125042881646655246e+01
3.129159519725557104e+01
3.132246998284734119e+01
3.135334476843910778e+01
3.139451114922812991e+01
3.142367066895368666e+01
3.145283018867924341e+01
3.149399656946826553e+01
3.152315608919382584e+01
3.155231560891937903e+01
3.157975986277872948e+01
3.159519725557461101e+01
3.161234991423670238e+01
3.163293310463121699e+01
3.165008576329330836e+01
3.166723842195540328e+01
3.167409948542024267e+01
3.167066895368782298e+01
3.165523156089193790e+01
3.163979416809605283e+01
3.162435677530017131e+01
3.160891938250428623e+01
3.159348198970840471e+01
3.157804459691251964e+01
3.155231560891938258e+01
3.151286449399656675e+01
3.148542024013722340e+01
3.145797598627787295e+01
3.146140651801029264e+01
3.145454545454545681e+01
3.144768439108061742e+01
3.148542024013722340e+01
3.152315608919382584e+01
3.156089193825042827e+01
3.157804459691251964e+01
3.155917667238421842e+01
3.151629502572898645e+01
3.152830188679245538e+01
3.151801029159519629e+01
3.154202401372212705e+01
3.156603773584905426e+01
3.159005145797598146e+01
3.161406518010291222e+01
3.162607204116637760e+01
3.164150943396225912e+01
3.165523156089193435e+01
3.170325900514579232e+01
3.173756432246998216e+01
3.177186963979416490e+01
3.183190394511149179e+01
3.185591766723841545e+01
3.190737564322469666e+01
3.194168096054888650e+01
3.197598627787307279e+01
3.199999999999999645e+01
3.203259005145797289e+01
3.208061749571183441e+01
3.211835334476843684e+01
3.215094339622640973e+01
3.218010291595197003e+01
3.220754716981132049e+01
3.223670668953688079e+01
3.226415094339623124e+01
3.230017152658662383e+01
3.232590051457976443e+01
3.235162950257289793e+01
3.237735849056603854e+01
3.237907375643224128e+01
3.238078902229845113e+01
3.239451114922812280e+01
3.242881646655231975e+01
3.243739279588336188e+01
3.244596912521440402e+01
3.248370497427100645e+01
3.249914236706689508e+01
3.253687821612349751e+01
3.255746140651800147e+01
3.256946826758147751e+01
3.259691252144082085e+01
3.259691252144082085e+01
3.258319039451114918e+01
3.257289879931389009e+01
3.256432246998284086e+01
3.255574614065179873e+01
3.254888507718696644e+01
3.255060034305316918e+01
3.254030874785591720e+01
3.253173241852486797e+01
3.252315608919382584e+01
3.252487135506002858e+01
3.252658662092623842e+01
3.254202401372212705e+01
3.255574614065180583e+01
3.257289879931389009e+01
3.257975986277872948e+01
3.258662092624356887e+01
3.260377358490566024e+01
3.259348198970840826e+01
3.257632933104630979e+01
3.256946826758147040e+01
3.259519725557461101e+01
3.261749571183533192e+01
3.263979416809605283e+01
3.262264150943396146e+01
3.260548885077187009e+01
3.257461406518009994e+01
3.253687821612349751e+01
3.252315608919381873e+01
3.251629502572897934e+01
3.249228130360205569e+01
3.245797598627787295e+01
3.242367066895368310e+01
3.238765008576329052e+01
3.237735849056603854e+01
3.234133790737564595e+01
3.232075471698113489e+01
3.228473413379073520e+01
3.226072041166381155e+01
3.223670668953687368e+01
3.221269296740995003e+01
3.218867924528301927e+01
3.215265866209262668e+01
3.211320754716980730e+01
3.208576329331046395e+01
3.206003430531733045e+01
3.203430531732418274e+01
3.202058319039451106e+01
3.200686106346483939e+01
3.200343053173241969e+01
3.197941680960548894e+01
3.195540308747855818e+01
3.191938250428816559e+01
3.188336192109777301e+01
3.184734133790737687e+01
3.180274442538593860e+01
3.175814751286449678e+01
3.171355060034305495e+01
3.166895368782161313e+01
3.162435677530017131e+01
3.157975986277872948e+01
3.153516295025728766e+01
3.149571183533447538e+01
3.145626072041166310e+01
3.141166380789022128e+01
3.136706689536877946e+01
3.132246998284734119e+01
3.127615780445969307e+01
3.122813036020583155e+01
3.121783876500857602e+01
3.120754716981132049e+01
3.119725557461406140e+01
3.118696397941680942e+01
3.116466552315608851e+01
3.114408233276157745e+01
3.112349914236706638e+01
3.110291595197255532e+01
3.108233276157804426e+01
3.106174957118353319e+01
3.104288164665523198e+01
3.102058319039451106e+01
3.099828473413379015e+01
3.097598627787306924e+01
3.095540308747856173e+01
3.093310463121783727e+01
3.089879931389365453e+01
3.086449399656946468e+01
3.083190394511149179e+01
3.081989708404802997e+01
3.080789022298456459e+01
3.077358490566037830e+01
3.074957118353344754e+01
3.071526586620926125e+01
3.070325900514579587e+01
3.068610634648370450e+01
3.066895368782161313e+01
3.065008576329331191e+01
3.061578044596912562e+01
3.058147512864493933e+01
3.054888507718696289e+01
3.052658662092624198e+01
3.050428816466552107e+01
3.048027444253859031e+01
3.047684391080617416e+01
3.048370497427101000e+01
3.049056603773584584e+01
3.051801029159519629e+01
3.055403087478558888e+01
3.055917667238421842e+01
3.061063464837049608e+01
3.063293310463121344e+01
3.064493996569468237e+01
3.066723842195540328e+01
3.068953687821612419e+01
3.072898799313893647e+01
3.076500857632932906e+01
3.080274442538593149e+01
3.084048027444253748e+01
3.088850771869639544e+01
3.093653516295025696e+01
3.097255574614064955e+01
3.102229845626072091e+01
3.107032590051458243e+01
3.110463121783876517e+01
3.115265866209262313e+01
3.120068610634648110e+01
3.125042881646655246e+01
3.129845626072041398e+01
3.134648370497427194e+01
3.139451114922812991e+01
3.144596912521440757e+01
3.147512864493996432e+01
3.150600343053173091e+01
3.153687821612349751e+01
3.156603773584905426e+01
3.159519725557461101e+01
3.162435677530016775e+01
3.165351629502572450e+01
3.170668953687821556e+01
3.174957118353344754e+01
3.175986277873069952e+01
3.175986277873069952e+01
3.176500857632933261e+01
3.177015437392795860e+01
3.177530017152658459e+01
3.177873070325900429e+01
3.178216123499142398e+01
3.178387650085763383e+01
3.178559176672384012e+01
3.179073756432246967e+01
3.178387650085763383e+01
3.177701543739279444e+01
3.179759862778730906e+01
3.180617495711835119e+01
3.180617495711835474e+01
3.180617495711835119e+01
3.180789022298456103e+01
3.180789022298456103e+01
3.180960548885077088e+01
3.180960548885077088e+01
3.180960548885077088e+01
3.180960548885077088e+01
3.181132075471698073e+01
3.181132075471698073e+01
3.181303602058319058e+01
3.181475128644940042e+01
3.181818181818182012e+01
3.182161234991423626e+01
3.181989708404802641e+01
3.182332761578044611e+01
3.182161234991423626e+01
3.181989708404802641e+01
3.181818181818181657e+01
3.181646655231561027e+01
3.180445969125214134e+01
3.179245283018867951e+01
3.180274442538593149e+01
3.181303602058319058e+01
3.180102915951972520e+01
3.178902229845625982e+01
3.179759862778730906e+01
3.180617495711835119e+01
3.181475128644940042e+01
3.182332761578044611e+01
3.183361921097770164e+01
3.184391080617495362e+01
3.185420240137221271e+01
3.186449399656947179e+01
3.187478559176672377e+01
3.187478559176672022e+01
3.187821612349914346e+01
3.188164665523156316e+01
3.186963979416809778e+01
3.185763293310463240e+01
3.184734133790737332e+01
3.185248713550600286e+01
3.184734133790737332e+01
3.186106346483704854e+01
3.185420240137221271e+01
3.185934819897083869e+01
3.186449399656946468e+01
3.186792452830188438e+01
3.187135506003430407e+01
3.187478559176672377e+01
3.185763293310462885e+01
3.185077186963979656e+01
3.185420240137220915e+01
3.183704974271011423e+01
3.185248713550599930e+01
3.185591766723841900e+01
3.185763293310462885e+01
3.186277873070325839e+01
3.186449399656946824e+01
3.186620926243567808e+01
3.186792452830188438e+01
3.188507718696397930e+01
3.189022298456260529e+01
3.189365351629502499e+01
3.188679245283018915e+01
3.187821612349914346e+01
3.188164665523156316e+01
3.188164665523156316e+01
3.185077186963979301e+01
3.184391080617496073e+01
3.184219554030875088e+01
3.183018867924528195e+01
3.183533447684391149e+01
3.183190394511149179e+01
3.181132075471698073e+01
3.181303602058318702e+01
3.180960548885076733e+01
3.180789022298456103e+01
3.180445969125214489e+01
3.180102915951972520e+01
3.178730703259004997e+01
3.178387650085763028e+01
3.177015437392795505e+01
3.175643224699828338e+01
3.174271012006861170e+01
3.172898799313893647e+01
3.170840480274442541e+01
3.168782161234991435e+01
3.165180102915952176e+01
3.161578044596912918e+01
3.157975986277873304e+01
3.154373927958833690e+01
3.150771869639794431e+01
3.147169811320755173e+01
3.145626072041166665e+01
3.144082332761578158e+01
3.142538593481990006e+01
3.140994854202401498e+01
3.139451114922813346e+01
3.137907375643224839e+01
3.136363636363636687e+01
3.135162950257289793e+01
3.135849056603773732e+01
3.136363636363636331e+01
3.135677530017152748e+01
3.133104631217838687e+01
3.133276157804459672e+01
3.129502572898799428e+01
3.123670668953687724e+01
3.121440823327615988e+01
3.121097770154373663e+01
3.119725557461406495e+01
3.119382504288164171e+01
3.116466552315608851e+01
3.115608919382503927e+01
3.114751286449399714e+01
3.115094339622641328e+01
3.116466552315608851e+01
3.120068610634648110e+01
3.123499142367066383e+01
3.126929674099485368e+01
3.130360205831903997e+01
3.133790737564322626e+01
3.137392795883361885e+01
3.139794168096054960e+01
3.142195540308747681e+01
3.142195540308747681e+01
3.142538593481989295e+01
3.144596912521440757e+01
3.149914236706689508e+01
3.155231560891938258e+01
3.155403087478558888e+01
3.158833619210977517e+01
3.162264150943396146e+01
3.166723842195539973e+01
3.168953687821612419e+01
3.170325900514579587e+01
3.174785591766723769e+01
3.179245283018867951e+01
3.179073756432247322e+01
3.178902229845625982e+01
3.180960548885077088e+01
3.183018867924528195e+01
3.184048027444254103e+01
3.185077186963979301e+01
3.183018867924528195e+01
3.180960548885077088e+01
3.180960548885077088e+01
3.179759862778730906e+01
3.180789022298456103e+01
3.181818181818181657e+01
3.178730703259005352e+01
3.178044596912521413e+01
3.177186963979416845e+01
3.177186963979416845e+01
3.177186963979416490e+01
3.177186963979416490e+01
3.177186963979416845e+01
3.177186963979416490e+01
3.176843910806174875e+01
3.176500857632932906e+01
3.176329331046311921e+01
3.176329331046311921e+01
3.176329331046312276e+01
3.176329331046311921e+01
3.175986277873070307e+01
3.175986277873070307e+01
3.177358490566037474e+01
3.178044596912521413e+01
3.177873070325900429e+01
3.179759862778730195e+01
3.180960548885076733e+01
3.180445969125214134e+01
3.180102915951972520e+01
3.179759862778730550e+01
3.176157804459691647e+01
3.177701543739279799e+01
3.177015437392795860e+01
3.176329331046311921e+01
3.175986277873069952e+01
3.177530017152658814e+01
3.175471698113207353e+01
3.175471698113207353e+01
3.176843910806174875e+01
3.176500857632932906e+01
3.176329331046311921e+01
3.174785591766723769e+01
3.174442538593481800e+01
3.173413379073756246e+01
3.172898799313893647e+01
3.172898799313893647e+01
3.171012006861063526e+01
3.169811320754716988e+01
3.168782161234991079e+01
3.167753001715265526e+01
3.167753001715265881e+01
3.167753001715265881e+01
3.167924528301886511e+01
3.168439108061749465e+01
3.168439108061749465e+01
3.168953687821612064e+01
3.169468267581474663e+01
3.169639794168095648e+01
3.168610634648370095e+01
3.165866209262435405e+01
3.162607204116638115e+01
3.161063464837049963e+01
3.159348198970840116e+01
3.158147512864493933e+01
3.157975986277872948e+01
3.160720411663807639e+01
3.161578044596912207e+01
3.162435677530016775e+01
3.164322469982846897e+01
3.165180102915951466e+01
3.168953687821612419e+01
3.170840480274442541e+01
3.175643224699828338e+01
3.180274442538593149e+01
3.184905660377358316e+01
3.188507718696397575e+01
3.193138936535162742e+01
3.196740994854202356e+01
3.199313893653516061e+01
3.201886792452830122e+01
3.204459691252144182e+01
3.207032590051457532e+01
3.209605488850771593e+01
3.214236706689536760e+01
3.217667238421955744e+01
3.221955403087478942e+01
3.226243567753002139e+01
3.228473413379073520e+01
3.232761578044596718e+01
3.237049742710119915e+01
3.239279588336191296e+01
3.243396226415094219e+01
3.249056603773584584e+01
3.254545454545454675e+01
3.258319039451114918e+01
3.261063464837049253e+01
3.263464837049743039e+01
3.266037735849056389e+01
3.269811320754716633e+01
3.272384219554030693e+01
3.274957118353344754e+01
3.277358490566037119e+01
3.281989708404802286e+01
3.286620926243567453e+01
3.292624356775299788e+01
3.298627787307032122e+01
3.303259005145798000e+01
3.307032590051457532e+01
3.313036020583190577e+01
3.319039451114922201e+01
3.325042881646655246e+01
3.331217838765008565e+01
3.337392795883361885e+01
3.343053173241852960e+01
3.348713550600342614e+01
3.354888507718695934e+01
3.360891938250428268e+01
3.367066895368782298e+01
3.373241852487134906e+01
3.379245283018867951e+01
3.384391080617495362e+01
3.389708404802743758e+01
3.393138936535162031e+01
3.396569468267581016e+01
3.400343053173241969e+01
3.403773584905660243e+01
3.408747855917667380e+01
3.412521440823326913e+01
3.417495711835334049e+01
3.422813036020583155e+01
3.427958833619210566e+01
3.431560891938249824e+01
3.435162950257289793e+01
3.438765008576329762e+01
3.443567753001714493e+01
3.447169811320753752e+01
3.451972555746139903e+01
3.456775300171526055e+01
3.459519725557461101e+01
3.462264150943396146e+01
3.467066895368782298e+01
3.469982847341337617e+01
3.473756432246997861e+01
3.477358490566037119e+01
3.479759862778730906e+01
3.482332761578044256e+01
3.484905660377358316e+01
3.488336192109777301e+01
3.491766723842194864e+01
3.494511149228129909e+01
3.497255574614065665e+01
3.498970840480274092e+01
3.500514579759862954e+01
3.503259005145797289e+01
3.507890222984562456e+01
3.512006861063464669e+01
3.516809605488850821e+01
3.518181818181817988e+01
3.519210977701543186e+01
3.520411663807890079e+01
3.521097770154374018e+01
3.521783876500857247e+01
3.524013722126929338e+01
3.524699828473413277e+01
3.525385934819896505e+01
3.525728987993139185e+01
3.526243567753001429e+01
3.526758147512864383e+01
3.526758147512864383e+01
3.527958833619210566e+01
3.529159519725557459e+01
3.530360205831903642e+01
3.530874785591765885e+01
3.531732418524870809e+01
3.533104631217838687e+01
3.534133790737563885e+01
3.536878216123498930e+01
3.539279588336192006e+01
3.541680960548885082e+01
3.543739279588336188e+01
3.545454545454545325e+01
3.547512864493996432e+01
3.548713550600342614e+01
3.549571183533447538e+01
3.550085763293310492e+01
3.550600343053172736e+01
3.551114922813036401e+01
3.551629502572898645e+01
3.551972555746140614e+01
3.554545454545454675e+01
3.553859348198970736e+01
3.549742710120068523e+01
3.548713550600343325e+01
3.547684391080617416e+01
3.544425385934819417e+01
3.541337907375643113e+01
3.537221269296740900e+01
3.534133790737563885e+01
3.530017152658661672e+01
3.526415094339622414e+01
3.522813036020583155e+01
3.520240137221269094e+01
3.517324185248713775e+01
3.514408233276157034e+01
3.510291595197255532e+01
3.506174957118353319e+01
3.503430531732418274e+01
3.501543739279588152e+01
3.499656946826758031e+01
3.496740994854202711e+01
3.493996569468266955e+01
3.491252144082332620e+01
3.488507718696397575e+01
3.485591766723842255e+01
3.482675814751286225e+01
3.481132075471698784e+01
3.479588336192109921e+01
3.479245283018867951e+01
3.478902229845625982e+01
3.478559176672384012e+01
3.478044596912521769e+01
3.477701543739279799e+01
3.477358490566037830e+01
3.477186963979417555e+01
3.477015437392795860e+01
3.476843910806174875e+01
3.476500857632933617e+01
3.476157804459691647e+01
3.475814751286449678e+01
3.476157804459691647e+01
3.475300171526586723e+01
3.474442538593481800e+01
3.472898799313894358e+01
3.472727272727273373e+01
3.471355060034305495e+01
3.470154373927958602e+01
3.465351629502572450e+01
3.460891938250428979e+01
3.456432246998284796e+01
3.451972555746139903e+01
3.449742710120068523e+01
3.450943396226415416e+01
3.450428816466552462e+01
3.449571183533447538e+01
3.447512864493996432e+01
3.445969125214408280e+01
3.443910806174956463e+01
3.443396226415094930e+01
3.441337907375643113e+01
3.440137221269296219e+01
3.438936535162950037e+01
3.434819897084048534e+01
3.430531732418525337e+01
3.426243567753002139e+01
3.421955403087478942e+01
3.418353344768438973e+01
3.416466552315608851e+01
3.415094339622642394e+01
3.409948542024013562e+01
3.405660377358491075e+01
3.403259005145797289e+01
3.399142367066895076e+01
3.396740994854202000e+01
3.395540308747855818e+01
3.393653516295025696e+01
3.391252144082332620e+01
3.388679245283019270e+01
3.386106346483705209e+01
3.386620926243567453e+01
3.385248713550600996e+01
3.386620926243568164e+01
3.388164665523156316e+01
3.390566037735849392e+01
3.392967409948542468e+01
3.394168096054887940e+01
3.396397941680960741e+01
3.398970840480274092e+01
3.401543739279588863e+01
3.401543739279588863e+01
3.401543739279588863e+01
3.401543739279588863e+01
3.402915951972555320e+01
3.405145797598627411e+01
3.404974271012007137e+01
3.408576329331046395e+01
3.411492281303601715e+01
3.415094339622640973e+01
3.418524871355060668e+01
3.422126929674099216e+01
3.423670668953687368e+01
3.427272727272727337e+01
3.429159519725557459e+01
3.432761578044596718e+01
3.436363636363636687e+01
3.440137221269296930e+01
3.441680960548885082e+01
3.445283018867924341e+01
3.446998284734134188e+01
3.448713550600343325e+01
3.450428816466552462e+01
3.454202401372213416e+01
3.455917667238422553e+01
3.458833619210977872e+01
3.464837049742710917e+01
3.471012006861063526e+01
3.473927958833619556e+01
3.475814751286449678e+01
3.477701543739279799e+01
3.480617495711835829e+01
3.480445969125214845e+01
3.481646655231561027e+01
3.482504288164665240e+01
3.483190394511149179e+01
3.483190394511149179e+01
3.484905660377359027e+01
3.487650085763293362e+01
3.487307032590051392e+01
3.487307032590051392e+01
3.486963979416809423e+01
3.486963979416809423e+01
3.485420240137221271e+01
3.485420240137221981e+01
3.485420240137221981e+01
3.485420240137221271e+01
3.485420240137221271e+01
3.485420240137221271e+01
3.486620926243567453e+01
3.486620926243567453e+01
3.486620926243568164e+01
3.486620926243567453e+01
3.486620926243567453e+01
3.486620926243568164e+01
3.485420240137221981e+01
3.485420240137221981e+01
3.485420240137221271e+01
3.485420240137221981e+01
3.485420240137221981e+01
3.485591766723842966e+01
3.485763293310463240e+01
3.485934819897084225e+01
3.486106346483705920e+01
3.486277873070326905e+01
3.486449399656947179e+01
3.486620926243568164e+01
3.486792452830188438e+01
3.486963979416809423e+01
3.486792452830189148e+01
3.486620926243567453e+01
3.486963979416809423e+01
3.488164665523156316e+01
3.488336192109777301e+01
3.488507718696398285e+01
3.488679245283018560e+01
3.488850771869639544e+01
3.487821612349914346e+01
3.486792452830188438e+01
3.485763293310463240e+01
3.484734133790737332e+01
3.483361921097770164e+01
3.482161234991423271e+01
3.481132075471698073e+01
3.480102915951972165e+01
3.478902229845625982e+01
3.477701543739279089e+01
3.476843910806174875e+01
3.475986277873069952e+01
3.475128644939965739e+01
3.474099485420239830e+01
3.473241852487135617e+01
3.473584905660377586e+01
3.472727272727273373e+01
3.472898799313894358e+01
3.469982847341338328e+01
3.466895368782161313e+01
3.466037735849057100e+01
3.465180102915952887e+01
3.464150943396226978e+01
3.461921097770154887e+01
3.460205831903945750e+01
3.459519725557461811e+01
3.457632933104631690e+01
3.455746140651801568e+01
3.453859348198970736e+01
3.451972555746141325e+01
3.449056603773584584e+01
3.446140651801029264e+01
3.445454545454545325e+01
3.442538593481990006e+01
3.439622641509433976e+01
3.436878216123498930e+01
3.434133790737564595e+01
3.430531732418525337e+01
3.425557461406518200e+01
3.420583190394511064e+01
3.420754716981132049e+01
3.418867924528301927e+01
3.415951972555745897e+01
3.413379073756431836e+01
3.410977701543739471e+01
3.408576329331046395e+01
3.404459691252144182e+01
3.400343053173241969e+01
3.395197255574613848e+01
3.390051457975985727e+01
3.387650085763293362e+01
3.382847341337907210e+01
3.378730703259004997e+01
3.375300171526586723e+01
3.371869639794167739e+01
3.368267581475129191e+01
3.364665523156089932e+01
3.361063464837049963e+01
3.357461406518010705e+01
3.353344768439107781e+01
3.349228130360205569e+01
3.345111492281304066e+01
3.339794168096054960e+01
3.335506003430531763e+01
3.331217838765008565e+01
3.326929674099485368e+01
3.325728987993139185e+01
3.323327615780446109e+01
3.320926243567753033e+01
3.319554030874785155e+01
3.321440823327615988e+01
3.324356775300171307e+01
3.326243567753002139e+01
3.327101200686106353e+01
3.326929674099486078e+01
3.326758147512865094e+01
3.326586620926243398e+01
3.325042881646655246e+01
3.325728987993138475e+01
3.324528301886792292e+01
3.323327615780445399e+01
3.322126929674099927e+01
3.320926243567753033e+01
3.319725557461406140e+01
3.320411663807890079e+01
3.320068610634648110e+01
3.319554030874785155e+01
3.319210977701543897e+01
3.318696397941680942e+01
3.318867924528301927e+01
3.319039451114922912e+01
3.318010291595197714e+01
3.316809605488850821e+01
3.315608919382504638e+01
3.314236706689536760e+01
3.312864493996569593e+01
3.310977701543739471e+01
3.309605488850772304e+01
3.308233276157804426e+01
3.306689536878216984e+01
3.305660377358491075e+01
3.304631217838765167e+01
3.303602058319039259e+01
3.302744425385935756e+01
3.302915951972556030e+01
3.303087478559176304e+01
3.301029159519725908e+01
3.298970840480274092e+01
3.299142367066895076e+01
3.299313893653516061e+01
3.297255574614065665e+01
3.295197255574613848e+01
3.293138936535163452e+01
3.291080617495712346e+01
3.288850771869640255e+01
3.286620926243567453e+01
3.284391080617496073e+01
3.282161234991423271e+01
3.280102915951972875e+01
3.278902229845625982e+01
3.277186963979417555e+01
3.275471698113207708e+01
3.275300171526586723e+01
3.275128644939965739e+01
3.274957118353344754e+01
3.273413379073756602e+01
3.273241852487135617e+01
3.271698113207547465e+01
3.271355060034305495e+01
3.269811320754716633e+01
3.268267581475128480e+01
3.266895368782160602e+01
3.265523156089193435e+01
3.264150943396225557e+01
3.263636363636363313e+01
3.263121783876501070e+01
3.261749571183533192e+01
3.260548885077187009e+01
3.259348198970840116e+01
3.257975986277872948e+01
3.256775300171526055e+01
3.255574614065179873e+01
3.254373927958833690e+01
3.253173241852486797e+01
3.251972555746141325e+01
3.251286449399657386e+01
3.251801029159519629e+01
3.251629502572899355e+01
3.251629502572898645e+01
3.251801029159520340e+01
3.252487135506003568e+01
3.252658662092624553e+01
3.253173241852487507e+01
3.253173241852486797e+01
3.253687821612349751e+01
3.254030874785591720e+01
3.252658662092623842e+01
3.251286449399656675e+01
3.251629502572898645e+01
3.250600343053173447e+01
3.250428816466552462e+01
3.249056603773584584e+01
3.247855917667237691e+01
3.246655231560891508e+01
3.245626072041166310e+01
3.244596912521440402e+01
3.243739279588335478e+01
3.242538593481990006e+01
3.242710120068610280e+01
3.242710120068610991e+01
3.246483704974271234e+01
3.250257289879931477e+01
3.255574614065180583e+01
3.260891938250428268e+01
3.266209262435677374e+01
3.272041166380788724e+01
3.275643224699828693e+01
3.279245283018867951e+01
3.282847341337907210e+01
3.286449399656947179e+01
3.290051457975986438e+01
3.293653516295024986e+01
3.298284734133790153e+01
3.302915951972555320e+01
3.307547169811320487e+01
3.311835334476843684e+01
3.312349914236706638e+01
3.314922813036019988e+01
3.317495711835334760e+01
3.320754716981132049e+01
3.322984562607204140e+01
3.325214408233276231e+01
3.329502572898799428e+01
3.333619210977701641e+01
3.337392795883361885e+01
3.340994854202401143e+01
3.343396226415093508e+01
3.347169811320754462e+01
3.346826758147513203e+01
3.348542024013721630e+01
3.349056603773584584e+01
3.349571183533447538e+01
3.350085763293310492e+01
3.349571183533447538e+01
3.349056603773584584e+01
3.350771869639794431e+01
3.352487135506003568e+01
3.350771869639794431e+01
3.349056603773585294e+01
3.348542024013721630e+01
3.346998284734134188e+01
3.345969125214408280e+01
3.345111492281303356e+01
3.340994854202401143e+01
3.337221269296740189e+01
3.336363636363635976e+01
3.333276157804459672e+01
3.331903945111492504e+01
3.329502572898799428e+01
3.327787307032589581e+01
3.326072041166381155e+01
3.323156089193825125e+01
3.318353344768438973e+01
3.321097770154374018e+01
3.321612349914236972e+01
3.322126929674099216e+01
3.320411663807890079e+01
3.320926243567753033e+01
3.318181818181817988e+01
3.319554030874785155e+01
3.321955403087478942e+01
3.325385934819897216e+01
3.329159519725557459e+01
3.333104631217838687e+01
3.335677530017152037e+01
3.340308747855917915e+01
3.343567753001714493e+01
3.348027444253858675e+01
3.352658662092623842e+01
3.357289879931389009e+01
3.360891938250428268e+01
3.364493996569467527e+01
3.368267581475128480e+01
3.371869639794167739e+01
3.372555746140650967e+01
3.375986277873069952e+01
3.381646655231560317e+01
3.387307032590050682e+01
3.392967409948541757e+01
3.398627787307032122e+01
3.400686106346483228e+01
3.401543739279588152e+01
3.402915951972555320e+01
3.406861063464836548e+01
3.406861063464836548e+01
3.407204116638078517e+01
3.409262435677530334e+01
3.411149228130359745e+01
3.414236706689536760e+01
3.418181818181818699e+01
3.421612349914236972e+01
3.425214408233276231e+01
3.425385934819897216e+01
3.425042881646655246e+01
3.424871355060034261e+01
3.425214408233276231e+01
3.427444253859347612e+01
3.427101200686106353e+01
3.428816466552315489e+01
3.428816466552315489e+01
3.430531732418525337e+01
3.431389365351629550e+01
3.432761578044596718e+01
3.433619210977701641e+01
3.434648370497427550e+01
3.436192109777014991e+01
3.436192109777014991e+01
3.437907375643224839e+01
3.437735849056603143e+01
3.437564322469982869e+01
3.438593481989708067e+01
3.442881646655231265e+01
3.446998284734133478e+01
3.449056603773584584e+01
3.450943396226414706e+01
3.452830188679244827e+01
3.454716981132074949e+01
3.457804459691251964e+01
3.462435677530017131e+01
3.465008576329330481e+01
3.466380789022298359e+01
3.467753001715265526e+01
3.468096054888507496e+01
3.468782161234990724e+01
3.467066895368781587e+01
3.465351629502572450e+01
3.463636363636363313e+01
3.462264150943396146e+01
3.461921097770154176e+01
3.458833619210977872e+01
3.454716981132075659e+01
3.449571183533447538e+01
3.445969125214408280e+01
3.441166380789022128e+01
3.438593481989708067e+01
3.433619210977701641e+01
3.429674099485420413e+01
3.428130360205831551e+01
3.426415094339621703e+01
3.424699828473413277e+01
3.422984562607203429e+01
3.420068610634648110e+01
3.415094339622640973e+01
3.411320754716980730e+01
3.408747855917667380e+01
3.406174957118353319e+01
3.403602058319039259e+01
3.401029159519725908e+01
3.398456260720411137e+01
3.395883361921097787e+01
3.393310463121783727e+01
3.389365351629502499e+01
3.385420240137221271e+01
3.381475128644940042e+01
3.379759862778730906e+01
3.375986277873070662e+01
3.372041166380789434e+01
3.369296740994854389e+01
3.366552315608919344e+01
3.363807890222984298e+01
3.361234991423670238e+01
3.356432246998284796e+01
3.351801029159519629e+01
3.346998284734134188e+01
3.342195540308748036e+01
3.337392795883361885e+01
3.334819897084047824e+01
3.330188679245282657e+01
3.325385934819896505e+01
3.321097770154374018e+01
3.315094339622640973e+01
3.310463121783875806e+01
3.305660377358489654e+01
3.300857632933104213e+01
3.296226415094339757e+01
3.291766723842195574e+01
3.287307032590051392e+01
3.281646655231560317e+01
3.276843910806174875e+01
3.273070325900513922e+01
3.269296740994853678e+01
3.265523156089193435e+01
3.263293310463122054e+01
3.259519725557461101e+01
3.257118353344768025e+01
3.252830188679244827e+01
3.249399656946826553e+01
3.244768439108062097e+01
3.239965694682675945e+01
3.235162950257290504e+01
3.231903945111492504e+01
3.228816466552315489e+01
3.226586620926243398e+01
3.222298456260720201e+01
3.219210977701543897e+01
3.214922813036020699e+01
3.210634648370497501e+01
3.208233276157804426e+01
3.205317324185249106e+01
3.199828473413379015e+01
3.198113207547169878e+01
3.195711835334476802e+01
3.193310463121783727e+01
3.190051457975985727e+01
3.188679245283018560e+01
3.187135506003430407e+01
3.184734133790737332e+01
3.182332761578044256e+01
3.180445969125214134e+01
3.178559176672384012e+01
3.181989708404802286e+01
3.185248713550600286e+01
3.188679245283018560e+01
3.189708404802744468e+01
3.190737564322470021e+01
3.191766723842195219e+01
3.195197255574613848e+01
3.198970840480274092e+01
3.202572898799313350e+01
3.207032590051458243e+01
3.210806174957118486e+01
3.214065180102916486e+01
3.218696397941681653e+01
3.222469982847341186e+01
3.227272727272727337e+01
3.232075471698112779e+01
3.234819897084048534e+01
3.237049742710120626e+01
3.239794168096054960e+01
3.242538593481990006e+01
3.245283018867924341e+01
3.248027444253859386e+01
3.250943396226415416e+01
3.254030874785591720e+01
3.255574614065179873e+01
3.255403087478559598e+01
3.256260720411663101e+01
3.256089193825042116e+01
3.255917667238421132e+01
3.255746140651800147e+01
3.255574614065179162e+01
3.259348198970840116e+01
3.263121783876501070e+01
3.267581475128645252e+01
3.272041166380789434e+01
3.273241852487134906e+01
3.274442538593481800e+01
3.275128644939965739e+01
3.273584905660377586e+01
3.271012006861063526e+01
3.270840480274442541e+01
3.270840480274442541e+01
3.269639794168095648e+01
3.269639794168095648e+01
3.269639794168095648e+01
3.269639794168096358e+01
3.269639794168096358e+01
3.269639794168095648e+01
3.268953687821612419e+01
3.268439108061750176e+01
3.267924528301887221e+01
3.266723842195540328e+01
3.265523156089193435e+01
3.264322469982847252e+01
3.264322469982847963e+01
3.264150943396226978e+01
3.264150943396226268e+01
3.264150943396226268e+01
3.264150943396226978e+01
3.263979416809605283e+01
3.263979416809605283e+01
3.265008576329330481e+01
3.263979416809605283e+01
3.265180102915952176e+01
3.266380789022298359e+01
3.266552315608919344e+01
3.267581475128645252e+01
3.268610634648370450e+01
3.268610634648370450e+01
3.268782161234992145e+01
3.267581475128645252e+01
3.266380789022299069e+01
3.265351629502572450e+01
3.265351629502573161e+01
3.265523156089193435e+01
3.265866209262435405e+01
3.266209262435677374e+01
3.266380789022298359e+01
3.264837049742710207e+01
3.265523156089194146e+01
3.266380789022298359e+01
3.267924528301886511e+01
3.268096054888508206e+01
3.268439108061750176e+01
3.268610634648370450e+01
3.268782161234991435e+01
3.268610634648371160e+01
3.268439108061750176e+01
3.268610634648371160e+01
3.268610634648370450e+01
3.268610634648370450e+01
3.268267581475129191e+01
3.268267581475128480e+01
3.268267581475128480e+01
3.267924528301887221e+01
3.267924528301887221e+01
3.270497427101200572e+01
3.271355060034305495e+01
3.273413379073755891e+01
3.274785591766723769e+01
3.275986277873070662e+01
3.277873070325900784e+01
3.279759862778730906e+01
3.281646655231561738e+01
3.283704974271012134e+01
3.284048027444254103e+01
3.284219554030875088e+01
3.285248713550600996e+01
3.286449399656946468e+01
3.285763293310463951e+01
3.285591766723842966e+01
3.285934819897084225e+01
3.284734133790738042e+01
3.285420240137221981e+01
3.285591766723842255e+01
3.285591766723842966e+01
3.286963979416809423e+01
3.286106346483704499e+01
3.287135506003430407e+01
3.283533447684391149e+01
3.279759862778730906e+01
3.275128644939965739e+01
3.274442538593481800e+01
3.270668953687821556e+01
3.265866209262435405e+01
3.263293310463122054e+01
3.261578044596912207e+01
3.259862778730703070e+01
3.259176672384219131e+01
3.259519725557461101e+01
3.259862778730702360e+01
3.260205831903945040e+01
3.258147512864493933e+01
3.255060034305317629e+01
3.254202401372212705e+01
3.249742710120068523e+01
3.245969125214408280e+01
3.242024013722127052e+01
3.243053173241852960e+01
3.242024013722127052e+01
3.241680960548885082e+01
3.239451114922812991e+01
3.238421955403087793e+01
3.236192109777015702e+01
3.236192109777015702e+01
3.233962264150943611e+01
3.233619210977701641e+01
3.232246998284733763e+01
3.230874785591767306e+01
3.227444253859347612e+01
3.226072041166381155e+01
3.224699828473413277e+01
3.221269296740995003e+01
3.216809605488850821e+01
3.212349914236706638e+01
3.208919382504288365e+01
3.205488850771869380e+01
3.201029159519725908e+01
3.200686106346483939e+01
3.199313893653516061e+01
3.197941680960548894e+01
3.197598627787306569e+01
3.197255574614064599e+01
3.195883361921097787e+01
3.194511149228130265e+01
3.196226415094339757e+01
3.196912521440823696e+01
3.199142367066895432e+01
3.201029159519725908e+01
3.202915951972556030e+01
3.204802744425386152e+01
3.204631217838765167e+01
3.204459691252144182e+01
3.204288164665523198e+01
3.205145797598628121e+01
3.206003430531732334e+01
3.205831903945112060e+01
3.205660377358491075e+01
3.206518010291595289e+01
3.207375643224700212e+01
3.207547169811320487e+01
3.208919382504288365e+01
3.209777015437392578e+01
3.210634648370497501e+01
3.211492281303601715e+01
3.212349914236706638e+01
3.213036020583189867e+01
3.213722126929673806e+01
3.214408233276157745e+01
3.214408233276157745e+01
3.214408233276157745e+01
3.214408233276157745e+01
3.213207547169810852e+01
3.213379073756431836e+01
3.213550600343052821e+01
3.213550600343053532e+01
3.214065180102915775e+01
3.214065180102915775e+01
3.212692967409948608e+01
3.212864493996569593e+01
3.211320754716980730e+01
3.209948542024013562e+01
3.208576329331046395e+01
3.208576329331046395e+01
3.208233276157804426e+01
3.207890222984562456e+01
3.207718696397941471e+01
3.207718696397941471e+01
3.207547169811321197e+01
3.207204116638079228e+01
3.207032590051458243e+01
3.206861063464837969e+01
3.206518010291595289e+01
3.206174957118354030e+01
3.207547169811320487e+01
3.207204116638078517e+01
3.207718696397941471e+01
3.209090909090909349e+01
3.209262435677530334e+01
3.210634648370497501e+01
3.210634648370497501e+01
3.211663807890222699e+01
3.212864493996569593e+01
3.214065180102915775e+01
3.215094339622640973e+01
3.216295025728987866e+01
3.217667238421955034e+01
3.218696397941680942e+01
3.218867924528301927e+01
3.220068610634648110e+01
3.221440823327615988e+01
3.222641509433962170e+01
3.223842195540309064e+01
3.225214408233276231e+01
3.226586620926244109e+01
3.226758147512864383e+01
3.227272727272727337e+01
3.230874785591767306e+01
3.234305317324185580e+01
3.235334476843911489e+01
3.236706689536878656e+01
3.239451114922812991e+01
3.242195540308748036e+01
3.240823327615780158e+01
3.243396226415094219e+01
3.245969125214408280e+01
3.248198970840479660e+01
3.251114922813035690e+01
3.255403087478558888e+01
3.261406518010291222e+01
3.267409948542024267e+01
3.273413379073755891e+01
3.279416809605488226e+01
3.281303602058318347e+01
3.284562607204116347e+01
3.287135506003429697e+01
3.289022298456259819e+01
3.290909090909090651e+01
3.292109777015436833e+01
3.293310463121783727e+01
3.296397941680960741e+01
3.299485420240137046e+01
3.303087478559177015e+01
3.306689536878216273e+01
3.310291595197255532e+01
3.314922813036019988e+01
3.317324185248713064e+01
3.319725557461406140e+01
3.322126929674099927e+01
3.323327615780445399e+01
3.325385934819897216e+01
3.327444253859348322e+01
3.329331046312178444e+01
3.331217838765007855e+01
3.331903945111491794e+01
3.332590051457975733e+01
3.334305317324185580e+01
3.337049742710119915e+01
3.337735849056603854e+01
3.338421955403087793e+01
3.342710120068610280e+01
3.344768439108061386e+01
3.348370497427101355e+01
3.353344768439107781e+01
3.358319039451114918e+01
3.363293310463122054e+01
3.368267581475128480e+01
3.368782161234990724e+01
3.370325900514579587e+01
3.371869639794167739e+01
3.373413379073755891e+01
3.373756432246997861e+01
3.374785591766723769e+01
3.375814751286449678e+01
3.376843910806174875e+01
3.379073756432246967e+01
3.381475128644939332e+01
3.383876500857633118e+01
3.386277873070325484e+01
3.388850771869639544e+01
3.394339622641508925e+01
3.398113207547169878e+01
3.401543739279588152e+01
3.404974271012007137e+01
3.408404802744425410e+01
3.411835334476843684e+01
3.415094339622641684e+01
3.417495711835334049e+01
3.420754716981132049e+01
3.422984562607204140e+01
3.426243567753002139e+01
3.430874785591766596e+01
3.435677530017152037e+01
3.440651801029159174e+01
3.445626072041165600e+01
3.450085763293310492e+01
3.453344768439107781e+01
3.456603773584905070e+01
3.461063464837049253e+01
3.465523156089193435e+01
3.469982847341337617e+01
3.474271012006860815e+01
3.478730703259004997e+01
3.483190394511149179e+01
3.486620926243567453e+01
3.490051457975985727e+01
3.493481989708404001e+01
3.496912521440822985e+01
3.500171526586620985e+01
3.503430531732418274e+01
3.506689536878215563e+01
3.510120068610634547e+01
3.515780445969124912e+01
3.521440823327615988e+01
3.526243567753001429e+01
3.531046312178387581e+01
3.534476843910806565e+01
3.539622641509433976e+01
3.544768439108061386e+01
3.548885077186963599e+01
3.552830188679244827e+01
3.556775300171526766e+01
3.560891938250428268e+01
3.563293310463122054e+01
3.565694682675814420e+01
3.567066895368782298e+01
3.568782161234990724e+01
3.570668953687821556e+01
3.570668953687821556e+01
3.569639794168095648e+01
3.571698113207547465e+01
3.573241852487136327e+01
3.574785591766723769e+01
3.574785591766723769e+01
3.575300171526586723e+01
3.574785591766723769e+01
3.576500857632933617e+01
3.576157804459690936e+01
3.578044596912521058e+01
3.579931389365351180e+01
3.583190394511149179e+01
3.585420240137221271e+01
3.586449399656946468e+01
3.588507718696398285e+01
3.589536878216123483e+01
3.589536878216122773e+01
3.592795883361921483e+01
3.594854202401371879e+01
3.595883361921097787e+01
3.596569468267581726e+01
3.597598627787306924e+01
3.598627787307032122e+01
3.598456260720411137e+01
3.594339622641508925e+01
3.588850771869639544e+01
3.583361921097770164e+01
3.579073756432246967e+01
3.574785591766723769e+01
3.570497427101200572e+01
3.567924528301886511e+01
3.565351629502572450e+01
3.562778730703259100e+01
3.559005145797598857e+01
3.556603773584905070e+01
3.554030874785591720e+01
3.550428816466552462e+01
3.545626072041166310e+01
3.542024013722127052e+01
3.538421955403087082e+01
3.536706689536877946e+01
3.533104631217838687e+01
3.529502572898799428e+01
3.527101200686106353e+01
3.524699828473413277e+01
3.522298456260719490e+01
3.519897084048027125e+01
3.517495711835334049e+01
3.513550600343053532e+01
3.509777015437393288e+01
3.507204116638078517e+01
3.504631217838765167e+01
3.504116638078902213e+01
3.501543739279588152e+01
3.498970840480274092e+01
3.496397941680960031e+01
3.493825042881646681e+01
3.491252144082332620e+01
3.488679245283018560e+01
3.483876500857633118e+01
3.479073756432246967e+01
3.477701543739279089e+01
3.476329331046311921e+01
3.474957118353344754e+01
3.474614065180102784e+01
3.474785591766723769e+01
3.474957118353344754e+01
3.474957118353344754e+01
3.474614065180102784e+01
3.474614065180102784e+01
3.474957118353344754e+01
3.473413379073755891e+01
3.472041166380788724e+01
3.472212692967409708e+01
3.473584905660376876e+01
3.472727272727272663e+01
3.473584905660377586e+01
3.469296740994853678e+01
3.467238421955403282e+01
3.462950257289880085e+01
3.460720411663807994e+01
3.457289879931389009e+01
3.457289879931389009e+01
3.456260720411663812e+01
3.454202401372212705e+01
3.451972555746140614e+01
3.448542024013721630e+01
3.443910806174956463e+01
3.441680960548885082e+01
3.438250428816466808e+01
3.435506003430531763e+01
3.431732418524870809e+01
3.428473413379073520e+01
3.425042881646655246e+01
3.422641509433962170e+01
3.419897084048027125e+01
3.417324185248713775e+01
3.414751286449399714e+01
3.415265866209262668e+01
3.414236706689537471e+01
3.408233276157804426e+01
3.402229845626072091e+01
3.396397941680960741e+01
3.390909090909090651e+01
3.389022298456261240e+01
3.386792452830188438e+01
3.384734133790738042e+01
3.382161234991423981e+01
3.381303602058319058e+01
3.380617495711835829e+01
3.383704974271012134e+01
3.384048027444254103e+01
3.382332761578044256e+01
3.379588336192109921e+01
3.375643224699828693e+01
3.374271012006860815e+01
3.377358490566038540e+01
3.379588336192109921e+01
3.381818181818182012e+01
3.385077186963979301e+01
3.386449399656946468e+01
3.388850771869640255e+01
3.390909090909090651e+01
3.395540308747855818e+01
3.398627787307032833e+01
3.401372212692967878e+01
3.404459691252144182e+01
3.407375643224699502e+01
3.410120068610635258e+01
3.413036020583190577e+01
3.417667238421955034e+01
3.420411663807890079e+01
3.425042881646655246e+01
3.429674099485420413e+01
3.433276157804459672e+01
3.433962264150943611e+01
3.434476843910805854e+01
3.437221269296740900e+01
3.438078902229845824e+01
3.438936535162950747e+01
3.439794168096054960e+01
3.441509433962264097e+01
3.443224699828473234e+01
3.444939965694682371e+01
3.443396226415093508e+01
3.443053173241852249e+01
3.442710120068610280e+01
3.441166380789022128e+01
3.440994854202401143e+01
3.441852487135506067e+01
3.442710120068610991e+01
3.443224699828473945e+01
3.442710120068610991e+01
3.443910806174957173e+01
3.445111492281303356e+01
3.446312178387650249e+01
3.446140651801029264e+01
3.447169811320755173e+01
3.446998284734134188e+01
3.448198970840479660e+01
3.449399656946826553e+01
3.449228130360205569e+01
3.449228130360205569e+01
3.449228130360205569e+01
3.449228130360206279e+01
3.450428816466552462e+01
3.451629502572898645e+01
3.450943396226414706e+01
3.450257289879931477e+01
3.449056603773584584e+01
3.447855917667238401e+01
3.446655231560892219e+01
3.446655231560891508e+01
3.446655231560892219e+01
3.445626072041166310e+01
3.445797598627787295e+01
3.445797598627787295e+01
3.446998284734134188e+01
3.448198970840480371e+01
3.449571183533447538e+01
3.450943396226415416e+01
3.451286449399657386e+01
3.451629502572899355e+01
3.451801029159519629e+01
3.451972555746140614e+01
3.452144082332762309e+01
3.452144082332762309e+01
3.452315608919382584e+01
3.452658662092624553e+01
3.451629502572899355e+01
3.451972555746140614e+01
3.450771869639794431e+01
3.449742710120068523e+01
3.448198970840480371e+01
3.449742710120068523e+01
3.449914236706689508e+01
3.449056603773584584e+01
3.449228130360205569e+01
3.448027444253858675e+01
3.447855917667238401e+01
3.447684391080617416e+01
3.448713550600342614e+01
3.448885077186963599e+01
3.447855917667238401e+01
3.446998284734133478e+01
3.448542024013721630e+01
3.448542024013721630e+01
3.449228130360205569e+01
3.449399656946826553e+01
3.450257289879931477e+01
3.451457975986277660e+01
3.452658662092623842e+01
3.453001715265865812e+01
3.453344768439107781e+01
3.454545454545454675e+01
3.455574614065179873e+01
3.455746140651800857e+01
3.455574614065179873e+01
3.456775300171526766e+01
3.457975986277872948e+01
3.459005145797598146e+01
3.460034305317324055e+01
3.461578044596912207e+01
3.462607204116638115e+01
3.461749571183533192e+01
3.461921097770154176e+01
3.460891938250428979e+01
3.460377358490566024e+01
3.460720411663807994e+01
3.461234991423670238e+01
3.461578044596912207e+01
3.461749571183533192e+01
3.462950257289880085e+01
3.463464837049743039e+01
3.460377358490566735e+01
3.457461406518010705e+01
3.456260720411663812e+01
3.453859348198970736e+01
3.451457975986277660e+01
3.450085763293310492e+01
3.450085763293310492e+01
3.448713550600342614e+01
3.447341337907375447e+01
3.445111492281303356e+01
3.443739279588335478e+01
3.441337907375643113e+01
3.440308747855917204e+01
3.440137221269296219e+01
3.438936535162950747e+01
3.437564322469982869e+01
3.438421955403087793e+01
3.438936535162950747e+01
3.438421955403087793e+01
3.437907375643224839e+01
3.437392795883361885e+01
3.436878216123498930e+01
3.436363636363635976e+01
3.434819897084048534e+01
3.435334476843910778e+01
3.434819897084047824e+01
3.433276157804459672e+01
3.432761578044596718e+01
3.432246998284734474e+01
3.431732418524870809e+01
3.431217838765008565e+01
3.428473413379073520e+01
3.425728987993139185e+01
3.422984562607204140e+01
3.420240137221269094e+01
3.420754716981132049e+01
3.421269296740995003e+01
3.421783876500857957e+01
3.422298456260720201e+01
3.422813036020583155e+01
3.422298456260720911e+01
3.422813036020583866e+01
3.424528301886792292e+01
3.425042881646655246e+01
3.424528301886792292e+01
3.424013722126929338e+01
3.423499142367067094e+01
3.424185248713550322e+01
3.423842195540309774e+01
3.424528301886792292e+01
3.425214408233276231e+01
3.427101200686107063e+01
3.428987993138937185e+01
3.430874785591767306e+01
3.430531732418525337e+01
3.429159519725557459e+01
3.427787307032590292e+01
3.426586620926244109e+01
3.426586620926243398e+01
3.426586620926244109e+01
3.427101200686106353e+01
3.426586620926243398e+01
3.428301886792452535e+01
3.425900514579760170e+01
3.424699828473413277e+01
3.423327615780446109e+01
3.420926243567753033e+01
3.418524871355060668e+01
3.417152658662092790e+01
3.415780445969124912e+01
3.416638078902229836e+01
3.416295025728987866e+01
3.418010291595197003e+01
3.417667238421955034e+01
3.417152658662092790e+01
3.416638078902229836e+01
3.416123499142366882e+01
3.415780445969125623e+01
3.416466552315608851e+01
3.414922813036021410e+01
3.413207547169811562e+01
3.412006861063464669e+01
3.410120068610635258e+01
3.408404802744425410e+01
3.406689536878216273e+01
3.404974271012007137e+01
3.403259005145798000e+01
3.401543739279588863e+01
3.399828473413379015e+01
3.398627787307032833e+01
3.397427101200686650e+01
3.396226415094339757e+01
3.394511149228130620e+01
3.392795883361921483e+01
3.390909090909090651e+01
3.389193825042881514e+01
3.384562607204116347e+01
3.382161234991423271e+01
3.379931389365351890e+01
3.380274442538593149e+01
3.378902229845625982e+01
3.376843910806174165e+01
3.374785591766723769e+01
3.372727272727271952e+01
3.370325900514580297e+01
3.368096054888508206e+01
3.365694682675815130e+01
3.363979416809605993e+01
3.364150943396226978e+01
3.364322469982847252e+01
3.364150943396226978e+01
3.365351629502573161e+01
3.366895368782161313e+01
3.367066895368782298e+01
3.369468267581475374e+01
3.371183533447684511e+01
3.370668953687821556e+01
3.371355060034305495e+01
3.372041166380789434e+01
3.374614065180102784e+01
3.378044596912521769e+01
3.378559176672384723e+01
3.378044596912521058e+01
3.378902229845625982e+01
3.379759862778730906e+01
3.380617495711835119e+01
3.380617495711835119e+01
3.384562607204116347e+01
3.387478559176672377e+01
3.386963979416809423e+01
3.386449399656946468e+01
3.385934819897083514e+01
3.387821612349914346e+01
3.390737564322469666e+01
3.391423670668953605e+01
3.395711835334476802e+01
3.399313893653516061e+01
3.400686106346483939e+01
3.401200686106346183e+01
3.399656946826758031e+01
3.400343053173241969e+01
3.401029159519725908e+01
3.400514579759862954e+01
3.401200686106346893e+01
3.401886792452830832e+01
3.402572898799314061e+01
3.403259005145797289e+01
3.406689536878216984e+01
3.408747855917667380e+01
3.410634648370497501e+01
3.412521440823327623e+01
3.414236706689537471e+01
3.415951972555745897e+01
3.418524871355059247e+01
3.421097770154374018e+01
3.423670668953687368e+01
3.428473413379073520e+01
3.434305317324185580e+01
3.439108061749571021e+01
3.441509433962264097e+01
3.447341337907375447e+01
3.448713550600343325e+01
3.449056603773584584e+01
3.447512864493996432e+01
3.446826758147513203e+01
3.445111492281303356e+01
3.444425385934820127e+01
3.442195540308748036e+01
3.440308747855917915e+01
3.438421955403087793e+01
3.436535162950257671e+01
3.436706689536878656e+01
3.436878216123498930e+01
3.437049742710119915e+01
3.436192109777015702e+01
3.435334476843910778e+01
3.435506003430531763e+01
3.436706689536878656e+01
3.436878216123499641e+01
3.437049742710119915e+01
3.441337907375643113e+01
3.443396226415094219e+01
3.442710120068610991e+01
3.442024013722127052e+01
3.443224699828473945e+01
3.444596912521441112e+01
3.447169811320754462e+01
3.448713550600342614e+01
3.451972555746140614e+01
3.456089193825043537e+01
3.460377358490566735e+01
3.464665523156089222e+01
3.467753001715265526e+01
3.470668953687821556e+01
3.471355060034305495e+01
3.472041166380789434e+01
3.474442538593481800e+01
3.477358490566037830e+01
3.479759862778730906e+01
3.481818181818182012e+01
3.485248713550600286e+01
3.488850771869640255e+01
3.494854202401371879e+01
3.500686106346483939e+01
3.506689536878215563e+01
3.512692967409948608e+01
3.518696397941680942e+01
3.524699828473413277e+01
3.527272727272726627e+01
3.529845626072041398e+01
3.533619210977701641e+01
3.537564322469982869e+01
3.541509433962264097e+01
3.544253859348198432e+01
3.545283018867924341e+01
3.548027444253858675e+01
3.549914236706689508e+01
3.551114922813035690e+01
3.552315608919381873e+01
3.553516295025729477e+01
3.554888507718696644e+01
3.556089193825043537e+01
3.557289879931389009e+01
3.557461406518010705e+01
3.557804459691251964e+01
3.558319039451114918e+01
3.558662092624356887e+01
3.559176672384219842e+01
3.559691252144082796e+01
3.560205831903945750e+01
3.560720411663807994e+01
3.561406518010291933e+01
3.560205831903945040e+01
3.558319039451114918e+01
3.556432246998284796e+01
3.554888507718695934e+01
3.552830188679244827e+01
3.547684391080616706e+01
3.544768439108061386e+01
3.544253859348198432e+01
3.544768439108061386e+01
3.543053173241852249e+01
3.541337907375643113e+01
3.540823327615780158e+01
3.539622641509433976e+01
3.538421955403087793e+01
3.536192109777015702e+01
3.532933104631217702e+01
3.528473413379073520e+01
3.523670668953688079e+01
3.519039451114922912e+01
3.513036020583190577e+01
3.507032590051457532e+01
3.504802744425386152e+01
3.501200686106346893e+01
3.498970840480274802e+01
3.498113207547169878e+01
3.494682675814751605e+01
3.493138936535163452e+01
3.491766723842195574e+01
3.488336192109777301e+01
3.483704974271012134e+01
3.479073756432246967e+01
3.474442538593481800e+01
3.469982847341337617e+01
3.466552315608919344e+01
3.464322469982847252e+01
3.460891938250428268e+01
3.458662092624356887e+01
3.454545454545454675e+01
3.450771869639794431e+01
3.446998284734133478e+01
3.443396226415094930e+01
3.439794168096054960e+01
3.437392795883361885e+01
3.434991423670668809e+01
3.432590051457975733e+01
3.430188679245282657e+01
3.429845626072041398e+01
3.429502572898799428e+01
3.427101200686106353e+01
3.424699828473413277e+01
3.422298456260720911e+01
3.417667238421955744e+01
3.413036020583190577e+01
3.408404802744425410e+01
3.403773584905660243e+01
3.402572898799313350e+01
3.401543739279588152e+01
3.400514579759862954e+01
3.399656946826758031e+01
3.399828473413379015e+01
3.398799313893653107e+01
3.397770154373927909e+01
3.398113207547169878e+01
3.397084048027444680e+01
3.396054888507718772e+01
3.396397941680960741e+01
3.396740994854202711e+01
3.397255574614065665e+01
3.393138936535163452e+01
3.391252144082332620e+01
3.389365351629502499e+01
3.387478559176672377e+01
3.385591766723842255e+01
3.383704974271011423e+01
3.380617495711835119e+01
3.378216123499142043e+01
3.376157804459690936e+01
3.375128644939965739e+01
3.373241852487134906e+01
3.369982847341337617e+01
3.366552315608919344e+01
3.362950257289880085e+01
3.359348198970840116e+01
3.356260720411663812e+01
3.354373927958833690e+01
3.352144082332761599e+01
3.348713550600342614e+01
3.347341337907375447e+01
3.345797598627787295e+01
3.344253859348199143e+01
3.342710120068610991e+01
3.341166380789022128e+01
3.340651801029159174e+01
3.339965694682675235e+01
3.339279588336192006e+01
3.339622641509434686e+01
3.337907375643224839e+01
3.338250428816466808e+01
3.338593481989708778e+01
3.339794168096054960e+01
3.338765008576329762e+01
3.337735849056603854e+01
3.337564322469982869e+01
3.338421955403087793e+01
3.338421955403087793e+01
3.336878216123498930e+01
3.335334476843910778e+01
3.334648370497427550e+01
3.333962264150943611e+01
3.333276157804459672e+01
3.332590051457975733e+01
3.334476843910806565e+01
3.336363636363635976e+01
3.339279588336192006e+01
3.341852487135506067e+01
3.344253859348199143e+01
3.348027444253859386e+01
3.352830188679244827e+01
3.355231560891937903e+01
3.357975986277872948e+01
3.360891938250428979e+01
3.364837049742710207e+01
3.368782161234992145e+01
3.373756432246998571e+01
3.376500857632933617e+01
3.381303602058319058e+01
3.384048027444254103e+01
3.386963979416809423e+01
3.388507718696398285e+01
3.391080617495711635e+01
3.394854202401371879e+01
3.397598627787306924e+01
3.401372212692967878e+01
3.406346483704974304e+01
3.403945111492281228e+01
3.402572898799314061e+01
3.401029159519725198e+01
3.399656946826758031e+01
3.399313893653516061e+01
3.398799313893653107e+01
3.399656946826758031e+01
3.400514579759862954e+01
3.401715265866209847e+01
3.402915951972555320e+01
3.401886792452830122e+01
3.401886792452830122e+01
3.401372212692967167e+01
3.401372212692967878e+01
3.401372212692967878e+01
3.401372212692967878e+01
3.402572898799314061e+01
3.402401372212693786e+01
3.402401372212693786e+01
3.402401372212693076e+01
3.403602058319039259e+01
3.403602058319039259e+01
3.403602058319039259e+01
3.403602058319039259e+01
3.403602058319039259e+01
3.403602058319039259e+01
3.403602058319039259e+01
3.403602058319039259e+01
3.403602058319039259e+01
3.403602058319039259e+01
3.403773584905660243e+01
3.404974271012006426e+01
3.406174957118353319e+01
3.407375643224699502e+01
3.408576329331046395e+01
3.408747855917667380e+01
3.409090909090909349e+01
3.409433962264151319e+01
3.409605488850771593e+01
3.409948542024013562e+01
3.409090909090909349e+01
3.408233276157804426e+01
3.407375643224699502e+01
3.407718696397941471e+01
3.406861063464837258e+01
3.406003430531733045e+01
3.406174957118353319e+01
3.405317324185248395e+01
3.405317324185248395e+01
3.405317324185249106e+01
3.405488850771870091e+01
3.404631217838765167e+01
3.403602058319039969e+01
3.402401372212693076e+01
3.401372212692967878e+01
3.401372212692967167e+01
3.400171526586620985e+01
3.399828473413379015e+01
3.399828473413379015e+01
3.400000000000000000e+01
3.400000000000000000e+01
3.400000000000000000e+01
3.400000000000000000e+01
3.400171526586620985e+01
3.400343053173241969e+01
3.400343053173241969e+01
3.400343053173241969e+01
3.400343053173241969e+01
3.399142367066895076e+01
3.399313893653516061e+01
3.400514579759862954e+01
3.401715265866209137e+01
3.401886792452830122e+01
3.403602058319039259e+01
3.404116638078902213e+01
3.405145797598628121e+01
3.405317324185249106e+01
3.405488850771870091e+01
3.406003430531732334e+01
3.406174957118353319e+01
3.407375643224699502e+01
3.408404802744425410e+01
3.407204116638079228e+01
3.408747855917667380e+01
3.410291595197255532e+01
3.411320754716981440e+01
3.411492281303601715e+01
3.411663807890222699e+01
3.411835334476843684e+01
3.413379073756432547e+01
3.413893653516295501e+01
3.414408233276157745e+01
3.414922813036020699e+01
3.411663807890222699e+01
3.411149228130360456e+01
3.411663807890223410e+01
3.412178387650085654e+01
3.412692967409948608e+01
3.410634648370496791e+01
3.407718696397941471e+01
3.405831903945111350e+01
3.403945111492281228e+01
3.404288164665523198e+01
3.404631217838765167e+01
3.403773584905660243e+01
3.402915951972556030e+01
3.401029159519725908e+01
3.400343053173241969e+01
3.398456260720411848e+01
3.397598627787306924e+01
3.395540308747855818e+01
3.392109777015437544e+01
3.389879931389365453e+01
3.386449399656947179e+01
3.383018867924528905e+01
3.380789022298456103e+01
3.377358490566037830e+01
3.373584905660376876e+01
3.369811320754716633e+01
3.366037735849056389e+01
3.362264150943396146e+01
3.360720411663807994e+01
3.359176672384219842e+01
3.357632933104630979e+01
3.354030874785591720e+01
3.350428816466552462e+01
3.348885077186964310e+01
3.350600343053173447e+01
3.351286449399657386e+01
3.351972555746141325e+01
3.352487135506003568e+01
3.353001715265865812e+01
3.352487135506003568e+01
3.351972555746140614e+01
3.351457975986277660e+01
3.350943396226414706e+01
3.351457975986278370e+01
3.351972555746140614e+01
3.352487135506003568e+01
3.353001715265865812e+01
3.353516295025728766e+01
3.354030874785591720e+01
3.353516295025728766e+01
3.353687821612349751e+01
3.353173241852486797e+01
3.352658662092624553e+01
3.352144082332761599e+01
3.351629502572899355e+01
3.351114922813036401e+01
3.351801029159520340e+01
3.353687821612350461e+01
3.354030874785591720e+01
3.354888507718696644e+01
3.355746140651801568e+01
3.356603773584905781e+01
3.357289879931389009e+01
3.356946826758147751e+01
3.357975986277872948e+01
3.357975986277872948e+01
3.356775300171526766e+01
3.354373927958833690e+01
3.351801029159519629e+01
3.350257289879931477e+01
3.348713550600342614e+01
3.346998284734133478e+01
3.345283018867924341e+01
3.343739279588336188e+01
3.342195540308748036e+01
3.340651801029159174e+01
3.339108061749571021e+01
3.337564322469982869e+01
3.335849056603773022e+01
3.335506003430531763e+01
3.333790737564322626e+01
3.333447684391080656e+01
3.334133790737563885e+01
3.334819897084047824e+01
3.333104631217838687e+01
3.332418524871354748e+01
3.332933104631217702e+01
3.332418524871354748e+01
3.333104631217838687e+01
3.332590051457975733e+01
3.332075471698112779e+01
3.331560891938249824e+01
3.331046312178388291e+01
3.331732418524870809e+01
3.332246998284733763e+01
3.331560891938250535e+01
3.330874785591766596e+01
3.331046312178387581e+01
3.329845626072041398e+01
3.330188679245283367e+01
3.328816466552315489e+01
3.327444253859348322e+01
3.326929674099486078e+01
3.327958833619210566e+01
3.328473413379073520e+01
3.329159519725557459e+01
3.329502572898799428e+01
3.329674099485420413e+01
3.328473413379073520e+01
3.328987993138936474e+01
3.329674099485420413e+01
3.330360205831903642e+01
3.331046312178387581e+01
3.331217838765008565e+01
3.332933104631217702e+01
3.331903945111492504e+01
3.332246998284733763e+01
3.333104631217838687e+01
3.333447684391080656e+01
3.332590051457975733e+01
3.331903945111491794e+01
3.331046312178386870e+01
3.329331046312178444e+01
3.328301886792452535e+01
3.331903945111492504e+01
3.335506003430532473e+01
3.337049742710119915e+01
3.337564322469982869e+01
3.338078902229845824e+01
3.337564322469982869e+01
3.336878216123499641e+01
3.335677530017152748e+01
3.336363636363635976e+01
3.338078902229845113e+01
3.339794168096054960e+01
3.341509433962264097e+01
3.342024013722127052e+01
3.342538593481990006e+01
3.343053173241852249e+01
3.342367066895369021e+01
3.341509433962264097e+01
3.344768439108062097e+01
3.348027444253859386e+01
3.351114922813036401e+01
3.354373927958833690e+01
3.357632933104630979e+01
3.360720411663807994e+01
3.364837049742710917e+01
3.366380789022298359e+01
3.369811320754716633e+01
3.373241852487134906e+01
3.376672384219553891e+01
3.378559176672384012e+01
3.382504288164665951e+01
3.384219554030875088e+01
3.385934819897084225e+01
3.387650085763293362e+01
3.391423670668953605e+01
3.395197255574613848e+01
3.395540308747855818e+01
3.395883361921097787e+01
3.396226415094339757e+01
3.395540308747856528e+01
3.394854202401372589e+01
3.395197255574613848e+01
3.394511149228130620e+01
3.393825042881646681e+01
3.393310463121784437e+01
3.393653516295025696e+01
3.393996569468267666e+01
3.394339622641509635e+01
3.393481989708404711e+01
3.393825042881646681e+01
3.392967409948542468e+01
3.392109777015437544e+01
3.391252144082332620e+01
3.390394511149227696e+01
3.389536878216123483e+01
3.389708404802744468e+01
3.391938250428816559e+01
3.394168096054888650e+01
3.396226415094339757e+01
3.397084048027444680e+01
3.399142367066895076e+01
3.400514579759862244e+01
3.401886792452829411e+01
3.403430531732418274e+01
3.406861063464837258e+01
3.409605488850771593e+01
3.413722126929673806e+01
3.418010291595196293e+01
3.424013722126929338e+01
3.427272727272726627e+01
3.430531732418524626e+01
3.432761578044596718e+01
3.436192109777014991e+01
3.437392795883361885e+01
3.438593481989708778e+01
3.442024013722127052e+01
3.443224699828473945e+01
3.446655231560892219e+01
3.450085763293310492e+01
3.452487135506004279e+01
3.456089193825043537e+01
3.459862778730703781e+01
3.463121783876501070e+01
3.467066895368782298e+01
3.471183533447684511e+01
3.475300171526586723e+01
3.480274442538593860e+01
3.485248713550600286e+01
3.490222984562606712e+01
3.495883361921097787e+01
3.501200686106346893e+01
3.506518010291594578e+01
3.511149228130359745e+01
3.514065180102915775e+01
3.519039451114922912e+01
3.521440823327615988e+01
3.523842195540309064e+01
3.526072041166380444e+01
3.528301886792452535e+01
3.530360205831903642e+01
3.530188679245283367e+01
3.530703259005145611e+01
3.531217838765008565e+01
3.531389365351628840e+01
3.531560891938249824e+01
3.531903945111491794e+01
3.533790737564322626e+01
3.534476843910806565e+01
3.534991423670668809e+01
3.533104631217838687e+01
3.531560891938250535e+01
3.531217838765009276e+01
3.528473413379074231e+01
3.526758147512865094e+01
3.527101200686107063e+01
3.527958833619211276e+01
3.528301886792452535e+01
3.529674099485420413e+01
3.526929674099485368e+01
3.524185248713550322e+01
3.522641509433962881e+01
3.522641509433962881e+01
3.523156089193825835e+01
3.521955403087478942e+01
3.521440823327615988e+01
3.520754716981132049e+01
3.520068610634648110e+01
3.519382504288164171e+01
3.514751286449399004e+01
3.510120068610633837e+01
3.506518010291595289e+01
3.503602058319039259e+01
3.503945111492281939e+01
3.501029159519725908e+01
3.497598627787307635e+01
3.494682675814751605e+01
3.491252144082332620e+01
3.487821612349914346e+01
3.486620926243567453e+01
3.483190394511149179e+01
3.480789022298456814e+01
3.477358490566037830e+01
3.475128644939965739e+01
3.472898799313893647e+01
3.470668953687821556e+01
3.468439108061749465e+01
3.466209262435677374e+01
3.463979416809605283e+01
3.460034305317324055e+01
3.457461406518009994e+01
3.455060034305317629e+01
3.452658662092624553e+01
3.450428816466552462e+01
3.448027444253858675e+01
3.445797598627787295e+01
3.443567753001715204e+01
3.441337907375643113e+01
3.436878216123498930e+01
3.432418524871355459e+01
3.427958833619210566e+01
3.426929674099485368e+01
3.422469982847341186e+01
3.421440823327615988e+01
3.421440823327615988e+01
3.422298456260720911e+01
3.422469982847341896e+01
3.422641509433962170e+01
3.422984562607204140e+01
3.423156089193825835e+01
3.423499142367067094e+01
3.423842195540309064e+01
3.424013722126930048e+01
3.424185248713550322e+01
3.424356775300171307e+01
3.424871355060034261e+01
3.425214408233276231e+01
3.425385934819897216e+01
3.425557461406518200e+01
3.424871355060034261e+01
3.424013722126929338e+01
3.423156089193825125e+01
3.418867924528301927e+01
3.416981132075471805e+01
3.416981132075471805e+01
3.418353344768438973e+01
3.416638078902229836e+01
3.414579759862778729e+01
3.411320754716980730e+01
3.409090909090909349e+01
3.405145797598628121e+01
3.401200686106346183e+01
3.397084048027444680e+01
3.392967409948542468e+01
3.392967409948541757e+01
3.391766723842195574e+01
3.392795883361921483e+01
3.393825042881646681e+01
3.392452830188679513e+01
3.392109777015437544e+01
3.392795883361921483e+01
3.391252144082332620e+01
3.392109777015437544e+01
3.393481989708404711e+01
3.391423670668953605e+01
3.390394511149228407e+01
3.389536878216124194e+01
3.388679245283019270e+01
3.387650085763293362e+01
3.387650085763293362e+01
3.388850771869640255e+01
3.390051457975986438e+01
3.389879931389365453e+01
3.389708404802744468e+01
3.390566037735848681e+01
3.392624356775300498e+01
3.394682675814750894e+01
3.396740994854202711e+01
3.397770154373927909e+01
3.399656946826758031e+01
3.401543739279588863e+01
3.403430531732418274e+01
3.405317324185249106e+01
3.407375643224699502e+01
3.409433962264151319e+01
3.412349914236706638e+01
3.415265866209262668e+01
3.418010291595197003e+01
3.419039451114922201e+01
3.421783876500857957e+01
3.424356775300171307e+01
3.427101200686106353e+01
3.427958833619210566e+01
3.429331046312178444e+01
3.433619210977701641e+01
3.438593481989708778e+01
3.443567753001715204e+01
3.448198970840480371e+01
3.453173241852487507e+01
3.458147512864493933e+01
3.460891938250428979e+01
3.463807890222984298e+01
3.465351629502573161e+01
3.469125214408233404e+01
3.472898799313894358e+01
3.475814751286449678e+01
3.478559176672384723e+01
3.476500857632933617e+01
3.475471698113207708e+01
3.477358490566038540e+01
3.475814751286449678e+01
3.477873070325900073e+01
3.478730703259004997e+01
3.480960548885077088e+01
3.482161234991423981e+01
3.481989708404802997e+01
3.483190394511149179e+01
3.483018867924528195e+01
3.481646655231560317e+01
3.482847341337907210e+01
3.482847341337907210e+01
3.482675814751286225e+01
3.482675814751286225e+01
3.483876500857633118e+01
3.485077186963979301e+01
3.486277873070325484e+01
3.487307032590051392e+01
3.486106346483704499e+01
3.484905660377358316e+01
3.485420240137221271e+01
3.484219554030874377e+01
3.484219554030874377e+01
3.484219554030875088e+01
3.483018867924528195e+01
3.483018867924528195e+01
3.483190394511149179e+01
3.481989708404802286e+01
3.481989708404802286e+01
3.483190394511149179e+01
3.484391080617496073e+01
3.485591766723842255e+01
3.486792452830188438e+01
3.487993138936535331e+01
3.489193825042882224e+01
3.490394511149229118e+01
3.490566037735849392e+01
3.491766723842195574e+01
3.491938250428816559e+01
3.492109777015437544e+01
3.492281303602058529e+01
3.492281303602058529e+01
3.492281303602058529e+01
3.492109777015437544e+01
3.492281303602058529e+01
3.492281303602058529e+01
3.492281303602057818e+01
3.492281303602058529e+01
3.492452830188679513e+01
3.492624356775299788e+01
3.491423670668953605e+01
3.490394511149227696e+01
3.489193825042881514e+01
3.489193825042880803e+01
3.487993138936534621e+01
3.486792452830188438e+01
3.485591766723841545e+01
3.485763293310463240e+01
3.485934819897083514e+01
3.487307032590051392e+01
3.487478559176672377e+01
3.487821612349914346e+01
3.489022298456260529e+01
3.490051457975986438e+01
3.491080617495711635e+01
3.492109777015437544e+01
3.493138936535162742e+01
3.494168096054888650e+01
3.495197255574613848e+01
3.496226415094339757e+01
3.496397941680960031e+01
3.496740994854202711e+01
3.496054888507718772e+01
3.492967409948542468e+01
3.490222984562606712e+01
3.487478559176672377e+01
3.484734133790737332e+01
3.481989708404802286e+01
3.479416809605488936e+01
3.476843910806174875e+01
3.473584905660376876e+01
3.473413379073756602e+01
3.471183533447684511e+01
3.469125214408232694e+01
3.465866209262435405e+01
3.462607204116638115e+01
3.459691252144082085e+01
3.456775300171526055e+01
3.451629502572898645e+01
3.448198970840479660e+01
3.444768439108061386e+01
3.441337907375643113e+01
3.439451114922812991e+01
3.437564322469982869e+01
3.435677530017152748e+01
3.433790737564321915e+01
3.430531732418524626e+01
3.427101200686106353e+01
3.423842195540309064e+01
3.420754716981132049e+01
3.417838765008576729e+01
3.414751286449399714e+01
3.411663807890223410e+01
3.408576329331046395e+01
3.405488850771870091e+01
3.402229845626072802e+01
3.398970840480274802e+01
3.395711835334476802e+01
3.392452830188679513e+01
3.389193825042882224e+01
3.385934819897084225e+01
3.382675814751286225e+01
3.379245283018867951e+01
3.375814751286449678e+01
3.372212692967410419e+01
3.368610634648370450e+01
3.365008576329331191e+01
3.361406518010291222e+01
3.357632933104630979e+01
3.358147512864493933e+01
3.358662092624356887e+01
3.360377358490566735e+01
3.362092624356775161e+01
3.362778730703259100e+01
3.362264150943396146e+01
3.361749571183533192e+01
3.361234991423670948e+01
3.361749571183533192e+01
3.362264150943396146e+01
3.363807890222985009e+01
3.364322469982847963e+01
3.364837049742710917e+01
3.365351629502572450e+01
3.365866209262435405e+01
3.366380789022298359e+01
3.366552315608919344e+01
3.367066895368782298e+01
3.367581475128645252e+01
3.368267581475129191e+01
3.368953687821612419e+01
3.369125214408233404e+01
3.369125214408232694e+01
3.369125214408232694e+01
3.368610634648370450e+01
3.368096054888508206e+01
3.367581475128645252e+01
3.367066895368782298e+01
3.366723842195540328e+01
3.366380789022298359e+01
3.366380789022298359e+01
3.364837049742709496e+01
3.363807890222984298e+01
3.362778730703259100e+01
3.361749571183533192e+01
3.362264150943396146e+01
3.362607204116638115e+01
3.362435677530017131e+01
3.361921097770154176e+01
3.361234991423670948e+01
3.361749571183533192e+01
3.362264150943396146e+01
3.362778730703259100e+01
3.363121783876500359e+01
3.364665523156089222e+01
3.366209262435677374e+01
3.366723842195540328e+01
3.368267581475128480e+01
3.368782161234991435e+01
3.368267581475128480e+01
3.368782161234992145e+01
3.369296740994853678e+01
3.369982847341337617e+01
3.370497427101200572e+01
3.371012006861063526e+01
3.370325900514579587e+01
3.370840480274442541e+01
3.370154373927958602e+01
3.369468267581474663e+01
3.368782161234990724e+01
3.367066895368782298e+01
3.366380789022298359e+01
3.364665523156088511e+01
3.363979416809605283e+01
3.362264150943396146e+01
3.360548885077187009e+01
3.358833619210977872e+01
3.359348198970840116e+01
3.359348198970840826e+01
3.358833619210977872e+01
3.358319039451114918e+01
3.356775300171526055e+01
3.355403087478558888e+01
3.353344768439107781e+01
3.352315608919382584e+01
3.350257289879931477e+01
3.349056603773585294e+01
3.348027444253859386e+01
3.347169811320755173e+01
3.346483704974271234e+01
3.345626072041166310e+01
3.344425385934819417e+01
3.344082332761578158e+01
3.345626072041166310e+01
3.350085763293310492e+01
3.351972555746140614e+01
3.355231560891938614e+01
3.358490566037735903e+01
3.362778730703259100e+01
3.364665523156089222e+01
3.367581475128645252e+01
3.370497427101200572e+01
3.373413379073755891e+01
3.376329331046311211e+01
3.379245283018867241e+01
3.382161234991423271e+01
3.383876500857632408e+01
3.385591766723841545e+01
3.387307032590051392e+01
3.388850771869640255e+01
3.390394511149227696e+01
3.391938250428816559e+01
3.392795883361921483e+01
3.393653516295025696e+01
3.395540308747856528e+01
3.397598627787306924e+01
3.399485420240137046e+01
3.399313893653516061e+01
3.400343053173241969e+01
3.400171526586620985e+01
3.402229845626072091e+01
3.406518010291595289e+01
3.409605488850772304e+01
3.413893653516295501e+01
3.417667238421955744e+01
3.420240137221269094e+01
3.422813036020583155e+01
3.426586620926243398e+01
3.429331046312178444e+01
3.432933104631217702e+01
3.433962264150943611e+01
3.434476843910806565e+01
3.434991423670668809e+01
3.438765008576329762e+01
3.439108061749571021e+01
3.439451114922812991e+01
3.439794168096054250e+01
3.440137221269296219e+01
3.443910806174957173e+01
3.443224699828473234e+01
3.443567753001715204e+01
3.443224699828473234e+01
3.443567753001715204e+01
3.443053173241852960e+01
3.443396226415094930e+01
3.442881646655231975e+01
3.443224699828473234e+01
3.443567753001715204e+01
3.442881646655231975e+01
3.443224699828473945e+01
3.443567753001715204e+01
3.443910806174957173e+01
3.445283018867924341e+01
3.445969125214408280e+01
3.447341337907376158e+01
3.449914236706689508e+01
3.451286449399656675e+01
3.456260720411663101e+01
3.461063464837049253e+01
3.465180102915951466e+01
3.469982847341337617e+01
3.474614065180102784e+01
3.478216123499142753e+01
3.481818181818181301e+01
3.485591766723842255e+01
3.488507718696397575e+01
3.493653516295025696e+01
3.498456260720411137e+01
3.500171526586620985e+01
3.503259005145797289e+01
3.506346483704974304e+01
3.509605488850771593e+01
3.512864493996569593e+01
3.517324185248713775e+01
3.521955403087478942e+01
3.526586620926244109e+01
3.531217838765008565e+01
3.535849056603773732e+01
3.540480274442538189e+01
3.545454545454545325e+01
3.550428816466552462e+01
3.555231560891938614e+01
3.560034305317324765e+01
3.565008576329331191e+01
3.569982847341337617e+01
3.573927958833618845e+01
3.577873070325900784e+01
3.582847341337907210e+01
3.586792452830188438e+01
3.589536878216122773e+01
3.593996569468267666e+01
3.598456260720411848e+01
3.599313893653516061e+01
3.602572898799313350e+01
3.606174957118353319e+01
3.607204116638078517e+01
3.609090909090908639e+01
3.610977701543739471e+01
3.613036020583190577e+01
3.613893653516295501e+01
3.614922813036020699e+01
3.616466552315608851e+01
3.617495711835334760e+01
3.619382504288164171e+01
3.621269296740995003e+01
3.623327615780446109e+01
3.622126929674099216e+01
3.620583190394511064e+01
3.618867924528301927e+01
3.617324185248713775e+01
3.615951972555745897e+01
3.615780445969124912e+01
3.615780445969124912e+01
3.613550600343053532e+01
3.613550600343052821e+01
3.614922813036019988e+01
3.618181818181818699e+01
3.618524871355059958e+01
3.619382504288164171e+01
3.620068610634648110e+01
3.621783876500857957e+01
3.622469982847341186e+01
3.623156089193825125e+01
3.624699828473413277e+01
3.626586620926244109e+01
3.627272727272727337e+01
3.627958833619211276e+01
3.623327615780445399e+01
3.618696397941680232e+01
3.614236706689536760e+01
3.612006861063464669e+01
3.609777015437392578e+01
3.607547169811320487e+01
3.605317324185248395e+01
3.604974271012006426e+01
3.602744425385934335e+01
3.599485420240137046e+01
3.596226415094339046e+01
3.592967409948541047e+01
3.589708404802743758e+01
3.586449399656946468e+01
3.583018867924528195e+01
3.580960548885077088e+01
3.578902229845625982e+01
3.574271012006860815e+01
3.569639794168095648e+01
3.565008576329330481e+01
3.560205831903944329e+01
3.555403087478558888e+01
3.550771869639793721e+01
3.546140651801028554e+01
3.543053173241852249e+01
3.539108061749571732e+01
3.535162950257289793e+01
3.531217838765008565e+01
3.528816466552315489e+01
3.524356775300171307e+01
3.522126929674098506e+01
3.519897084048027125e+01
3.517667238421955034e+01
3.513379073756432547e+01
3.509090909090909349e+01
3.508404802744425410e+01
3.507718696397941471e+01
3.507032590051458243e+01
3.507375643224699502e+01
3.507890222984562456e+01
3.508404802744424700e+01
3.510120068610633837e+01
3.511835334476843684e+01
3.512178387650084943e+01
3.512692967409947897e+01
3.513207547169810852e+01
3.513722126929673806e+01
3.514236706689536760e+01
3.514751286449399004e+01
3.515265866209261958e+01
3.515780445969124912e+01
3.516295025728987866e+01
3.516638078902229836e+01
3.518353344768438973e+01
3.518696397941680232e+01
3.518010291595197714e+01
3.516466552315608851e+01
3.514922813036020699e+01
3.513379073756431836e+01
3.510463121783876517e+01
3.507718696397941471e+01
3.508061749571183441e+01
3.508061749571183441e+01
3.508061749571183441e+01
3.507547169811320487e+01
3.506861063464837258e+01
3.505831903945111350e+01
3.501029159519725908e+01
3.502058319039451106e+01
3.501029159519725198e+01
3.498970840480274092e+01
3.501029159519725908e+01
3.502915951972555320e+01
3.505831903945111350e+01
3.506518010291594578e+01
3.507204116638078517e+01
3.505660377358490365e+01
3.505145797598628121e+01
3.505660377358490365e+01
3.506174957118353319e+01
3.506518010291595289e+01
3.506861063464836548e+01
3.509262435677530334e+01
3.510120068610635258e+01
3.510977701543739471e+01
3.511149228130360456e+01
3.511320754716981440e+01
3.511492281303601715e+01
3.510634648370497501e+01
3.509777015437393288e+01
3.508919382504288365e+01
3.509433962264150608e+01
3.512178387650085654e+01
3.512864493996569593e+01
3.516123499142366882e+01
3.519382504288164171e+01
3.522641509433962170e+01
3.525900514579760170e+01
3.529331046312178444e+01
3.533104631217838687e+01
3.537907375643224839e+01
3.542710120068610991e+01
3.547684391080617416e+01
3.552658662092624553e+01
3.556089193825043537e+01
3.559005145797598857e+01
3.562092624356775161e+01
3.566552315608919344e+01
3.571526586620926480e+01
3.576157804459691647e+01
3.581303602058319058e+01
3.586277873070326194e+01
3.588164665523156316e+01
3.591080617495712346e+01
3.592452830188679513e+01
3.595197255574613848e+01
3.592795883361921483e+01
3.594682675814750894e+01
3.595540308747855818e+01
3.599656946826758031e+01
3.600343053173241969e+01
3.603430531732418274e+01
3.604116638078902213e+01
3.603773584905660243e+01
3.603602058319039259e+01
3.603430531732418274e+01
3.603259005145797289e+01
3.603945111492281228e+01
3.603602058319039259e+01
3.603602058319039259e+01
3.602915951972555320e+01
3.598970840480274802e+01
3.599656946826758741e+01
3.599656946826758031e+01
3.600343053173241969e+01
3.600514579759862954e+01
3.599313893653516061e+01
3.599485420240137046e+01
3.599656946826758031e+01
3.600857632933104924e+01
3.602058319039451106e+01
3.602058319039451106e+01
3.602229845626072091e+01
3.602401372212692365e+01
3.602401372212693076e+01
3.602401372212693076e+01
3.601200686106346893e+01
3.601372212692967167e+01
3.602572898799313350e+01
3.602744425385934335e+01
3.602915951972555320e+01
3.602915951972556030e+01
3.602915951972555320e+01
3.603087478559176304e+01
3.603259005145797289e+01
3.604459691252144182e+01
3.604631217838765167e+01
3.604802744425386152e+01
3.604974271012007137e+01
3.606174957118353319e+01
3.606346483704974304e+01
3.606518010291595289e+01
3.606689536878215563e+01
3.606861063464836548e+01
3.605488850771870091e+01
3.604459691252144182e+01
3.604288164665523198e+01
3.602915951972555320e+01
3.602915951972555320e+01
3.605317324185249106e+01
3.605488850771869380e+01
3.604288164665523198e+01
3.605660377358490365e+01
3.605317324185249106e+01
3.605317324185249106e+01
3.605317324185249106e+01
3.603945111492281228e+01
3.603945111492281228e+01
3.602744425385935045e+01
3.604116638078902213e+01
3.602744425385934335e+01
3.603945111492281228e+01
3.602572898799314061e+01
3.601372212692967878e+01
3.600000000000000000e+01
3.600171526586620985e+01
3.600343053173241259e+01
3.602572898799313350e+01
3.603945111492281228e+01
3.605145797598628121e+01
3.605145797598628121e+01
3.603773584905660243e+01
3.602058319039451817e+01
3.599313893653516772e+01
3.598799313893653107e+01
3.595711835334476802e+01
3.593310463121784437e+01
3.589365351629503209e+01
3.585934819897084225e+01
3.583876500857633118e+01
3.581303602058319058e+01
3.575471698113207708e+01
3.572555746140650967e+01
3.568610634648369739e+01
3.563807890222985009e+01
3.559519725557461811e+01
3.554888507718696644e+01
3.550771869639794431e+01
3.547341337907376158e+01
3.544939965694683082e+01
3.542881646655231265e+01
3.540994854202401143e+01
3.536192109777014991e+01
3.531732418524870809e+01
3.527101200686106353e+01
3.523842195540308353e+01
3.522813036020583155e+01
3.519554030874785866e+01
3.516295025728987866e+01
3.512178387650085654e+01
3.508747855917667380e+01
3.505317324185249106e+01
3.501886792452830122e+01
3.498456260720411137e+01
3.493825042881646681e+01
3.491766723842195574e+01
3.490051457975987148e+01
3.486792452830188438e+01
3.483533447684391149e+01
3.480274442538593860e+01
3.478730703259004997e+01
3.476672384219553891e+01
3.474614065180102784e+01
3.471183533447684511e+01
3.467409948542024267e+01
3.462435677530017131e+01
3.457632933104630979e+01
3.452830188679244827e+01
3.448027444253859386e+01
3.443053173241852249e+01
3.437907375643224839e+01
3.432761578044596718e+01
3.428130360205831551e+01
3.423156089193825125e+01
3.418353344768439683e+01
3.419382504288164881e+01
3.418867924528301216e+01
3.416809605488850821e+01
