8.107718696397941471e+01
8.100514579759862954e+01
8.093481989708405422e+01
8.090222984562606712e+01
8.084734133790738042e+01
8.077873070325900073e+01
8.068610634648371160e+01
8.059348198970840826e+01
8.050085763293310492e+01
8.040823327615780158e+01
8.031560891938249824e+01
8.024871355060034261e+01
8.018181818181818699e+01
8.011320754716982151e+01
8.004459691252142761e+01
7.997941680960549604e+01
7.991423670668953605e+01
7.984905660377359027e+01
7.975986277873070662e+01
7.972898799313894358e+01
7.973584905660376876e+01
7.970325900514579587e+01
7.964665523156088511e+01
7.961406518010291222e+01
7.960377358490566735e+01
7.959176672384219842e+01
7.957975986277872948e+01
7.955574614065180583e+01
7.951801029159518919e+01
7.950771869639793010e+01
7.948198970840479660e+01
7.949399656946826553e+01
7.950771869639794431e+01
7.952144082332759467e+01
7.953687821612348330e+01
7.955231560891937193e+01
7.956603773584905070e+01
7.958147512864493933e+01
7.957461406518009994e+01
7.957975986277872948e+01
7.956946826758147040e+01
7.957118353344768025e+01
7.957289879931389009e+01
7.953687821612349751e+01
7.949914236706689508e+01
7.948542024013721630e+01
7.944768439108062807e+01
7.940994854202401143e+01
7.933276157804459672e+01
7.929331046312177023e+01
7.926758147512863673e+01
7.922469982847340475e+01
7.922298456260719490e+01
7.924356775300169886e+01
7.920583190394509643e+01
7.920411663807890079e+01
7.917667238421955744e+01
7.917495711835334760e+01
7.913379073756432547e+01
7.911663807890222699e+01
7.910120068610635258e+01
7.908576329331046395e+01
7.905831903945110639e+01
7.902058319039451817e+01
7.898284734133790153e+01
7.892109777015437544e+01
7.888164665523154895e+01
7.884391080617496073e+01
7.881646655231560317e+01
7.877701543739280510e+01
7.873927958833618845e+01
7.865351629502572450e+01
7.856603773584905070e+01
7.852830188679246248e+01
7.845454545454545325e+01
7.838250428816465387e+01
7.830874785591765885e+01
7.825900514579760170e+01
7.822469982847341896e+01
7.818867924528301216e+01
7.815265866209261958e+01
7.815265866209263379e+01
7.811149228130361166e+01
7.810977701543738760e+01
7.807204116638078517e+01
7.803259005145798710e+01
7.799313893653516061e+01
7.795368782161234833e+01
7.791766723842195574e+01
7.786963979416808002e+01
7.783190394511149179e+01
7.781989708404802286e+01
7.775986277873070662e+01
7.769982847341337617e+01
7.763979416809604572e+01
7.755574614065179162e+01
7.747169811320753752e+01
7.744596912521440402e+01
7.742024013722127052e+01
7.738078902229845824e+01
7.735506003430531052e+01
7.732933104631217702e+01
7.727958833619210566e+01
7.722984562607203429e+01
7.720411663807890079e+01
7.718010291595196293e+01
7.715437392795882943e+01
7.712864493996569593e+01
7.710291595197254821e+01
7.707718696397941471e+01
7.705145797598626700e+01
7.695883361921097787e+01
7.693310463121784437e+01
7.688336192109777301e+01
7.679588336192109921e+01
7.673241852487134906e+01
7.668439108061750176e+01
7.663636363636362603e+01
7.661406518010292643e+01
7.659005145797598857e+01
7.656775300171526055e+01
7.654716981132075659e+01
7.649056603773584584e+01
7.643224699828473945e+01
7.637907375643226260e+01
7.632590051457975733e+01
7.627101200686105642e+01
7.621955403087477521e+01
7.620583190394509643e+01
7.616295025728987866e+01
7.613893653516294080e+01
7.611492281303601715e+01
7.605831903945110639e+01
7.602572898799314771e+01
7.596912521440822275e+01
7.587478559176670956e+01
7.579245283018867951e+01
7.578559176672384012e+01
7.570325900514579587e+01
7.567238421955401861e+01
7.564150943396225557e+01
7.562435677530017131e+01
7.562092624356775161e+01
7.560205831903944329e+01
7.558319039451114918e+01
7.557804459691251964e+01
7.556946826758147040e+01
7.552315608919383294e+01
7.550257289879931477e+01
7.546826758147511782e+01
7.540823327615780158e+01
7.539794168096054250e+01
7.537564322469982869e+01
7.532761578044596718e+01
7.530188679245281946e+01
7.527615780445968596e+01
7.526929674099484657e+01
7.526072041166381155e+01
7.521097770154374018e+01
7.513722126929673095e+01
7.514922813036021410e+01
7.513379073756431126e+01
7.508061749571183441e+01
7.502401372212693786e+01
7.496569468267581726e+01
7.490909090909090651e+01
7.485077186963978590e+01
7.481646655231560317e+01
7.475814751286448256e+01
7.471183533447684511e+01
7.465008576329330481e+01
7.458833619210977872e+01
7.452658662092623842e+01
7.446483704974269813e+01
7.440308747855917204e+01
7.434133790737563174e+01
7.427787307032589581e+01
7.421440823327614567e+01
7.415094339622640973e+01
7.408747855917665959e+01
7.402401372212692365e+01
7.395883361921096366e+01
7.389536878216122773e+01
7.383018867924528195e+01
7.376500857632933617e+01
7.369982847341336196e+01
7.363636363636362603e+01
7.357289879931389009e+01
7.351114922813034980e+01
7.347855917667237691e+01
7.344596912521440402e+01
7.341337907375643113e+01
7.342195540308748036e+01
7.343053173241852960e+01
7.339965694682675235e+01
7.338078902229844402e+01
7.331217838765007855e+01
7.324528301886792292e+01
7.320240137221270516e+01
7.315951972555745897e+01
7.311663807890222699e+01
7.306174957118352609e+01
7.301886792452830832e+01
7.295197255574613848e+01
7.293653516295026407e+01
7.290909090909090651e+01
7.287650085763291941e+01
7.288336192109777301e+01
7.288850771869638834e+01
7.289708404802743758e+01
7.288164665523154895e+01
7.286620926243567453e+01
7.285077186963978590e+01
7.277873070325901494e+01
7.273413379073755891e+01
7.267581475128645252e+01
7.261749571183533192e+01
7.258833619210976451e+01
7.255917667238421132e+01
7.253001715265865812e+01
7.250085763293309071e+01
7.247169811320753752e+01
7.244253859348198432e+01
7.242881646655231975e+01
7.240137221269296219e+01
7.234476843910806565e+01
7.233104631217838687e+01
7.226072041166381155e+01
7.220411663807891500e+01
7.214922813036019988e+01
7.209605488850772304e+01
7.203087478559176304e+01
7.196569468267581726e+01
7.190051457975987148e+01
7.182504288164665240e+01
7.177358490566038540e+01
7.172384219554031404e+01
7.167409948542024267e+01
7.159005145797598857e+01
7.150600343053173447e+01
7.142367066895369021e+01
7.141166380789022128e+01
7.137735849056603854e+01
7.134305317324185580e+01
7.131046312178388291e+01
7.130531732418525337e+01
7.128816466552315489e+01
7.127101200686105642e+01
7.125557461406518200e+01
7.120240137221269094e+01
7.118867924528301216e+01
7.113722126929674516e+01
7.108747855917667380e+01
7.103945111492281228e+01
7.102915951972555320e+01
7.102058319039450396e+01
7.101200686106346893e+01
7.100514579759862954e+01
7.097255574614065665e+01
7.096569468267581726e+01
7.092281303602058529e+01
7.087821612349914346e+01
7.083533447684391149e+01
7.079245283018869372e+01
7.074957118353344754e+01
7.070668953687821556e+01
7.062435677530017131e+01
7.058147512864493933e+01
7.053687821612351172e+01
7.049228130360206990e+01
7.047684391080616706e+01
7.053687821612349751e+01
7.051114922813036401e+01
7.053516295025727345e+01
7.051801029159518919e+01
7.053516295025728766e+01
7.055060034305316208e+01
7.056432246998284086e+01
7.063293310463122054e+01
7.069468267581474663e+01
7.072727272727271952e+01
7.074614065180102784e+01
7.076500857632932195e+01
7.082161234991423271e+01
7.084048027444254103e+01
7.085591766723841545e+01
7.086277873070325484e+01
7.089365351629501788e+01
7.090737564322469666e+01
7.091938250428816559e+01
7.089708404802743758e+01
7.090909090909090651e+01
7.090737564322469666e+01
7.087993138936535331e+01
7.085248713550599575e+01
7.090222984562606712e+01
7.095025728987991442e+01
7.100000000000000000e+01
7.104974271012007137e+01
7.107718696397941471e+01
7.114579759862779440e+01
7.121269296740995003e+01
7.123156089193825835e+01
7.121440823327615988e+01
7.121097770154374018e+01
7.117324185248713775e+01
7.113379073756432547e+01
7.108576329331046395e+01
7.103773584905660243e+01
7.100000000000000000e+01
7.099656946826758031e+01
7.099485420240137046e+01
7.100514579759862954e+01
7.096569468267581726e+01
7.095025728987991442e+01
7.096054888507717351e+01
7.097427101200685229e+01
7.096912521440822275e+01
7.096397941680960741e+01
7.095883361921097787e+01
7.095711835334478224e+01
7.095368782161236254e+01
7.091423670668953605e+01
7.087478559176673798e+01
7.082847341337907210e+01
7.074442538593481800e+01
7.066037735849056389e+01
7.061406518010292643e+01
7.055403087478559598e+01
7.053173241852488218e+01
7.051114922813036401e+01
7.049056603773584584e+01
7.048198970840479660e+01
7.043396226415093508e+01
7.039622641509433265e+01
7.040308747855917204e+01
7.042195540308748036e+01
7.048027444253858675e+01
7.050428816466552462e+01
7.051286449399657386e+01
7.052830188679246248e+01
7.055574614065180583e+01
7.058662092624356887e+01
7.061749571183533192e+01
7.065008576329330481e+01
7.067238421955403282e+01
7.069811320754716633e+01
7.072555746140652388e+01
7.075300171526586723e+01
7.078216123499143464e+01
7.077015437392796571e+01
7.078387650085764449e+01
7.073413379073755891e+01
7.068439108061750176e+01
7.065180102915951466e+01
7.062264150943396146e+01
7.059519725557461811e+01
7.054373927958832269e+01
7.049399656946826553e+01
7.044596912521440402e+01
7.040994854202401143e+01
7.037221269296740900e+01
7.034819897084048534e+01
7.036192109777016412e+01
7.035334476843911489e+01
7.030874785591767306e+01
7.026586620926244109e+01
7.023499142367066383e+01
7.020583190394511064e+01
7.017495711835334760e+01
7.014579759862778019e+01
7.011492281303601715e+01
7.012349914236706638e+01
7.013207547169810141e+01
7.014065180102915065e+01
7.014922813036019988e+01
7.014579759862778019e+01
7.014236706689536049e+01
7.016466552315608851e+01
7.017324185248713775e+01
7.015951972555745897e+01
7.014579759862778019e+01
7.015437392795882943e+01
7.019725557461406140e+01
7.021269296740995003e+01
7.022984562607203429e+01
7.026586620926244109e+01
7.026415094339623124e+01
7.028473413379073520e+01
7.034476843910806565e+01
7.036706689536877946e+01
7.041509433962264097e+01
7.045969125214408280e+01
7.054202401372212705e+01
7.058662092624356887e+01
7.061749571183533192e+01
7.062092624356775161e+01
7.063464837049743039e+01
7.064837049742709496e+01
7.066037735849056389e+01
7.068439108061748755e+01
7.073241852487134906e+01
7.075471698113207708e+01
7.080274442538592439e+01
7.079245283018866530e+01
7.080617495711834408e+01
7.079245283018867951e+01
7.074271012006860815e+01
7.069125214408232694e+01
7.066552315608917922e+01
7.061406518010291222e+01
7.061406518010291222e+01
7.061406518010291222e+01
7.065180102915951466e+01
7.065180102915951466e+01
7.065180102915951466e+01
7.063807890222983588e+01
7.062435677530017131e+01
7.061234991423670238e+01
7.060034305317323344e+01
7.060034305317324765e+01
7.058662092624356887e+01
7.058662092624356887e+01
7.057461406518009994e+01
7.054888507718695223e+01
7.057289879931389009e+01
7.060891938250428268e+01
7.058662092624356887e+01
7.052658662092623842e+01
7.046655231560890797e+01
7.044253859348198432e+01
7.041852487135506067e+01
7.039451114922812280e+01
7.037049742710119915e+01
7.027615780445970017e+01
7.021955403087477521e+01
7.021440823327614567e+01
7.015608919382503927e+01
7.009948542024012852e+01
7.008233276157804426e+01
7.006689536878215563e+01
7.004116638078902213e+01
7.001715265866209847e+01
7.003945111492281228e+01
7.003430531732418274e+01
7.004116638078900792e+01
7.011492281303601715e+01
7.011663807890222699e+01
7.011663807890222699e+01
7.009262435677530334e+01
7.008061749571183441e+01
7.004459691252142761e+01
7.005317324185247685e+01
7.008576329331046395e+01
7.008919382504288365e+01
7.009262435677530334e+01
7.005488850771870091e+01
7.004116638078900792e+01
7.001200686106346893e+01
6.997084048027443259e+01
6.994339622641508925e+01
6.996226415094338336e+01
6.997255574614064244e+01
6.994511149228129909e+01
6.991766723842195574e+01
6.997598627787306214e+01
6.993825042881647391e+01
6.994339622641508925e+01
6.994854202401371879e+01
6.995368782161234833e+01
6.995883361921097787e+01
6.995368782161234833e+01
6.998627787307032122e+01
7.003087478559176304e+01
7.007547169811320487e+01
7.007718696397941471e+01
7.007890222984562456e+01
7.008061749571183441e+01
7.008233276157804426e+01
7.008404802744425410e+01
6.998799313893653107e+01
6.989708404802743758e+01
6.980617495711835829e+01
6.973070325900513922e+01
6.969468267581476084e+01
6.963121783876499649e+01
6.955746140651800147e+01
6.947512864493995721e+01
6.941509433962265518e+01
6.935677530017153458e+01
6.929845626072041398e+01
6.924356775300171307e+01
6.922641509433961460e+01
6.925900514579760170e+01
6.924528301886793713e+01
6.923156089193825835e+01
6.921783876500857957e+01
6.920583190394512485e+01
6.919382504288164171e+01
6.924185248713550322e+01
6.921955403087478942e+01
6.918181818181818699e+01
6.920068610634648110e+01
6.919382504288165592e+01
6.922469982847340475e+01
6.929159519725556038e+01
6.932761578044596718e+01
6.936363636363635976e+01
6.938078902229845824e+01
6.939794168096054250e+01
6.941509433962264097e+01
6.941509433962264097e+01
6.943224699828472524e+01
6.944768439108061386e+01
6.950771869639794431e+01
6.956775300171526055e+01
6.962778730703257679e+01
6.972041166380789434e+01
6.981303602058318347e+01
6.988679245283019270e+01
6.995711835334476802e+01
6.998970840480274092e+01
7.004631217838765167e+01
7.008061749571183441e+01
7.011492281303603136e+01
7.014751286449400425e+01
7.014751286449400425e+01
7.014579759862779440e+01
7.019039451114923622e+01
7.018696397941681653e+01
7.021269296740995003e+01
7.020068610634648110e+01
7.023842195540308353e+01
7.021269296740993582e+01
7.022298456260719490e+01
7.030017152658660962e+01
7.036535162950256961e+01
7.043567753001715914e+01
7.040308747855917204e+01
7.038765008576328341e+01
7.034648370497426129e+01
7.029331046312178444e+01
7.025385934819897216e+01
7.022469982847341896e+01
7.021612349914236972e+01
7.020583190394511064e+01
7.026072041166381155e+01
7.027272727272728048e+01
7.030874785591765885e+01
7.034819897084048534e+01
7.039965694682675235e+01
7.043739279588336899e+01
7.047684391080616706e+01
7.052315608919381873e+01
7.056946826758147040e+01
7.057804459691251964e+01
7.064150943396225557e+01
7.065180102915951466e+01
7.067581475128645252e+01
7.069811320754718054e+01
7.072041166380790855e+01
7.076500857632933617e+01
7.074785591766723769e+01
7.073927958833618845e+01
7.067924528301887221e+01
7.066723842195540328e+01
7.069296740994853678e+01
7.066380789022298359e+01
7.063636363636362603e+01
7.064493996569468948e+01
7.061578044596912207e+01
7.058833619210977872e+01
7.056089193825043537e+01
7.052315608919383294e+01
7.048542024013723051e+01
7.045111492281304777e+01
7.046826758147513203e+01
7.046140651801029264e+01
7.047684391080618127e+01
7.050428816466552462e+01
7.051801029159520340e+01
7.048027444253860097e+01
7.048027444253858675e+01
7.049056603773584584e+01
7.050085763293310492e+01
7.050943396226413995e+01
7.048027444253858675e+01
7.048713550600342614e+01
7.053001715265865812e+01
7.057289879931389009e+01
7.061578044596912207e+01
7.065866209262435405e+01
7.070154373927958602e+01
7.074271012006860815e+01
7.078387650085763028e+01
7.082504288164665240e+01
7.086620926243567453e+01
7.090737564322469666e+01
7.094511149228129909e+01
7.098456260720411137e+01
7.102229845626072802e+01
7.106003430531731624e+01
7.106346483704973593e+01
7.102915951972556741e+01
7.105145797598626700e+01
7.107375643224699502e+01
7.107204116638078517e+01
7.107204116638078517e+01
7.107375643224700923e+01
7.107547169811321908e+01
7.101200686106346893e+01
7.096397941680960741e+01
7.088850771869638834e+01
7.083018867924528195e+01
7.075643224699828693e+01
7.068096054888508206e+01
7.060720411663808704e+01
7.053344768439107781e+01
7.044939965694682371e+01
7.036535162950256961e+01
7.029331046312178444e+01
7.024528301886792292e+01
7.017324185248713775e+01
7.011492281303600294e+01
7.004459691252142761e+01
6.997427101200685229e+01
6.991938250428816559e+01
6.986620926243567453e+01
6.981475128644939332e+01
6.980102915951971454e+01
6.978902229845625982e+01
6.980274442538592439e+01
6.977873070325900073e+01
6.974099485420239830e+01
6.971869639794168449e+01
6.967238421955403282e+01
6.964150943396226978e+01
6.964493996569467527e+01
6.960034305317323344e+01
6.959519725557461811e+01
6.956432246998284086e+01
6.958147512864493933e+01
6.957461406518009994e+01
6.956775300171526055e+01
6.957461406518009994e+01
6.959005145797597436e+01
6.960377358490565314e+01
6.959176672384218421e+01
6.957975986277872948e+01
6.956775300171526055e+01
6.955574614065180583e+01
6.957118353344768025e+01
6.957289879931389009e+01
6.954888507718698065e+01
6.957289879931389009e+01
6.959691252144082796e+01
6.957118353344768025e+01
6.954373927958833690e+01
6.951457975986278370e+01
6.948542024013721630e+01
6.943224699828473945e+01
6.938936535162952168e+01
6.934648370497427550e+01
6.927958833619211987e+01
6.924013722126929338e+01
6.920240137221269094e+01
6.916295025728987866e+01
6.912349914236708059e+01
6.908233276157804426e+01
6.902915951972555320e+01
6.898627787307033543e+01
6.894339622641510346e+01
6.889879931389364742e+01
6.885420240137220560e+01
6.881132075471697362e+01
6.881475128644939332e+01
6.881646655231560317e+01
6.881818181818182723e+01
6.881989708404802286e+01
6.882161234991423271e+01
6.879073756432245546e+01
6.875814751286448256e+01
6.873756432246997861e+01
6.870497427101200572e+01
6.867238421955403282e+01
6.863979416809604572e+01
6.860720411663808704e+01
6.855917667238422553e+01
6.850771869639794431e+01
6.845626072041166310e+01
6.840480274442538189e+01
6.835162950257290504e+01
6.829845626072041398e+01
6.823499142367067805e+01
6.821440823327615988e+01
6.816123499142366882e+01
6.810806174957119197e+01
6.813207547169810141e+01
6.815608919382503927e+01
6.817838765008576729e+01
6.818696397941681653e+01
6.816809605488850821e+01
6.815094339622640973e+01
6.813207547169811562e+01
6.811320754716982151e+01
6.813207547169810141e+01
6.816466552315608851e+01
6.818696397941680232e+01
6.821097770154372597e+01
6.824699828473413277e+01
6.826929674099484657e+01
6.825557461406518200e+01
6.824185248713550322e+01
6.823156089193824414e+01
6.818696397941680232e+01
6.820754716981130628e+01
6.825214408233276231e+01
6.827958833619209145e+01
6.832246998284733763e+01
6.835334476843910068e+01
6.833104631217838687e+01
6.836363636363635976e+01
6.836878216123498930e+01
6.833276157804459672e+01
6.828301886792452535e+01
6.821955403087477521e+01
6.816123499142366882e+01
6.810291595197256242e+01
6.808233276157804426e+01
6.801372212692967878e+01
6.795711835334476802e+01
6.790051457975985727e+01
6.784391080617496073e+01
6.781646655231560317e+01
6.775128644939965739e+01
6.769811320754718054e+01
6.764665523156088511e+01
6.759691252144082796e+01
6.755917667238421132e+01
6.749228130360205569e+01
6.742710120068610991e+01
6.745111492281303356e+01
6.742881646655231975e+01
6.734305317324185580e+01
6.733619210977701641e+01
6.731732418524870809e+01
6.730188679245281946e+01
6.728816466552315489e+01
6.727615780445970017e+01
6.726586620926244109e+01
6.723156089193824414e+01
6.727787307032588160e+01
6.727101200686107063e+01
6.726415094339621703e+01
6.731046312178386870e+01
6.735334476843910068e+01
6.741680960548885082e+01
6.743567753001715914e+01
6.745454545454545325e+01
6.747684391080616706e+01
6.749914236706689508e+01
6.752144082332762309e+01
6.754373927958832269e+01
6.756603773584905070e+01
6.765180102915951466e+01
6.766552315608919344e+01
6.768096054888508206e+01
6.772555746140650967e+01
6.780445969125213423e+01
6.786620926243567453e+01
6.794168096054889361e+01
6.797598627787307635e+01
6.800514579759862954e+01
6.806861063464836548e+01
6.813036020583189156e+01
6.812521440823327623e+01
6.812006861063464669e+01
6.815437392795882943e+01
6.817667238421955744e+01
6.826929674099484657e+01
6.836020583190392585e+01
6.836192109777014991e+01
6.836363636363635976e+01
6.836535162950255540e+01
6.834133790737563174e+01
6.834305317324185580e+01
6.836878216123497509e+01
6.835334476843910068e+01
6.833962264150943611e+01
6.832246998284733763e+01
6.826072041166381155e+01
6.820068610634648110e+01
6.812349914236705217e+01
6.807032590051457532e+01
6.809433962264149898e+01
6.803259005145795868e+01
6.811663807890221278e+01
6.814065180102915065e+01
6.816466552315608851e+01
6.817495711835334760e+01
6.816809605488850821e+01
6.819725557461404719e+01
6.822641509433961460e+01
6.825385934819897216e+01
6.828130360205832972e+01
6.826929674099484657e+01
6.825385934819897216e+01
6.827958833619209145e+01
6.834819897084047113e+01
6.837564322469982869e+01
6.844425385934819417e+01
6.851457975986278370e+01
6.858319039451114918e+01
6.863121783876499649e+01
6.868096054888506785e+01
6.872898799313892937e+01
6.878044596912521058e+01
6.884219554030875088e+01
6.890566037735848681e+01
6.895540308747854397e+01
6.900514579759862954e+01
6.901886792452829411e+01
6.903259005145795868e+01
6.904459691252142761e+01
6.905660377358489654e+01
6.905488850771868670e+01
6.911320754716980730e+01
6.916981132075471805e+01
6.918010291595197714e+01
6.921783876500856536e+01
6.925557461406518200e+01
6.928987993138935053e+01
6.937735849056602433e+01
6.941337907375643113e+01
6.948713550600342614e+01
6.955574614065179162e+01
6.962607204116636694e+01
6.961749571183533192e+01
6.962092624356773740e+01
6.962607204116636694e+01
6.962950257289878664e+01
6.966037735849056389e+01
6.969811320754716633e+01
6.975986277873069241e+01
6.977873070325900073e+01
6.979588336192108500e+01
6.981475128644939332e+01
6.983533447684389728e+01
6.985763293310462529e+01
6.987993138936533910e+01
6.990222984562606712e+01
6.992795883361920062e+01
6.995540308747855818e+01
6.992967409948542468e+01
6.989193825042882224e+01
6.987135506003431829e+01
6.986620926243568874e+01
6.990051457975985727e+01
6.991252144082332620e+01
6.990909090909090651e+01
6.990737564322469666e+01
6.989022298456259819e+01
6.986620926243567453e+01
6.985934819897083514e+01
6.982847341337907210e+01
6.980960548885076378e+01
6.977530017152659525e+01
6.974099485420239830e+01
6.967066895368782298e+01
6.959862778730703781e+01
6.951286449399657386e+01
6.944253859348199853e+01
6.937392795883361885e+01
6.934133790737564595e+01
6.931046312178386870e+01
6.924356775300171307e+01
6.920068610634648110e+01
6.915780445969124912e+01
6.909262435677530334e+01
6.902744425385934335e+01
6.901029159519725908e+01
6.900686106346483939e+01
6.893996569468266955e+01
6.886963979416808002e+01
6.878730703259003576e+01
6.876672384219553180e+01
6.879416809605487515e+01
6.883533447684391149e+01
6.889365351629501788e+01
6.895025728987991442e+01
6.900686106346482518e+01
6.902915951972555320e+01
6.905145797598628121e+01
6.903945111492281228e+01
6.906003430531733045e+01
6.904459691252142761e+01
6.907718696397941471e+01
6.908576329331046395e+01
6.906689536878215563e+01
6.904631217838763746e+01
6.900514579759862954e+01
6.896226415094338336e+01
6.891938250428816559e+01
6.887478559176670956e+01
6.883018867924528195e+01
6.878559176672382591e+01
6.874099485420239830e+01
6.874271012006860815e+01
6.874442538593481800e+01
6.874614065180102784e+01
6.873756432246997861e+01
6.874099485420239830e+01
6.870668953687821556e+01
6.867066895368782298e+01
6.863464837049741618e+01
6.858662092624356887e+01
6.860548885077186299e+01
6.861406518010289801e+01
6.857804459691251964e+01
6.854030874785590299e+01
6.850085763293310492e+01
6.847341337907374736e+01
6.844253859348197011e+01
6.843224699828473945e+01
6.840994854202401143e+01
6.838421955403086372e+01
6.835849056603774443e+01
6.833104631217838687e+01
6.835162950257289083e+01
6.836878216123498930e+01
6.834648370497427550e+01
6.832418524871354748e+01
6.830017152658660962e+01
6.831732418524870809e+01
6.830874785591765885e+01
6.834305317324185580e+01
6.837564322469982869e+01
6.836192109777014991e+01
6.837049742710118494e+01
6.837735849056602433e+01
6.838421955403086372e+01
6.838936535162949326e+01
6.835677530017152037e+01
6.832246998284733763e+01
6.829331046312178444e+01
6.831217838765007855e+01
6.831903945111491794e+01
6.832761578044596718e+01
6.833790737564322626e+01
6.837735849056603854e+01
6.840480274442538189e+01
6.843224699828472524e+01
6.843224699828472524e+01
6.840651801029159174e+01
6.838250428816465387e+01
6.840480274442538189e+01
6.842710120068610991e+01
6.845111492281303356e+01
6.845797598627785874e+01
6.846483704974271234e+01
6.847512864493995721e+01
6.842538593481990006e+01
6.841337907375643113e+01
6.840137221269296219e+01
6.839794168096054250e+01
6.839794168096054250e+01
6.835162950257289083e+01
6.834819897084048534e+01
6.834305317324185580e+01
6.832075471698112779e+01
6.833619210977701641e+01
6.832933104631217702e+01
6.828301886792453956e+01
6.827615780445968596e+01
6.826758147512865094e+01
6.826243567753002139e+01
6.821955403087477521e+01
6.821783876500856536e+01
6.824185248713550322e+01
6.829159519725557459e+01
6.832075471698112779e+01
6.832418524871354748e+01
6.832933104631217702e+01
6.832246998284733763e+01
6.829159519725557459e+01
6.826072041166381155e+01
6.822984562607203429e+01
6.822984562607203429e+01
6.822984562607203429e+01
6.823156089193824414e+01
6.826929674099484657e+01
6.830874785591765885e+01
6.834648370497426129e+01
6.838421955403086372e+01
6.840137221269296219e+01
6.840308747855917204e+01
6.835677530017152037e+01
6.831046312178386870e+01
6.826415094339623124e+01
6.821955403087477521e+01
6.823156089193824414e+01
6.824013722126929338e+01
6.824699828473413277e+01
6.822469982847340475e+01
6.820068610634649531e+01
6.821269296740995003e+01
6.819725557461407561e+01
6.818181818181818699e+01
6.816809605488850821e+01
6.816638078902229836e+01
6.822126929674099927e+01
6.828987993138936474e+01
6.838936535162949326e+01
6.846312178387650249e+01
6.853687821612349751e+01
6.858490566037735903e+01
6.863293310463120633e+01
6.868096054888506785e+01
6.872898799313892937e+01
6.873927958833618845e+01
6.874957118353344754e+01
6.878387650085763028e+01
6.876329331046311211e+01
6.878044596912522479e+01
6.880445969125213423e+01
6.882847341337907210e+01
6.885934819897083514e+01
6.890051457975985727e+01
6.891423670668953605e+01
6.891766723842195574e+01
6.893653516295026407e+01
6.897941680960548183e+01
6.904631217838765167e+01
6.908747855917667380e+01
6.913893653516295501e+01
6.913207547169810141e+01
6.911149228130361166e+01
6.910806174957119197e+01
6.906689536878215563e+01
6.911492281303603136e+01
6.910291595197256242e+01
6.908919382504288365e+01
6.908576329331046395e+01
6.908233276157804426e+01
6.906689536878215563e+01
6.908576329331046395e+01
6.915608919382503927e+01
6.919725557461406140e+01
6.912864493996568171e+01
6.918010291595197714e+01
6.918696397941681653e+01
6.919382504288165592e+01
6.919897084048028546e+01
6.916638078902229836e+01
6.914236706689536049e+01
6.911835334476843684e+01
6.915094339622640973e+01
6.914579759862779440e+01
6.918524871355060668e+01
6.922469982847341896e+01
6.928816466552315489e+01
6.934133790737563174e+01
6.939451114922812280e+01
6.945969125214408280e+01
6.952487135506002858e+01
6.959005145797597436e+01
6.960034305317323344e+01
6.961063464837049253e+01
6.962092624356775161e+01
6.962950257289880085e+01
6.963807890222985009e+01
6.964837049742709496e+01
6.965694682675814420e+01
6.970668953687822977e+01
6.975643224699828693e+01
6.976843910806175586e+01
6.978044596912522479e+01
6.982847341337907210e+01
6.987650085763294783e+01
6.992452830188679513e+01
6.997084048027446102e+01
7.001715265866209847e+01
7.000343053173241969e+01
7.006003430531733045e+01
7.011663807890222699e+01
7.014236706689537471e+01
7.012864493996568171e+01
7.011492281303601715e+01
7.006689536878215563e+01
7.004802744425384731e+01
7.002915951972555320e+01
7.007204116638078517e+01
7.008919382504288365e+01
7.006174957118354030e+01
7.007890222984562456e+01
7.000857632933104924e+01
6.994168096054887940e+01
6.987821612349914346e+01
6.985248713550599575e+01
6.982847341337907210e+01
6.973584905660376876e+01
6.964322469982846542e+01
6.957289879931389009e+01
6.950600343053173447e+01
6.947684391080618127e+01
6.942367066895369021e+01
6.939794168096054250e+01
6.935849056603773022e+01
6.931903945111491794e+01
6.928130360205832972e+01
6.924356775300171307e+01
6.916809605488850821e+01
6.913207547169810141e+01
6.912006861063463248e+01
6.914579759862778019e+01
6.912349914236706638e+01
6.912692967409948608e+01
6.913036020583189156e+01
6.905660377358489654e+01
6.898113207547169168e+01
6.888336192109777301e+01
6.891423670668953605e+01
6.894511149228131330e+01
6.895883361921097787e+01
6.899656946826758031e+01
6.904116638078903634e+01
6.907547169811321908e+01
6.911835334476843684e+01
6.917495711835334760e+01
6.911320754716982151e+01
6.908919382504288365e+01
6.905145797598628121e+01
6.901372212692967878e+01
6.893825042881645970e+01
6.888850771869640255e+01
6.883704974271012134e+01
6.880102915951972875e+01
6.872727272727271952e+01
6.866723842195540328e+01
6.862950257289881506e+01
6.865866209262435405e+01
6.871012006861064947e+01
6.876157804459691647e+01
6.881132075471698784e+01
6.884048027444254103e+01
6.887135506003430407e+01
6.890222984562606712e+01
6.893310463121784437e+01
6.890737564322469666e+01
6.884391080617496073e+01
6.879759862778730906e+01
6.875128644939965739e+01
6.870497427101200572e+01
6.869639794168095648e+01
6.864837049742709496e+01
6.860034305317324765e+01
6.856260720411663101e+01
6.856260720411663101e+01
6.856089193825042116e+01
6.855746140651800147e+01
6.855574614065180583e+01
6.851457975986278370e+01
6.846140651801029264e+01
6.841852487135506067e+01
6.842881646655231975e+01
6.842538593481990006e+01
6.842195540308748036e+01
6.841680960548885082e+01
6.841166380789022128e+01
6.840480274442538189e+01
6.836020583190394007e+01
6.831732418524870809e+01
6.827444253859347612e+01
6.822984562607203429e+01
6.818524871355060668e+01
6.818181818181818699e+01
6.817838765008576729e+01
6.815951972555745897e+01
6.817838765008575308e+01
6.819725557461406140e+01
6.821612349914236972e+01
6.819897084048025704e+01
6.821783876500856536e+01
6.821612349914235551e+01
6.821440823327614567e+01
6.823670668953687368e+01
6.823499142367066383e+01
6.821612349914235551e+01
6.818524871355059247e+01
6.815608919382503927e+01
6.810291595197254821e+01
6.804802744425384731e+01
6.803087478559176304e+01
6.807375643224699502e+01
6.809262435677530334e+01
6.813550600343052110e+01
6.816466552315608851e+01
6.819554030874786577e+01
6.822641509433961460e+01
6.826929674099486078e+01
6.831217838765007855e+01
6.833104631217838687e+01
6.836363636363635976e+01
6.838936535162949326e+01
6.841509433962264097e+01
6.841337907375643113e+01
6.841166380789022128e+01
6.840823327615780158e+01
6.840480274442538189e+01
6.844253859348199853e+01
6.848027444253860097e+01
6.851972555746141325e+01
6.850943396226415416e+01
6.849742710120068523e+01
6.851114922813036401e+01
6.852487135506004279e+01
6.853859348198970736e+01
6.855231560891937193e+01
6.855060034305317629e+01
6.853516295025728766e+01
6.849742710120068523e+01
6.847169811320753752e+01
6.843224699828473945e+01
6.839279588336191296e+01
6.836706689536879367e+01
6.834133790737564595e+01
6.833962264150943611e+01
6.832418524871354748e+01
6.831217838765007855e+01
6.831217838765009276e+01
6.833790737564322626e+01
6.836363636363637397e+01
6.838936535162950747e+01
6.841509433962264097e+01
6.840137221269297640e+01
6.836878216123500351e+01
6.833790737564322626e+01
6.834819897084048534e+01
6.831903945111491794e+01
6.836363636363634555e+01
6.840994854202401143e+01
6.845626072041166310e+01
6.850943396226415416e+01
6.857461406518009994e+01
6.861578044596910786e+01
6.865351629502572450e+01
6.872041166380788013e+01
6.876500857632933617e+01
6.877186963979417555e+01
6.878044596912522479e+01
6.883361921097770164e+01
6.891252144082332620e+01
6.900171526586620985e+01
6.907890222984562456e+01
6.914922813036019988e+01
6.921955403087477521e+01
6.927787307032591002e+01
6.933276157804459672e+01
6.938765008576328341e+01
6.944596912521441823e+01
6.950428816466552462e+01
6.959519725557461811e+01
6.968610634648369739e+01
6.975814751286449678e+01
6.980102915951972875e+01
6.984391080617496073e+01
6.988679245283017849e+01
6.992967409948542468e+01
6.997255574614065665e+01
6.998799313893653107e+01
7.003087478559176304e+01
7.007547169811320487e+01
7.012006861063464669e+01
7.016295025728987866e+01
7.020754716981132049e+01
7.025214408233276231e+01
7.030703259005144901e+01
7.039965694682675235e+01
7.048027444253860097e+01
7.056089193825043537e+01
7.059005145797598857e+01
7.063121783876502491e+01
7.062092624356776582e+01
7.063636363636364024e+01
7.063807890222983588e+01
7.065180102915952887e+01
7.065008576329330481e+01
7.065008576329331902e+01
7.064665523156088511e+01
7.064150943396226978e+01
7.068096054888506785e+01
7.070497427101200572e+01
7.073070325900515343e+01
7.076843910806175586e+01
7.081989708404802286e+01
7.085248713550600996e+01
7.087135506003430407e+01
7.093825042881645970e+01
7.095197255574612427e+01
7.095540308747854397e+01
7.096569468267580305e+01
7.097598627787306214e+01
7.097598627787306214e+01
7.097941680960548183e+01
7.099142367066895076e+01
7.099313893653516061e+01
7.104802744425384731e+01
7.110291595197254821e+01
7.115951972555745897e+01
7.120240137221267673e+01
7.124528301886792292e+01
7.129502572898799428e+01
7.134819897084048534e+01
7.140137221269296219e+01
7.144082332761578868e+01
7.150600343053173447e+01
7.156946826758147040e+01
7.160891938250429689e+01
7.165008576329331902e+01
7.172555746140652388e+01
7.180274442538595281e+01
7.186792452830189859e+01
7.194339622641510346e+01
7.201886792452830832e+01
7.204459691252144182e+01
7.211835334476845105e+01
7.219210977701544607e+01
7.221612349914235551e+01
7.225385934819897216e+01
7.228816466552315489e+01
7.236020583190394007e+01
7.239279588336191296e+01
7.242538593481988585e+01
7.248027444253858675e+01
7.249228130360205569e+01
7.252144082332762309e+01
7.256260720411663101e+01
7.254888507718696644e+01
7.253859348198970736e+01
7.250600343053173447e+01
7.251972555746139903e+01
7.253173241852486797e+01
7.254202401372211284e+01
7.260720411663807283e+01
7.263293310463120633e+01
7.265866209262435405e+01
7.268439108061750176e+01
7.259519725557461811e+01
7.258833619210977872e+01
7.258319039451114918e+01
7.255060034305317629e+01
7.248370497427100645e+01
7.243396226415094930e+01
7.240823327615780158e+01
7.242195540308748036e+01
7.237392795883361885e+01
7.229159519725558880e+01
7.221097770154375439e+01
7.223156089193824414e+01
7.225385934819897216e+01
7.227615780445968596e+01
7.229845626072039977e+01
7.225214408233276231e+01
7.220583190394512485e+01
7.226586620926244109e+01
7.228816466552316911e+01
7.230874785591767306e+01
7.236535162950258382e+01
7.243567753001715914e+01
7.244939965694683792e+01
7.245454545454545325e+01
7.246998284734132767e+01
7.249399656946826553e+01
7.252487135506002858e+01
7.255574614065179162e+01
7.257632933104630979e+01
7.258490566037735903e+01
7.254202401372211284e+01
7.258662092624356887e+01
7.252830188679246248e+01
7.251629502572899355e+01
7.250428816466552462e+01
7.250600343053173447e+01
7.249571183533447538e+01
7.245111492281304777e+01
7.240651801029159174e+01
7.236363636363635976e+01
7.231903945111491794e+01
7.231389365351628840e+01
7.231046312178386870e+01
7.226586620926244109e+01
7.222126929674098506e+01
7.217495711835334760e+01
7.213036020583189156e+01
7.209605488850772304e+01
7.206174957118352609e+01
7.204631217838763746e+01
7.202744425385934335e+01
7.201029159519724487e+01
7.198970840480274092e+01
7.196912521440822275e+01
7.194682675814750894e+01
7.193653516295024986e+01
7.192452830188678092e+01
7.197598627787306214e+01
7.203945111492281228e+01
7.210291595197254821e+01
7.212178387650085654e+01
7.214065180102915065e+01
7.212006861063464669e+01
7.205145797598626700e+01
7.203773584905658822e+01
7.198456260720411137e+01
7.193138936535163452e+01
7.193996569468268376e+01
7.189536878216122773e+01
7.186106346483705920e+01
7.182675814751286225e+01
7.181989708404803707e+01
7.178387650085763028e+01
7.175128644939965739e+01
7.176329331046312632e+01
7.175128644939965739e+01
7.173927958833618845e+01
7.173756432246997861e+01
7.170325900514579587e+01
7.168267581475129191e+01
7.169639794168095648e+01
7.172555746140650967e+01
7.175300171526586723e+01
7.176843910806174165e+01
7.178387650085763028e+01
7.179931389365350469e+01
7.181646655231560317e+01
7.184562607204117057e+01
7.187307032590051392e+01
7.189879931389364742e+01
7.192452830188679513e+01
7.194854202401371879e+01
7.192795883361921483e+01
7.190909090909090651e+01
7.187821612349914346e+01
7.182332761578044256e+01
7.176843910806175586e+01
7.171183533447684511e+01
7.166723842195540328e+01
7.162092624356775161e+01
7.157461406518009994e+01
7.151457975986278370e+01
7.151629502572899355e+01
7.151801029159520340e+01
7.155917667238422553e+01
7.160034305317323344e+01
7.164322469982846542e+01
7.168782161234990724e+01
7.173241852487134906e+01
7.177530017152658104e+01
7.178216123499142043e+01
7.182504288164665240e+01
7.186792452830188438e+01
7.191080617495711635e+01
7.195197255574613848e+01
7.199313893653516061e+01
7.198456260720411137e+01
7.195025728987992863e+01
7.196397941680960741e+01
7.198970840480274092e+01
7.202915951972556741e+01
7.205488850771868670e+01
7.203259005145798710e+01
7.199485420240137046e+01
7.196226415094338336e+01
7.193138936535163452e+01
7.190909090909090651e+01
7.190909090909090651e+01
7.190909090909090651e+01
7.191080617495711635e+01
7.187821612349914346e+01
7.186963979416809423e+01
7.186106346483705920e+01
7.185248713550600996e+01
7.186106346483705920e+01
7.186963979416810844e+01
7.191595197255576011e+01
7.196397941680960741e+01
7.201029159519725908e+01
7.205660377358489654e+01
7.212692967409948608e+01
7.217152658662092790e+01
7.221440823327615988e+01
7.225557461406518200e+01
7.231046312178386870e+01
7.235162950257290504e+01
7.236878216123498930e+01
7.238593481989708778e+01
7.240308747855917204e+01
7.242024013722127052e+01
7.250085763293310492e+01
7.257975986277872948e+01
7.267238421955403282e+01
7.274614065180102784e+01
7.281989708404802286e+01
7.287650085763293362e+01
7.290737564322469666e+01
7.293653516295024986e+01
7.300514579759862954e+01
7.307204116638078517e+01
7.312006861063464669e+01
7.316809605488850821e+01
7.321612349914235551e+01
7.326072041166379734e+01
7.321440823327615988e+01
7.322126929674098506e+01
7.321269296740993582e+01
7.325728987993139185e+01
7.330188679245283367e+01
7.334648370497426129e+01
7.333790737564322626e+01
7.330360205831902931e+01
7.330874785591765885e+01
7.330531732418525337e+01
7.327787307032589581e+01
7.325042881646655246e+01
7.330360205831902931e+01
7.335849056603774443e+01
7.341852487135506067e+01
7.345626072041166310e+01
7.345111492281303356e+01
7.342195540308748036e+01
7.339279588336192717e+01
7.334991423670669519e+01
7.339108061749571732e+01
7.340137221269296219e+01
7.341166380789022128e+01
7.340651801029159174e+01
7.343053173241852960e+01
7.347855917667237691e+01
7.354030874785590299e+01
7.355746140651800147e+01
7.359005145797598857e+01
7.358490566037735903e+01
7.360034305317324765e+01
7.361921097770154176e+01
7.363464837049741618e+01
7.369811320754716633e+01
7.375128644939965739e+01
7.381646655231560317e+01
7.387307032590049971e+01
7.387650085763291941e+01
7.387821612349914346e+01
7.384048027444254103e+01
7.384219554030875088e+01
7.384391080617496073e+01
7.383533447684391149e+01
7.386277873070325484e+01
7.385420240137220560e+01
7.384562607204115636e+01
7.383876500857633118e+01
7.386620926243567453e+01
7.386792452830188438e+01
7.384391080617496073e+01
7.377873070325900073e+01
7.372727272727271952e+01
7.368782161234992145e+01
7.367409948542024267e+01
7.364837049742709496e+01
7.362264150943396146e+01
7.359862778730703781e+01
7.360720411663807283e+01
7.358319039451114918e+01
7.356089193825043537e+01
7.355060034305317629e+01
7.353859348198970736e+01
7.352658662092625264e+01
7.351629502572899355e+01
7.349571183533447538e+01
7.349914236706689508e+01
7.349571183533447538e+01
7.350771869639794431e+01
7.353173241852486797e+01
7.355574614065179162e+01
7.357804459691251964e+01
7.359862778730703781e+01
7.362435677530015710e+01
7.363636363636364024e+01
7.362607204116638115e+01
7.367409948542024267e+01
7.369811320754718054e+01
7.368610634648371160e+01
7.371355060034304074e+01
7.373927958833618845e+01
7.372384219554029983e+01
7.368439108061750176e+01
7.368439108061750176e+01
7.363293310463122054e+01
7.355060034305317629e+01
7.349571183533447538e+01
7.344082332761578868e+01
7.341166380789022128e+01
7.343053173241852960e+01
7.343567753001714493e+01
7.339451114922812280e+01
7.343910806174957884e+01
7.349571183533447538e+01
7.355060034305317629e+01
7.361749571183533192e+01
7.364493996569468948e+01
7.365180102915951466e+01
7.367238421955403282e+01
7.368096054888508206e+01
7.368953687821613130e+01
7.367409948542024267e+01
7.365523156089193435e+01
7.365351629502572450e+01
7.362607204116638115e+01
7.360034305317324765e+01
7.357632933104630979e+01
7.354202401372211284e+01
7.354545454545453254e+01
7.354888507718695223e+01
7.358319039451114918e+01
7.367753001715266237e+01
7.373756432246997861e+01
7.379759862778729484e+01
7.385934819897083514e+01
7.392281303602058529e+01
7.398627787307032122e+01
7.401543739279588863e+01
7.401886792452829411e+01
7.400857632933104924e+01
7.401372212692967878e+01
7.405660377358489654e+01
7.406174957118352609e+01
7.406861063464836548e+01
7.403773584905661664e+01
7.406518010291595999e+01
7.408404802744425410e+01
7.410463121783877227e+01
7.409605488850772304e+01
7.409262435677530334e+01
7.412692967409950029e+01
7.412006861063466090e+01
7.407890222984562456e+01
7.401200686106346893e+01
7.397427101200685229e+01
7.398970840480275513e+01
7.400514579759862954e+01
7.402058319039451817e+01
7.404459691252145603e+01
7.412521440823327623e+01
7.417838765008575308e+01
7.422984562607203429e+01
7.428130360205831551e+01
7.433276157804459672e+01
7.438421955403087793e+01
7.443739279588336899e+01
7.444939965694682371e+01
7.447341337907374736e+01
7.450085763293310492e+01
7.449399656946826553e+01
7.447512864493995721e+01
7.445454545454545325e+01
7.444596912521441823e+01
7.443739279588336899e+01
7.442710120068610991e+01
7.441680960548885082e+01
7.440994854202401143e+01
7.441852487135506067e+01
7.440308747855917204e+01
7.441509433962264097e+01
7.442881646655231975e+01
7.445454545454545325e+01
7.449914236706689508e+01
7.450943396226415416e+01
7.449571183533447538e+01
7.446483704974269813e+01
7.447684391080616706e+01
7.444425385934819417e+01
7.450257289879931477e+01
7.454202401372212705e+01
7.457975986277872948e+01
7.458147512864493933e+01
7.458319039451114918e+01
7.462092624356775161e+01
7.465866209262435405e+01
7.469468267581474663e+01
7.474099485420239830e+01
7.477701543739279089e+01
7.481303602058318347e+01
7.484562607204115636e+01
7.489193825042880803e+01
7.493825042881645970e+01
7.496569468267581726e+01
7.499313893653516061e+01
7.502058319039451817e+01
7.503945111492281228e+01
7.509605488850772304e+01
7.512178387650085654e+01
7.510806174957117776e+01
7.513207547169810141e+01
7.517324185248713775e+01
7.521440823327615988e+01
7.525728987993139185e+01
7.529845626072039977e+01
7.530188679245281946e+01
7.530360205831902931e+01
7.532418524871354748e+01
7.531903945111491794e+01
7.527101200686107063e+01
7.522298456260720911e+01
7.517667238421955744e+01
7.511835334476842263e+01
7.511492281303601715e+01
7.507375643224699502e+01
7.503259005145795868e+01
7.499313893653516061e+01
7.499142367066895076e+01
7.498970840480274092e+01
7.496569468267580305e+01
7.491938250428816559e+01
7.491080617495711635e+01
7.492795883361920062e+01
7.490909090909090651e+01
7.487650085763291941e+01
7.480960548885076378e+01
7.474442538593481800e+01
7.470668953687821556e+01
7.466723842195540328e+01
7.462950257289880085e+01
7.461749571183533192e+01
7.460720411663808704e+01
7.460548885077187720e+01
7.464150943396225557e+01
7.467753001715266237e+01
7.471526586620926480e+01
7.472898799313894358e+01
7.473070325900515343e+01
7.473241852487136327e+01
7.473241852487136327e+01
7.478044596912522479e+01
7.479073756432248388e+01
7.479931389365353311e+01
7.480789022298456814e+01
7.482675814751286225e+01
7.488507718696398285e+01
7.491766723842195574e+01
7.495197255574613848e+01
7.498284734133790153e+01
7.501543739279587442e+01
7.508919382504288365e+01
7.516295025728987866e+01
7.521440823327614567e+01
7.526586620926242688e+01
7.531560891938249824e+01
7.531560891938249824e+01
7.531560891938249824e+01
7.531732418524870809e+01
7.536878216123498930e+01
7.532933104631217702e+01
7.533962264150943611e+01
7.536535162950256961e+01
7.535334476843911489e+01
7.530188679245281946e+01
7.528816466552315489e+01
7.526415094339621703e+01
7.520240137221267673e+01
7.516295025728987866e+01
7.512349914236706638e+01
7.506003430531733045e+01
7.502058319039451817e+01
7.502915951972556741e+01
7.504974271012007137e+01
7.504459691252144182e+01
7.511663807890224120e+01
7.515608919382503927e+01
7.511149228130361166e+01
7.506003430531733045e+01
7.508061749571183441e+01
7.502401372212693786e+01
7.501543739279588863e+01
7.500343053173241969e+01
7.498113207547169168e+01
7.498113207547169168e+01
7.498456260720411137e+01
7.502401372212693786e+01
7.508747855917667380e+01
7.510463121783877227e+01
7.512006861063466090e+01
7.517667238421955744e+01
7.522298456260719490e+01
7.527101200686107063e+01
7.533104631217838687e+01
7.534819897084048534e+01
7.531389365351628840e+01
7.527615780445968596e+01
7.525042881646655246e+01
7.530188679245283367e+01
7.531560891938249824e+01
7.530874785591767306e+01
7.530188679245283367e+01
7.529502572898799428e+01
7.532418524871354748e+01
7.535334476843911489e+01
7.540480274442538189e+01
7.540137221269296219e+01
7.539794168096054250e+01
7.543396226415093508e+01
7.546826758147511782e+01
7.550257289879931477e+01
7.551286449399657386e+01
7.552487135506002858e+01
7.553687821612349751e+01
7.554716981132074238e+01
7.555746140651800147e+01
7.556946826758147040e+01
7.559176672384219842e+01
7.561406518010291222e+01
7.563636363636362603e+01
7.567066895368782298e+01
7.570497427101200572e+01
7.569811320754716633e+01
7.573070325900513922e+01
7.573927958833618845e+01
7.577015437392796571e+01
7.580274442538592439e+01
7.582675814751286225e+01
7.580274442538593860e+01
7.581475128644939332e+01
7.582847341337907210e+01
7.583704974271012134e+01
7.587135506003430407e+01
7.593138936535163452e+01
7.600000000000000000e+01
7.594854202401373300e+01
7.591080617495711635e+01
7.583876500857633118e+01
7.576843910806175586e+01
7.570325900514579587e+01
7.565180102915951466e+01
7.565008576329330481e+01
7.565008576329330481e+01
7.565180102915951466e+01
7.565180102915951466e+01
7.565008576329330481e+01
7.563807890222983588e+01
7.561234991423671659e+01
7.560377358490565314e+01
7.562607204116638115e+01
7.563293310463120633e+01
7.560377358490566735e+01
7.557461406518009994e+01
7.558319039451114918e+01
7.558147512864493933e+01
7.555574614065180583e+01
7.554202401372212705e+01
7.550428816466552462e+01
7.546826758147513203e+01
7.550428816466552462e+01
7.553687821612349751e+01
7.556603773584905070e+01
7.554373927958832269e+01
7.552315608919381873e+01
7.550257289879931477e+01
7.549571183533447538e+01
7.547684391080616706e+01
7.547169811320753752e+01
7.545454545454543904e+01
7.543910806174957884e+01
7.540994854202401143e+01
7.539622641509433265e+01
7.538078902229844402e+01
7.539794168096054250e+01
7.540137221269296219e+01
7.540308747855917204e+01
7.537907375643223418e+01
7.537049742710121336e+01
7.532418524871354748e+01
7.526243567753002139e+01
7.522298456260719490e+01
7.519725557461406140e+01
7.515780445969124912e+01
7.511663807890222699e+01
7.506174957118352609e+01
7.501715265866209847e+01
7.499485420240138467e+01
7.498284734133791574e+01
7.496912521440823696e+01
7.494339622641510346e+01
7.492624356775300498e+01
7.489879931389366163e+01
7.487135506003431829e+01
7.482332761578044256e+01
7.485763293310463951e+01
7.487478559176672377e+01
7.480102915951971454e+01
7.484734133790736621e+01
7.481303602058318347e+01
7.476672384219554601e+01
7.474785591766723769e+01
7.472898799313892937e+01
7.474442538593481800e+01
7.478559176672384012e+01
7.475643224699828693e+01
7.472555746140650967e+01
7.469639794168095648e+01
7.467924528301885800e+01
7.460548885077186299e+01
7.456775300171526055e+01
7.456946826758147040e+01
7.457118353344768025e+01
7.455403087478559598e+01
7.457289879931389009e+01
7.459519725557461811e+01
7.457975986277872948e+01
7.460205831903945750e+01
7.462264150943397567e+01
7.458490566037735903e+01
7.453173241852486797e+01
7.455574614065180583e+01
7.455746140651800147e+01
7.456089193825042116e+01
7.457632933104630979e+01
7.461406518010292643e+01
7.461406518010292643e+01
7.461578044596913628e+01
7.461921097770154176e+01
7.456946826758147040e+01
7.455917667238421132e+01
7.454888507718695223e+01
7.453859348198970736e+01
7.460720411663807283e+01
7.466552315608919344e+01
7.472212692967408998e+01
7.477701543739280510e+01
7.483190394511149179e+01
7.486792452830187017e+01
7.487135506003430407e+01
7.487478559176672377e+01
7.490394511149227696e+01
7.493138936535163452e+01
7.497084048027444680e+01
7.499313893653516061e+01
7.496740994854202711e+01
7.494168096054889361e+01
7.491595197255574590e+01
7.488850771869638834e+01
7.486277873070326905e+01
7.480960548885077799e+01
7.483018867924528195e+01
7.482675814751286225e+01
7.482332761578044256e+01
7.476843910806175586e+01
7.477015437392796571e+01
7.476843910806175586e+01
7.476672384219554601e+01
7.476500857632933617e+01
7.476157804459691647e+01
7.477530017152659525e+01
7.481132075471697362e+01
7.485934819897083514e+01
7.489536878216122773e+01
7.492967409948542468e+01
7.498799313893653107e+01
7.502229845626072802e+01
7.505660377358491075e+01
7.509090909090909349e+01
7.512521440823329044e+01
7.515608919382503927e+01
7.517667238421955744e+01
7.520583190394511064e+01
7.523327615780445399e+01
7.523327615780445399e+01
7.525900514579760170e+01
7.529845626072042819e+01
7.532590051457975733e+01
7.535334476843911489e+01
7.537907375643223418e+01
7.539451114922813701e+01
7.540823327615780158e+01
7.538593481989708778e+01
7.540137221269296219e+01
7.537907375643224839e+01
7.539451114922813701e+01
7.541166380789022128e+01
7.547855917667237691e+01
7.554545454545454675e+01
7.561406518010291222e+01
7.561749571183533192e+01
7.560891938250428268e+01
7.557461406518009994e+01
7.554716981132074238e+01
7.555574614065179162e+01
7.551801029159520340e+01
7.552830188679246248e+01
7.556432246998285507e+01
7.560377358490566735e+01
7.564322469982847963e+01
7.562092624356776582e+01
7.563636363636364024e+01
7.565351629502572450e+01
7.567066895368782298e+01
7.566209262435677374e+01
7.568096054888508206e+01
7.573756432246997861e+01
7.573584905660376876e+01
7.575643224699828693e+01
7.577530017152659525e+01
7.578387650085763028e+01
7.579073756432246967e+01
7.579759862778729484e+01
7.581303602058318347e+01
7.583704974271012134e+01
7.586277873070325484e+01
7.589879931389366163e+01
7.593481989708405422e+01
7.597084048027444680e+01
7.600857632933104924e+01
7.598284734133790153e+01
7.592109777015436123e+01
7.585934819897084935e+01
7.579416809605488936e+01
7.580445969125214845e+01
7.581818181818181301e+01
7.580445969125213423e+01
7.578902229845625982e+01
7.584219554030875088e+01
7.589708404802743758e+01
7.595197255574612427e+01
7.602058319039450396e+01
7.609777015437391867e+01
7.619039451114922201e+01
7.624699828473413277e+01
7.625728987993139185e+01
7.626929674099486078e+01
7.628130360205831551e+01
7.624528301886792292e+01
7.620926243567753033e+01
7.617324185248713775e+01
7.613550600343053532e+01
7.613207547169811562e+01
7.613036020583190577e+01
7.612864493996569593e+01
7.612692967409948608e+01
7.611663807890222699e+01
7.614236706689536049e+01
7.613207547169810141e+01
7.610634648370496791e+01
7.609262435677530334e+01
7.607890222984562456e+01
7.605317324185247685e+01
7.606174957118352609e+01
7.607890222984562456e+01
7.608919382504288365e+01
7.610634648370495370e+01
7.612349914236705217e+01
7.614065180102915065e+01
7.615780445969124912e+01
7.618524871355059247e+01
7.620240137221267673e+01
7.622813036020582445e+01
7.625385934819897216e+01
7.627958833619210566e+01
7.630531732418523916e+01
7.628816466552315489e+01
7.625557461406518200e+01
7.622298456260719490e+01
7.619210977701544607e+01
7.616123499142366882e+01
7.613207547169811562e+01
7.614065180102916486e+01
7.612521440823327623e+01
7.609948542024014273e+01
7.613893653516295501e+01
7.615437392795882943e+01
7.614408233276158455e+01
7.614751286449400425e+01
7.618524871355060668e+01
7.621097770154374018e+01
7.627272727272728048e+01
7.630703259005146322e+01
7.627787307032589581e+01
7.621269296740995003e+01
7.613550600343053532e+01
7.607718696397941471e+01
7.601886792452829411e+01
7.600171526586620985e+01
7.602401372212693786e+01
7.603602058319040680e+01
7.601715265866209847e+01
7.599828473413379015e+01
7.603087478559174883e+01
7.604802744425384731e+01
7.606346483704973593e+01
7.608233276157804426e+01
7.616295025728987866e+01
7.619382504288165592e+01
7.626243567753002139e+01
7.627787307032591002e+01
7.629331046312178444e+01
7.630874785591767306e+01
7.635162950257290504e+01
7.637735849056605275e+01
7.638250428816468229e+01
7.644082332761578868e+01
7.649742710120068523e+01
7.655574614065182004e+01
7.653173241852488218e+01
7.645969125214408280e+01
7.641852487135506067e+01
7.638936535162950747e+01
7.639794168096054250e+01
7.644253859348199853e+01
7.646826758147513203e+01
7.652487135506004279e+01
7.652830188679246248e+01
7.653344768439107781e+01
7.653859348198970736e+01
7.655574614065179162e+01
7.657289879931389009e+01
7.659005145797598857e+01
7.659348198970840826e+01
7.659519725557461811e+01
7.658147512864493933e+01
7.660377358490566735e+01
7.658490566037735903e+01
7.654716981132075659e+01
7.650943396226415416e+01
7.646998284734134188e+01
7.645626072041166310e+01
7.643567753001715914e+01
7.641337907375643113e+01
7.642195540308748036e+01
7.646998284734132767e+01
7.651801029159520340e+01
7.652487135506004279e+01
7.653173241852488218e+01
7.654888507718696644e+01
7.650600343053173447e+01
7.649742710120068523e+01
7.651286449399657386e+01
7.652658662092625264e+01
7.653001715265867233e+01
7.654888507718695223e+01
7.657461406518009994e+01
7.656775300171526055e+01
7.656432246998284086e+01
7.653001715265865812e+01
7.651972555746141325e+01
7.652144082332762309e+01
7.656089193825042116e+01
7.661063464837049253e+01
7.661406518010291222e+01
7.668096054888508206e+01
7.671183533447684511e+01
7.673070325900513922e+01
7.675300171526586723e+01
7.678902229845624561e+01
7.682332761578044256e+01
7.681818181818181301e+01
7.678730703259006418e+01
7.673070325900515343e+01
7.671698113207546044e+01
7.673756432246997861e+01
7.675986277873070662e+01
7.678387650085764449e+01
7.679245283018869372e+01
7.675300171526586723e+01
7.673070325900513922e+01
7.673241852487134906e+01
7.669296740994855099e+01
7.671869639794168449e+01
7.670668953687822977e+01
7.669468267581476084e+01
7.668439108061750176e+01
7.666380789022298359e+01
7.668267581475129191e+01
7.669982847341337617e+01
7.676672384219554601e+01
7.681475128644939332e+01
7.685591766723842966e+01
7.689708404802743758e+01
7.693825042881645970e+01
7.692452830188678092e+01
7.693653516295026407e+01
7.700171526586620985e+01
7.702058319039451817e+01
7.697770154373927198e+01
7.691080617495711635e+01
7.684562607204117057e+01
7.678387650085764449e+01
7.671869639794167028e+01
7.663979416809604572e+01
7.661921097770154176e+01
7.658662092624356887e+01
7.659348198970840826e+01
7.658490566037735903e+01
7.658833619210977872e+01
7.659348198970840826e+01
7.661234991423671659e+01
7.663121783876501070e+01
7.668610634648371160e+01
7.670497427101200572e+01
7.672384219554031404e+01
7.671012006861064947e+01
7.663636363636365445e+01
7.656260720411664522e+01
7.652658662092625264e+01
7.652830188679246248e+01
7.649228130360205569e+01
7.649571183533447538e+01
7.649914236706689508e+01
7.646483704974271234e+01
7.645626072041167731e+01
7.642538593481990006e+01
7.641852487135506067e+01
7.638936535162950747e+01
7.638421955403087793e+01
7.637907375643224839e+01
7.635506003430531052e+01
7.639279588336191296e+01
7.643053173241852960e+01
7.648370497427102066e+01
7.642538593481990006e+01
7.641852487135506067e+01
7.643739279588336899e+01
7.649056603773584584e+01
7.654373927958832269e+01
7.655231560891937193e+01
7.656775300171526055e+01
7.657804459691251964e+01
7.654888507718695223e+01
7.650771869639794431e+01
7.646655231560890797e+01
7.645111492281304777e+01
7.643739279588336899e+01
7.638593481989708778e+01
7.637049742710121336e+01
7.638936535162949326e+01
7.640651801029160595e+01
7.640480274442538189e+01
7.638765008576328341e+01
7.636706689536877946e+01
7.637907375643224839e+01
7.640308747855917204e+01
7.643053173241852960e+01
7.639451114922813701e+01
7.635849056603774443e+01
7.632418524871354748e+01
7.636363636363637397e+01
7.632590051457975733e+01
7.627272727272728048e+01
7.626586620926244109e+01
7.625900514579758749e+01
7.625042881646655246e+01
7.625385934819897216e+01
7.624013722126929338e+01
7.623499142367067805e+01
7.623327615780446820e+01
7.626415094339623124e+01
7.629845626072041398e+01
7.632246998284733763e+01
7.632075471698112779e+01
7.633790737564322626e+01
7.631560891938249824e+01
7.632761578044596718e+01
7.633790737564322626e+01
7.634991423670669519e+01
7.632075471698112779e+01
7.633276157804459672e+01
7.634819897084048534e+01
7.636020583190395428e+01
7.638593481989707357e+01
7.639451114922812280e+01
7.640308747855917204e+01
7.641337907375643113e+01
7.642881646655231975e+01
7.639794168096054250e+01
7.637907375643224839e+01
7.636535162950258382e+01
7.634819897084048534e+01
7.632418524871356169e+01
7.633790737564322626e+01
7.635334476843911489e+01
7.635162950257290504e+01
7.637564322469984290e+01
7.636535162950256961e+01
7.635506003430532473e+01
7.634476843910806565e+01
7.631903945111491794e+01
7.632761578044596718e+01
7.630188679245283367e+01
7.635677530017153458e+01
7.641166380789022128e+01
7.647684391080616706e+01
7.653001715265864391e+01
7.658319039451114918e+01
7.663464837049741618e+01
7.668782161234990724e+01
7.673756432246997861e+01
7.678730703259003576e+01
7.681132075471697362e+01
7.685934819897083514e+01
7.690051457975985727e+01
7.694511149228131330e+01
7.700514579759862954e+01
7.706518010291594578e+01
7.707890222984562456e+01
7.710463121783877227e+01
7.711663807890224120e+01
7.710463121783877227e+01
7.709262435677530334e+01
7.710120068610635258e+01
7.704974271012005715e+01
7.707032590051457532e+01
7.707375643224699502e+01
7.711149228130359745e+01
7.714922813036019988e+01
7.715780445969124912e+01
7.719039451114923622e+01
7.719725557461406140e+01
7.720926243567753033e+01
7.722126929674099927e+01
7.718867924528301216e+01
7.715608919382503927e+01
7.711320754716982151e+01
7.708404802744425410e+01
7.704288164665523198e+01
7.703945111492282649e+01
7.706689536878215563e+01
7.709262435677530334e+01
7.711663807890224120e+01
7.714065180102916486e+01
7.714751286449399004e+01
7.714922813036019988e+01
7.715951972555745897e+01
7.713379073756432547e+01
7.710977701543738760e+01
7.713722126929673095e+01
7.720240137221267673e+01
7.724185248713550322e+01
7.719554030874785155e+01
7.728816466552314068e+01
7.729845626072039977e+01
7.730531732418523916e+01
7.731046312178386870e+01
7.735506003430532473e+01
7.736363636363635976e+01
7.741852487135506067e+01
7.747341337907376158e+01
7.752830188679244827e+01
7.758319039451113497e+01
7.763807890222983588e+01
7.769296740994853678e+01
7.766209262435677374e+01
7.763121783876499649e+01
7.762435677530015710e+01
7.762264150943394725e+01
7.765351629502572450e+01
7.769296740994853678e+01
7.770497427101200572e+01
7.769468267581474663e+01
7.773584905660376876e+01
7.774099485420239830e+01
7.774785591766723769e+01
7.780274442538592439e+01
7.782161234991423271e+01
7.783704974271010713e+01
7.785077186963978590e+01
7.782847341337907210e+01
7.784734133790736621e+01
7.783190394511147758e+01
7.781475128644939332e+01
7.780789022298455393e+01
7.780274442538592439e+01
7.778559176672384012e+01
7.774099485420238409e+01
7.774785591766722348e+01
7.775643224699827272e+01
7.776500857632932195e+01
7.768439108061748755e+01
7.767753001715264816e+01
7.768953687821611709e+01
7.770325900514578166e+01
7.771526586620925059e+01
7.769125214408232694e+01
7.771355060034304074e+01
7.771698113207546044e+01
7.775128644939964317e+01
7.777530017152656683e+01
7.775986277873070662e+01
7.774614065180102784e+01
7.768610634648369739e+01
7.762607204116636694e+01
7.757461406518009994e+01
7.753516295025727345e+01
7.749742710120068523e+01
7.745969125214406859e+01
7.745797598627787295e+01
7.744596912521438981e+01
7.743396226415093508e+01
7.742367066895367600e+01
7.744596912521438981e+01
7.746483704974269813e+01
7.744425385934819417e+01
7.742367066895369021e+01
7.738936535162950747e+01
7.736363636363635976e+01
7.733790737564322626e+01
7.731389365351630261e+01
7.731046312178388291e+01
7.728301886792452535e+01
7.725900514579760170e+01
7.723499142367066383e+01
7.718524871355060668e+01
7.715951972555745897e+01
7.711149228130359745e+01
7.713893653516294080e+01
7.711835334476843684e+01
7.718181818181818699e+01
7.724699828473413277e+01
7.730017152658662383e+01
7.733447684391080656e+01
7.732590051457975733e+01
7.730531732418523916e+01
7.728644939965694505e+01
7.726758147512865094e+01
7.725557461406518200e+01
7.721612349914236972e+01
7.718867924528301216e+01
7.716123499142366882e+01
7.715780445969124912e+01
7.716981132075471805e+01
7.721783876500856536e+01
7.726586620926242688e+01
7.727615780445970017e+01
7.732246998284733763e+01
7.733790737564322626e+01
7.734305317324185580e+01
7.737221269296740900e+01
7.740137221269296219e+01
7.739794168096054250e+01
7.740823327615780158e+01
7.740137221269296219e+01
7.740823327615780158e+01
7.741509433962264097e+01
7.742195540308748036e+01
7.742710120068610991e+01
7.743224699828473945e+01
7.743567753001714493e+01
7.744425385934820838e+01
7.749056603773584584e+01
7.750085763293310492e+01
7.751114922813036401e+01
7.752315608919383294e+01
7.754716981132075659e+01
7.751801029159520340e+01
7.749571183533447538e+01
7.752315608919381873e+01
7.752144082332760888e+01
7.751972555746139903e+01
7.757975986277872948e+01
7.760377358490565314e+01
7.760377358490565314e+01
7.762264150943394725e+01
7.762264150943394725e+01
7.762264150943394725e+01
7.764665523156088511e+01
7.768439108061748755e+01
7.773584905660376876e+01
7.777186963979416134e+01
7.780789022298455393e+01
7.780789022298455393e+01
7.784219554030875088e+01
7.787650085763293362e+01
7.792967409948542468e+01
7.795540308747855818e+01
7.799656946826758031e+01
7.808233276157804426e+01
7.802915951972556741e+01
7.806689536878215563e+01
7.813036020583190577e+01
7.812864493996569593e+01
7.811492281303603136e+01
7.810120068610635258e+01
7.806003430531733045e+01
7.805488850771870091e+01
7.804974271012007137e+01
7.804288164665523198e+01
7.803430531732418274e+01
7.808233276157804426e+01
7.809433962264151319e+01
7.806689536878215563e+01
7.803945111492282649e+01
7.803087478559176304e+01
7.802229845626072802e+01
7.803602058319039259e+01
7.804974271012005715e+01
7.807718696397941471e+01
7.810463121783875806e+01
7.816809605488850821e+01
7.815780445969124912e+01
7.813722126929673095e+01
7.811663807890222699e+01
7.809777015437393288e+01
7.806689536878215563e+01
7.804288164665523198e+01
7.806861063464836548e+01
7.805488850771868670e+01
7.803945111492281228e+01
7.802058319039451817e+01
7.800171526586620985e+01
7.802744425385934335e+01
7.805488850771868670e+01
7.803945111492279807e+01
7.802229845626071381e+01
7.800686106346483939e+01
7.799142367066895076e+01
7.791766723842195574e+01
7.787307032590049971e+01
7.787135506003430407e+01
7.786963979416809423e+01
7.787993138936535331e+01
7.791080617495711635e+01
7.791766723842195574e+01
7.788336192109775880e+01
7.793310463121783016e+01
7.790222984562606712e+01
7.790737564322469666e+01
7.793310463121783016e+01
7.795711835334475381e+01
7.796740994854201290e+01
7.794168096054887940e+01
7.796740994854201290e+01
7.800514579759861533e+01
7.798799313893653107e+01
7.797255574614064244e+01
7.796054888507717351e+01
7.794854202401371879e+01
7.793825042881647391e+01
7.797770154373927198e+01
7.800000000000000000e+01
7.796226415094339757e+01
7.798627787307033543e+01
7.796912521440823696e+01
7.793481989708405422e+01
7.789536878216122773e+01
7.786277873070325484e+01
7.783018867924528195e+01
7.779759862778729484e+01
7.776672384219554601e+01
7.773756432246997861e+01
7.772041166380788013e+01
7.769468267581474663e+01
7.767066895368782298e+01
7.766209262435677374e+01
7.762950257289878664e+01
7.759519725557460390e+01
7.757289879931389009e+01
7.755060034305316208e+01
7.751801029159518919e+01
7.748370497427100645e+01
7.742367066895369021e+01
7.742710120068610991e+01
7.742195540308748036e+01
7.745283018867922920e+01
7.740823327615780158e+01
7.736363636363634555e+01
7.726929674099484657e+01
7.717495711835333339e+01
7.708061749571183441e+01
7.702229845626071381e+01
7.701543739279588863e+01
7.699656946826758031e+01
7.705317324185247685e+01
7.707204116638078517e+01
7.708919382504288365e+01
7.710806174957117776e+01
7.708919382504286943e+01
7.709090909090909349e+01
7.704116638078902213e+01
7.703087478559176304e+01
7.704631217838765167e+01
7.703430531732418274e+01
7.703773584905660243e+01
7.697941680960548183e+01
7.694339622641508925e+01
7.690566037735848681e+01
7.686620926243567453e+01
7.682675814751286225e+01
7.678902229845625982e+01
7.674957118353344754e+01
7.672898799313892937e+01
7.669468267581474663e+01
7.667238421955401861e+01
7.662435677530015710e+01
7.657461406518009994e+01
7.652487135506002858e+01
7.647169811320753752e+01
7.641852487135506067e+01
7.636192109777016412e+01
7.635506003430531052e+01
7.638421955403086372e+01
7.641337907375643113e+01
7.644425385934820838e+01
7.639965694682675235e+01
7.636878216123498930e+01
7.636363636363637397e+01
7.636020583190395428e+01
7.632933104631217702e+01
7.629674099485420413e+01
7.626415094339621703e+01
7.621783876500857957e+01
7.616466552315608851e+01
7.609605488850772304e+01
7.611149228130361166e+01
7.610806174957117776e+01
7.610120068610635258e+01
7.605145797598626700e+01
7.604974271012005715e+01
7.604802744425384731e+01
7.604631217838763746e+01
7.604631217838763746e+01
7.604974271012005715e+01
7.601372212692966457e+01
7.600857632933103503e+01
7.599485420240137046e+01
7.597941680960548183e+01
7.593653516295024986e+01
7.590566037735848681e+01
7.591423670668953605e+01
7.589879931389364742e+01
7.590737564322469666e+01
7.589193825042880803e+01
7.586792452830189859e+01
7.583704974271012134e+01
7.581303602058318347e+01
7.579416809605487515e+01
7.577701543739279089e+01
7.575128644939965739e+01
7.572555746140650967e+01
7.570154373927958602e+01
7.565351629502572450e+01
7.563979416809605993e+01
7.561406518010291222e+01
7.558833619210977872e+01
7.556432246998284086e+01
7.557975986277872948e+01
7.556603773584905070e+01
7.555231560891937193e+01
7.552487135506002858e+01
7.549914236706689508e+01
7.547341337907374736e+01
7.545283018867924341e+01
7.543224699828472524e+01
7.544768439108059965e+01
7.539965694682675235e+01
7.537907375643224839e+01
7.533962264150943611e+01
7.530017152658660962e+01
7.525042881646655246e+01
7.521440823327615988e+01
7.514236706689536049e+01
7.509777015437391867e+01
7.505488850771868670e+01
7.504974271012005715e+01
7.504288164665524619e+01
7.503773584905661664e+01
7.503259005145797289e+01
7.500514579759862954e+01
7.496397941680959320e+01
7.493481989708404001e+01
7.487650085763293362e+01
7.481989708404802286e+01
7.475471698113207708e+01
7.468267581475129191e+01
7.463636363636362603e+01
7.459005145797598857e+01
7.453516295025728766e+01
7.451972555746141325e+01
7.447855917667237691e+01
7.448370497427100645e+01
7.445969125214408280e+01
7.443396226415094930e+01
7.443396226415094930e+01
7.443567753001715914e+01
7.442024013722127052e+01
7.440651801029159174e+01
7.439451114922812280e+01
7.438078902229845824e+01
7.436878216123498930e+01
7.440480274442538189e+01
7.444082332761577447e+01
7.447684391080616706e+01
7.451286449399657386e+01
7.450085763293310492e+01
7.451972555746139903e+01
7.451972555746139903e+01
7.449914236706689508e+01
7.447855917667237691e+01
7.445626072041166310e+01
7.443739279588335478e+01
7.438078902229845824e+01
7.433790737564322626e+01
7.433276157804459672e+01
7.428816466552314068e+01
7.426586620926244109e+01
7.421955403087478942e+01
7.423327615780445399e+01
7.426415094339621703e+01
7.432933104631217702e+01
7.437564322469982869e+01
7.441852487135506067e+01
7.440308747855917204e+01
7.435677530017152037e+01
7.441337907375643113e+01
7.439279588336191296e+01
7.441166380789022128e+01
7.443396226415094930e+01
7.441852487135506067e+01
7.442367066895369021e+01
7.439451114922812280e+01
7.436363636363637397e+01
7.435506003430532473e+01
7.433619210977701641e+01
7.430360205831904352e+01
7.424356775300171307e+01
7.416466552315608851e+01
7.414751286449399004e+01
7.411320754716982151e+01
7.410977701543740181e+01
7.408061749571183441e+01
7.405145797598628121e+01
7.398456260720412558e+01
7.390394511149227696e+01
7.383704974271012134e+01
7.373927958833618845e+01
7.372555746140652388e+01
7.366380789022298359e+01
7.364665523156089932e+01
7.361578044596913628e+01
7.361063464837050674e+01
7.360720411663808704e+01
7.360377358490566735e+01
7.359005145797598857e+01
7.359176672384218421e+01
7.358319039451114918e+01
7.355574614065179162e+01
7.352830188679244827e+01
7.351801029159518919e+01
7.346826758147513203e+01
7.343396226415094930e+01
7.339965694682676656e+01
7.336535162950256961e+01
7.332246998284733763e+01
7.335677530017152037e+01
7.336706689536879367e+01
7.337907375643224839e+01
7.337907375643224839e+01
7.335334476843911489e+01
7.327615780445970017e+01
7.325042881646656667e+01
7.322813036020582445e+01
7.324871355060034261e+01
7.323327615780445399e+01
7.321612349914236972e+01
7.323327615780445399e+01
7.323842195540309774e+01
7.319039451114923622e+01
7.315437392795882943e+01
7.318010291595197714e+01
7.316981132075471805e+01
7.316123499142366882e+01
7.316295025728987866e+01
7.318010291595197714e+01
7.324871355060034261e+01
7.324699828473413277e+01
7.325728987993139185e+01
7.322984562607204850e+01
7.318181818181818699e+01
7.315780445969124912e+01
7.313379073756431126e+01
7.309777015437393288e+01
7.306346483704973593e+01
7.303087478559176304e+01
7.299828473413379015e+01
7.296912521440823696e+01
7.294339622641510346e+01
7.295540308747857239e+01
7.296912521440822275e+01
7.298113207547169168e+01
7.295711835334478224e+01
7.297084048027444680e+01
7.293481989708405422e+01
7.289879931389364742e+01
7.287993138936536752e+01
7.285763293310463951e+01
7.285591766723842966e+01
7.283190394511149179e+01
7.282847341337907210e+01
7.281303602058319768e+01
7.283533447684391149e+01
7.281646655231560317e+01
7.278216123499143464e+01
7.273413379073755891e+01
7.270154373927960023e+01
7.271698113207547465e+01
7.266895368782161313e+01
7.266380789022298359e+01
7.261921097770154176e+01
7.257118353344769446e+01
7.255060034305317629e+01
7.250600343053173447e+01
7.246655231560892219e+01
7.248198970840479660e+01
7.249914236706689508e+01
7.251457975986278370e+01
7.254373927958833690e+01
7.251972555746141325e+01
7.253344768439109203e+01
7.253687821612349751e+01
7.250257289879931477e+01
7.246998284734134188e+01
7.245454545454545325e+01
7.245797598627787295e+01
7.240994854202401143e+01
7.237221269296739479e+01
7.233276157804459672e+01
7.229159519725557459e+01
7.230188679245281946e+01
7.232933104631217702e+01
7.235506003430532473e+01
7.230531732418523916e+01
7.232933104631217702e+01
7.233962264150943611e+01
7.227101200686107063e+01
7.224356775300171307e+01
7.221612349914236972e+01
7.216295025728987866e+01
7.210977701543740181e+01
7.208233276157804426e+01
7.204974271012007137e+01
7.202744425385935756e+01
7.196226415094341178e+01
7.190737564322469666e+01
7.183018867924528195e+01
7.175128644939965739e+01
7.175300171526586723e+01
7.171698113207547465e+01
7.168096054888508206e+01
7.164493996569468948e+01
7.165008576329331902e+01
7.161406518010292643e+01
7.156260720411664522e+01
7.152487135506002858e+01
7.146140651801027843e+01
7.145797598627787295e+01
7.145626072041166310e+01
7.140308747855917204e+01
7.136020583190395428e+01
7.136535162950256961e+01
7.135849056603774443e+01
7.135162950257290504e+01
7.134648370497427550e+01
7.133276157804459672e+01
7.131903945111491794e+01
7.131732418524872230e+01
7.126415094339623124e+01
7.121783876500857957e+01
7.118010291595197714e+01
7.113550600343053532e+01
7.114065180102915065e+01
7.114065180102916486e+01
7.111663807890222699e+01
7.114065180102916486e+01
7.112349914236708059e+01
7.106346483704975014e+01
7.099142367066895076e+01
7.093138936535163452e+01
7.092109777015437544e+01
7.092281303602058529e+01
7.092281303602058529e+01
7.089708404802745179e+01
7.088164665523154895e+01
7.081989708404802286e+01
7.075814751286449678e+01
7.070325900514579587e+01
7.069468267581476084e+01
7.066895368782161313e+01
7.064322469982846542e+01
7.066380789022298359e+01
7.067066895368782298e+01
7.069125214408232694e+01
7.073584905660376876e+01
7.071698113207546044e+01
7.069982847341337617e+01
7.073070325900513922e+01
7.068953687821613130e+01
7.066723842195540328e+01
7.061063464837049253e+01
7.055574614065179162e+01
7.051801029159520340e+01
7.049399656946826553e+01
7.045797598627787295e+01
7.045797598627787295e+01
7.047169811320755173e+01
7.047169811320755173e+01
7.047341337907376158e+01
7.048713550600342614e+01
7.049056603773584584e+01
7.049399656946826553e+01
7.045969125214408280e+01
7.042195540308748036e+01
7.037221269296739479e+01
7.034133790737564595e+01
7.029674099485418992e+01
7.022984562607204850e+01
7.016981132075471805e+01
7.012521440823327623e+01
7.011835334476845105e+01
7.011320754716980730e+01
7.010806174957117776e+01
7.007718696397941471e+01
7.006174957118352609e+01
7.008233276157804426e+01
7.001543739279588863e+01
6.998113207547169168e+01
6.996226415094341178e+01
6.994511149228131330e+01
6.992795883361921483e+01
6.990909090909090651e+01
6.989193825042882224e+01
6.986106346483704499e+01
6.984219554030875088e+01
6.982332761578044256e+01
6.980274442538593860e+01
6.978044596912521058e+01
6.980960548885076378e+01
6.983704974271012134e+01
6.982504288164665240e+01
6.975300171526586723e+01
6.969811320754716633e+01
6.967753001715266237e+01
6.971869639794168449e+01
6.973070325900513922e+01
6.976329331046312632e+01
6.979245283018867951e+01
6.978044596912521058e+01
6.973070325900513922e+01
6.974957118353344754e+01
6.972898799313894358e+01
6.970668953687821556e+01
6.970497427101201993e+01
6.970325900514579587e+01
6.965694682675814420e+01
6.968439108061748755e+01
6.971183533447683089e+01
6.973584905660376876e+01
6.973927958833618845e+01
6.977015437392796571e+01
6.980102915951971454e+01
6.985420240137221981e+01
6.987993138936535331e+01
6.991766723842195574e+01
6.990737564322469666e+01
6.991766723842195574e+01
6.992624356775300498e+01
6.993653516295026407e+01
6.994682675814752315e+01
6.991080617495711635e+01
6.989365351629501788e+01
6.987821612349914346e+01
6.987307032590052813e+01
6.986963979416809423e+01
6.986620926243568874e+01
6.991080617495711635e+01
6.995368782161234833e+01
6.998970840480274092e+01
7.001200686106346893e+01
7.003602058319039259e+01
7.006003430531731624e+01
7.003602058319039259e+01
7.001372212692967878e+01
6.999313893653516061e+01
6.992795883361921483e+01
6.989879931389364742e+01
6.987135506003428986e+01
6.985934819897084935e+01
6.983704974271012134e+01
6.985763293310463951e+01
6.984562607204117057e+01
6.984562607204117057e+01
6.987650085763293362e+01
6.990051457975985727e+01
6.991423670668953605e+01
6.987993138936535331e+01
6.984562607204117057e+01
6.985934819897083514e+01
6.984905660377359027e+01
6.984562607204117057e+01
6.983190394511149179e+01
6.982675814751286225e+01
6.974099485420239830e+01
6.973927958833618845e+01
6.971183533447683089e+01
6.973070325900513922e+01
6.974271012006860815e+01
6.976672384219553180e+01
6.974099485420239830e+01
6.974614065180101363e+01
6.974614065180102784e+01
6.975128644939965739e+01
6.975986277873069241e+01
6.971698113207546044e+01
6.966209262435677374e+01
6.959691252144082796e+01
6.953344768439107781e+01
6.953001715265867233e+01
6.952658662092625264e+01
6.952487135506002858e+01
6.956603773584905070e+01
6.960548885077187720e+01
6.959176672384219842e+01
6.957975986277872948e+01
6.953001715265867233e+01
6.946998284734134188e+01
6.943224699828473945e+01
6.939622641509433265e+01
6.936192109777016412e+01
6.932933104631217702e+01
6.930017152658662383e+01
6.927101200686107063e+01
6.924528301886792292e+01
6.921612349914236972e+01
6.916123499142366882e+01
6.916981132075471805e+01
6.916466552315608851e+01
6.915780445969124912e+01
6.910977701543740181e+01
6.910463121783877227e+01
6.905660377358491075e+01
6.901543739279588863e+01
6.895883361921097787e+01
6.895540308747855818e+01
6.889022298456259819e+01
6.886277873070325484e+01
6.887135506003430407e+01
6.886106346483705920e+01
6.886963979416809423e+01
6.887821612349912925e+01
6.886277873070325484e+01
6.883361921097770164e+01
6.879073756432246967e+01
6.876500857632933617e+01
6.870154373927958602e+01
6.867581475128645252e+01
6.869296740994852257e+01
6.867066895368782298e+01
6.866895368782161313e+01
6.863464837049741618e+01
6.862092624356773740e+01
6.860720411663807283e+01
6.864150943396225557e+01
6.866552315608919344e+01
6.866209262435677374e+01
6.871183533447683089e+01
6.877358490566037119e+01
6.879588336192109921e+01
6.881646655231560317e+01
6.878730703259003576e+01
6.876672384219554601e+01
6.877873070325900073e+01
6.878044596912519637e+01
6.876500857632933617e+01
6.878559176672384012e+01
6.876843910806175586e+01
6.874785591766723769e+01
6.872727272727273373e+01
6.870497427101200572e+01
6.864665523156088511e+01
6.860034305317324765e+01
6.853859348198970736e+01
6.847855917667237691e+01
6.841852487135506067e+01
6.843224699828473945e+01
6.841680960548885082e+01
6.841166380789022128e+01
6.840308747855917204e+01
6.838250428816466808e+01
6.834648370497427550e+01
6.829674099485420413e+01
6.828644939965694505e+01
6.827444253859347612e+01
6.826415094339623124e+01
6.825385934819895795e+01
6.819897084048027125e+01
6.818010291595197714e+01
6.817838765008576729e+01
6.817838765008575308e+01
6.817667238421955744e+01
6.815608919382503927e+01
6.819382504288164171e+01
6.818010291595197714e+01
6.811835334476843684e+01
6.805145797598626700e+01
6.800000000000000000e+01
6.798284734133790153e+01
6.797770154373927198e+01
6.798456260720412558e+01
6.794168096054887940e+01
6.799313893653516061e+01
6.794682675814750894e+01
6.789193825042880803e+01
6.784734133790738042e+01
6.783876500857633118e+01
6.783190394511149179e+01
6.780102915951971454e+01
6.775986277873070662e+01
6.777358490566038540e+01
6.778730703259004997e+01
6.775643224699828693e+01
6.772555746140652388e+01
6.769296740994853678e+01
6.764150943396226978e+01
6.759005145797598857e+01
6.760205831903945750e+01
6.755231560891938614e+01
6.754373927958833690e+01
6.750771869639794431e+01
6.745626072041164889e+01
6.744596912521441823e+01
6.740994854202401143e+01
6.741337907375643113e+01
6.741509433962264097e+01
6.741680960548885082e+01
6.741852487135506067e+01
6.741852487135506067e+01
6.744596912521441823e+01
6.748542024013721630e+01
6.753516295025730187e+01
6.757289879931389009e+01
6.759862778730703781e+01
6.758662092624356887e+01
6.757461406518009994e+01
6.756432246998284086e+01
6.758147512864493933e+01
6.758319039451114918e+01
6.755917667238421132e+01
6.753687821612349751e+01
6.754373927958833690e+01
6.756089193825043537e+01
6.758147512864493933e+01
6.760205831903945750e+01
6.761234991423670238e+01
6.762264150943396146e+01
6.758319039451114918e+01
6.758147512864493933e+01
6.754545454545454675e+01
6.751114922813036401e+01
6.748027444253858675e+01
6.744939965694682371e+01
6.746312178387648828e+01
6.743567753001714493e+01
6.746140651801027843e+01
6.749056603773584584e+01
6.748198970840479660e+01
6.750085763293310492e+01
6.750428816466552462e+01
6.754716981132075659e+01
6.756775300171526055e+01
6.759005145797598857e+01
6.761578044596912207e+01
6.764150943396225557e+01
6.766723842195540328e+01
6.769296740994853678e+01
6.766209262435677374e+01
6.764322469982846542e+01
6.766380789022298359e+01
6.764665523156088511e+01
6.762950257289878664e+01
6.766552315608919344e+01
6.770154373927958602e+01
6.773584905660376876e+01
6.772898799313892937e+01
6.775300171526586723e+01
6.781475128644939332e+01
6.787478559176672377e+01
6.791938250428816559e+01
6.794682675814750894e+01
6.797084048027444680e+01
6.799313893653516061e+01
6.806003430531731624e+01
6.808919382504288365e+01
6.815608919382503927e+01
6.819039451114922201e+01
6.822298456260719490e+01
6.825385934819897216e+01
6.828644939965694505e+01
6.826072041166381155e+01
6.826586620926244109e+01
6.825728987993139185e+01
6.828987993138935053e+01
6.832075471698112779e+01
6.830531732418523916e+01
6.829845626072039977e+01
6.833104631217838687e+01
6.832590051457975733e+01
6.839622641509433265e+01
6.843567753001715914e+01
6.843567753001715914e+01
6.845626072041166310e+01
6.846998284734132767e+01
6.850771869639794431e+01
6.851972555746141325e+01
6.855574614065180583e+01
6.856946826758148461e+01
6.860720411663808704e+01
6.862092624356776582e+01
6.863293310463122054e+01
6.863464837049743039e+01
6.862435677530018552e+01
6.861406518010292643e+01
6.861234991423671659e+01
6.861578044596912207e+01
6.861921097770154176e+01
6.862435677530017131e+01
6.859691252144082796e+01
6.855917667238422553e+01
6.854545454545453254e+01
6.853173241852488218e+01
6.849571183533447538e+01
6.852487135506004279e+01
6.855231560891938614e+01
6.859176672384219842e+01
6.863121783876501070e+01
6.868439108061750176e+01
6.869639794168095648e+01
6.871012006861062105e+01
6.872384219554029983e+01
6.868096054888508206e+01
6.867581475128645252e+01
6.870154373927958602e+01
6.872898799313892937e+01
6.875814751286449678e+01
6.881132075471697362e+01
6.881132075471697362e+01
6.882504288164665240e+01
6.884219554030875088e+01
6.888850771869638834e+01
6.892452830188679513e+01
6.895711835334475381e+01
6.894682675814750894e+01
6.894854202401371879e+01
6.899313893653516061e+01
6.903945111492279807e+01
6.910806174957117776e+01
6.916466552315608851e+01
6.916295025728987866e+01
6.922984562607203429e+01
6.922298456260719490e+01
6.921612349914236972e+01
6.921097770154375439e+01
6.916466552315608851e+01
6.916123499142366882e+01
6.911320754716980730e+01
6.909433962264151319e+01
6.907890222984562456e+01
6.906518010291594578e+01
6.904974271012007137e+01
6.903602058319040680e+01
6.901029159519725908e+01
6.898627787307032122e+01
6.896226415094339757e+01
6.893996569468268376e+01
6.891766723842195574e+01
6.889708404802743758e+01
6.887650085763293362e+01
6.883361921097770164e+01
6.881475128644939332e+01
6.878559176672384012e+01
6.875643224699828693e+01
6.872898799313892937e+01
6.872898799313892937e+01
6.873070325900513922e+01
6.870668953687821556e+01
6.874785591766723769e+01
6.876329331046311211e+01
6.874099485420239830e+01
6.872041166380788013e+01
6.872727272727271952e+01
6.872212692967408998e+01
6.869468267581476084e+01
6.866723842195540328e+01
6.864322469982847963e+01
6.860205831903945750e+01
6.854888507718696644e+01
6.858662092624356887e+01
6.865694682675814420e+01
6.865866209262435405e+01
6.867238421955403282e+01
6.867409948542024267e+01
6.866037735849056389e+01
6.868439108061750176e+01
6.868610634648371160e+01
6.876157804459691647e+01
6.882504288164665240e+01
6.884048027444254103e+01
6.887993138936535331e+01
6.888164665523154895e+01
6.892109777015437544e+01
6.897084048027443259e+01
6.902058319039450396e+01
6.908233276157804426e+01
6.910634648370496791e+01
6.913036020583190577e+01
6.915265866209261958e+01
6.917495711835333339e+01
6.919725557461406140e+01
6.925214408233276231e+01
6.930874785591765885e+01
6.931560891938249824e+01
6.937221269296740900e+01
6.938078902229844402e+01
6.938936535162949326e+01
6.937221269296740900e+01
6.940480274442538189e+01
6.944082332761578868e+01
6.948885077186963599e+01
6.947855917667237691e+01
6.948198970840479660e+01
6.950428816466552462e+01
6.952830188679246248e+01
6.953859348198972157e+01
6.958833619210977872e+01
6.963464837049744460e+01
6.968096054888508206e+01
6.972898799313894358e+01
6.972555746140652388e+01
6.968267581475129191e+01
6.966552315608919344e+01
6.964837049742709496e+01
6.964837049742709496e+01
6.963293310463120633e+01
6.963121783876501070e+01
6.960205831903945750e+01
6.957461406518009994e+01
6.953516295025730187e+01
6.953344768439107781e+01
6.953344768439107781e+01
6.949399656946826553e+01
6.945454545454545325e+01
6.946140651801029264e+01
6.945111492281304777e+01
6.949056603773584584e+01
6.949056603773584584e+01
6.946312178387650249e+01
6.943567753001715914e+01
6.946312178387650249e+01
6.945111492281304777e+01
6.945283018867925762e+01
6.946312178387651670e+01
6.948713550600344036e+01
6.953516295025730187e+01
6.951457975986278370e+01
6.949399656946827974e+01
6.946998284734134188e+01
6.943224699828473945e+01
6.945111492281304777e+01
6.945797598627788716e+01
6.946140651801030685e+01
6.947512864493995721e+01
6.947684391080616706e+01
6.948885077186963599e+01
6.947855917667237691e+01
6.946655231560890797e+01
6.949914236706689508e+01
6.946655231560892219e+01
6.943396226415094930e+01
6.945797598627787295e+01
6.945969125214408280e+01
6.946483704974269813e+01
6.946826758147513203e+01
6.947341337907376158e+01
6.950428816466552462e+01
6.953516295025730187e+01
6.956946826758147040e+01
6.960377358490565314e+01
6.960720411663808704e+01
6.960891938250429689e+01
6.962435677530017131e+01
6.965180102915952887e+01
6.965008576329331902e+01
6.968782161234992145e+01
6.972898799313892937e+01
6.976843910806175586e+01
6.977186963979417555e+01
6.977358490566038540e+01
6.976157804459691647e+01
6.974957118353344754e+01
6.973756432246997861e+01
6.971355060034304074e+01
6.973927958833618845e+01
6.976500857632933617e+01
6.980274442538593860e+01
6.984048027444254103e+01
6.987135506003430407e+01
6.988679245283019270e+01
6.988679245283019270e+01
6.990051457975985727e+01
6.994511149228131330e+01
6.999142367066895076e+01
7.001715265866209847e+01
7.004459691252144182e+01
7.001715265866208426e+01
6.999142367066895076e+01
6.996740994854201290e+01
6.998284734133790153e+01
7.001200686106346893e+01
7.007032590051457532e+01
7.008747855917667380e+01
7.010463121783877227e+01
7.008404802744425410e+01
7.014236706689537471e+01
7.014751286449400425e+01
7.015094339622642394e+01
7.015265866209261958e+01
7.019382504288165592e+01
7.023327615780446820e+01
7.029159519725557459e+01
7.034819897084048534e+01
7.039794168096055671e+01
7.044596912521440402e+01
7.047684391080616706e+01
7.054545454545454675e+01
7.061234991423670238e+01
7.064150943396226978e+01
7.066895368782161313e+01
7.072212692967408998e+01
7.077186963979416134e+01
7.071355060034304074e+01
7.072898799313892937e+01
7.080617495711834408e+01
7.088336192109775880e+01
7.094682675814750894e+01
7.097598627787307635e+01
7.100171526586620985e+01
7.100171526586620985e+01
7.101200686106346893e+01
7.097427101200685229e+01
7.095540308747855818e+01
7.098799313893653107e+01
7.095540308747854397e+01
7.095197255574612427e+01
7.102915951972556741e+01
7.105660377358491075e+01
7.110634648370498212e+01
7.114408233276157034e+01
7.118353344768439683e+01
7.118010291595197714e+01
7.124871355060034261e+01
7.131903945111491794e+01
7.136535162950256961e+01
7.136020583190394007e+01
7.134476843910806565e+01
7.131903945111491794e+01
7.133276157804459672e+01
7.127615780445968596e+01
7.126586620926244109e+01
7.125385934819897216e+01
7.130017152658662383e+01
7.134476843910806565e+01
7.133962264150943611e+01
7.133619210977701641e+01
7.134819897084047113e+01
7.136020583190395428e+01
7.137049742710119915e+01
7.135677530017152037e+01
7.138936535162950747e+01
7.138078902229844402e+01
7.139965694682675235e+01
7.142024013722127052e+01
7.143910806174957884e+01
7.145797598627787295e+01
7.147512864493995721e+01
7.152830188679246248e+01
7.147855917667237691e+01
7.151286449399657386e+01
7.151114922813036401e+01
7.150771869639794431e+01
7.154030874785593141e+01
7.158319039451114918e+01
7.155060034305317629e+01
7.154888507718696644e+01
7.157975986277872948e+01
7.162264150943396146e+01
7.166380789022298359e+01
7.170668953687821556e+01
7.169468267581476084e+01
7.169811320754718054e+01
7.170154373927960023e+01
7.169296740994855099e+01
7.168610634648371160e+01
7.169296740994855099e+01
7.169811320754716633e+01
7.170325900514579587e+01
7.169811320754718054e+01
7.170325900514581008e+01
7.171012006861063526e+01
7.171698113207547465e+01
7.172384219554029983e+01
7.172041166380789434e+01
7.171698113207547465e+01
7.170325900514581008e+01
7.168953687821613130e+01
7.167753001715266237e+01
7.167924528301885800e+01
7.166895368782161313e+01
7.166037735849056389e+01
7.165351629502572450e+01
7.164837049742709496e+01
7.167066895368782298e+01
7.167066895368782298e+01
7.171012006861063526e+01
7.175128644939965739e+01
7.177701543739280510e+01
7.180617495711834408e+01
7.180102915951972875e+01
7.181132075471698784e+01
7.182847341337907210e+01
7.179759862778730906e+01
7.181475128644939332e+01
7.183018867924528195e+01
7.178902229845625982e+01
7.177530017152659525e+01
7.172727272727273373e+01
7.173070325900513922e+01
7.169639794168097069e+01
7.174099485420239830e+01
7.174957118353344754e+01
7.175986277873070662e+01
7.175986277873070662e+01
7.178044596912521058e+01
7.181303602058319768e+01
7.184391080617496073e+01
7.184048027444254103e+01
7.186620926243567453e+01
7.189022298456259819e+01
7.192795883361921483e+01
7.193138936535162031e+01
7.194854202401370458e+01
7.192624356775299077e+01
7.192795883361921483e+01
7.190394511149227696e+01
7.190394511149227696e+01
7.191423670668953605e+01
7.192281303602058529e+01
7.189193825042882224e+01
7.185934819897084935e+01
7.184048027444254103e+01
7.181989708404802286e+01
7.180617495711834408e+01
7.178044596912521058e+01
7.175300171526586723e+01
7.172212692967408998e+01
7.170154373927958602e+01
7.167753001715266237e+01
7.165008576329331902e+01
7.166552315608919344e+01
7.163121783876499649e+01
7.164493996569467527e+01
7.168267581475127770e+01
7.174442538593481800e+01
7.175300171526586723e+01
7.177530017152659525e+01
7.178559176672385433e+01
7.173927958833618845e+01
7.172041166380789434e+01
7.170154373927958602e+01
7.168953687821611709e+01
7.167753001715266237e+01
7.161406518010291222e+01
7.156089193825043537e+01
7.156089193825042116e+01
7.157118353344768025e+01
7.156432246998284086e+01
7.159348198970840826e+01
7.152830188679244827e+01
7.150085763293310492e+01
7.145797598627787295e+01
7.140480274442538189e+01
7.137392795883361885e+01
7.141852487135506067e+01
7.141337907375643113e+01
7.138593481989707357e+01
7.133962264150943611e+01
7.130017152658662383e+01
7.132590051457975733e+01
7.132761578044596718e+01
7.135162950257290504e+01
7.136878216123500351e+01
7.132761578044596718e+01
7.128816466552315489e+01
7.126072041166381155e+01
7.126072041166381155e+01
7.126072041166381155e+01
7.126243567753002139e+01
7.128987993138936474e+01
7.131732418524872230e+01
7.134476843910806565e+01
7.137049742710119915e+01
7.137049742710119915e+01
7.136878216123498930e+01
7.137221269296739479e+01
7.137392795883360463e+01
7.141337907375643113e+01
7.141509433962264097e+01
7.141337907375643113e+01
7.139965694682675235e+01
7.138936535162950747e+01
7.139279588336191296e+01
7.139622641509433265e+01
7.139965694682675235e+01
7.138250428816465387e+01
7.136192109777016412e+01
7.136535162950256961e+01
7.137392795883360463e+01
7.136706689536877946e+01
7.137049742710121336e+01
7.136363636363637397e+01
7.134476843910806565e+01
7.131903945111491794e+01
7.129159519725556038e+01
7.128987993138935053e+01
