2.137495711835334475e+02
2.137495711835334191e+02
2.138370497427101213e+02
2.138953687821612277e+02
2.139725557461406424e+02
2.139914236706689508e+02
2.140102915951972591e+02
2.140291595197255674e+02
2.140583190394511348e+02
2.140771869639794431e+02
2.140960548885077230e+02
2.140960548885077230e+02
2.141234991423670522e+02
2.141320754716981014e+02
2.141406518010291506e+02
2.141492281303601999e+02
2.141578044596912491e+02
2.141663807890222984e+02
2.141749571183533476e+02
2.141835334476843968e+02
2.141818181818181586e+02
2.141801029159519771e+02
2.141972555746140472e+02
2.142144082332761172e+02
2.142418524871354748e+02
2.142692967409948324e+02
2.142967409948541899e+02
2.143241852487135475e+02
2.143516295025728482e+02
2.143602058319038974e+02
2.143687821612349467e+02
2.143962264150943042e+02
2.144408233276157603e+02
2.145162950257289651e+02
2.145814751286449109e+02
2.146466552315608851e+02
2.147135506003430123e+02
2.147615780445968880e+02
2.147753001715265668e+02
2.147890222984562456e+02
2.147838765008576161e+02
2.147787307032589865e+02
2.147735849056603570e+02
2.147684391080617274e+02
2.147632933104630979e+02
2.147581475128644684e+02
2.147547169811320487e+02
2.147512864493996290e+02
2.147838765008576161e+02
2.148181818181817846e+02
2.148524871355059531e+02
2.149073756432246682e+02
2.149433962264150750e+02
2.149794168096054534e+02
2.150343053173241401e+02
2.150703259005145469e+02
2.150548885077186583e+02
2.150909090909090651e+02
2.150754716981131764e+02
2.151114922813035832e+02
2.150960548885076946e+02
2.150634648370497075e+02
2.150480274442538189e+02
2.150343053173241685e+02
2.150205831903944613e+02
2.150068610634647825e+02
2.149931389365351322e+02
2.149811320754716917e+02
2.149399656946826553e+02
2.149005145797598288e+02
2.148610634648370308e+02
2.148216123499142327e+02
2.147821612349914062e+02
2.147444253859347896e+02
2.147066895368782014e+02
2.146706689536877946e+02
2.146620926243567453e+02
2.146140651801028980e+02
2.145660377358490507e+02
2.145180102915951750e+02
2.144699828473413277e+02
2.144236706689536618e+02
2.143653516295025554e+02
2.143070325900514490e+02
2.142487135506003142e+02
2.141903945111491794e+02
2.141320754716981014e+02
2.140737564322469666e+02
2.140154373927958886e+02
2.139571183533447538e+02
2.138987993138936474e+02
2.138404802744425410e+02
2.137821612349914062e+02
2.137238421955402714e+02
2.136655231560891650e+02
2.136072041166380586e+02
2.135488850771869238e+02
2.134905660377358458e+02
2.134322469982847394e+02
2.133739279588336046e+02
2.133156089193824982e+02
2.132572898799313634e+02
2.131989708404802570e+02
2.131406518010291506e+02
2.130823327615780158e+02
2.130240137221269379e+02
2.129656946826758031e+02
2.129210977701543754e+02
2.128747855917667096e+02
2.128181818181818130e+02
2.127615780445968880e+02
2.127049742710119631e+02
2.126723842195539760e+02
2.126380789022298359e+02
2.125917667238421700e+02
2.126192109777015276e+02
2.126466552315608567e+02
2.126106346483704783e+02
2.126380789022298075e+02
2.126655231560891366e+02
2.126929674099484942e+02
2.127204116638078517e+02
2.127478559176672093e+02
2.127753001715265668e+02
2.128027444253859244e+02
2.127838765008576161e+02
2.128113207547169736e+02
2.128387650085763312e+02
2.128404802744425126e+02
2.128421955403087509e+02
2.128439108061749607e+02
2.128439108061749323e+02
2.128439108061749607e+02
2.128421955403087509e+02
2.128404802744425410e+02
2.128387650085763312e+02
2.128370497427101213e+02
2.128353344768439115e+02
2.128336192109777016e+02
2.128319039451114918e+02
2.128284734133790721e+02
2.128250428816466524e+02
2.128216123499142327e+02
2.128164665523156032e+02
2.128113207547169736e+02
2.128061749571183441e+02
2.128010291595197145e+02
2.127958833619210850e+02
2.127890222984562456e+02
2.127821612349914062e+02
2.127753001715265668e+02
2.127684391080617274e+02
2.127615780445969165e+02
2.127547169811320487e+02
2.127478559176672093e+02
2.127409948542023699e+02
2.127907375643224555e+02
2.128421955403087509e+02
2.128902229845625982e+02
2.129382504288164455e+02
2.129879931389365311e+02
2.130360205831903784e+02
2.130291595197255390e+02
2.130771869639794431e+02
2.130703259005145753e+02
2.130634648370497644e+02
2.130566037735849250e+02
2.130497427101200856e+02
2.130428816466552462e+02
2.130497427101200572e+02
2.130566037735849250e+02
2.130634648370497644e+02
2.130703259005146037e+02
2.130771869639794147e+02
2.130840480274442541e+02
2.130926243567752749e+02
2.131012006861063242e+02
2.131097770154373734e+02
2.131166380789022128e+02
2.131252144082332620e+02
2.131337907375643113e+02
2.131423670668953605e+02
2.131509433962264097e+02
2.131612349914236688e+02
2.131715265866209279e+02
2.131698113207547181e+02
2.131801029159519771e+02
2.131903945111492362e+02
2.132006861063464953e+02
2.132109777015437260e+02
2.132229845626071665e+02
2.132126929674099358e+02
2.132024013722126767e+02
2.131921097770154176e+02
2.131818181818181870e+02
2.131715265866209279e+02
2.131595197255574590e+02
2.131492281303601999e+02
2.131389365351629408e+02
2.131303602058318916e+02
2.131217838765008423e+02
2.131132075471697931e+02
2.130943396226414848e+02
2.130754716981131764e+02
2.130566037735848965e+02
2.130377358490565882e+02
2.130171526586620985e+02
2.129965694682675803e+02
2.129777015437392720e+02
2.129571183533447538e+02
2.129382504288164455e+02
2.129176672384219273e+02
2.129005145797598288e+02
2.128833619210977304e+02
2.128644939965694505e+02
2.128456260720411422e+02
2.128284734133790721e+02
2.128130360205831835e+02
2.127975986277872948e+02
2.127821612349914062e+02
2.127667238421955176e+02
2.127512864493996290e+02
2.127358490566037403e+02
2.127204116638078517e+02
2.127049742710119915e+02
2.126895368782161029e+02
2.126723842195540328e+02
2.126569468267581442e+02
2.126415094339622556e+02
2.126260720411663669e+02
2.126106346483705067e+02
2.125951972555746181e+02
2.125797598627787295e+02
2.125643224699828409e+02
2.125488850771869522e+02
2.125334476843910920e+02
2.125180102915952034e+02
2.125025728987993148e+02
2.124854202401372163e+02
2.124682675814751178e+02
2.124511149228130193e+02
2.124339622641509209e+02
2.124168096054888508e+02
2.123996569468267239e+02
2.123825042881646255e+02
2.123653516295025554e+02
2.123481989708404569e+02
2.123310463121783584e+02
2.123138936535162884e+02
2.122967409948541899e+02
2.122795883361920914e+02
2.122607204116637831e+02
2.122418524871354748e+02
2.122229845626071949e+02
2.122041166380788866e+02
2.121852487135505783e+02
2.121663807890222984e+02
2.121372212692967310e+02
2.121080617495711635e+02
2.120789022298456246e+02
2.120497427101200856e+02
2.120205831903945182e+02
2.119914236706689508e+02
2.119622641509433834e+02
2.119331046312178444e+02
2.119039451114922770e+02
2.119365351629502356e+02
2.118987993138936474e+02
2.119331046312178444e+02
2.119674099485420129e+02
2.119399656946826838e+02
2.119742710120068523e+02
2.120085763293310492e+02
2.120428816466552462e+02
2.120771869639794147e+02
2.121114922813035832e+02
2.121457975986277802e+02
2.121801029159519771e+02
2.122144082332761457e+02
2.121801029159519487e+02
2.121457975986277802e+02
2.121783876500857389e+02
2.122109777015437260e+02
2.121783876500857389e+02
2.121457975986277802e+02
2.121132075471697931e+02
2.120806174957118060e+02
2.120480274442538473e+02
2.120154373927958886e+02
2.119845626072041114e+02
2.119536878216123341e+02
2.119228130360205853e+02
2.118919382504288080e+02
2.118610634648370592e+02
2.118301886792452819e+02
2.117993138936535047e+02
2.117564322469982869e+02
2.117255574614065097e+02
2.116946826758147608e+02
2.116620926243567737e+02
2.116295025728988151e+02
2.115969125214407995e+02
2.115643224699828409e+02
2.115317324185248538e+02
2.114991423670668951e+02
2.114665523156089080e+02
2.114339622641509209e+02
2.113996569468267523e+02
2.113653516295025838e+02
2.113310463121783869e+02
2.112967409948541899e+02
2.112624356775300214e+02
2.112264150943396430e+02
2.111903945111492362e+02
2.111543739279588294e+02
2.111183533447684226e+02
2.110823327615780158e+02
2.110463121783876659e+02
2.110085763293310492e+02
2.109708404802744610e+02
2.109331046312178444e+02
2.108953687821612561e+02
2.108576329331046395e+02
2.108198970840480513e+02
2.107821612349914346e+02
2.107427101200686366e+02
2.107032590051458101e+02
2.106638078902230120e+02
2.106243567753001855e+02
2.105849056603773874e+02
2.105454545454545610e+02
2.105042881646655246e+02
2.104631217838765167e+02
2.104219554030874804e+02
2.103807890222984724e+02
2.103396226415094361e+02
2.102967409948541899e+02
2.102538593481989437e+02
2.102109777015437544e+02
2.101680960548885082e+02
2.101372212692967594e+02
2.101063464837049821e+02
2.100754716981132333e+02
2.100428816466552178e+02
2.100102915951972591e+02
2.099777015437392720e+02
2.099451114922812849e+02
2.099125214408233262e+02
2.098799313893653675e+02
2.098456260720411706e+02
2.098113207547169736e+02
2.097787307032589865e+02
2.097667238421955460e+02
2.098010291595197145e+02
2.097804459691251964e+02
2.097598627787306782e+02
2.097392795883361600e+02
2.097186963979416419e+02
2.097186963979416419e+02
2.097186963979416703e+02
2.097186963979416703e+02
2.097084048027444396e+02
2.096981132075471805e+02
2.096878216123499215e+02
2.096775300171526624e+02
2.096672384219554033e+02
2.096569468267581442e+02
2.096466552315609135e+02
2.096363636363636545e+02
2.096260720411663954e+02
2.096380789022298359e+02
2.096397941680960741e+02
2.096415094339622840e+02
2.096432246998284654e+02
2.096449399656946753e+02
2.096466552315608851e+02
2.096483704974270950e+02
2.097049742710120199e+02
2.097512864493996290e+02
2.097975986277872948e+02
2.098439108061749607e+02
2.098902229845625982e+02
2.099365351629502641e+02
2.099502572898799144e+02
2.099828473413379015e+02
2.100291595197255674e+02
2.100754716981132049e+02
2.101217838765008423e+02
2.101560891938250393e+02
2.101903945111492362e+02
2.102367066895368737e+02
2.102830188679245111e+02
2.103293310463121770e+02
2.103756432246998429e+02
2.104219554030874804e+02
2.104682675814751178e+02
2.105145797598627837e+02
2.105608919382504496e+02
2.106072041166380870e+02
2.106535162950257245e+02
2.106998284734133904e+02
2.107461406518010278e+02
2.107907375643224555e+02
2.108353344768439115e+02
2.108799313893653391e+02
2.109245283018867667e+02
2.109691252144082227e+02
2.110137221269296788e+02
2.110583190394511064e+02
2.110840480274442541e+02
2.111097770154373734e+02
2.111355060034305211e+02
2.111612349914236688e+02
2.111869639794168165e+02
2.112126929674099642e+02
2.112367066895368737e+02
2.112607204116638115e+02
2.112727272727272805e+02
2.112830188679245111e+02
2.112933104631217702e+02
2.113053173241852392e+02
2.113173241852487081e+02
2.113276157804459672e+02
2.113379073756432263e+02
2.113481989708404853e+02
2.113464837049742755e+02
2.113447684391080656e+02
2.113430531732418558e+02
2.113413379073756460e+02
2.113396226415094361e+02
2.113379073756432263e+02
2.113361921097770164e+02
2.113344768439108066e+02
2.113327615780445967e+02
2.113190394511149179e+02
2.113053173241852392e+02
2.112915951972555888e+02
2.112778730703258816e+02
2.112761578044596718e+02
2.112744425385934619e+02
2.112727272727272521e+02
2.112469982847341328e+02
2.112212692967410135e+02
2.111955403087478658e+02
2.111680960548885082e+02
2.111509433962264097e+02
2.111337907375643113e+02
2.110943396226415416e+02
2.110874785591766738e+02
2.110480274442538757e+02
2.110411663807890363e+02
2.110343053173241969e+02
2.110291595197255674e+02
2.110240137221269379e+02
2.110188679245283083e+02
2.110137221269296788e+02
2.109965694682675803e+02
2.109794168096054818e+02
2.109622641509433834e+02
2.109451114922812849e+02
2.109296740994854247e+02
2.109142367066895360e+02
2.109005145797598857e+02
2.108867924528302069e+02
2.108593481989708494e+02
2.108473413379073804e+02
2.108216123499142327e+02
2.108113207547169736e+02
2.108010291595197145e+02
2.107770154373927767e+02
2.107684391080617274e+02
2.107598627787306782e+02
2.107375643224699786e+02
2.107169811320754889e+02
2.106963979416809707e+02
2.106758147512864525e+02
2.106569468267581726e+02
2.106380789022298643e+02
2.106295025728988151e+02
2.106243567753001855e+02
2.106054888507718772e+02
2.105866209262435973e+02
2.105677530017152890e+02
2.105488850771869807e+02
2.105300171526586723e+02
2.105128644939965739e+02
2.104957118353345038e+02
2.104785591766724053e+02
2.104614065180103353e+02
2.104442538593482368e+02
2.104271012006861383e+02
2.104099485420240399e+02
2.103945111492281512e+02
2.103670668953687937e+02
2.103413379073756460e+02
2.103293310463121770e+02
2.103036020583190293e+02
2.102778730703258816e+02
2.102641509433962028e+02
2.102504288164665240e+02
2.102367066895368453e+02
2.102229845626071949e+02
2.102092624356775161e+02
2.101972555746140756e+02
2.101989708404802855e+02
2.101989708404802855e+02
2.101989708404802570e+02
2.101972555746140756e+02
2.101955403087478658e+02
2.102041166380789150e+02
2.102109777015437544e+02
2.102075471698113347e+02
2.102246998284734332e+02
2.102401372212693218e+02
2.102555746140651820e+02
2.102830188679245396e+02
2.103344768439108066e+02
2.103876500857632834e+02
2.104408233276158171e+02
2.104442538593482368e+02
2.104974271012006852e+02
2.105214408233276515e+02
2.105454545454545610e+02
2.105677530017152606e+02
2.105900514579760170e+02
2.106123499142367166e+02
2.106346483704974162e+02
2.106552315608919344e+02
2.106758147512864525e+02
2.106963979416809707e+02
2.107169811320754889e+02
2.107375643224700070e+02
2.107564322469983153e+02
2.107753001715265668e+02
2.107941680960548752e+02
2.108130360205831835e+02
2.108439108061749607e+02
2.108747855917667380e+02
2.109056603773585152e+02
2.109348198970840542e+02
2.109639794168095932e+02
2.109931389365351606e+02
2.109622641509434118e+02
2.109605488850772019e+02
2.109588336192109637e+02
2.109691252144082227e+02
2.109794168096054818e+02
2.109897084048027409e+02
2.109982847341337902e+02
2.110068610634648394e+02
2.110171526586620985e+02
2.110257289879931477e+02
2.110360205831904068e+02
2.110445969125214560e+02
2.110051457975986295e+02
2.109674099485420129e+02
2.109296740994854247e+02
2.108936535162950463e+02
2.108559176672384297e+02
2.108490566037735903e+02
2.108421955403087509e+02
2.108353344768439115e+02
2.108301886792452819e+02
2.108233276157804426e+02
2.108164665523156032e+02
2.108096054888507638e+02
2.108027444253859244e+02
2.107958833619210850e+02
2.107890222984562456e+02
2.107821612349914062e+02
2.107753001715265668e+02
2.107667238421955176e+02
2.107581475128644684e+02
2.107495711835334191e+02
2.107409948542023983e+02
2.107324185248713491e+02
2.107238421955403282e+02
2.107152658662092790e+02
2.106586620926243540e+02
2.106020583190394575e+02
2.105454545454545325e+02
2.104871355060034261e+02
2.104288164665523482e+02
2.104288164665523482e+02
2.104288164665523198e+02
2.103704974271012134e+02
2.103121783876500785e+02
2.102538593481989722e+02
2.102555746140652104e+02
2.102555746140651820e+02
2.102555746140651820e+02
2.102572898799313919e+02
2.102590051457975733e+02
2.102607204116637831e+02
2.102641509433962312e+02
2.102572898799313919e+02
2.102521440823327339e+02
2.102469982847341043e+02
2.102418524871355032e+02
2.102246998284734048e+02
2.102075471698113347e+02
2.101903945111492362e+02
2.101732418524871377e+02
2.101663807890222984e+02
2.102161234991423555e+02
2.102658662092624127e+02
2.102607204116637831e+02
2.102452830188679229e+02
2.102864493996569593e+02
2.103276157804459672e+02
2.103687821612350035e+02
2.104099485420240114e+02
2.103859348198970736e+02
2.103619210977701641e+02
2.104048027444253819e+02
2.104116638078902213e+02
2.104168096054888508e+02
2.104219554030874804e+02
2.104271012006861099e+02
2.104305317324185296e+02
2.104339622641509493e+02
2.104905660377358458e+02
2.104751286449399572e+02
2.104785591766723769e+02
2.104819897084047966e+02
2.104871355060034261e+02
2.104734133790737474e+02
2.104785591766723769e+02
2.104837049742710064e+02
2.104871355060034261e+02
2.104905660377358458e+02
2.104596912521440686e+02
2.104271012006861099e+02
2.104253859348199001e+02
2.104202401372212705e+02
2.103481989708404853e+02
2.103447684391080656e+02
2.102727272727272805e+02
2.102006861063464953e+02
2.101989708404802855e+02
2.101269296740994719e+02
2.101252144082332620e+02
2.100531732418525053e+02
2.100325900514579871e+02
2.100291595197255674e+02
2.100085763293310492e+02
2.099862778730703212e+02
2.099331046312178444e+02
2.098799313893653675e+02
2.098267581475128623e+02
2.098730703259004997e+02
2.099245283018867951e+02
2.099759862778730621e+02
2.099485420240137046e+02
2.099502572898799428e+02
2.099228130360205853e+02
2.098936535162950463e+02
2.098644939965694789e+02
2.098336192109777016e+02
2.097753001715265952e+02
2.097564322469982869e+02
2.098181818181818130e+02
2.098799313893653675e+02
2.098627787307032690e+02
2.099022298456260955e+02
2.098953687821612561e+02
2.098902229845626266e+02
2.099828473413379299e+02
2.100720411663807852e+02
2.101612349914236688e+02
2.102246998284734048e+02
2.102881646655231407e+02
2.102984562607203998e+02
2.104013722126929622e+02
2.105042881646655246e+02
2.105162950257289936e+02
2.105283018867924341e+02
2.105403087478559314e+02
2.105403087478559314e+02
2.106569468267581442e+02
2.107735849056603570e+02
2.108885077186964168e+02
2.108799313893653675e+02
2.108953687821612277e+02
2.108987993138936474e+02
2.109022298456260671e+02
2.109193825042881372e+02
2.109365351629502356e+02
2.109536878216123341e+02
2.109708404802744326e+02
2.109742710120068523e+02
2.109811320754716917e+02
2.111046312178387439e+02
2.112281303602058529e+02
2.112452830188679229e+02
2.112384219554031120e+02
2.112332761578044824e+02
2.112401372212692650e+02
2.111732418524871377e+02
2.111063464837049537e+02
2.111749571183533476e+02
2.111801029159519771e+02
2.111852487135506067e+02
2.111903945111492078e+02
2.111955403087478373e+02
2.112024013722127052e+02
2.111938250428816559e+02
2.111852487135506067e+02
2.112229845626071665e+02
2.112144082332761457e+02
2.112058319039450964e+02
2.111766723842195574e+02
2.111749571183533192e+02
2.111732418524871377e+02
2.111938250428816275e+02
2.111646655231560885e+02
2.111972555746140472e+02
2.112349914236706638e+02
2.112744425385934619e+02
2.113173241852487081e+02
2.113241852487135475e+02
2.113310463121783869e+02
2.113379073756432263e+02
2.113464837049742755e+02
2.113962264150943611e+02
2.114236706689536902e+02
2.114528301886792292e+02
2.114854202401372163e+02
2.115180102915952034e+02
2.115540308747855818e+02
2.115900514579759601e+02
2.116295025728987866e+02
2.116689536878216131e+02
2.117084048027444112e+02
2.117478559176672093e+02
2.117873070325900358e+02
2.118284734133790437e+02
2.118696397941680800e+02
2.119108061749570879e+02
2.118936535162949895e+02
2.118747855917666811e+02
2.118593481989708494e+02
2.118439108061749607e+02
2.118267581475128623e+02
2.118113207547169736e+02
2.118507718696397717e+02
2.118336192109777016e+02
2.118404802744425410e+02
2.118473413379073804e+02
2.118542024013722198e+02
2.118610634648370592e+02
2.118679245283018986e+02
2.118610634648370592e+02
2.118542024013722198e+02
2.118970840480274376e+02
2.119382504288164739e+02
2.119777015437393004e+02
2.120171526586620985e+02
2.120548885077187151e+02
2.120926243567753033e+02
2.121286449399657101e+02
2.121663807890222984e+02
2.122024013722127052e+02
2.122367066895368737e+02
2.122692967409948608e+02
2.122761578044597002e+02
2.122813036020583013e+02
2.122864493996569308e+02
2.123036020583190293e+02
2.123070325900514490e+02
2.123104631217838687e+02
2.123138936535162884e+02
2.123173241852487081e+02
2.123190394511148895e+02
2.123430531732418274e+02
2.123670668953687652e+02
2.123910806174956747e+02
2.124150943396226410e+02
2.124391080617495788e+02
2.124614065180102784e+02
2.124837049742710064e+02
2.125060034305317345e+02
2.125283018867924625e+02
2.125506003430531905e+02
2.125728987993138901e+02
2.126054888507718488e+02
2.126380789022298359e+02
2.126706689536878230e+02
2.127032590051458101e+02
2.127358490566037972e+02
2.127701543739279941e+02
2.128044596912521911e+02
2.128387650085763312e+02
2.128730703259005281e+02
2.128576329331046395e+02
2.128404802744425410e+02
2.128233276157804426e+02
2.128061749571183441e+02
2.127890222984562456e+02
2.127718696397941471e+02
2.127530017152658388e+02
2.127341337907375589e+02
2.127941680960548752e+02
2.128542024013722198e+02
2.129142367066895360e+02
2.128953687821612277e+02
2.128765008576329478e+02
2.128576329331046111e+02
2.128370497427101213e+02
2.128164665523156032e+02
2.127958833619210850e+02
2.127753001715265668e+02
2.127547169811320487e+02
2.127341337907375305e+02
2.127358490566037688e+02
2.127804459691251964e+02
2.128250428816466524e+02
2.128713550600343183e+02
2.129193825042881940e+02
2.129674099485420129e+02
2.130137221269296788e+02
2.130634648370497644e+02
2.131132075471698215e+02
2.131612349914236688e+02
2.132109777015437544e+02
2.132607204116638400e+02
2.133104631217838971e+02
2.133602058319039543e+02
2.133670668953687937e+02
2.133739279588336331e+02
2.133790737564322626e+02
2.133859348198971020e+02
2.133927958833619414e+02
2.133996569468267808e+02
2.134082332761578016e+02
2.134168096054888792e+02
2.134253859348199001e+02
2.134339622641509493e+02
2.134425385934819701e+02
2.134511149228130193e+02
2.134699828473413277e+02
2.135300171526586723e+02
2.135917667238421984e+02
2.136518010291595147e+02
2.137118353344768309e+02
2.137718696397941471e+02
2.138319039451114918e+02
2.138919382504288080e+02
2.139519725557461527e+02
2.139502572898799428e+02
2.140188679245283083e+02
2.140137221269296788e+02
2.140085763293310492e+02
2.140857632933104924e+02
2.141012006861063526e+02
2.141166380789022696e+02
2.141320754716981298e+02
2.141475128644939900e+02
2.141629502572898787e+02
2.141578044596912491e+02
2.141166380789022696e+02
2.140754716981132333e+02
2.141046312178387723e+02
2.141337907375643113e+02
2.140960548885076946e+02
2.140600343053173447e+02
2.140909090909090935e+02
2.141217838765008423e+02
2.141560891938250393e+02
2.141903945111492362e+02
2.142264150943396146e+02
2.142641509433962028e+02
2.142847341337907210e+02
2.143070325900514490e+02
2.143310463121783869e+02
2.143567753001715346e+02
2.143842195540308921e+02
2.144425385934819701e+02
2.144562607204116489e+02
2.144837049742710064e+02
2.144785591766723769e+02
2.144974271012006852e+02
2.144837049742710064e+02
2.145060034305317345e+02
2.144922813036020557e+02
2.144785591766723769e+02
2.144648370497426981e+02
2.144511149228130478e+02
2.144373927958833690e+02
2.144236706689536902e+02
2.144116638078902497e+02
2.144013722126929622e+02
2.143910806174957315e+02
2.143807890222984440e+02
2.143704974271012134e+02
2.143499142367066952e+02
2.143293310463121770e+02
2.143087478559176589e+02
2.142881646655231407e+02
2.142675814751286509e+02
2.142469982847341043e+02
2.142281303602058244e+02
2.142109777015437260e+02
2.141921097770154176e+02
2.141732418524871377e+02
2.141543739279588294e+02
2.141372212692967310e+02
2.141200686106346325e+02
2.141063464837049537e+02
2.140926243567753033e+02
2.140789022298456246e+02
2.140651801029159458e+02
2.140514579759862954e+02
2.140205831903945182e+02
2.139914236706689508e+02
2.139794168096054818e+02
2.139502572898799713e+02
2.139365351629502641e+02
2.139073756432247251e+02
2.138953687821612561e+02
2.138816466552315774e+02
2.138679245283018986e+02
2.138542024013722198e+02
2.138284734133790721e+02
2.138010291595197430e+02
2.137735849056603854e+02
2.137478559176672377e+02
2.137221269296741184e+02
2.136946826758147324e+02
2.136672384219554033e+02
2.136535162950257245e+02
2.136397941680960457e+02
2.136260720411663669e+02
2.136123499142366882e+02
2.135969125214407995e+02
2.135608919382504212e+02
2.134922813036020557e+02
2.134785591766723769e+02
2.134631217838764883e+02
2.134459691252143898e+02
2.134288164665522913e+02
2.133910806174957031e+02
2.133533447684391149e+02
2.133396226415094361e+02
2.133361921097770164e+02
2.133533447684391149e+02
2.133979416809605709e+02
2.134665523156089080e+02
2.134614065180103069e+02
2.134562607204116773e+02
2.134819897084047966e+02
2.135077186963979443e+02
2.135317324185248822e+02
2.135746140651801284e+02
2.136020583190394575e+02
2.136277873070325768e+02
2.136518010291595147e+02
2.136740994854202427e+02
2.136963979416809707e+02
2.137169811320754889e+02
2.136826758147512635e+02
2.136775300171526624e+02
2.136861063464837116e+02
2.136963979416809423e+02
2.137032590051457532e+02
2.137101200686106210e+02
2.137307032590051108e+02
2.137495711835334191e+02
2.137547169811320487e+02
2.137598627787306782e+02
2.137650085763293077e+02
2.137804459691251964e+02
2.137958833619210850e+02
2.137993138936535047e+02
2.138027444253859244e+02
2.138061749571183441e+02
2.138078902229845824e+02
2.138096054888507638e+02
2.138113207547170020e+02
2.138130360205832119e+02
2.138147512864494217e+02
2.138164665523156032e+02
2.138181818181818414e+02
2.138198970840480229e+02
2.138216123499142611e+02
2.138250428816466524e+02
2.138284734133790721e+02
2.138319039451114918e+02
2.138353344768439115e+02
2.138387650085763312e+02
2.138267581475128623e+02
2.138147512864493933e+02
2.138044596912521342e+02
2.137941680960548752e+02
2.137838765008576161e+02
2.138216123499142327e+02
2.138353344768439115e+02
2.138078902229845539e+02
2.137804459691251964e+02
2.137512864493996290e+02
2.137375643224699502e+02
2.137255574614064813e+02
2.137427101200685797e+02
2.137598627787306782e+02
2.137787307032589865e+02
2.137495711835334475e+02
2.137221269296741184e+02
2.136946826758147608e+02
2.136792452830188722e+02
2.136946826758147608e+02
2.137101200686106210e+02
2.137272727272726911e+02
2.137461406518009994e+02
2.137650085763293077e+02
2.137358490566037972e+02
2.137066895368782298e+02
2.136792452830188722e+02
2.136638078902229836e+02
2.136483704974270950e+02
2.136346483704974162e+02
2.136209262435677374e+02
2.135951972555745897e+02
2.135711835334476518e+02
2.135471698113207424e+02
2.135934819897083798e+02
2.136380789022298359e+02
2.136826758147512919e+02
2.136861063464837116e+02
2.136792452830188438e+02
2.136740994854202427e+02
2.136912521440823411e+02
2.137118353344768309e+02
2.137324185248713206e+02
2.137530017152658388e+02
2.137753001715265668e+02
2.137958833619210850e+02
2.138164665523156032e+02
2.138113207547169736e+02
2.138336192109777016e+02
2.138421955403087509e+02
2.138524871355060100e+02
2.138627787307032690e+02
2.138627787307032690e+02
2.138730703259005281e+02
2.138850771869639686e+02
2.138970840480274660e+02
2.138953687821612277e+02
2.139090909090909065e+02
2.139073756432246967e+02
2.139193825042881656e+02
2.139176672384219557e+02
2.139159519725557459e+02
2.139159519725557743e+02
2.139005145797598573e+02
2.138987993138936190e+02
2.138970840480274376e+02
2.139073756432246682e+02
2.139039451114922770e+02
2.139022298456260387e+02
2.139108061749571164e+02
2.139193825042881372e+02
2.139159519725557459e+02
2.139090909090908781e+02
2.139176672384219273e+02
2.139262435677530050e+02
2.139348198970840258e+02
2.139433962264150750e+02
2.139519725557461243e+02
2.139468267581474947e+02
2.139554030874785440e+02
2.139639794168095932e+02
2.140274442538593576e+02
2.140377358490566166e+02
2.140343053173241969e+02
2.140308747855917773e+02
2.140394511149227981e+02
2.140463121783876375e+02
2.140428816466552178e+02
2.140257289879931477e+02
2.140222984562607280e+02
2.140188679245283083e+02
2.140034305317324197e+02
2.139879931389365311e+02
2.139725557461406424e+02
2.139571183533447538e+02
2.139416809605488652e+02
2.139262435677529766e+02
2.138970840480274376e+02
2.138696397941681084e+02
2.138421955403087509e+02
2.138164665523156032e+02
2.138198970840480229e+02
2.137941680960548752e+02
2.137701543739279657e+02
2.137735849056603570e+02
2.137564322469982869e+02
2.137615780445969165e+02
2.137667238421955176e+02
2.137375643224699786e+02
2.137049742710119915e+02
2.136706689536878230e+02
2.136363636363636260e+02
2.136620926243567737e+02
2.136260720411663669e+02
2.136192109777015276e+02
2.136123499142366882e+02
2.136054888507718488e+02
2.135986277873070094e+02
2.136020583190394575e+02
2.136054888507718772e+02
2.135986277873070378e+02
2.135917667238421984e+02
2.135951972555746181e+02
2.135986277873070378e+02
2.136003430531732477e+02
2.136037735849056389e+02
2.136072041166380586e+02
2.136089193825042969e+02
2.136106346483705067e+02
2.136003430531732477e+02
2.136089193825042685e+02
2.136123499142366882e+02
2.136174957118353177e+02
2.136209262435677374e+02
2.136226415094339472e+02
2.136226415094339472e+02
2.136226415094339472e+02
2.136226415094339472e+02
2.136089193825042685e+02
2.135951972555745897e+02
2.136277873070325768e+02
2.136620926243567737e+02
2.136929674099485226e+02
2.136946826758147608e+02
2.136946826758147324e+02
2.136929674099485226e+02
2.136929674099485226e+02
2.136912521440823411e+02
2.136895368782161313e+02
2.136878216123499215e+02
2.136843910806175018e+02
2.136826758147512919e+02
2.137392795883361885e+02
2.137958833619210850e+02
2.138524871355060100e+02
2.139090909090909065e+02
2.139656946826758315e+02
2.140205831903945182e+02
2.140789022298455961e+02
2.141372212692967310e+02
2.141938250428816559e+02
2.142521440823327623e+02
2.143087478559176589e+02
2.143653516295025838e+02
2.144236706689536902e+02
2.144837049742710064e+02
2.145437392795883511e+02
2.146037735849056389e+02
2.146638078902229836e+02
2.147221269296741184e+02
2.147821612349914346e+02
2.148421955403087509e+02
2.149022298456260955e+02
2.149022298456260955e+02
2.149056603773584868e+02
2.149090909090909065e+02
2.149125214408233546e+02
2.149159519725557743e+02
2.149210977701544039e+02
2.149262435677530050e+02
2.149313893653516061e+02
2.149348198970840258e+02
2.149416809605488936e+02
2.149502572898799428e+02
2.149588336192109921e+02
2.149691252144082227e+02
2.150137221269296788e+02
2.150034305317324197e+02
2.149948542024013989e+02
2.149862778730703496e+02
2.149759862778730906e+02
2.149674099485420129e+02
2.149708404802744326e+02
2.149777015437392720e+02
2.149845626072041114e+02
2.149931389365351606e+02
2.150308747855917773e+02
2.150120068610634689e+02
2.149948542024013705e+02
2.149845626072041114e+02
2.149759862778730621e+02
2.149108061749571164e+02
2.148456260720411706e+02
2.147821612349914346e+02
2.147186963979416703e+02
2.147204116638079086e+02
2.147221269296741184e+02
2.146569468267581442e+02
2.145934819897084083e+02
2.145300171526586723e+02
2.144665523156089364e+02
2.144048027444253819e+02
2.143430531732418558e+02
2.142813036020583297e+02
2.142195540308748036e+02
2.142298456260720627e+02
2.141903945111492362e+02
2.141509433962264097e+02
2.141097770154373734e+02
2.140891938250428836e+02
2.140497427101200572e+02
2.140102915951972591e+02
2.139708404802744326e+02
2.139331046312178444e+02
2.138936535162950179e+02
2.138542024013722198e+02
2.137838765008576161e+02
2.137152658662092790e+02
2.137152658662092790e+02
2.136466552315608851e+02
2.136466552315608851e+02
2.136483704974270950e+02
2.136483704974270950e+02
2.136500857632933048e+02
2.136380789022298359e+02
2.136260720411663669e+02
2.136140651801029264e+02
2.136157804459691363e+02
2.136174957118353461e+02
2.136192109777015560e+02
2.136518010291595147e+02
2.136843910806175018e+02
2.137478559176672377e+02
2.136792452830188722e+02
2.136346483704974162e+02
2.136346483704974162e+02
2.137101200686106495e+02
2.137547169811320771e+02
2.138284734133791005e+02
2.139005145797598857e+02
2.139725557461406424e+02
2.140789022298456530e+02
2.141646655231560885e+02
2.142504288164665809e+02
2.142538593481990006e+02
2.142555746140652104e+02
2.143344768439108066e+02
2.143550600343053247e+02
2.144339622641509493e+02
2.145557461406518200e+02
2.145780445969125196e+02
2.146037735849056673e+02
2.146020583190394291e+02
2.146260720411663669e+02
2.146500857632933048e+02
2.147255574614065381e+02
2.147084048027444396e+02
2.146929674099485510e+02
2.147667238421955176e+02
2.148404802744425410e+02
2.149142367066895645e+02
2.150000000000000000e+02
2.149708404802744326e+02
2.149416809605488936e+02
2.149125214408233546e+02
2.150085763293310492e+02
2.150806174957118628e+02
2.151646655231560885e+02
2.152487135506003710e+02
2.153190394511149179e+02
2.153910806174957315e+02
2.154905660377358743e+02
2.155454545454545610e+02
2.156003430531732477e+02
2.156535162950257529e+02
2.156003430531732477e+02
2.155471698113207424e+02
2.156003430531732477e+02
2.156535162950257245e+02
2.157084048027444396e+02
2.157632933104631263e+02
2.158181818181818414e+02
2.158730703259005281e+02
2.158404802744425410e+02
2.158078902229845824e+02
2.157753001715266237e+02
2.157427101200686081e+02
2.157101200686106495e+02
2.156758147512864525e+02
2.156569468267581442e+02
2.156380789022298643e+02
2.156535162950257245e+02
2.156689536878216131e+02
2.156843910806175018e+02
2.157461406518010563e+02
2.157821612349914346e+02
2.158181818181818130e+02
2.157821612349914346e+02
2.157975986277872948e+02
2.157530017152658672e+02
2.157032590051458101e+02
2.156518010291595147e+02
2.155969125214407995e+02
2.156123499142366882e+02
2.156295025728987866e+02
2.156449399656946753e+02
2.156620926243567737e+02
2.156380789022298359e+02
2.156363636363636260e+02
2.156346483704974162e+02
2.156295025728987866e+02
2.156243567753001571e+02
2.156157804459691079e+02
2.156072041166380586e+02
2.155951972555745897e+02
2.155814751286449393e+02
2.155677530017152890e+02
2.155540308747856102e+02
2.155008576329331049e+02
2.154271012006861099e+02
2.153533447684391149e+02
2.152795883361920914e+02
2.152075471698113347e+02
2.151560891938250393e+02
2.151046312178387439e+02
2.150343053173241969e+02
2.149639794168095932e+02
2.148936535162950463e+02
2.148233276157804426e+02
2.147547169811320771e+02
2.147169811320754889e+02
2.146792452830188722e+02
2.146620926243567737e+02
2.146449399656946753e+02
2.146277873070325768e+02
2.146106346483705067e+02
2.145934819897084083e+02
2.145403087478559314e+02
2.144871355060034261e+02
2.144356775300171591e+02
2.143825042881646823e+02
2.143293310463121770e+02
2.142744425385934619e+02
2.142212692967409851e+02
2.141680960548885082e+02
2.141560891938250393e+02
2.141457975986277802e+02
2.141372212692967310e+02
2.141303602058318916e+02
2.141183533447684226e+02
2.141046312178387723e+02
2.140909090909090651e+02
2.140771869639794147e+02
2.140634648370497644e+02
2.140497427101200856e+02
2.140823327615780443e+02
2.141149228130360029e+02
2.141475128644939900e+02
2.141783876500857673e+02
2.142092624356775161e+02
2.142401372212692934e+02
2.142710120068610422e+02
2.143036020583190293e+02
2.143327615780445683e+02
2.143790737564322342e+02
2.144082332761578016e+02
2.144545454545454675e+02
2.144837049742710064e+02
2.145128644939965739e+02
2.145420240137221413e+02
2.145711835334477087e+02
2.146003430531732477e+02
2.146295025728987866e+02
2.146569468267581442e+02
2.146843910806174733e+02
2.147101200686106495e+02
2.147358490566037972e+02
2.148113207547170020e+02
2.148867924528302069e+02
2.149622641509434118e+02
2.150377358490566166e+02
2.151132075471698499e+02
2.151903945111492362e+02
2.152675814751286794e+02
2.153430531732418558e+02
2.153379073756432263e+02
2.153327615780445967e+02
2.153276157804459672e+02
2.154013722126929906e+02
2.154751286449399572e+02
2.155488850771869807e+02
2.156243567753001571e+02
2.157015437392796002e+02
2.157770154373928051e+02
2.158524871355060100e+02
2.159279588336192148e+02
2.160034305317324197e+02
2.160566037735848965e+02
2.160668953687821841e+02
2.160771869639794431e+02
2.160857632933104924e+02
2.160909090909090935e+02
2.160960548885077230e+02
2.161029159519725624e+02
2.161080617495711920e+02
2.161132075471698215e+02
2.161200686106346609e+02
2.161252144082332904e+02
2.161303602058318916e+02
2.161355060034305495e+02
2.161406518010291506e+02
2.161886792452830264e+02
2.161612349914236688e+02
2.161355060034305495e+02
2.161080617495711920e+02
2.161560891938250677e+02
2.162041166380789150e+02
2.162521440823327623e+02
2.163001715265866096e+02
2.163481989708404853e+02
2.163962264150943327e+02
2.164442538593481800e+02
2.164922813036020557e+02
2.165403087478559030e+02
2.165471698113207708e+02
2.165523156089194003e+02
2.165591766723842113e+02
2.165660377358490507e+02
2.165746140651800999e+02
2.165831903945111492e+02
2.165917667238421984e+02
2.166003430531732192e+02
2.166089193825042685e+02
2.166174957118353177e+02
2.166277873070325768e+02
2.165986277873070378e+02
2.165488850771869522e+02
2.164991423670668951e+02
2.164493996569468379e+02
2.164013722126929906e+02
2.163550600343053247e+02
2.163104631217838687e+02
2.162864493996569593e+02
2.163344768439108066e+02
2.163825042881646823e+02
2.164288164665522913e+02
2.164768439108061671e+02
2.165231560891938329e+02
2.165677530017152890e+02
2.165608919382504212e+02
2.165540308747855818e+02
2.165454545454545610e+02
2.165368782161235117e+02
2.165283018867924341e+02
2.165180102915951750e+02
2.165248713550600428e+02
2.165300171526586723e+02
2.165351629502572735e+02
2.165385934819896931e+02
2.165265866209262526e+02
2.164991423670668951e+02
2.165025728987993148e+02
2.165042881646655246e+02
2.165283018867924341e+02
2.165283018867924625e+02
2.165643224699828409e+02
2.165643224699828409e+02
2.166003430531732477e+02
2.166123499142367166e+02
2.166500857632933048e+02
2.166620926243567737e+02
2.166998284734133904e+02
2.167375643224700070e+02
2.167495711835334475e+02
2.167718696397942040e+02
2.167941680960549036e+02
2.168027444253859244e+02
2.168113207547170020e+02
2.168198970840480229e+02
2.168284734133790721e+02
2.168370497427101213e+02
2.168456260720411990e+02
2.168542024013722198e+02
2.168747855917667380e+02
2.168816466552315774e+02
2.168987993138936474e+02
2.169176672384219557e+02
2.169245283018867667e+02
2.169313893653516061e+02
2.169365351629502641e+02
2.169399656946826553e+02
2.169416809605488652e+02
2.169554030874785440e+02
2.169691252144082227e+02
2.169691252144082227e+02
2.169828473413379015e+02
2.170120068610634405e+02
2.170411663807890079e+02
2.170703259005145753e+02
2.170977701543739329e+02
2.171097770154374018e+02
2.171526586620926196e+02
2.171783876500857673e+02
2.171903945111492362e+02
2.172144082332761741e+02
2.172367066895369021e+02
2.172590051457976301e+02
2.173018867924528479e+02
2.173430531732418558e+02
2.173825042881646823e+02
2.174202401372212989e+02
2.174545454545454675e+02
2.175317324185248822e+02
2.175694682675814988e+02
2.176054888507718772e+02
2.176397941680960457e+02
2.176706689536878230e+02
2.177495711835334475e+02
2.177975986277872948e+02
2.178284734133790721e+02
2.178559176672384297e+02
2.178850771869639971e+02
2.179674099485420413e+02
2.180120068610634689e+02
2.180548885077187151e+02
2.180960548885077230e+02
2.181492281303601999e+02
2.182024013722127052e+02
2.182521440823327907e+02
2.182332761578044540e+02
2.181886792452830264e+02
2.182161234991423839e+02
2.182435677530017131e+02
2.182813036020583013e+02
2.183190394511149179e+02
2.183550600343052963e+02
2.183499142367066668e+02
2.183722126929673948e+02
2.183962264150943327e+02
2.183927958833619130e+02
2.183910806174957031e+02
2.183876500857632834e+02
2.183859348198971020e+02
2.183842195540308637e+02
2.183825042881646823e+02
2.183670668953687937e+02
2.183481989708404853e+02
2.183327615780445967e+02
2.183173241852487081e+02
2.183018867924528195e+02
2.182881646655231691e+02
2.183053173241852676e+02
2.183241852487135759e+02
2.183430531732418842e+02
2.183653516295025838e+02
2.183927958833619414e+02
2.184219554030874804e+02
2.184511149228130478e+02
2.184253859348199285e+02
2.184013722126929622e+02
2.183773584905660528e+02
2.183842195540308921e+02
2.183927958833619414e+02
2.184030874785592005e+02
2.184150943396226694e+02
2.184322469982847394e+02
2.184493996569468095e+02
2.184665523156089080e+02
2.184288164665523198e+02
2.184219554030874804e+02
2.184185248713550607e+02
2.184150943396226126e+02
2.184133790737564311e+02
2.184288164665522913e+02
2.183945111492281228e+02
2.183584905660377160e+02
2.183224699828473376e+02
2.183447684391080656e+02
2.183190394511149179e+02
2.182898799313893505e+02
2.183018867924528195e+02
2.183156089193824982e+02
2.183310463121783869e+02
2.183430531732418558e+02
2.183550600343053247e+02
2.183379073756432263e+02
2.183207547169811278e+02
2.183018867924528195e+02
2.183327615780446251e+02
2.183619210977701641e+02
2.183481989708404853e+02
2.183344768439108066e+02
2.182898799313893790e+02
2.182452830188679513e+02
2.182384219554031120e+02
2.182298456260720627e+02
2.182212692967410135e+02
2.182607204116638115e+02
2.182984562607204282e+02
2.183361921097770164e+02
2.183979416809605425e+02
2.184545454545454675e+02
2.185077186963979443e+02
2.185591766723842113e+02
2.186106346483705067e+02
2.186586620926243540e+02
2.186809605488850821e+02
2.186569468267581442e+02
2.186363636363636260e+02
2.186157804459691079e+02
2.186363636363636260e+02
2.186243567753001855e+02
2.186123499142366882e+02
2.186003430531732477e+02
2.185746140651800999e+02
2.185608919382504212e+02
2.185368782161235117e+02
2.185111492281303640e+02
2.184751286449399572e+02
2.184391080617496073e+02
2.184288164665523482e+02
2.183910806174957315e+02
2.183790737564322626e+02
2.184288164665523482e+02
2.184837049742710064e+02
2.185300171526586723e+02
2.185523156089194003e+02
2.185849056603773874e+02
2.186157804459691363e+02
2.186466552315609135e+02
2.186740994854202711e+02
2.186998284734133904e+02
2.187255574614065381e+02
2.187478559176672377e+02
2.187701543739279657e+02
2.188044596912521342e+02
2.188387650085763312e+02
2.188593481989708494e+02
2.189279588336192148e+02
2.189639794168095932e+02
2.189965694682675803e+02
2.190428816466552462e+02
2.190771869639794147e+02
2.191114922813035832e+02
2.191578044596912491e+02
2.192024013722127052e+02
2.192469982847341328e+02
2.192898799313893790e+02
2.193327615780446251e+02
2.193739279588336331e+02
2.194150943396226410e+02
2.194082332761578016e+02
2.193876500857633118e+02
2.194271012006861383e+02
2.194099485420240399e+02
2.194459691252143898e+02
2.194373927958833690e+02
2.194871355060034261e+02
2.195231560891938329e+02
2.195711835334476802e+02
2.195608919382504496e+02
2.195506003430531905e+02
2.195403087478559314e+02
2.195300171526586439e+02
2.195197255574614132e+02
2.195094339622641542e+02
2.194991423670668951e+02
2.194888507718696360e+02
2.195351629502573019e+02
2.195814751286449393e+02
2.196689536878216131e+02
2.197564322469982869e+02
2.198439108061749607e+02
2.199313893653516345e+02
2.199897084048027409e+02
2.200771869639794147e+02
2.201629502572898787e+02
2.202212692967410135e+02
2.202521440823327623e+02
2.202624356775299930e+02
2.202710120068610422e+02
2.203018867924528479e+02
2.203121783876501070e+02
2.202572898799313919e+02
2.202024013722127052e+02
2.201372212692967310e+02
2.200840480274442541e+02
2.200308747855917773e+02
2.199777015437392720e+02
2.199262435677529766e+02
2.199862778730703212e+02
2.200343053173241969e+02
2.200806174957118344e+02
2.201389365351629408e+02
2.201955403087478658e+02
2.202418524871355032e+02
2.202881646655231407e+02
2.203036020583190293e+02
2.202555746140651536e+02
2.202710120068610422e+02
2.202864493996569308e+02
2.203036020583190293e+02
2.203190394511149179e+02
2.203156089193824982e+02
2.203190394511149464e+02
2.203224699828473376e+02
2.203259005145797573e+02
2.203293310463121770e+02
2.203361921097770164e+02
2.203430531732418558e+02
2.203499142367066952e+02
2.203567753001715346e+02
2.203636363636363740e+02
2.203259005145797573e+02
2.202881646655231691e+02
2.202538593481990006e+02
2.202469982847341612e+02
2.202418524871355032e+02
2.202384219554030835e+02
2.202349914236706923e+02
2.202332761578044540e+02
2.202692967409948324e+02
2.203053173241852392e+02
2.203430531732418558e+02
2.203807890222984724e+02
2.203619210977701641e+02
2.203430531732418558e+02
2.203241852487135475e+02
2.203053173241852392e+02
2.202675814751286225e+02
2.202504288164665240e+02
2.202332761578044256e+02
2.201612349914236688e+02
2.200926243567753033e+02
2.200205831903945182e+02
2.199519725557461243e+02
2.198833619210977588e+02
2.198130360205831835e+02
2.197821612349914062e+02
2.197530017152658388e+02
2.197238421955402998e+02
2.196946826758147324e+02
2.196672384219553749e+02
2.196243567753001571e+02
2.195814751286449393e+02
2.195403087478559314e+02
2.195608919382504496e+02
2.195334476843910636e+02
2.195060034305317345e+02
2.194785591766723769e+02
2.194511149228130193e+02
2.194682675814751178e+02
2.194957118353344754e+02
2.195231560891938329e+02
2.195248713550600428e+02
2.195248713550600428e+02
2.195248713550600428e+02
2.195214408233276231e+02
2.195180102915952034e+02
2.194785591766723769e+02
2.194493996569468095e+02
2.194219554030874519e+02
2.193927958833619130e+02
2.193653516295025554e+02
2.193361921097769880e+02
2.193499142367066952e+02
2.193619210977701641e+02
2.193739279588336046e+02
2.193842195540308637e+02
2.193653516295025838e+02
2.193464837049742755e+02
2.193259005145797573e+02
2.193533447684391149e+02
2.193790737564322342e+02
2.194048027444253535e+02
2.194288164665522913e+02
2.194511149228130193e+02
2.194734133790737474e+02
2.194545454545454390e+02
2.194356775300171307e+02
2.194168096054888508e+02
2.193962264150943327e+02
2.193756432246998429e+02
2.193550600343053247e+02
2.193722126929673948e+02
2.193910806174957031e+02
2.194219554030874804e+02
2.194545454545454390e+02
2.194476843910805997e+02
2.194699828473413277e+02
2.194905660377358458e+02
2.195506003430531621e+02
2.196072041166380586e+02
2.196603773584905639e+02
2.197341337907375589e+02
2.197667238421955176e+02
2.197975986277872948e+02
2.198284734133790721e+02
2.198936535162950179e+02
2.199571183533447538e+02
2.200531732418525053e+02
2.201475128644939900e+02
2.201921097770154461e+02
2.202349914236706638e+02
2.202744425385934619e+02
2.203670668953687937e+02
2.204579759862778587e+02
2.205626072041166310e+02
2.206672384219554033e+02
2.207718696397941471e+02
2.208284734133790721e+02
2.208867924528302069e+02
2.209433962264150750e+02
2.210000000000000000e+02
2.210566037735848965e+02
2.210823327615780443e+02
2.211372212692967310e+02
2.211921097770154461e+02
2.212006861063464953e+02
2.212126929674099642e+02
2.212264150943396430e+02
2.212401372212692934e+02
2.212555746140651820e+02
2.212710120068610422e+02
2.212521440823327623e+02
2.212538593481989722e+02
2.212555746140651820e+02
2.212933104631217986e+02
2.213327615780445967e+02
2.213756432246998429e+02
2.213979416809605425e+02
2.214253859348199285e+02
2.214082332761578016e+02
2.213567753001715346e+02
2.213053173241852392e+02
2.212813036020583013e+02
2.212933104631217702e+02
2.212898799313893505e+02
2.212881646655231407e+02
2.212898799313893505e+02
2.212898799313893790e+02
2.212521440823327623e+02
2.212144082332761457e+02
2.211766723842195290e+02
2.211389365351629408e+02
2.211234991423670522e+02
2.211097770154373734e+02
2.210994854202401143e+02
2.210874785591766454e+02
2.210891938250428552e+02
2.210909090909091219e+02
2.210789022298456530e+02
2.210668953687821841e+02
2.210102915951972591e+02
2.209262435677530050e+02
2.208850771869639686e+02
2.208765008576329194e+02
2.208679245283018986e+02
2.208593481989708494e+02
2.208524871355060100e+02
2.208456260720411706e+02
2.208387650085763312e+02
2.208301886792452819e+02
2.208216123499142327e+02
2.208130360205831835e+02
2.208044596912521342e+02
2.208250428816466524e+02
2.208456260720411706e+02
2.208524871355060100e+02
2.208593481989708494e+02
2.208662092624356887e+02
2.208747855917667380e+02
2.208833619210977588e+02
2.208919382504288080e+02
2.208662092624356603e+02
2.208404802744425410e+02
2.208130360205831835e+02
2.207855917667238259e+02
2.207564322469982869e+02
2.207255574614065381e+02
2.207615780445968880e+02
2.207958833619210850e+02
2.208301886792452819e+02
2.208644939965694789e+02
2.208987993138936190e+02
2.208987993138936474e+02
2.208644939965694505e+02
2.208301886792452819e+02
2.207975986277872948e+02
2.207632933104631263e+02
2.207307032590051392e+02
2.206981132075471805e+02
2.206655231560891934e+02
2.206346483704974162e+02
2.206037735849056389e+02
2.205728987993138901e+02
2.205437392795883227e+02
2.205162950257289936e+02
2.205317324185248822e+02
2.205077186963979443e+02
2.204837049742710064e+02
2.205008576329331049e+02
2.205368782161235117e+02
2.205608919382504212e+02
2.205849056603773590e+02
2.206072041166380586e+02
2.206089193825042969e+02
2.206277873070325768e+02
2.206638078902229836e+02
2.206981132075471805e+02
2.207307032590051392e+02
2.207615780445968880e+02
2.207924528301886653e+02
2.208198970840480229e+02
2.208421955403087509e+02
2.208404802744425410e+02
2.208765008576329194e+02
2.209125214408232978e+02
2.209485420240137046e+02
2.209845626072040830e+02
2.210051457975986011e+02
2.210240137221269094e+02
2.210411663807889795e+02
2.210394511149227981e+02
2.210360205831903784e+02
2.210343053173241969e+02
2.210789022298456246e+02
2.211234991423670522e+02
2.211269296740994719e+02
2.211303602058318916e+02
2.211337907375643113e+02
2.211612349914236688e+02
2.212041166380789150e+02
2.212487135506003142e+02
2.212933104631217702e+02
2.213276157804459672e+02
2.213619210977701641e+02
2.213962264150943327e+02
2.213842195540308637e+02
2.213722126929673664e+02
2.213602058319039543e+02
2.213481989708404853e+02
2.213361921097770164e+02
2.213241852487135475e+02
2.213121783876500785e+02
2.213001715265866096e+02
2.212898799313893505e+02
2.212195540308747468e+02
2.211663807890222984e+02
2.210960548885076946e+02
2.210445969125214276e+02
2.209931389365351606e+02
2.209416809605488652e+02
2.208919382504287796e+02
2.208404802744425410e+02
2.207890222984562456e+02
2.207375643224699502e+02
2.206895368782161029e+02
2.206432246998284654e+02
2.205969125214407995e+02
2.205471698113207708e+02
2.204991423670668951e+02
2.204511149228130193e+02
2.204030874785591436e+02
2.203550600343053247e+02
2.203053173241852392e+02
2.202555746140651536e+02
2.202075471698113347e+02
2.201612349914236688e+02
2.201149228130360029e+02
2.200686106346483655e+02
2.200222984562607280e+02
2.200102915951972591e+02
2.199982847341337902e+02
2.200017152658662098e+02
2.200017152658662098e+02
2.200034305317324197e+02
2.200051457975986295e+02
2.200068610634648394e+02
2.200085763293310492e+02
2.200102915951972591e+02
2.200120068610634689e+02
2.200137221269296788e+02
2.200154373927958886e+02
2.200188679245283083e+02
2.200222984562607280e+02
2.200257289879931477e+02
2.200291595197255674e+02
2.199451114922812849e+02
2.199485420240137046e+02
2.199519725557461243e+02
2.199554030874785440e+02
2.199245283018867951e+02
2.198936535162950179e+02
2.198970840480274092e+02
2.199759862778730621e+02
2.200548885077186867e+02
2.201337907375643113e+02
2.201372212692967310e+02
2.201423670668953605e+02
2.201475128644939900e+02
2.201526586620926196e+02
2.200771869639793863e+02
2.200703259005145469e+02
2.200634648370497075e+02
2.200566037735848965e+02
2.200497427101200572e+02
2.200428816466552178e+02
2.200017152658662098e+02
2.199622641509433834e+02
2.198850771869639686e+02
2.198439108061749607e+02
2.198027444253859244e+02
2.197958833619210850e+02
2.198010291595197145e+02
2.198061749571183441e+02
2.198113207547169736e+02
2.197598627787306782e+02
2.198044596912521342e+02
2.197924528301886653e+02
2.197821612349914062e+02
2.197718696397941471e+02
2.197615780445968880e+02
2.197495711835334475e+02
2.197238421955402998e+02
2.196981132075471805e+02
2.196380789022298359e+02
2.195780445969125196e+02
2.195180102915951750e+02
2.194579759862778587e+02
2.193996569468267523e+02
2.193430531732418558e+02
2.193361921097770164e+02
2.193293310463121770e+02
2.193207547169811278e+02
2.192984562607203998e+02
2.192744425385934619e+02
2.192504288164665525e+02
2.192246998284734048e+02
2.191989708404802855e+02
2.191715265866209279e+02
2.191440823327615703e+02
2.191200686106346325e+02
2.190806174957118060e+02
2.190548885077186583e+02
2.190291595197255390e+02
2.189828473413379015e+02
2.189554030874785440e+02
2.189073756432246682e+02
2.188782161234991293e+02
2.188490566037735903e+02
2.188439108061749607e+02
2.188130360205831835e+02
2.188078902229845539e+02
2.187907375643224555e+02
2.187718696397941471e+02
2.187787307032589865e+02
2.187735849056603854e+02
2.187684391080617274e+02
2.187770154373927767e+02
2.187838765008576161e+02
2.188044596912521342e+02
2.188233276157804426e+02
2.188421955403087509e+02
2.188902229845625982e+02
2.189245283018867951e+02
2.189108061749571164e+02
2.189108061749571164e+02
2.189313893653516061e+02
2.189296740994853963e+02
2.189399656946826553e+02
2.189502572898799144e+02
2.189708404802744326e+02
2.190171526586620701e+02
2.190394511149227696e+02
2.190497427101200287e+02
2.190806174957118060e+02
2.191646655231560885e+02
2.192332761578044256e+02
2.192658662092624127e+02
2.193104631217838687e+02
2.193259005145797573e+02
2.193602058319039543e+02
2.193945111492280944e+02
2.194133790737564027e+02
2.194562607204116489e+02
2.195025728987992863e+02
2.195368782161234549e+02
2.196312178387649965e+02
2.197238421955402714e+02
2.197632933104630979e+02
2.197907375643224555e+02
2.198198970840480229e+02
2.198507718696398001e+02
2.198867924528301785e+02
2.198782161234991293e+02
2.198953687821612277e+02
2.199622641509433834e+02
2.199948542024013705e+02
2.200686106346483655e+02
2.200943396226414848e+02
2.201114922813035832e+02
2.201320754716981014e+02
2.201543739279588294e+02
2.201766723842195574e+02
2.201457975986277802e+02
2.201526586620926196e+02
2.201595197255574305e+02
2.201680960548884798e+02
2.201406518010291506e+02
2.201114922813035832e+02
2.200651801029159458e+02
2.200600343053173162e+02
2.200566037735848965e+02
2.200548885077186583e+02
2.200531732418524768e+02
2.200102915951972591e+02
2.199656946826758031e+02
2.199554030874785440e+02
2.199451114922812849e+02
2.199331046312178159e+02
2.199210977701543754e+02
2.199382504288164455e+02
2.199554030874785440e+02
2.199742710120068523e+02
2.199468267581474947e+02
2.199193825042881372e+02
2.198953687821612277e+02
2.198696397941680800e+02
2.198782161234991293e+02
2.198867924528301785e+02
2.198987993138936474e+02
2.199090909090909065e+02
2.198679245283018702e+02
2.197958833619210850e+02
2.197221269296740900e+02
2.196483704974270950e+02
2.195728987993138901e+02
2.194991423670668951e+02
2.194236706689536618e+02
2.193773584905660243e+02
2.193859348198970736e+02
2.193962264150943327e+02
2.194065180102915917e+02
2.193859348198970736e+02
2.193636363636363740e+02
2.193396226415094361e+02
2.193138936535163168e+02
2.192830188679245680e+02
2.192521440823327623e+02
2.192229845626072233e+02
2.192487135506003426e+02
2.192435677530017131e+02
2.192349914236706923e+02
2.192264150943396430e+02
2.192161234991423839e+02
2.192041166380789150e+02
2.192401372212692934e+02
2.192761578044597002e+02
2.193121783876500785e+02
2.192898799313893505e+02
2.192675814751286509e+02
2.192727272727272805e+02
2.192778730703258816e+02
2.192813036020583013e+02
2.192847341337907210e+02
2.192590051457975733e+02
2.192332761578044540e+02
2.192092624356775161e+02
2.191869639794168165e+02
2.191646655231560885e+02
2.191423670668953605e+02
2.190994854202401143e+02
2.190909090909090651e+02
2.191492281303601999e+02
2.192075471698113347e+02
2.192024013722126767e+02
2.191595197255574590e+02
2.191183533447684226e+02
2.190651801029159458e+02
2.190120068610634689e+02
2.190463121783876375e+02
2.190789022298455961e+02
2.190034305317324197e+02
2.189210977701543470e+02
2.188404802744425410e+02
2.187615780445969165e+02
2.186826758147512919e+02
2.186054888507718772e+02
2.185540308747856102e+02
2.185883361921097787e+02
2.186226415094339757e+02
2.186569468267581442e+02
2.186912521440823411e+02
2.187358490566037688e+02
2.187787307032589865e+02
2.188233276157804426e+02
2.188799313893653675e+02
2.189262435677529766e+02
2.189897084048027409e+02
2.190531732418525053e+02
2.191132075471697931e+02
2.191869639794168165e+02
2.192607204116637831e+02
2.193190394511149179e+02
2.193773584905660243e+02
2.192915951972555604e+02
2.192950257289879801e+02
2.193173241852487081e+02
2.193516295025729050e+02
2.193739279588336046e+02
2.193962264150943327e+02
2.193396226415094361e+02
2.193773584905660243e+02
2.194168096054888508e+02
2.194734133790737474e+02
2.194219554030874804e+02
2.194631217838764883e+02
2.194133790737564311e+02
2.194545454545454390e+02
2.195128644939965739e+02
2.195197255574614132e+02
2.195626072041166594e+02
2.196054888507718772e+02
2.196329331046312063e+02
2.196603773584905639e+02
2.196878216123499215e+02
2.197307032590051392e+02
2.197598627787307066e+02
2.198027444253859244e+02
2.198473413379073804e+02
2.198919382504288080e+02
2.199382504288164739e+02
2.199845626072041114e+02
2.200909090909090935e+02
2.201972555746140756e+02
2.202435677530017131e+02
2.202915951972555604e+02
2.202332761578044540e+02
2.202332761578044540e+02
2.201749571183533476e+02
2.201286449399656817e+02
2.201783876500857673e+02
2.202847341337907210e+02
2.203910806174957315e+02
2.204974271012006852e+02
2.206037735849056389e+02
2.207101200686106495e+02
2.208147512864493933e+02
2.209193825042881940e+02
2.210240137221269379e+02
2.210720411663808136e+02
2.211200686106346609e+02
2.211269296740994719e+02
2.211337907375643397e+02
2.211406518010291791e+02
2.211475128644939900e+02
2.211526586620926196e+02
2.211578044596912775e+02
2.211646655231561169e+02
2.211715265866209279e+02
2.212058319039451248e+02
2.212401372212692934e+02
2.212761578044597002e+02
2.213121783876500785e+02
2.213138936535162884e+02
2.213807890222984724e+02
2.214476843910806281e+02
2.215145797598627837e+02
2.215814751286449393e+02
2.216483704974270950e+02
2.217152658662092790e+02
2.217821612349914062e+02
2.217375643224699786e+02
2.216946826758147608e+02
2.216535162950257245e+02
2.216123499142366882e+02
2.215728987993138901e+02
2.215334476843910920e+02
2.214939965694682655e+02
2.214871355060034261e+02
2.215763293310463098e+02
2.216003430531732477e+02
2.216277873070325768e+02
2.216535162950257245e+02
2.216809605488850821e+02
2.216758147512864525e+02
2.216689536878216131e+02
2.216620926243567737e+02
2.216569468267581442e+02
2.216535162950257245e+02
2.216466552315608851e+02
2.216037735849056389e+02
2.215969125214408280e+02
2.215917667238421984e+02
2.216226415094339472e+02
2.216518010291595147e+02
2.216809605488850821e+02
2.217101200686106210e+02
2.217409948542024267e+02
2.217735849056603854e+02
2.218061749571183441e+02
2.218387650085763028e+02
2.218713550600343183e+02
2.218490566037735903e+02
2.218250428816466524e+02
2.218044596912521342e+02
2.217838765008576161e+02
2.217615780445968880e+02
2.217392795883361600e+02
2.217169811320754604e+02
2.216946826758147324e+02
2.216929674099485510e+02
2.216723842195540328e+02
2.216483704974270950e+02
2.216809605488850821e+02
2.217118353344768593e+02
2.216946826758147608e+02
2.217255574614065381e+02
2.216963979416809707e+02
2.216792452830188722e+02
2.216706689536878230e+02
2.216603773584905639e+02
2.216020583190394575e+02
2.215437392795883227e+02
2.214871355060034261e+02
2.214442538593481800e+02
2.214030874785591436e+02
2.213464837049742755e+02
2.212881646655231407e+02
2.212761578044596718e+02
2.212641509433962312e+02
2.212538593481989722e+02
2.212435677530017131e+02
2.211869639794168165e+02
2.211200686106346325e+02
2.210531732418525053e+02
2.210120068610634689e+02
2.209708404802744610e+02
2.209279588336191864e+02
2.208867924528302069e+02
2.208439108061749607e+02
2.208198970840480229e+02
2.208387650085763312e+02
2.208559176672384297e+02
2.208713550600343183e+02
2.208867924528301785e+02
2.209022298456260671e+02
2.208730703259004997e+02
2.208404802744425410e+02
2.208078902229845539e+02
2.208113207547169736e+02
2.208130360205831835e+02
2.207941680960548752e+02
2.207735849056603570e+02
2.207530017152658672e+02
2.207307032590051392e+02
2.207512864493996858e+02
2.207718696397941756e+02
2.207650085763293362e+02
2.207564322469982869e+02
2.207890222984562740e+02
2.208198970840480229e+02
2.208970840480274376e+02
2.209725557461406709e+02
2.210463121783876659e+02
2.210891938250428836e+02
2.210926243567753033e+02
2.210943396226414848e+02
2.210840480274442257e+02
2.210720411663807567e+02
2.211475128644939900e+02
2.212246998284734048e+02
2.213036020583190293e+02
2.213087478559176589e+02
2.213156089193824982e+02
2.213259005145797573e+02
2.213138936535162884e+02
2.213430531732418558e+02
2.213722126929674232e+02
2.213996569468267523e+02
2.213927958833619130e+02
2.213876500857633118e+02
2.213499142367066952e+02
2.213121783876500785e+02
2.213224699828473376e+02
2.213344768439108066e+02
2.213481989708404853e+02
2.213481989708404853e+02
2.213481989708404853e+02
2.213481989708404569e+02
2.213310463121783869e+02
2.213156089193824982e+02
2.213361921097770164e+02
2.213550600343053247e+02
2.213756432246998429e+02
2.213550600343053247e+02
2.213327615780445967e+02
2.213104631217838687e+02
2.212898799313893505e+02
2.213001715265866096e+02
2.213104631217838687e+02
2.213207547169811278e+02
2.213310463121783869e+02
2.213413379073756460e+02
2.213516295025729050e+02
2.213173241852487081e+02
2.212830188679245111e+02
2.212469982847341328e+02
2.212452830188679513e+02
2.212092624356775445e+02
2.211732418524871377e+02
2.211355060034305495e+02
2.211183533447684226e+02
2.210960548885077230e+02
2.210737564322469950e+02
2.210754716981132049e+02
2.210394511149228265e+02
2.210034305317324197e+02
2.209313893653516345e+02
2.208747855917667380e+02
2.208164665523156032e+02
2.207958833619210850e+02
2.207753001715265668e+02
2.207941680960548752e+02
2.208130360205831835e+02
2.208319039451114918e+02
2.208507718696398001e+02
2.208456260720411706e+02
2.208387650085763312e+02
2.208301886792452819e+02
2.208216123499142327e+02
2.207993138936535047e+02
2.207770154373927767e+02
2.207684391080617274e+02
2.207598627787306782e+02
2.207941680960548752e+02
2.208284734133790721e+02
2.208644939965694789e+02
2.208679245283018986e+02
2.208319039451115202e+02
2.207975986277873233e+02
2.207615780445969165e+02
2.207255574614065381e+02
2.207186963979416987e+02
2.207341337907375589e+02
2.207495711835334475e+02
2.207632933104630979e+02
2.207787307032589865e+02
2.207787307032590149e+02
2.207770154373928051e+02
2.207873070325900358e+02
2.207958833619210850e+02
2.208027444253859244e+02
2.208301886792452819e+02
2.208576329331046395e+02
2.208850771869639971e+02
2.209125214408233262e+02
2.209399656946826838e+02
2.209674099485420129e+02
2.209262435677530050e+02
2.208850771869639686e+02
2.208456260720411706e+02
2.208593481989708209e+02
2.208027444253859244e+02
2.208164665523156032e+02
2.208301886792452819e+02
2.208456260720411706e+02
2.208027444253859244e+02
2.207890222984562456e+02
2.207993138936535047e+02
2.208096054888507638e+02
2.208198970840480229e+02
2.208284734133790721e+02
2.208336192109777016e+02
2.208353344768439115e+02
2.208353344768439115e+02
2.208542024013722198e+02
2.208730703259005281e+02
2.208902229845625982e+02
2.209073756432246967e+02
2.208833619210977872e+02
2.208970840480274660e+02
2.209108061749571164e+02
2.209228130360205853e+02
2.209348198970840258e+02
2.209588336192109637e+02
2.209828473413379015e+02
2.210085763293310208e+02
2.210343053173241685e+02
2.210428816466552178e+02
2.210531732418524768e+02
2.210789022298455961e+02
2.211046312178387439e+02
2.211320754716981014e+02
2.211595197255574590e+02
2.211903945111492078e+02
2.211578044596912491e+02
2.211955403087478373e+02
2.211286449399656817e+02
2.211286449399656817e+02
2.211286449399656817e+02
2.211286449399656817e+02
2.210531732418525053e+02
2.210583190394511348e+02
2.210651801029159742e+02
2.210926243567752749e+02
2.211200686106346325e+02
2.211475128644939900e+02
2.211440823327615703e+02
2.211406518010291506e+02
2.211372212692967310e+02
2.211337907375643113e+02
2.210291595197255674e+02
2.209862778730703212e+02
2.209331046312178444e+02
2.208301886792452819e+02
2.207753001715265952e+02
2.207718696397941471e+02
2.207684391080617559e+02
2.207650085763293077e+02
2.207615780445969165e+02
2.207564322469982585e+02
2.207530017152658672e+02
2.207495711835334191e+02
2.207461406518010278e+02
2.207427101200685797e+02
2.207375643224699786e+02
2.207324185248713491e+02
2.206998284734133904e+02
2.207101200686106210e+02
2.207204116638078801e+02
2.207307032590051392e+02
2.207409948542023983e+02
2.207512864493996574e+02
2.207615780445968880e+02
2.207701543739279373e+02
2.207821612349914062e+02
2.207924528301886653e+02
2.208044596912521342e+02
2.208130360205831835e+02
2.208216123499142327e+02
2.208319039451114918e+02
2.208456260720411706e+02
2.208061749571183441e+02
2.208181818181818130e+02
2.208301886792452819e+02
2.208421955403087509e+02
2.208113207547169736e+02
2.207804459691252248e+02
2.207924528301886653e+02
2.208044596912521342e+02
2.207735849056603570e+02
2.207427101200686081e+02
2.207118353344768309e+02
2.206466552315608851e+02
2.205814751286449393e+02
2.205008576329331049e+02
2.204219554030874804e+02
2.204099485420240114e+02
2.203310463121783869e+02
2.203190394511149179e+02
2.202298456260720343e+02
2.201406518010291506e+02
2.200514579759862670e+02
2.200411663807890079e+02
2.200308747855917488e+02
2.200205831903945182e+02
2.200120068610634689e+02
2.200034305317324197e+02
2.199228130360205569e+02
2.199296740994853963e+02
2.198490566037735618e+02
2.197684391080617274e+02
2.197169811320754604e+02
2.197015437392796002e+02
2.196861063464837116e+02
2.196363636363636260e+02
2.195866209262435689e+02
2.195368782161235117e+02
2.194871355060034261e+02
2.194391080617495788e+02
2.193893653516294933e+02
2.193790737564322626e+02
2.193687821612350035e+02
2.194253859348198716e+02
2.194133790737564311e+02
2.193996569468267239e+02
2.193876500857632834e+02
2.193773584905660243e+02
2.193293310463121770e+02
2.193156089193824982e+02
2.193001715265866096e+02
2.193241852487135475e+02
2.193121783876500785e+02
2.193001715265866096e+02
2.192881646655231407e+02
2.192641509433962312e+02
2.192401372212692934e+02
2.192161234991423839e+02
2.191612349914236688e+02
2.190497427101200856e+02
2.190411663807890079e+02
2.190325900514579587e+02
2.190240137221269379e+02
2.190394511149228265e+02
2.190548885077186867e+02
2.190840480274442257e+02
2.191132075471697931e+02
2.191406518010291506e+02
2.191680960548885082e+02
2.191492281303601999e+02
2.191303602058318916e+02
2.191097770154373734e+02
2.190891938250428552e+02
2.190668953687821556e+02
2.190445969125214560e+02
2.190222984562606996e+02
2.190137221269296788e+02
2.190051457975986011e+02
2.189965694682675803e+02
2.189879931389365311e+02
2.190274442538593291e+02
2.190668953687821556e+02
2.190583190394511348e+02
2.191063464837049821e+02
2.191543739279588294e+02
2.192024013722127052e+02
2.192487135506003426e+02
2.193138936535162884e+02
2.193584905660377160e+02
2.194150943396226126e+02
2.194785591766723769e+02
2.195420240137221128e+02
2.195334476843910920e+02
2.195608919382504212e+02
2.195883361921097787e+02
2.196226415094339757e+02
2.196140651801028980e+02
2.196792452830188722e+02
2.197427101200686366e+02
2.197718696397941471e+02
2.198010291595197145e+02
2.198799313893653675e+02
2.199554030874785440e+02
2.200325900514579871e+02
2.200771869639794431e+02
2.200926243567753318e+02
2.201200686106346325e+02
2.201835334476843968e+02
2.202950257289880085e+02
2.203722126929674232e+02
2.204716981132075375e+02
2.205385934819897216e+02
2.206054888507718772e+02
2.206620926243567737e+02
2.206929674099485510e+02
2.207478559176672377e+02
2.208027444253859244e+02
2.208370497427101213e+02
2.208301886792452819e+02
2.208250428816466524e+02
2.208919382504288365e+02
2.209108061749571164e+02
2.209777015437392720e+02
2.210445969125214560e+02
2.210634648370497359e+02
2.211303602058318916e+02
2.211252144082332620e+02
2.211818181818181870e+02
2.212384219554030835e+02
2.212367066895368737e+02
2.212367066895368453e+02
2.212281303602058244e+02
2.212332761578044540e+02
2.212367066895368737e+02
2.212401372212692934e+02
2.212744425385934903e+02
2.213104631217838687e+02
2.213464837049743039e+02
2.213207547169811278e+02
2.213327615780445967e+02
2.213087478559176589e+02
2.212487135506003426e+02
2.212281303602058244e+02
2.212435677530017131e+02
2.212607204116638115e+02
2.212778730703258816e+02
2.212813036020583013e+02
2.212469982847341043e+02
2.212144082332761457e+02
2.211818181818181870e+02
2.211492281303601999e+02
2.211578044596912491e+02
2.211663807890222984e+02
2.211749571183533476e+02
2.211698113207546896e+02
2.211646655231560885e+02
2.211612349914236688e+02
2.211578044596912491e+02
2.211560891938250393e+02
2.211234991423670522e+02
2.210909090909090935e+02
2.210583190394510780e+02
2.209794168096054818e+02
2.209005145797598288e+02
2.208216123499142327e+02
2.207427101200685797e+02
2.207101200686106210e+02
2.206775300171526624e+02
2.206415094339622556e+02
2.206072041166380586e+02
2.205403087478559030e+02
2.204734133790737474e+02
2.204030874785591720e+02
2.203807890222984724e+02
2.204099485420240399e+02
2.204391080617495504e+02
2.204665523156089080e+02
2.204939965694682655e+02
2.205214408233276231e+02
2.205420240137221413e+02
2.205626072041166594e+02
2.205540308747855818e+02
2.205454545454545325e+02
2.205351629502573019e+02
2.205385934819897216e+02
2.205420240137221128e+02
2.205454545454545610e+02
2.205488850771869522e+02
2.205506003430531905e+02
2.205523156089194003e+02
2.205540308747855818e+02
2.205540308747856102e+02
2.205540308747856102e+02
2.205694682675814988e+02
2.205849056603773590e+02
2.206003430531732477e+02
2.206157804459691079e+02
2.206312178387649965e+02
2.206483704974270950e+02
2.206655231560891934e+02
2.206826758147512919e+02
2.206329331046312063e+02
2.205831903945111208e+02
2.205334476843910920e+02
2.204854202401372163e+02
2.204373927958833690e+02
2.203893653516295217e+02
2.203481989708404853e+02
2.203053173241852392e+02
2.203516295025729050e+02
2.203962264150943327e+02
2.204425385934819701e+02
2.204871355060034261e+02
2.204596912521440686e+02
2.205334476843910920e+02
2.205403087478559314e+02
2.205488850771869807e+02
2.206209262435677374e+02
2.206912521440823411e+02
2.207598627787307066e+02
2.208404802744425410e+02
2.208301886792452819e+02
2.207341337907375589e+02
2.206380789022298359e+02
2.206277873070325768e+02
2.206432246998284654e+02
2.206449399656946753e+02
2.206466552315608851e+02
2.206483704974270950e+02
2.206518010291595147e+02
2.206552315608919344e+02
2.205728987993138901e+02
2.204888507718696360e+02
2.204048027444253535e+02
2.203224699828473376e+02
2.202624356775299930e+02
2.202024013722127052e+02
2.201406518010291506e+02
2.200771869639794147e+02
2.200120068610634689e+02
2.199399656946826838e+02
2.198679245283018986e+02
2.198096054888507638e+02
2.197375643224699786e+02
2.196655231560891934e+02
2.196089193825042685e+02
2.195523156089194003e+02
2.195763293310463382e+02
2.195060034305317345e+02
2.194356775300171591e+02
2.193653516295025838e+02
2.192950257289880085e+02
2.192555746140652104e+02
2.193070325900514774e+02
2.192264150943396430e+02
2.191852487135506067e+02
2.191286449399657101e+02
2.191801029159520056e+02
2.191406518010291791e+02
2.191921097770154461e+02
2.191526586620926480e+02
2.190960548885077230e+02
2.190566037735849250e+02
2.190017152658662098e+02
2.189639794168096216e+02
2.189262435677530050e+02
2.188885077186964168e+02
2.188507718696398001e+02
2.187993138936535047e+02
2.187632933104631263e+02
2.187632933104631263e+02
2.187632933104631263e+02
2.187632933104631263e+02
2.187632933104631263e+02
2.187632933104631263e+02
2.186963979416809707e+02
2.186295025728987866e+02
2.185626072041166310e+02
2.184957118353344754e+02
2.185351629502572735e+02
2.186397941680960457e+02
2.187444253859348180e+02
2.188370497427101213e+02
2.187598627787307066e+02
2.186826758147512919e+02
2.186054888507718772e+02
2.185283018867924625e+02
2.184511149228130478e+02
2.183739279588336331e+02
2.182984562607204282e+02
2.182229845626072233e+02
2.181475128644940185e+02
2.180720411663807852e+02
2.179965694682675803e+02
2.179210977701543754e+02
2.178456260720411706e+02
2.177701543739279941e+02
2.176946826758147608e+02
2.176209262435677658e+02
2.175471698113207708e+02
2.175471698113207708e+02
2.175471698113207708e+02
2.175471698113207708e+02
2.175471698113207424e+02
2.175471698113207708e+02
2.175471698113207708e+02
2.175797598627787295e+02
2.176140651801028980e+02
2.176483704974270950e+02
2.176089193825042685e+02
2.175694682675814704e+02
2.176037735849056389e+02
2.175626072041166310e+02
2.175951972555745897e+02
2.175831903945111492e+02
2.175711835334476518e+02
2.175591766723842113e+02
2.175488850771869807e+02
2.175385934819897216e+02
2.175283018867924625e+02
2.175197255574614132e+02
2.175111492281303640e+02
2.174716981132075375e+02
2.174322469982847394e+02
2.174065180102916202e+02
2.173825042881646823e+02
2.173584905660377444e+02
2.173670668953687937e+02
2.173756432246998429e+02
2.173842195540308921e+02
2.173927958833619130e+02
2.173704974271012134e+02
2.173499142367066952e+02
2.173653516295025838e+02
2.173447684391080656e+02
2.173241852487135475e+02
2.172864493996569308e+02
2.172487135506003426e+02
2.172109777015437260e+02
2.171749571183533476e+02
2.171389365351629408e+02
2.171029159519725340e+02
2.170668953687821556e+02
2.170308747855917773e+02
2.169948542024013705e+02
2.169759862778730621e+02
2.169605488850771735e+02
2.169262435677529766e+02
2.168919382504288365e+02
2.168593481989708209e+02
2.168267581475128338e+02
2.167958833619210850e+02
2.167650085763293077e+02
2.167324185248713491e+02
2.166981132075471805e+02
2.166672384219554033e+02
2.166346483704974162e+02
2.166003430531732477e+02
2.166157804459691079e+02
2.166020583190394291e+02
2.166483704974270950e+02
2.166843910806175018e+02
2.166706689536878230e+02
2.166569468267581442e+02
2.166912521440823411e+02
2.167238421955403282e+02
2.167547169811320771e+02
2.168130360205831835e+02
2.168576329331046395e+02
2.169159519725557459e+02
2.169742710120068523e+02
2.170325900514579871e+02
2.170909090909090651e+02
2.171612349914236688e+02
2.172315608919382157e+02
2.173018867924528195e+02
2.173722126929673948e+02
2.174408233276157603e+02
2.175094339622641542e+02
2.175488850771869807e+02
2.175883361921097503e+02
2.176689536878215847e+02
2.177495711835334191e+02
2.178130360205831835e+02
2.178765008576329194e+02
2.179519725557461243e+02
2.179914236706689508e+02
2.179931389365351606e+02
2.180325900514579871e+02
2.180737564322469950e+02
2.181166380789022128e+02
2.181595197255574590e+02
2.181663807890222984e+02
2.181749571183533476e+02
2.182041166380789150e+02
2.182349914236706638e+02
2.182658662092624127e+02
2.182984562607203998e+02
2.182881646655231407e+02
2.182795883361920914e+02
2.182984562607203998e+02
2.183190394511149179e+02
2.183396226415094361e+02
2.183619210977701641e+02
2.183379073756432263e+02
2.183156089193824982e+02
2.182950257289879801e+02
2.183276157804459672e+02
2.183602058319039543e+02
2.183927958833619130e+02
2.184253859348198716e+02
2.184202401372212421e+02
2.183670668953687652e+02
2.183138936535162884e+02
2.182607204116637831e+02
2.182401372212692650e+02
2.182469982847341043e+02
2.182538593481989722e+02
2.182212692967409566e+02
2.181886792452830264e+02
2.181543739279588294e+02
2.181217838765008423e+02
2.180909090909090651e+02
2.180583190394511064e+02
2.180548885077186867e+02
2.180514579759862954e+02
2.180497427101200572e+02
2.180497427101200856e+02
2.180497427101200572e+02
2.180120068610634689e+02
2.179262435677529766e+02
2.178404802744425410e+02
2.177718696397941471e+02
2.176998284734133904e+02
2.176260720411663669e+02
2.175523156089193435e+02
2.175162950257289936e+02
2.175214408233276231e+02
2.175300171526586439e+02
2.175385934819896931e+02
2.175471698113207140e+02
2.175248713550600144e+02
2.175025728987993148e+02
2.174802744425385868e+02
2.174579759862778587e+02
2.174356775300171307e+02
2.174133790737564027e+02
2.174356775300171307e+02
2.174150943396226410e+02
2.173962264150943327e+02
2.173447684391080656e+02
2.172933104631217702e+02
2.172418524871354748e+02
2.172315608919382157e+02
2.172195540308747468e+02
2.172075471698113063e+02
2.171955403087478373e+02
2.171938250428816275e+02
2.172452830188679229e+02
2.172967409948541899e+02
2.173481989708404569e+02
2.173996569468267523e+02
2.174528301886792292e+02
2.174631217838764883e+02
2.174734133790737474e+02
2.174837049742710064e+02
2.174939965694682655e+02
2.175025728987993148e+02
2.174819897084047966e+02
2.174631217838764883e+02
2.174459691252144182e+02
2.174288164665522913e+02
2.174133790737564027e+02
2.173704974271011849e+02
2.173138936535162600e+02
2.172572898799313634e+02
2.172006861063464669e+02
2.171440823327615703e+02
2.171029159519725340e+02
2.170600343053173162e+02
2.170154373927958886e+02
2.170085763293310208e+02
2.170000000000000000e+02
2.169897084048027409e+02
2.169794168096054818e+02
2.169399656946826553e+02
2.168782161234991008e+02
2.168164665523156032e+02
2.167564322469982585e+02
2.166946826758147324e+02
2.166346483704974162e+02
2.165780445969124912e+02
2.165231560891938045e+02
2.164716981132075091e+02
2.164219554030874519e+02
2.163499142367066668e+02
2.162658662092624127e+02
2.161818181818181870e+02
2.161114922813035832e+02
2.160634648370497359e+02
2.159828473413379015e+02
2.160034305317324197e+02
2.159914236706689508e+02
2.159794168096054818e+02
2.159639794168095932e+02
2.160188679245282799e+02
2.160034305317324197e+02
2.159897084048027409e+02
2.159742710120068523e+02
2.160514579759862386e+02
2.160994854202401143e+02
2.161217838765008423e+02
2.161440823327615703e+02
2.161663807890222984e+02
2.161886792452829980e+02
2.162144082332761457e+02
2.162435677530017131e+02
2.162727272727272521e+02
2.162830188679245111e+02
2.162933104631217702e+02
2.163036020583190293e+02
2.163121783876500785e+02
2.163207547169811278e+02
2.163327615780445967e+02
2.163430531732418558e+02
2.163533447684390865e+02
2.163636363636363455e+02
2.163739279588335762e+02
2.163842195540308637e+02
2.163945111492281228e+02
2.164048027444253535e+02
2.164150943396226126e+02
2.164253859348198716e+02
2.164202401372212705e+02
2.164168096054888224e+02
2.164133790737564311e+02
2.164099485420239830e+02
2.164065180102915917e+02
2.164888507718696076e+02
2.165042881646655246e+02
2.165866209262435405e+02
2.166020583190394291e+02
2.166157804459691079e+02
2.166295025728988151e+02
2.167204116638079086e+02
2.167341337907375589e+02
2.167478559176672093e+02
2.167615780445968880e+02
2.167770154373927767e+02
2.167924528301886653e+02
2.167924528301886653e+02
2.167907375643224555e+02
2.167890222984562456e+02
2.167444253859347896e+02
2.168421955403087509e+02
2.168387650085763312e+02
2.168353344768439115e+02
2.168816466552315774e+02
2.168816466552315774e+02
2.168421955403087509e+02
2.168027444253859244e+02
2.167632933104631263e+02
2.167238421955403282e+02
2.166878216123499215e+02
2.166500857632933048e+02
2.166140651801028980e+02
2.165780445969124912e+02
2.165420240137221128e+02
2.165094339622641257e+02
2.164751286449399572e+02
2.164682675814751178e+02
2.164614065180102784e+02
2.164545454545454390e+02
2.164476843910805997e+02
2.164408233276157603e+02
2.164305317324185012e+02
2.164202401372212705e+02
2.164099485420239830e+02
2.163979416809605141e+02
2.163876500857632834e+02
2.163756432246998145e+02
2.163636363636363740e+02
2.163516295025729050e+02
2.163379073756432263e+02
2.163241852487135475e+02
2.163619210977701641e+02
2.163464837049742755e+02
2.163327615780445967e+02
2.163173241852487081e+02
2.163447684391080656e+02
2.163739279588336046e+02
2.163602058319039259e+02
2.163464837049742755e+02
2.163756432246998429e+02
2.164048027444253819e+02
2.164339622641509209e+02
2.165042881646655246e+02
2.165746140651800999e+02
2.166449399656946753e+02
2.167152658662092506e+02
2.167015437392795718e+02
2.167547169811320487e+02
2.167427101200685797e+02
2.168096054888507638e+02
2.168765008576329194e+02
2.169056603773584584e+02
2.168593481989708209e+02
2.168096054888507638e+02
2.167650085763293077e+02
2.167186963979416419e+02
2.167066895368781729e+02
2.167667238421955176e+02
2.168267581475128623e+02
2.168867924528301501e+02
2.168970840480274376e+02
2.168782161234991008e+02
2.168593481989708494e+02
2.168404802744425410e+02
2.168267581475128623e+02
2.168147512864493933e+02
2.168319039451114918e+02
2.168473413379073520e+02
2.168627787307032406e+02
2.168782161234991008e+02
2.168542024013721914e+02
2.168301886792452819e+02
2.168198970840480229e+02
2.168096054888507638e+02
2.167615780445968880e+02
2.167118353344768025e+02
2.166603773584905639e+02
2.166483704974270950e+02
2.166363636363635976e+02
2.166243567753001571e+02
2.166106346483704783e+02
2.166329331046312063e+02
2.166552315608919059e+02
2.166415094339622556e+02
2.166277873070325768e+02
2.166140651801028980e+02
2.165986277873070378e+02
2.166706689536878230e+02
2.167427101200685797e+02
2.167650085763293077e+02
2.167855917667238259e+02
2.168044596912521342e+02
2.167873070325900358e+02
2.168010291595197145e+02
2.168113207547169736e+02
2.168198970840480229e+02
2.168267581475128623e+02
2.168164665523156032e+02
2.168885077186964168e+02
2.169588336192109637e+02
2.170308747855917773e+02
2.170994854202401143e+02
2.171457975986277802e+02
2.172315608919382441e+02
2.173173241852487081e+02
2.174013722126929622e+02
2.174459691252143898e+02
2.174991423670668951e+02
2.175797598627787011e+02
2.176123499142366882e+02
2.176620926243567737e+02
2.177598627787306782e+02
2.178113207547169736e+02
2.178301886792452535e+02
2.178490566037735903e+02
2.178679245283018417e+02
2.178867924528301501e+02
2.179073756432246682e+02
2.179331046312178159e+02
2.179331046312178159e+02
2.179331046312178159e+02
2.180051457975986295e+02
2.180411663807890079e+02
2.180771869639794147e+02
2.180926243567752749e+02
2.181526586620926196e+02
2.181372212692967310e+02
2.181595197255574305e+02
2.182161234991423555e+02
2.182727272727272521e+02
2.182813036020583013e+02
2.182401372212692934e+02
2.181989708404802570e+02
2.181886792452830264e+02
2.182161234991423555e+02
2.182075471698113063e+02
2.181989708404802570e+02
2.181423670668953605e+02
2.180857632933104355e+02
2.180291595197255390e+02
2.180034305317323913e+02
2.179656946826758031e+02
2.179262435677529766e+02
2.179331046312178159e+02
2.179399656946826553e+02
2.179468267581474947e+02
2.179536878216123341e+02
2.179142367066895360e+02
2.178747855917667096e+02
2.178010291595197145e+02
2.177975986277872948e+02
2.177581475128644968e+02
2.177186963979416703e+02
2.177135506003430407e+02
2.176620926243567737e+02
2.176192109777015276e+02
2.175265866209262526e+02
2.174339622641509209e+02
2.173413379073756460e+02
2.172487135506003142e+02
2.172418524871355032e+02
2.172349914236706638e+02
2.172144082332761457e+02
2.171938250428816559e+02
2.171423670668953605e+02
2.170909090909090651e+02
2.170377358490565882e+02
2.170000000000000000e+02
2.169622641509433834e+02
2.169245283018867667e+02
2.169228130360205569e+02
2.169193825042881372e+02
2.168799313893653391e+02
2.168404802744425126e+02
2.168010291595197145e+02
2.167787307032589865e+02
2.167924528301886653e+02
2.168061749571183441e+02
2.168370497427101213e+02
2.168679245283018417e+02
2.168593481989707925e+02
2.168507718696397717e+02
2.168421955403087225e+02
2.168473413379073804e+02
2.168507718696398001e+02
2.168524871355059815e+02
2.168542024013721914e+02
2.168559176672384297e+02
2.168559176672384297e+02
2.168713550600343183e+02
2.168867924528301785e+02
2.169485420240137046e+02
2.170085763293310492e+02
2.170703259005145753e+02
2.171286449399656817e+02
2.171886792452830264e+02
2.172469982847341328e+02
2.173053173241852392e+02
2.173636363636363455e+02
2.173636363636363171e+02
2.173636363636363455e+02
2.173636363636363171e+02
2.173173241852486797e+02
2.172710120068610138e+02
2.172246998284733763e+02
2.171801029159519203e+02
2.171355060034304927e+02
2.170891938250428552e+02
2.170428816466551893e+02
2.169965694682675235e+02
2.170240137221268810e+02
2.170514579759862386e+02
2.169931389365351038e+02
2.169348198970840258e+02
2.168644939965694221e+02
2.167941680960548467e+02
2.167718696397941187e+02
2.167049742710119631e+02
2.166397941680960173e+02
2.165746140651800715e+02
2.165094339622641257e+02
2.164442538593481800e+02
2.163636363636363455e+02
2.162830188679245111e+02
2.162744425385934619e+02
2.162658662092624127e+02
2.162572898799313919e+02
2.162487135506003142e+02
2.162401372212692650e+02
2.162315608919382157e+02
2.162898799313893505e+02
2.163481989708404569e+02
2.164065180102915633e+02
2.164631217838764883e+02
2.165197255574613848e+02
2.165763293310462814e+02
2.166706689536877946e+02
2.167512864493996290e+02
2.167392795883361600e+02
2.167272727272726911e+02
2.167135506003430123e+02
2.166998284734133335e+02
2.167787307032589581e+02
2.167650085763292793e+02
2.167512864493996290e+02
2.167341337907375305e+02
2.167186963979416419e+02
2.167015437392795718e+02
2.166843910806174733e+02
2.166672384219553749e+02
2.167409948542023699e+02
2.168147512864493933e+02
2.168885077186963883e+02
2.169605488850772019e+02
2.170171526586620985e+02
2.170874785591766738e+02
2.171578044596912491e+02
2.172281303602058244e+02
2.172967409948541899e+02
2.173653516295025554e+02
2.174322469982847110e+02
2.174991423670668951e+02
2.175660377358490223e+02
2.176312178387649965e+02
2.176946826758147324e+02
2.177581475128644968e+02
2.178421955403087225e+02
2.179245283018867667e+02
2.180068610634648110e+02
2.180891938250428552e+02
2.181715265866209279e+02
2.182538593481989722e+02
2.183361921097770164e+02
2.184185248713550322e+02
2.185008576329331049e+02
2.185831903945111208e+02
2.186655231560891650e+02
2.187478559176672093e+02
2.188301886792452535e+02
2.189125214408232978e+02
2.189502572898799144e+02
2.189571183533447538e+02
2.190102915951972591e+02
2.191029159519725340e+02
2.191560891938250393e+02
2.191663807890222984e+02
2.191783876500857673e+02
2.192298456260720343e+02
2.192418524871355032e+02
2.192933104631217702e+02
2.193430531732418558e+02
2.193927958833619414e+02
2.194408233276157603e+02
2.194888507718696360e+02
2.195368782161234833e+02
2.195849056603773306e+02
2.196329331046312063e+02
2.196792452830188722e+02
2.197272727272727195e+02
2.197238421955402998e+02
2.197186963979416703e+02
2.197135506003430407e+02
2.197084048027444396e+02
2.197032590051457817e+02
2.197650085763293077e+02
2.198267581475128623e+02
2.198885077186963599e+02
2.199073756432246682e+02
2.199262435677529766e+02
2.198799313893653675e+02
2.198336192109777016e+02
2.197873070325900358e+02
2.198164665523156316e+02
2.198885077186963883e+02
2.199605488850772019e+02
2.200325900514579871e+02
2.201046312178387723e+02
2.201766723842195574e+02
2.202487135506003426e+02
2.203207547169811278e+02
2.203927958833619130e+02
2.203876500857632834e+02
2.203825042881646539e+02
2.203773584905660243e+02
2.203722126929673948e+02
2.203670668953687937e+02
2.203619210977701357e+02
2.203567753001715062e+02
2.203516295025728766e+02
2.202727272727272521e+02
2.201938250428816275e+02
2.201149228130360029e+02
2.200360205831903784e+02
2.199571183533447538e+02
2.198782161234991293e+02
2.197993138936535331e+02
2.197186963979416703e+02
2.196689536878216131e+02
2.197272727272727195e+02
2.197855917667238259e+02
2.197718696397941471e+02
2.197873070325900358e+02
2.197307032590051392e+02
2.197186963979416703e+02
2.197066895368782298e+02
2.197135506003430407e+02
2.197186963979416987e+02
2.197255574614065381e+02
2.197324185248713491e+02
2.197392795883361885e+02
2.197684391080617559e+02
2.197735849056603570e+02
2.197804459691251964e+02
2.197718696397941756e+02
2.197615780445968880e+02
2.197530017152658672e+02
2.197427101200686081e+02
2.197324185248713491e+02
2.197238421955403282e+02
2.197152658662092790e+02
2.197358490566037688e+02
2.197564322469982585e+02
2.197770154373927767e+02
2.197718696397941471e+02
2.197924528301886653e+02
2.197941680960548752e+02
2.197958833619210850e+02
2.197975986277872948e+02
2.198164665523156032e+02
2.198353344768439115e+02
2.198490566037735903e+02
2.198627787307032690e+02
2.198730703259005281e+02
2.198816466552315489e+02
2.198456260720411706e+02
2.198782161234991577e+02
2.199245283018867667e+02
2.199708404802744326e+02
2.200154373927958886e+02
2.200737564322469950e+02
2.201303602058318916e+02
2.201869639794168165e+02
2.202435677530017131e+02
2.202624356775299930e+02
2.202795883361920914e+02
2.203344768439108066e+02
2.203910806174957031e+02
2.204459691252143898e+02
2.204802744425385868e+02
2.205145797598627837e+02
2.205488850771869807e+02
2.205831903945111208e+02
2.206174957118353177e+02
2.206518010291595147e+02
2.206878216123498930e+02
2.207238421955403282e+02
2.207324185248713491e+02
2.207530017152658388e+02
2.207735849056603854e+02
2.207941680960548752e+02
2.208147512864493933e+02
2.208353344768439115e+02
2.208421955403087509e+02
2.208113207547169736e+02
2.207787307032589865e+02
2.207461406518010278e+02
2.207547169811320771e+02
2.207495711835334475e+02
2.207735849056603570e+02
2.207975986277872948e+02
2.207804459691251964e+02
2.207650085763293077e+02
2.207495711835334191e+02
2.206929674099485510e+02
2.206243567753001855e+02
2.205917667238421984e+02
2.205951972555745897e+02
2.205900514579759886e+02
2.205849056603773306e+02
2.205814751286449109e+02
2.205780445969125481e+02
2.205746140651800999e+02
2.205728987993138901e+02
2.205711835334476802e+02
2.205694682675814988e+02
2.205197255574614132e+02
2.204699828473413277e+02
2.204202401372212705e+02
2.203687821612350035e+02
2.203190394511149179e+02
2.202692967409948324e+02
2.202178387650085938e+02
2.201680960548885082e+02
2.201166380789022412e+02
2.200651801029159458e+02
2.200137221269296788e+02
2.199399656946826553e+02
2.198662092624356887e+02
2.197924528301886653e+02
2.197186963979416419e+02
2.196809605488850821e+02
2.196432246998284654e+02
2.196072041166380586e+02
2.195694682675814704e+02
2.195351629502573019e+02
2.194734133790737474e+02
2.194116638078901929e+02
2.193910806174957031e+02
2.194082332761577732e+02
2.194271012006860815e+02
2.194476843910805997e+02
2.194802744425385583e+02
2.195145797598627553e+02
2.195197255574614132e+02
2.195248713550600144e+02
2.195283018867924625e+02
2.195300171526586723e+02
2.194939965694682655e+02
2.194579759862778587e+02
2.194699828473413277e+02
2.194819897084047966e+02
2.195300171526586723e+02
2.195797598627787295e+02
2.196449399656946753e+02
2.197101200686106495e+02
2.197375643224700070e+02
2.197650085763293362e+02
2.197907375643224839e+02
2.198164665523156316e+02
2.198061749571183441e+02
2.197958833619210850e+02
2.197873070325900358e+02
2.197787307032589865e+02
2.197701543739279657e+02
