8.073756432246999282e+01
8.072212692967408998e+01
8.078216123499143464e+01
8.083876500857633118e+01
8.089022298456261240e+01
8.088164665523156316e+01
8.086106346483705920e+01
8.087821612349914346e+01
8.090566037735848681e+01
8.090909090909090651e+01
8.090051457975985727e+01
8.082332761578044256e+01
8.077358490566038540e+01
8.070497427101201993e+01
8.063636363636365445e+01
8.056775300171526055e+01
8.049914236706689508e+01
8.043053173241852960e+01
8.033962264150943611e+01
8.027101200686107063e+01
8.019210977701544607e+01
8.011320754716982151e+01
8.005317324185250527e+01
8.000686106346485360e+01
7.997084048027446102e+01
7.993481989708405422e+01
7.989879931389366163e+01
7.986277873070326905e+01
7.982675814751287646e+01
7.977186963979417555e+01
7.970497427101201993e+01
7.965694682675815841e+01
7.962607204116639537e+01
7.962607204116639537e+01
7.961578044596913628e+01
7.960548885077187720e+01
7.959691252144082796e+01
7.956946826758147040e+01
7.950771869639794431e+01
7.945797598627788716e+01
7.938936535162950747e+01
7.932075471698112779e+01
7.925214408233276231e+01
7.922126929674099927e+01
7.915265866209261958e+01
7.912178387650087075e+01
7.905488850771870091e+01
7.898970840480274092e+01
7.894854202401371879e+01
7.890909090909092072e+01
7.888164665523157737e+01
7.888850771869640255e+01
7.886277873070326905e+01
7.886106346483705920e+01
7.885420240137221981e+01
7.887821612349915767e+01
7.886277873070325484e+01
7.877358490566038540e+01
7.872041166380788013e+01
7.864837049742709496e+01
7.858319039451114918e+01
7.850085763293310492e+01
7.848542024013721630e+01
7.843567753001715914e+01
7.843567753001715914e+01
7.842195540308748036e+01
7.840823327615780158e+01
7.836020583190394007e+01
7.830703259005144901e+01
7.823156089193824414e+01
7.815608919382503927e+01
7.808061749571183441e+01
7.804116638078903634e+01
7.796740994854202711e+01
7.789365351629501788e+01
7.782161234991423271e+01
7.777701543739279089e+01
7.769296740994855099e+01
7.763293310463122054e+01
7.754888507718695223e+01
7.746483704974269813e+01
7.739451114922812280e+01
7.734819897084047113e+01
7.725385934819897216e+01
7.720926243567753033e+01
7.712864493996569593e+01
7.704631217838765167e+01
7.700171526586620985e+01
7.695711835334476802e+01
7.688679245283017849e+01
7.684219554030875088e+01
7.678387650085761607e+01
7.670154373927958602e+01
7.664322469982846542e+01
7.658490566037735903e+01
7.652658662092625264e+01
7.646826758147511782e+01
7.638593481989707357e+01
7.632761578044596718e+01
7.626929674099486078e+01
7.624871355060034261e+01
7.622813036020582445e+01
7.616981132075471805e+01
7.608747855917667380e+01
7.599313893653516061e+01
7.589879931389364742e+01
7.581818181818181301e+01
7.577530017152659525e+01
7.569296740994853678e+01
7.560034305317323344e+01
7.550771869639793010e+01
7.541509433962264097e+01
7.534648370497427550e+01
7.527615780445970017e+01
7.523156089193824414e+01
7.528473413379073520e+01
7.531389365351628840e+01
7.527958833619210566e+01
7.527101200686105642e+01
7.530017152658660962e+01
7.529159519725556038e+01
7.531903945111491794e+01
7.533447684391080656e+01
7.532590051457975733e+01
7.534133790737564595e+01
7.531046312178386870e+01
7.533790737564322626e+01
7.533962264150943611e+01
7.534133790737564595e+01
7.534305317324185580e+01
7.534476843910806565e+01
7.534476843910806565e+01
7.530703259005146322e+01
7.527958833619210566e+01
7.524013722126929338e+01
7.520068610634646689e+01
7.513722126929673095e+01
7.509777015437391867e+01
7.505831903945110639e+01
7.503087478559176304e+01
7.495368782161233412e+01
7.487650085763291941e+01
7.479931389365350469e+01
7.472041166380788013e+01
7.464150943396225557e+01
7.456260720411664522e+01
7.448370497427100645e+01
7.446483704974271234e+01
7.439451114922812280e+01
7.438765008576328341e+01
7.436878216123497509e+01
7.429845626072039977e+01
7.422813036020582445e+01
7.417152658662092790e+01
7.410120068610633837e+01
7.403087478559176304e+01
7.401715265866209847e+01
7.399313893653516061e+01
7.397941680960548183e+01
7.396569468267581726e+01
7.393996569468266955e+01
7.391252144082332620e+01
7.383018867924528195e+01
7.381475128644939332e+01
7.373241852487134906e+01
7.365008576329330481e+01
7.356775300171526055e+01
7.349742710120067102e+01
7.340480274442538189e+01
7.333619210977701641e+01
7.326758147512865094e+01
7.321097770154374018e+01
7.315437392795882943e+01
7.309777015437393288e+01
7.304116638078902213e+01
7.298627787307032122e+01
7.293138936535163452e+01
7.286449399656947890e+01
7.280789022298455393e+01
7.275300171526586723e+01
7.271183533447685932e+01
7.269468267581476084e+01
7.267753001715266237e+01
7.265008576329331902e+01
7.259691252144082796e+01
7.253173241852488218e+01
7.249056603773586005e+01
7.243739279588336899e+01
7.238421955403087793e+01
7.233104631217838687e+01
7.227958833619210566e+01
7.221783876500857957e+01
7.215608919382503927e+01
7.209433962264151319e+01
7.202058319039451817e+01
7.198456260720411137e+01
7.190909090909090651e+01
7.183533447684391149e+01
7.176157804459691647e+01
7.168953687821613130e+01
7.161749571183533192e+01
7.154545454545453254e+01
7.146312178387650249e+01
7.138078902229844402e+01
7.129845626072041398e+01
7.121612349914235551e+01
7.114579759862778019e+01
7.106174957118352609e+01
7.097941680960548183e+01
7.089536878216122773e+01
7.081303602058318347e+01
7.073070325900513922e+01
7.065008576329331902e+01
7.056946826758147040e+01
7.048713550600342614e+01
7.044253859348198432e+01
7.039965694682675235e+01
7.035849056603774443e+01
7.031732418524872230e+01
7.023670668953688789e+01
7.018353344768439683e+01
7.009433962264151319e+01
7.009090909090909349e+01
7.000171526586620985e+01
6.996054888507720193e+01
6.990909090909090651e+01
6.989193825042882224e+01
6.984048027444254103e+01
6.976329331046311211e+01
6.972212692967408998e+01
6.964493996569467527e+01
6.960548885077187720e+01
6.955231560891937193e+01
6.949914236706689508e+01
6.947169811320753752e+01
6.943224699828472524e+01
6.937907375643223418e+01
6.932590051457975733e+01
6.927101200686105642e+01
6.922813036020582445e+01
6.914922813036019988e+01
6.909433962264151319e+01
6.902744425385934335e+01
6.902229845626072802e+01
6.897941680960548183e+01
6.892452830188679513e+01
6.889536878216124194e+01
6.890394511149229118e+01
6.887478559176673798e+01
6.883190394511149179e+01
6.880274442538593860e+01
6.882161234991423271e+01
6.879073756432246967e+01
6.875986277873070662e+01
6.869125214408232694e+01
6.866037735849056389e+01
6.859176672384219842e+01
6.851286449399657386e+01
6.844768439108061386e+01
6.842024013722127052e+01
6.839279588336191296e+01
6.832761578044596718e+01
6.826243567753002139e+01
6.819725557461406140e+01
6.813207547169810141e+01
6.806689536878215563e+01
6.806346483704973593e+01
6.798970840480274092e+01
6.798799313893653107e+01
6.798627787307032122e+01
6.793653516295026407e+01
6.796054888507718772e+01
6.797084048027443259e+01
6.798113207547169168e+01
6.797941680960548183e+01
6.799142367066895076e+01
6.801543739279587442e+01
6.802744425385934335e+01
6.805145797598626700e+01
6.798113207547169168e+01
6.792452830188679513e+01
6.794682675814750894e+01
6.796912521440823696e+01
6.791423670668953605e+01
6.784562607204117057e+01
6.779073756432246967e+01
6.774785591766723769e+01
6.770497427101200572e+01
6.763636363636364024e+01
6.756946826758147040e+01
6.750257289879931477e+01
6.743567753001715914e+01
6.738250428816465387e+01
6.731560891938249824e+01
6.724871355060034261e+01
6.718181818181818699e+01
6.712692967409948608e+01
6.708404802744425410e+01
6.705488850771868670e+01
6.702229845626071381e+01
6.698970840480274092e+01
6.693310463121783016e+01
6.686449399656946468e+01
6.680789022298455393e+01
6.676329331046312632e+01
6.673070325900513922e+01
6.669811320754718054e+01
6.665180102915951466e+01
6.663121783876501070e+01
6.659862778730702360e+01
6.656432246998284086e+01
6.650600343053173447e+01
6.648370497427100645e+01
6.644768439108062807e+01
6.641166380789022128e+01
6.637564322469982869e+01
6.633962264150943611e+01
6.630360205831902931e+01
6.627958833619211987e+01
6.624185248713550322e+01
6.620411663807890079e+01
6.616638078902229836e+01
6.612864493996568171e+01
6.609090909090909349e+01
6.604288164665521776e+01
6.597941680960548183e+01
6.591595197255574590e+01
6.585248713550600996e+01
6.580102915951971454e+01
6.573756432246997861e+01
6.567409948542024267e+01
6.560891938250429689e+01
6.556775300171527476e+01
6.550257289879931477e+01
6.547512864493995721e+01
6.540994854202401143e+01
6.538078902229845824e+01
6.535162950257290504e+01
6.528473413379074941e+01
6.520583190394511064e+01
6.516466552315608851e+01
6.509777015437393288e+01
6.503087478559176304e+01
6.496226415094338336e+01
6.489365351629501788e+01
6.482504288164665240e+01
6.480617495711834408e+01
6.477358490566038540e+01
6.470497427101199150e+01
6.467066895368782298e+01
6.460034305317321923e+01
6.456775300171526055e+01
6.451972555746139903e+01
6.451801029159518919e+01
6.444768439108061386e+01
6.440308747855917204e+01
6.435849056603774443e+01
6.428816466552315489e+01
6.427615780445968596e+01
6.423842195540308353e+01
6.420068610634648110e+01
6.415265866209261958e+01
6.406861063464836548e+01
6.399656946826757320e+01
6.391252144082332620e+01
6.386620926243567453e+01
6.378216123499142753e+01
6.382161234991423271e+01
6.382332761578044256e+01
6.383876500857632408e+01
6.385077186963978590e+01
6.379073756432246967e+01
6.374271012006860815e+01
6.366895368782161313e+01
6.359519725557461101e+01
6.354716981132074949e+01
6.348542024013720919e+01
6.347855917667237691e+01
6.351286449399656675e+01
6.350771869639793721e+01
6.352830188679244827e+01
6.351114922813035690e+01
6.348027444253858675e+01
6.346826758147511782e+01
6.343739279588335478e+01
6.342024013722127052e+01
6.340308747855917204e+01
6.338593481989707357e+01
6.333104631217837976e+01
6.333790737564322626e+01
6.329674099485420413e+01
6.331560891938249824e+01
6.326072041166381155e+01
6.320583190394511064e+01
6.318867924528302638e+01
6.317152658662092790e+01
6.319039451114922201e+01
6.313550600343052821e+01
6.308061749571183441e+01
6.306346483704973593e+01
6.303430531732418274e+01
6.297941680960548183e+01
6.292281303602057818e+01
6.286620926243567453e+01
6.279759862778730906e+01
6.274099485420239830e+01
6.269811320754716633e+01
6.265523156089193435e+01
6.266037735849056389e+01
6.260891938250428268e+01
6.253344768439107781e+01
6.253344768439107781e+01
6.250600343053172736e+01
6.243053173241852249e+01
6.235506003430531763e+01
6.227787307032589581e+01
6.220068610634648110e+01
6.211149228130360456e+01
6.202058319039451106e+01
6.195540308747855818e+01
6.186620926243567453e+01
6.183876500857632408e+01
6.182332761578044256e+01
6.180789022298456103e+01
6.178044596912521769e+01
6.174099485420239830e+01
6.170154373927958602e+01
6.163636363636363313e+01
6.160891938250428268e+01
6.153173241852486797e+01
6.146826758147512493e+01
6.141680960548884372e+01
6.138936535162949326e+01
6.133790737564322626e+01
6.124871355060034261e+01
6.118353344768438262e+01
6.111835334476843684e+01
6.104116638078902213e+01
6.100171526586620985e+01
6.098627787307032122e+01
6.092281303602057818e+01
6.083533447684390438e+01
6.078387650085763028e+01
6.073241852487135617e+01
6.064322469982846542e+01
6.057632933104630979e+01
6.049228130360205569e+01
6.045283018867924341e+01
6.048370497427101355e+01
6.046998284734134188e+01
6.046483704974271234e+01
6.045969125214408280e+01
6.045626072041166310e+01
6.045283018867924341e+01
6.042367066895369021e+01
6.042024013722127052e+01
6.040480274442538899e+01
6.040137221269296930e+01
6.037392795883361885e+01
6.038250428816466808e+01
6.039279588336192717e+01
6.040308747855917204e+01
6.039108061749571021e+01
6.041680960548885082e+01
6.044082332761577447e+01
6.049228130360205569e+01
6.051801029159519629e+01
6.055917667238421842e+01
6.060034305317324055e+01
6.062607204116638115e+01
6.064322469982846542e+01
6.065008576329330481e+01
6.064322469982846542e+01
6.063807890222983588e+01
6.061921097770154176e+01
6.064837049742710207e+01
6.067924528301887221e+01
6.071012006861063526e+01
6.075128644939965739e+01
6.079588336192109921e+01
6.081475128644940042e+01
6.083533447684391149e+01
6.086792452830188438e+01
6.085077186963979301e+01
6.083361921097770164e+01
6.081818181818182723e+01
6.085077186963980012e+01
6.088336192109777301e+01
6.089193825042881514e+01
6.092452830188678803e+01
6.095711835334476802e+01
6.098970840480274092e+01
6.102401372212692365e+01
6.104631217838764456e+01
6.105660377358490365e+01
6.107032590051457532e+01
6.105660377358489654e+01
6.106689536878215563e+01
6.105317324185248395e+01
6.107547169811320487e+01
6.103773584905660243e+01
6.102401372212692365e+01
6.104631217838764456e+01
6.103430531732418274e+01
6.107204116638078517e+01
6.108404802744425410e+01
6.112006861063464669e+01
6.115437392795882943e+01
6.112864493996569593e+01
6.113722126929673806e+01
6.118010291595197003e+01
6.117667238421955034e+01
6.115780445969124912e+01
6.117324185248713775e+01
6.118867924528301927e+01
6.124013722126929338e+01
6.132761578044596718e+01
6.138078902229845824e+01
6.146998284734134188e+01
6.148542024013721630e+01
6.153859348198970736e+01
6.155060034305317629e+01
6.157461406518009994e+01
6.159519725557461811e+01
6.161749571183533902e+01
6.165180102915951466e+01
6.171012006861063526e+01
6.176672384219553891e+01
6.181132075471698073e+01
6.185591766723841545e+01
6.188679245283018560e+01
6.187135506003430407e+01
6.189022298456260529e+01
6.192109777015437544e+01
6.190394511149227696e+01
6.192281303602058529e+01
6.192967409948541757e+01
6.193653516295025696e+01
6.195368782161234833e+01
6.196912521440822985e+01
6.197255574614064955e+01
6.200000000000000000e+01
6.194339622641508925e+01
6.192795883361921483e+01
6.186277873070325484e+01
6.179759862778730906e+01
6.175643224699828693e+01
6.172898799313893647e+01
6.168782161234992145e+01
6.169468267581475374e+01
6.172727272727272663e+01
6.174614065180102784e+01
6.176672384219553891e+01
6.178559176672384012e+01
6.174614065180102784e+01
6.170840480274442541e+01
6.167066895368782298e+01
6.158490566037735903e+01
6.153516295025728766e+01
6.152830188679244827e+01
6.150943396226414706e+01
6.145111492281303356e+01
6.140994854202401143e+01
6.130360205831903642e+01
6.127101200686106353e+01
6.124013722126929338e+01
6.120926243567753033e+01
6.118010291595196293e+01
6.113722126929673806e+01
6.111663807890222699e+01
6.109605488850772304e+01
6.108747855917667380e+01
6.107718696397941471e+01
6.106861063464836548e+01
6.104631217838765167e+01
6.102401372212692365e+01
6.100171526586620985e+01
6.097941680960548894e+01
6.090909090909090651e+01
6.083876500857633118e+01
6.078216123499142043e+01
6.072384219554031404e+01
6.065180102915952176e+01
6.065180102915952176e+01
6.065180102915952176e+01
6.060720411663807994e+01
6.054888507718696644e+01
6.049056603773584584e+01
6.050600343053173447e+01
6.051972555746140614e+01
6.051972555746140614e+01
6.052144082332761599e+01
6.053687821612349751e+01
6.055231560891937903e+01
6.056946826758147040e+01
6.057632933104630979e+01
6.058490566037735192e+01
6.059348198970840116e+01
6.060205831903944329e+01
6.059862778730702360e+01
6.059519725557460390e+01
6.061406518010291222e+01
6.059862778730703070e+01
6.059348198970840116e+01
6.064493996569468237e+01
6.069639794168095648e+01
6.067924528301886511e+01
6.065180102915951466e+01
6.068096054888508206e+01
6.071012006861063526e+01
6.073927958833618845e+01
6.078044596912521058e+01
6.075643224699828693e+01
6.074442538593482510e+01
6.079931389365351890e+01
6.081818181818182012e+01
6.083533447684391149e+01
6.085248713550600286e+01
6.085934819897083514e+01
6.086449399656946468e+01
6.086963979416809423e+01
6.096397941680960741e+01
6.097427101200686650e+01
6.097941680960548894e+01
6.100857632933104924e+01
6.101543739279588152e+01
6.097770154373927909e+01
6.099656946826758031e+01
6.099142367066895076e+01
6.102229845626071381e+01
6.108747855917667380e+01
6.113036020583190577e+01
6.113550600343052821e+01
6.115951972555745897e+01
6.118010291595197003e+01
6.113379073756431836e+01
6.113207547169811562e+01
6.108576329331046395e+01
6.102744425385934335e+01
6.102744425385934335e+01
6.102229845626071381e+01
6.100000000000000000e+01
6.097770154373927909e+01
6.094854202401371879e+01
6.093653516295025696e+01
6.085763293310463240e+01
6.081303602058319058e+01
6.075986277873070662e+01
6.069296740994854389e+01
6.063979416809605993e+01
6.062950257289880085e+01
6.065694682675814420e+01
6.065180102915952176e+01
6.066037735849056389e+01
6.067409948542024267e+01
6.064665523156089222e+01
6.065351629502572450e+01
6.066037735849056389e+01
6.065523156089193435e+01
6.063293310463121344e+01
6.065008576329330481e+01
6.064150943396226268e+01
6.073927958833618845e+01
6.075814751286448967e+01
6.083361921097770164e+01
6.081475128644939332e+01
6.083361921097770164e+01
6.081818181818181301e+01
6.084734133790736621e+01
6.084905660377358316e+01
6.091252144082332620e+01
6.097598627787306924e+01
6.096226415094339757e+01
6.095368782161234833e+01
6.094339622641509635e+01
6.096740994854202711e+01
6.096740994854202711e+01
6.093138936535163452e+01
6.089536878216124194e+01
6.088507718696398285e+01
6.089879931389365453e+01
6.092109777015437544e+01
6.091252144082332620e+01
6.089022298456260529e+01
6.085591766723842255e+01
6.081989708404802286e+01
6.084905660377358316e+01
6.085248713550600286e+01
6.085248713550600286e+01
6.086106346483704499e+01
6.084734133790738042e+01
6.086449399656946468e+01
6.089365351629502499e+01
6.089193825042881514e+01
6.091938250428816559e+01
6.092281303602058529e+01
6.091252144082332620e+01
6.091423670668953605e+01
6.081818181818181301e+01
6.074614065180102784e+01
6.073241852487135617e+01
6.064665523156089222e+01
6.056089193825042827e+01
6.048370497427101355e+01
6.045111492281304066e+01
6.043224699828473945e+01
6.042195540308748036e+01
6.034133790737564595e+01
6.032933104631217702e+01
6.022641509433962170e+01
6.013036020583190577e+01
6.006346483704974304e+01
6.001200686106346183e+01
5.994854202401371879e+01
5.995711835334476802e+01
5.993996569468266955e+01
5.990566037735848681e+01
5.988850771869640255e+01
5.992967409948542468e+01
5.999828473413379015e+01
6.000686106346483228e+01
6.001543739279587442e+01
6.001200686106346893e+01
6.005831903945110639e+01
6.010463121783875806e+01
6.020583190394510353e+01
6.027272727272726627e+01
6.034305317324184870e+01
6.041337907375643113e+01
6.048713550600342614e+01
6.050085763293310492e+01
6.056775300171526055e+01
6.058490566037735903e+01
6.061406518010291222e+01
6.068096054888507496e+01
6.074785591766723769e+01
6.081646655231561027e+01
6.088507718696398285e+01
6.095368782161234833e+01
6.096397941680960741e+01
6.098456260720411137e+01
6.100857632933104924e+01
6.103259005145797289e+01
6.105488850771870091e+01
6.107890222984562456e+01
6.115780445969125623e+01
6.116809605488850821e+01
6.121440823327615988e+01
6.126072041166381155e+01
6.134305317324185580e+01
6.141337907375643113e+01
6.146998284734132767e+01
6.150257289879930767e+01
6.153516295025728766e+01
6.160548885077186299e+01
6.167409948542024267e+01
6.174099485420239830e+01
6.180789022298456103e+01
6.181818181818181301e+01
6.188336192109776590e+01
6.196054888507718772e+01
6.202572898799313350e+01
6.207547169811320487e+01
6.207204116638078517e+01
6.215608919382503927e+01
6.222641509433962881e+01
6.230703259005146322e+01
6.233790737564322626e+01
6.239279588336192717e+01
6.245969125214408280e+01
6.252658662092624553e+01
6.259348198970840826e+01
6.263464837049743039e+01
6.267409948542024267e+01
6.276157804459691647e+01
6.282332761578044256e+01
6.288507718696397575e+01
6.297255574614065665e+01
6.306003430531732334e+01
6.314579759862778729e+01
6.323156089193824414e+01
6.327958833619210566e+01
6.336535162950256961e+01
6.345111492281303356e+01
6.353687821612349040e+01
6.363293310463121344e+01
6.370325900514579587e+01
6.376157804459690936e+01
6.381989708404802286e+01
6.389022298456260529e+01
6.398799313893653817e+01
6.407375643224699502e+01
6.417152658662092790e+01
6.426929674099486078e+01
6.431560891938249824e+01
6.436192109777014991e+01
6.437049742710119915e+01
6.440480274442538189e+01
6.437564322469982869e+01
6.434648370497427550e+01
6.431560891938251245e+01
6.428473413379073520e+01
6.428473413379073520e+01
6.425728987993139185e+01
6.425214408233276231e+01
6.420926243567754454e+01
6.421440823327615988e+01
6.420926243567753033e+01
6.426243567753002139e+01
6.426758147512865094e+01
6.427101200686107063e+01
6.427444253859349033e+01
6.422984562607204850e+01
6.423499142367066383e+01
6.423842195540308353e+01
6.429502572898799428e+01
6.434133790737564595e+01
6.438765008576328341e+01
6.443567753001715914e+01
6.448370497427102066e+01
6.453001715265867233e+01
6.456775300171526055e+01
6.459348198970840826e+01
6.465351629502572450e+01
6.467924528301887221e+01
6.472898799313892937e+01
6.474271012006860815e+01
6.478044596912521058e+01
6.476329331046312632e+01
6.475643224699828693e+01
6.474785591766723769e+01
6.474099485420239830e+01
6.469982847341339038e+01
6.464493996569467527e+01
6.457975986277872948e+01
6.452658662092625264e+01
6.447341337907374736e+01
6.445797598627785874e+01
6.440480274442538189e+01
6.438936535162950747e+01
6.442024013722127052e+01
6.449056603773584584e+01
6.451457975986278370e+01
6.457289879931389009e+01
6.463121783876501070e+01
6.468953687821613130e+01
6.474785591766723769e+01
6.477015437392795150e+01
6.479245283018867951e+01
6.475300171526585302e+01
6.478387650085763028e+01
6.478902229845624561e+01
6.478216123499142043e+01
6.485763293310462529e+01
6.483533447684391149e+01
6.481303602058318347e+01
6.479073756432246967e+01
6.476843910806175586e+01
6.474614065180102784e+01
6.470325900514581008e+01
6.462435677530017131e+01
6.454545454545454675e+01
6.453687821612351172e+01
6.460205831903945750e+01
6.457461406518011415e+01
6.454888507718696644e+01
6.459005145797598857e+01
6.463121783876502491e+01
6.470154373927958602e+01
6.477186963979417555e+01
6.484391080617496073e+01
6.491766723842195574e+01
6.497427101200686650e+01
6.503259005145798710e+01
6.505660377358489654e+01
6.511835334476843684e+01
6.518181818181818699e+01
6.524013722126929338e+01
6.528987993138937895e+01
6.529331046312179865e+01
6.526415094339623124e+01
6.527101200686105642e+01
6.522126929674098506e+01
6.524356775300171307e+01
6.521783876500857957e+01
6.520411663807890079e+01
6.517838765008576729e+01
6.514065180102915065e+01
6.510291595197256242e+01
6.508919382504288365e+01
6.508919382504288365e+01
6.507890222984562456e+01
6.509433962264151319e+01
6.508404802744425410e+01
6.509777015437393288e+01
6.507718696397941471e+01
6.502229845626072802e+01
6.501543739279588863e+01
6.496054888507720193e+01
6.495368782161236254e+01
6.494682675814752315e+01
6.491595197255574590e+01
6.490051457975985727e+01
6.484734133790738042e+01
6.483018867924528195e+01
6.481303602058318347e+01
6.480960548885076378e+01
6.483018867924528195e+01
6.485420240137221981e+01
6.487821612349914346e+01
6.490222984562606712e+01
6.492624356775300498e+01
6.495025728987994285e+01
6.495711835334476802e+01
6.496569468267580305e+01
6.496740994854201290e+01
6.497598627787306214e+01
6.500000000000000000e+01
6.500857632933104924e+01
6.503430531732418274e+01
6.505831903945110639e+01
6.508233276157804426e+01
6.511835334476845105e+01
6.514236706689537471e+01
6.516466552315608851e+01
6.518696397941681653e+01
6.519725557461407561e+01
6.520754716981132049e+01
6.521612349914236972e+01
6.515437392795884364e+01
6.510463121783877227e+01
6.509090909090909349e+01
6.504116638078902213e+01
6.505145797598626700e+01
6.500000000000000000e+01
6.500000000000000000e+01
6.496740994854202711e+01
6.500343053173241969e+01
6.498799313893654528e+01
6.497084048027444680e+01
6.497770154373927198e+01
6.490222984562606712e+01
6.485248713550599575e+01
6.483876500857633118e+01
6.479245283018867951e+01
6.480960548885076378e+01
6.490394511149227696e+01
6.498284734133790153e+01
6.498799313893653107e+01
6.499313893653516061e+01
6.495540308747857239e+01
6.491938250428816559e+01
6.487993138936533910e+01
6.487307032590051392e+01
6.492452830188679513e+01
6.497427101200685229e+01
6.502229845626072802e+01
6.501886792452830832e+01
6.500343053173241969e+01
6.498627787307032122e+01
6.491423670668953605e+01
6.483361921097770164e+01
6.479245283018867951e+01
6.475300171526586723e+01
6.472384219554031404e+01
6.469468267581476084e+01
6.465351629502572450e+01
6.462435677530017131e+01
6.460548885077187720e+01
6.458662092624356887e+01
6.456775300171526055e+01
6.457118353344768025e+01
6.456260720411663101e+01
6.456432246998284086e+01
6.451801029159520340e+01
6.450771869639794431e+01
6.449742710120068523e+01
6.448713550600342614e+01
6.446483704974269813e+01
6.445283018867924341e+01
6.443224699828473945e+01
6.440994854202401143e+01
6.444768439108062807e+01
6.442710120068610991e+01
6.442710120068610991e+01
6.441852487135506067e+01
6.440994854202401143e+01
6.440308747855917204e+01
6.438421955403087793e+01
6.436535162950256961e+01
6.435334476843910068e+01
6.434133790737564595e+01
6.430703259005144901e+01
6.429674099485418992e+01
6.421097770154374018e+01
6.420068610634649531e+01
6.421440823327615988e+01
6.421097770154372597e+01
6.418524871355060668e+01
6.419382504288164171e+01
6.421783876500857957e+01
6.423156089193825835e+01
6.428644939965694505e+01
6.432933104631217702e+01
6.434991423670669519e+01
6.430874785591765885e+01
6.426929674099486078e+01
6.424013722126929338e+01
6.422469982847340475e+01
6.424013722126929338e+01
6.425557461406518200e+01
6.426243567753000718e+01
6.428301886792451114e+01
6.430360205831902931e+01
6.426415094339623124e+01
6.423670668953687368e+01
6.423499142367066383e+01
6.424528301886792292e+01
6.423156089193824414e+01
6.425557461406518200e+01
6.427958833619211987e+01
6.422984562607203429e+01
6.419382504288164171e+01
6.419382504288165592e+01
6.426586620926244109e+01
6.428644939965694505e+01
6.432075471698112779e+01
6.433619210977701641e+01
6.432933104631217702e+01
6.434133790737564595e+01
6.430874785591765885e+01
6.431732418524870809e+01
6.431389365351628840e+01
6.435849056603773022e+01
6.441680960548885082e+01
6.447341337907374736e+01
6.453001715265865812e+01
6.452487135506004279e+01
6.454716981132075659e+01
6.455574614065179162e+01
6.456603773584905070e+01
6.457632933104630979e+01
6.454030874785591720e+01
6.451457975986278370e+01
6.449056603773584584e+01
6.449056603773584584e+01
6.443910806174957884e+01
6.440308747855917204e+01
6.435162950257290504e+01
6.431389365351628840e+01
6.426243567753002139e+01
6.421097770154374018e+01
6.416123499142366882e+01
6.413207547169811562e+01
6.416466552315608851e+01
6.416123499142366882e+01
6.416981132075471805e+01
6.416466552315608851e+01
6.411320754716982151e+01
6.407204116638079938e+01
6.403087478559177725e+01
6.397770154373927909e+01
6.392109777015436833e+01
6.389193825042882224e+01
6.386277873070326194e+01
6.383361921097770164e+01
6.384048027444254103e+01
6.383876500857633118e+01
6.386792452830188438e+01
6.383876500857633118e+01
6.380960548885077088e+01
6.385934819897083514e+01
6.385591766723842255e+01
6.383876500857633118e+01
6.382161234991423271e+01
6.381646655231560317e+01
6.380960548885077088e+01
6.380617495711835119e+01
6.378902229845625982e+01
6.378559176672384012e+01
6.378216123499142043e+01
6.380274442538593860e+01
6.378730703259004997e+01
6.380789022298455393e+01
6.384219554030873667e+01
6.384048027444254103e+01
6.387478559176672377e+01
6.384562607204117057e+01
6.383190394511149179e+01
6.381818181818182012e+01
6.379245283018867951e+01
6.384562607204117057e+01
6.386963979416810133e+01
6.384562607204117057e+01
6.384905660377359027e+01
6.386792452830189859e+01
6.387307032590052103e+01
6.387821612349915057e+01
6.387478559176672377e+01
6.385591766723842255e+01
6.383361921097770164e+01
6.377530017152658814e+01
6.380102915951972875e+01
6.379073756432246967e+01
6.380960548885077799e+01
6.377873070325900073e+01
6.377358490566038540e+01
6.377873070325900784e+01
6.374614065180103495e+01
6.374957118353344754e+01
6.370668953687821556e+01
6.367581475128644541e+01
6.365523156089193435e+01
6.368439108061748755e+01
6.372384219554031404e+01
6.372898799313893647e+01
6.375814751286448967e+01
6.382161234991423271e+01
6.384905660377357606e+01
6.387650085763293362e+01
6.392281303602058529e+01
6.395368782161234833e+01
6.398627787307032122e+01
6.401543739279588863e+01
6.404288164665523198e+01
6.406861063464836548e+01
6.408233276157804426e+01
6.409605488850772304e+01
6.408404802744425410e+01
6.409605488850772304e+01
6.415437392795884364e+01
6.422641509433961460e+01
6.430703259005146322e+01
6.436020583190395428e+01
6.442367066895369021e+01
6.448542024013721630e+01
6.448542024013721630e+01
6.448370497427100645e+01
6.446998284734132767e+01
6.445626072041166310e+01
6.445283018867924341e+01
6.445111492281303356e+01
6.449571183533447538e+01
6.455231560891937193e+01
6.460891938250429689e+01
6.468953687821613130e+01
6.477015437392796571e+01
6.482675814751286225e+01
6.492109777015437544e+01
6.501543739279588863e+01
6.510634648370498212e+01
6.516466552315608851e+01
6.523499142367067805e+01
6.530531732418525337e+01
6.533962264150943611e+01
6.541337907375643113e+01
6.548713550600342614e+01
6.556089193825043537e+01
6.562264150943396146e+01
6.565866209262435405e+01
6.572041166380788013e+01
6.578216123499143464e+01
6.584391080617496073e+01
6.584562607204117057e+01
6.585077186963980012e+01
6.585591766723841545e+01
6.586106346483704499e+01
6.587821612349914346e+01
6.588336192109777301e+01
6.588850771869638834e+01
6.589365351629501788e+01
6.589708404802743758e+01
6.590394511149227696e+01
6.591252144082332620e+01
6.592109777015436123e+01
6.591938250428816559e+01
6.596397941680959320e+01
6.594168096054887940e+01
6.592109777015437544e+01
6.590051457975985727e+01
6.589022298456259819e+01
6.588164665523154895e+01
6.591080617495711635e+01
6.596740994854201290e+01
6.600000000000000000e+01
6.604631217838765167e+01
6.608576329331046395e+01
6.606861063464836548e+01
6.605317324185249106e+01
6.604459691252145603e+01
6.604974271012007137e+01
6.599828473413379015e+01
6.595883361921097787e+01
6.593310463121784437e+01
6.588336192109777301e+01
6.589879931389364742e+01
6.595197255574613848e+01
6.590051457975985727e+01
6.585077186963978590e+01
6.581475128644939332e+01
6.581475128644939332e+01
6.579073756432245546e+01
6.576672384219553180e+01
6.577873070325900073e+01
6.575471698113207708e+01
6.576672384219553180e+01
6.575300171526585302e+01
6.571526586620925059e+01
6.569982847341337617e+01
6.569296740994853678e+01
6.569125214408234115e+01
6.567581475128643831e+01
6.563636363636362603e+01
6.556260720411663101e+01
6.548713550600342614e+01
6.544768439108061386e+01
6.537735849056603854e+01
6.530874785591765885e+01
6.530874785591767306e+01
6.524013722126929338e+01
6.526415094339623124e+01
6.526586620926244109e+01
6.526586620926242688e+01
6.528987993138936474e+01
6.530017152658660962e+01
6.533447684391080656e+01
6.534476843910806565e+01
6.539279588336191296e+01
6.545283018867924341e+01
6.550085763293310492e+01
6.552144082332762309e+01
6.556775300171526055e+01
6.561921097770154176e+01
6.564322469982846542e+01
6.562264150943396146e+01
6.567753001715266237e+01
6.572727272727271952e+01
6.577015437392796571e+01
6.580617495711834408e+01
6.584048027444254103e+01
6.587478559176672377e+01
6.596569468267581726e+01
6.603945111492279807e+01
6.612521440823327623e+01
6.613722126929674516e+01
6.611320754716982151e+01
6.611835334476843684e+01
6.607547169811320487e+01
6.610291595197254821e+01
6.617324185248713775e+01
6.624013722126929338e+01
6.629845626072041398e+01
6.634476843910806565e+01
6.630531732418525337e+01
6.626586620926244109e+01
6.631389365351630261e+01
6.633276157804459672e+01
6.635506003430532473e+01
6.636535162950258382e+01
6.637564322469982869e+01
6.642195540308748036e+01
6.648027444253858675e+01
6.651457975986278370e+01
6.654888507718696644e+01
6.653687821612349751e+01
6.655746140651800147e+01
6.665523156089193435e+01
6.671355060034304074e+01
6.682504288164665240e+01
6.684391080617494652e+01
6.690222984562606712e+01
6.699142367066895076e+01
6.702744425385935756e+01
6.706003430531731624e+01
6.707547169811320487e+01
6.708919382504288365e+01
6.713379073756432547e+01
6.714922813036019988e+01
6.719039451114922201e+01
6.724871355060034261e+01
6.734476843910806565e+01
6.741509433962264097e+01
6.743739279588336899e+01
6.746140651801030685e+01
6.748198970840479660e+01
6.751457975986278370e+01
6.753859348198970736e+01
6.748198970840479660e+01
6.748542024013721630e+01
6.745454545454545325e+01
6.748370497427100645e+01
6.752487135506002858e+01
6.759862778730703781e+01
6.767753001715266237e+01
6.774099485420239830e+01
6.779073756432248388e+01
6.785248713550600996e+01
6.779245283018866530e+01
6.779759862778729484e+01
6.780960548885076378e+01
6.781646655231560317e+01
6.776500857632933617e+01
6.771012006861063526e+01
6.772555746140652388e+01
6.774271012006860815e+01
6.775814751286449678e+01
6.777530017152658104e+01
6.779245283018867951e+01
6.775471698113207708e+01
6.775300171526586723e+01
6.774785591766723769e+01
6.774271012006860815e+01
6.773413379073755891e+01
6.772555746140650967e+01
6.771355060034305495e+01
6.769982847341339038e+01
6.768610634648371160e+01
6.767238421955403282e+01
6.761921097770154176e+01
6.754545454545454675e+01
6.747169811320753752e+01
6.739794168096055671e+01
6.732590051457975733e+01
6.731046312178388291e+01
6.729502572898799428e+01
6.722469982847341896e+01
6.715437392795882943e+01
6.712006861063464669e+01
6.708576329331046395e+01
6.705317324185247685e+01
6.701543739279588863e+01
6.701372212692966457e+01
6.699656946826758031e+01
6.697941680960548183e+01
6.696226415094338336e+01
6.698113207547169168e+01
6.696397941680960741e+01
6.694682675814749473e+01
6.689365351629501788e+01
6.684219554030875088e+01
6.681303602058318347e+01
6.681475128644939332e+01
6.675986277873070662e+01
6.670497427101200572e+01
6.668782161234992145e+01
6.668953687821613130e+01
6.674442538593481800e+01
6.671183533447684511e+01
6.670497427101200572e+01
6.669296740994855099e+01
6.671698113207546044e+01
6.671698113207546044e+01
6.667753001715266237e+01
6.662607204116638115e+01
6.655060034305316208e+01
6.654716981132075659e+01
6.655574614065180583e+01
6.652658662092623842e+01
6.652144082332760888e+01
6.654030874785590299e+01
6.650943396226413995e+01
6.650257289879931477e+01
6.647341337907374736e+01
6.642881646655230554e+01
6.643910806174957884e+01
6.639451114922812280e+01
6.636706689536879367e+01
6.632246998284733763e+01
6.627787307032591002e+01
6.625900514579760170e+01
6.625214408233276231e+01
6.624528301886792292e+01
6.622641509433961460e+01
6.619210977701543186e+01
6.615780445969124912e+01
6.610977701543738760e+01
6.607375643224699502e+01
6.607547169811320487e+01
6.607718696397941471e+01
6.615265866209261958e+01
6.617838765008576729e+01
6.622984562607203429e+01
6.628301886792451114e+01
6.633619210977701641e+01
6.639965694682675235e+01
6.645797598627787295e+01
6.652830188679244827e+01
6.661234991423671659e+01
6.668610634648371160e+01
6.674785591766723769e+01
6.677186963979417555e+01
6.678559176672385433e+01
6.683704974271012134e+01
6.692452830188679513e+01
6.697598627787307635e+01
6.703945111492281228e+01
6.708919382504288365e+01
6.711663807890222699e+01
6.711492281303603136e+01
6.706003430531731624e+01
6.700514579759862954e+01
6.693653516295024986e+01
6.694168096054889361e+01
6.687478559176672377e+01
6.687993138936535331e+01
6.682332761578044256e+01
6.676843910806174165e+01
6.672384219554029983e+01
6.667753001715266237e+01
6.664322469982846542e+01
6.663636363636362603e+01
6.662435677530015710e+01
6.658662092624356887e+01
6.655060034305316208e+01
6.651286449399657386e+01
6.651286449399657386e+01
6.651286449399657386e+01
6.651286449399657386e+01
6.651286449399657386e+01
6.651286449399657386e+01
6.651286449399657386e+01
6.651286449399657386e+01
6.651286449399657386e+01
6.647684391080616706e+01
6.638765008576329762e+01
6.634476843910806565e+01
6.626758147512865094e+01
6.620068610634648110e+01
6.613550600343052110e+01
6.607032590051457532e+01
6.604116638078900792e+01
6.598970840480274092e+01
6.593825042881645970e+01
6.590909090909090651e+01
6.581132075471697362e+01
6.572898799313892937e+01
6.562607204116636694e+01
6.555574614065179162e+01
6.548542024013721630e+01
6.547512864493995721e+01
6.546655231560890797e+01
6.545969125214408280e+01
6.547341337907374736e+01
6.555917667238421132e+01
6.564493996569467527e+01
6.572898799313892937e+01
6.574099485420239830e+01
6.577701543739280510e+01
6.581132075471697362e+01
6.579416809605490357e+01
6.577701543739280510e+01
6.573241852487134906e+01
6.568782161234990724e+01
6.564322469982846542e+01
6.559691252144082796e+01
6.556775300171526055e+01
6.557289879931389009e+01
6.559005145797598857e+01
6.559348198970840826e+01
6.555746140651801568e+01
6.554202401372212705e+01
6.554545454545454675e+01
6.559691252144082796e+01
6.567066895368782298e+01
6.568267581475129191e+01
6.576843910806175586e+01
6.578216123499142043e+01
6.586792452830188438e+01
6.592967409948542468e+01
6.596912521440822275e+01
6.598284734133790153e+01
6.601029159519725908e+01
6.601372212692967878e+01
6.599142367066895076e+01
6.600343053173241969e+01
6.597770154373927198e+01
6.595197255574615269e+01
6.592624356775300498e+01
6.590051457975985727e+01
6.590909090909090651e+01
6.589365351629501788e+01
6.593825042881645970e+01
6.594682675814750894e+01
6.596740994854201290e+01
6.598627787307032122e+01
6.596740994854201290e+01
6.602229845626072802e+01
6.602915951972555320e+01
6.603602058319037837e+01
6.604116638078900792e+01
6.599656946826758031e+01
6.599828473413379015e+01
6.601200686106346893e+01
6.597770154373927198e+01
6.592967409948542468e+01
6.592967409948542468e+01
6.592109777015437544e+01
6.593653516295026407e+01
6.592795883361920062e+01
6.594168096054887940e+01
6.593996569468266955e+01
6.593310463121783016e+01
6.594511149228129909e+01
6.590737564322469666e+01
6.588164665523156316e+01
6.585420240137221981e+01
6.586277873070326905e+01
6.589193825042882224e+01
6.591938250428816559e+01
6.594682675814752315e+01
6.597255574614064244e+01
6.595711835334478224e+01
6.604288164665523198e+01
6.607890222984562456e+01
6.612521440823327623e+01
6.612178387650087075e+01
6.609090909090909349e+01
6.613207547169811562e+01
6.612864493996569593e+01
6.610806174957117776e+01
6.606003430531731624e+01
6.607547169811320487e+01
6.613207547169811562e+01
6.613893653516295501e+01
6.618010291595197714e+01
6.620754716981130628e+01
6.624699828473413277e+01
6.630360205831902931e+01
6.632590051457975733e+01
6.621783876500856536e+01
6.613550600343052110e+01
6.612521440823326202e+01
6.611492281303601715e+01
6.612692967409948608e+01
6.613893653516294080e+01
6.612521440823326202e+01
6.608233276157804426e+01
6.604288164665521776e+01
6.598627787307032122e+01
6.593310463121784437e+01
6.592967409948542468e+01
6.593825042881647391e+01
6.594854202401371879e+01
6.593481989708404001e+01
6.592109777015437544e+01
6.589193825042882224e+01
6.590909090909090651e+01
6.592967409948541047e+01
6.596226415094339757e+01
6.599485420240137046e+01
6.602915951972553898e+01
6.605831903945110639e+01
6.608919382504286943e+01
6.612006861063464669e+01
6.614236706689536049e+01
6.618181818181817277e+01
6.620068610634648110e+01
6.624356775300171307e+01
6.623156089193824414e+01
6.623499142367066383e+01
6.623842195540308353e+01
6.626929674099484657e+01
6.629159519725557459e+01
6.632418524871354748e+01
6.636020583190395428e+01
6.634133790737564595e+01
6.638078902229845824e+01
6.636020583190395428e+01
6.635849056603773022e+01
6.638765008576329762e+01
6.640823327615780158e+01
6.645283018867925762e+01
6.649914236706689508e+01
6.654030874785591720e+01
6.654373927958833690e+01
6.654545454545454675e+01
6.653687821612349751e+01
6.658490566037735903e+01
6.658490566037735903e+01
6.658147512864493933e+01
6.659519725557461811e+01
6.664493996569467527e+01
6.666037735849056389e+01
6.667238421955403282e+01
6.669639794168097069e+01
6.667924528301887221e+01
6.667409948542024267e+01
6.665694682675814420e+01
6.668953687821613130e+01
6.674271012006860815e+01
6.672041166380789434e+01
6.670497427101200572e+01
6.665866209262435405e+01
6.661234991423671659e+01
6.662950257289878664e+01
6.663293310463122054e+01
6.663636363636364024e+01
6.668782161234990724e+01
6.676157804459690226e+01
6.681132075471697362e+01
6.687307032590051392e+01
6.692967409948542468e+01
6.694682675814752315e+01
6.696226415094339757e+01
6.703773584905660243e+01
6.708747855917667380e+01
6.712178387650085654e+01
6.712178387650084233e+01
6.713893653516294080e+01
6.714236706689536049e+01
6.716295025728987866e+01
6.716466552315608851e+01
6.715265866209261958e+01
6.715437392795882943e+01
6.710463121783877227e+01
6.709090909090909349e+01
6.704288164665521776e+01
6.698113207547169168e+01
6.690909090909090651e+01
6.683704974271012134e+01
6.682675814751286225e+01
6.678902229845625982e+01
6.677701543739280510e+01
6.682675814751286225e+01
6.688164665523154895e+01
6.692795883361920062e+01
6.695025728987991442e+01
6.698284734133790153e+01
6.695540308747855818e+01
6.702229845626071381e+01
6.708576329331046395e+01
6.714751286449400425e+01
6.720926243567753033e+01
6.724356775300171307e+01
6.730188679245281946e+01
6.737221269296742321e+01
6.740651801029159174e+01
6.742710120068610991e+01
6.749742710120068523e+01
6.755403087478558177e+01
6.762435677530018552e+01
6.769296740994853678e+01
6.777701543739280510e+01
6.786106346483704499e+01
6.795711835334478224e+01
6.805145797598628121e+01
6.814408233276158455e+01
6.822298456260720911e+01
6.830188679245283367e+01
6.837907375643226260e+01
6.846483704974271234e+01
6.847169811320755173e+01
6.847684391080616706e+01
6.855403087478558177e+01
6.855060034305317629e+01
6.858662092624356887e+01
6.857804459691251964e+01
6.859348198970839405e+01
6.863121783876499649e+01
6.868096054888508206e+01
6.867066895368782298e+01
6.863464837049743039e+01
6.859862778730703781e+01
6.856260720411664522e+01
6.852830188679246248e+01
6.851972555746141325e+01
6.848542024013721630e+01
6.843739279588335478e+01
6.837907375643223418e+01
6.832933104631217702e+01
6.832590051457975733e+01
6.830874785591767306e+01
6.829159519725557459e+01
6.828816466552315489e+01
6.824185248713550322e+01
6.822469982847340475e+01
6.827444253859349033e+01
6.829674099485418992e+01
6.829159519725557459e+01
6.826586620926242688e+01
6.823842195540308353e+01
6.821955403087477521e+01
6.812349914236706638e+01
6.805660377358491075e+01
6.799828473413379015e+01
6.792109777015437544e+01
6.784219554030875088e+01
6.776329331046312632e+01
6.773413379073757312e+01
6.769125214408234115e+01
6.765866209262435405e+01
6.765008576329330481e+01
6.759348198970840826e+01
6.758490566037735903e+01
6.757461406518009994e+01
6.755403087478558177e+01
6.746655231560892219e+01
6.748027444253860097e+01
6.743053173241852960e+01
6.739622641509433265e+01
6.738593481989708778e+01
6.737735849056603854e+01
6.739108061749571732e+01
6.734991423670669519e+01
6.731560891938249824e+01
6.731732418524870809e+01
6.732075471698112779e+01
6.731217838765007855e+01
6.728301886792452535e+01
6.725385934819897216e+01
6.728473413379073520e+01
6.733962264150943611e+01
6.734648370497426129e+01
6.730874785591765885e+01
6.727101200686105642e+01
6.722469982847340475e+01
6.718010291595197714e+01
6.713722126929673095e+01
6.707032590051457532e+01
6.709262435677530334e+01
6.709090909090909349e+01
6.713893653516295501e+01
6.718696397941681653e+01
6.723670668953687368e+01
6.728644939965695926e+01
6.727958833619211987e+01
6.727272727272728048e+01
6.725385934819897216e+01
6.724699828473413277e+01
6.722126929674098506e+01
6.721612349914236972e+01
6.718867924528302638e+01
6.710634648370498212e+01
6.707547169811320487e+01
6.707718696397941471e+01
6.703430531732418274e+01
6.695540308747855818e+01
6.691080617495711635e+01
6.686963979416809423e+01
6.683018867924528195e+01
6.679073756432246967e+01
6.678730703259004997e+01
6.679759862778729484e+01
6.679245283018866530e+01
6.678730703259004997e+01
6.678559176672382591e+01
6.683190394511149179e+01
6.683018867924528195e+01
6.684219554030875088e+01
6.685420240137221981e+01
6.684048027444254103e+01
6.688507718696396864e+01
6.693996569468266955e+01
6.699485420240137046e+01
6.702401372212692365e+01
6.705145797598626700e+01
6.707890222984562456e+01
6.710291595197254821e+01
6.713893653516294080e+01
6.712692967409948608e+01
6.713722126929673095e+01
6.717324185248713775e+01
6.718353344768439683e+01
6.718353344768439683e+01
6.718181818181818699e+01
6.719725557461407561e+01
6.718696397941681653e+01
6.720068610634649531e+01
6.721269296740995003e+01
6.723156089193824414e+01
6.725042881646655246e+01
6.726758147512865094e+01
6.733276157804459672e+01
6.738421955403087793e+01
6.743567753001715914e+01
6.747341337907376158e+01
6.749742710120068523e+01
6.753344768439109203e+01
6.752830188679244827e+01
6.752144082332762309e+01
6.751629502572899355e+01
6.750943396226415416e+01
6.748885077186963599e+01
6.743224699828473945e+01
6.744939965694683792e+01
6.746826758147511782e+01
6.746312178387650249e+01
6.748370497427100645e+01
6.746312178387650249e+01
6.750943396226415416e+01
6.754030874785591720e+01
6.759862778730703781e+01
6.765351629502572450e+01
6.764493996569467527e+01
6.765694682675814420e+01
6.765180102915951466e+01
6.769296740994855099e+01
6.769639794168097069e+01
6.773413379073755891e+01
6.777015437392796571e+01
6.782675814751286225e+01
6.788164665523154895e+01
6.789879931389364742e+01
6.789022298456259819e+01
6.790222984562606712e+01
6.796740994854201290e+01
6.801886792452830832e+01
6.808404802744423989e+01
6.812521440823326202e+01
6.816638078902229836e+01
6.818353344768439683e+01
6.819039451114923622e+01
6.815951972555745897e+01
6.816466552315608851e+01
6.816981132075470384e+01
6.814408233276157034e+01
6.813550600343052110e+01
6.813893653516294080e+01
6.810806174957119197e+01
6.806861063464836548e+01
6.804459691252142761e+01
6.801886792452829411e+01
6.799485420240137046e+01
6.798456260720411137e+01
6.792795883361920062e+01
6.786620926243567453e+01
6.780445969125214845e+01
6.784048027444254103e+01
6.784219554030875088e+01
6.789536878216122773e+01
6.790566037735848681e+01
6.792109777015437544e+01
6.789193825042880803e+01
6.782847341337907210e+01
6.776500857632933617e+01
6.772898799313892937e+01
6.772898799313894358e+01
6.772555746140650967e+01
6.772384219554029983e+01
6.773756432246997861e+01
6.774957118353344754e+01
6.772384219554029983e+01
6.769811320754716633e+01
6.766209262435677374e+01
6.761406518010291222e+01
6.762435677530017131e+01
6.761234991423671659e+01
6.760377358490566735e+01
6.760548885077186299e+01
6.755746140651801568e+01
6.757289879931389009e+01
6.751114922813036401e+01
6.750085763293310492e+01
6.748198970840479660e+01
6.746140651801029264e+01
6.747169811320755173e+01
6.748885077186963599e+01
6.749399656946826553e+01
6.749914236706689508e+01
6.750600343053173447e+01
6.751286449399657386e+01
6.750771869639794431e+01
6.750085763293310492e+01
6.745626072041166310e+01
6.743739279588336899e+01
6.746655231560890797e+01
6.751286449399657386e+01
6.757118353344768025e+01
6.760377358490566735e+01
6.763636363636362603e+01
6.766895368782161313e+01
6.764150943396225557e+01
6.766380789022298359e+01
6.767238421955403282e+01
6.764665523156088511e+01
6.762092624356775161e+01
6.760720411663808704e+01
6.757975986277872948e+01
6.755060034305316208e+01
6.751972555746139903e+01
6.755574614065180583e+01
6.759005145797598857e+01
6.762435677530017131e+01
6.765866209262435405e+01
6.769296740994853678e+01
6.769296740994855099e+01
6.765866209262435405e+01
6.762435677530017131e+01
6.759176672384219842e+01
6.755746140651800147e+01
6.752487135506004279e+01
6.749228130360205569e+01
6.745969125214408280e+01
6.742881646655231975e+01
6.739794168096054250e+01
6.736706689536877946e+01
6.733790737564322626e+01
6.731046312178386870e+01
6.732590051457975733e+01
6.730188679245281946e+01
6.727787307032589581e+01
6.729502572898798007e+01
6.733104631217838687e+01
6.735506003430532473e+01
6.737907375643224839e+01
6.740137221269296219e+01
6.736706689536877946e+01
6.734991423670669519e+01
6.738593481989707357e+01
6.742024013722127052e+01
6.741680960548885082e+01
6.741166380789022128e+01
6.740651801029159174e+01
6.743396226415093508e+01
6.742024013722127052e+01
6.738250428816465387e+01
6.738250428816465387e+01
6.741852487135506067e+01
6.741852487135506067e+01
6.745454545454545325e+01
6.743910806174957884e+01
6.745797598627787295e+01
6.751114922813036401e+01
6.750943396226415416e+01
6.750600343053173447e+01
6.752830188679244827e+01
6.750771869639794431e+01
6.745111492281304777e+01
6.745454545454546746e+01
6.745797598627787295e+01
6.740480274442538189e+01
6.733962264150943611e+01
6.728987993138936474e+01
6.724185248713550322e+01
6.719554030874785155e+01
6.715265866209261958e+01
6.713207547169811562e+01
6.713550600343053532e+01
6.708233276157804426e+01
6.701715265866209847e+01
6.696397941680959320e+01
6.691080617495711635e+01
6.685420240137221981e+01
6.686792452830188438e+01
6.681132075471697362e+01
6.677873070325901494e+01
6.679245283018867951e+01
6.672384219554029983e+01
6.669468267581476084e+01
6.664837049742709496e+01
6.662092624356775161e+01
6.659348198970840826e+01
6.660377358490566735e+01
6.662778730703259100e+01
6.660034305317323344e+01
6.662264150943396146e+01
6.662092624356776582e+01
6.663464837049743039e+01
6.665008576329330481e+01
6.665351629502572450e+01
6.666552315608919344e+01
6.667924528301887221e+01
6.665694682675814420e+01
6.665866209262435405e+01
6.666037735849056389e+01
6.666037735849056389e+01
6.666037735849056389e+01
6.665008576329330481e+01
6.661578044596912207e+01
6.659348198970840826e+01
6.657118353344768025e+01
6.652487135506004279e+01
6.652487135506002858e+01
6.652487135506004279e+01
6.656432246998284086e+01
6.655231560891938614e+01
6.654202401372214126e+01
6.655574614065179162e+01
6.655746140651800147e+01
6.655917667238422553e+01
6.656089193825042116e+01
6.653859348198972157e+01
6.652830188679246248e+01
6.651801029159520340e+01
6.657118353344768025e+01
6.649914236706689508e+01
6.650085763293310492e+01
6.654202401372212705e+01
6.655746140651801568e+01
6.655917667238421132e+01
6.666209262435677374e+01
6.674099485420239830e+01
6.671869639794167028e+01
6.663636363636364024e+01
6.664837049742709496e+01
6.665008576329331902e+01
6.664322469982846542e+01
6.663636363636364024e+01
6.663979416809604572e+01
6.664493996569467527e+01
6.665008576329330481e+01
6.672727272727271952e+01
6.673756432246997861e+01
6.673070325900513922e+01
6.674442538593481800e+01
6.674785591766723769e+01
6.676157804459691647e+01
6.675128644939965739e+01
6.679588336192109921e+01
6.684219554030875088e+01
6.684048027444254103e+01
6.687478559176672377e+01
6.690909090909090651e+01
6.697770154373927198e+01
6.700686106346483939e+01
6.710977701543740181e+01
6.719039451114923622e+01
6.723670668953688789e+01
6.733619210977701641e+01
6.737907375643223418e+01
6.742710120068610991e+01
6.747512864493995721e+01
6.746483704974271234e+01
6.745283018867924341e+01
6.746312178387650249e+01
6.747341337907376158e+01
6.744939965694683792e+01
6.742538593481990006e+01
6.737735849056605275e+01
6.732933104631217702e+01
6.728301886792453956e+01
6.723842195540309774e+01
6.723327615780446820e+01
6.722813036020583866e+01
6.722126929674098506e+01
6.720068610634648110e+01
6.717838765008576729e+01
6.715608919382503927e+01
6.718010291595197714e+01
6.715608919382503927e+01
6.715437392795882943e+01
6.712864493996569593e+01
6.713036020583190577e+01
6.711663807890222699e+01
6.709262435677530334e+01
6.705488850771868670e+01
6.699656946826758031e+01
6.699485420240137046e+01
6.693481989708404001e+01
6.689365351629501788e+01
6.685248713550599575e+01
6.683533447684391149e+01
6.684048027444254103e+01
6.687135506003430407e+01
6.685420240137221981e+01
6.683533447684391149e+01
6.689022298456259819e+01
6.693310463121784437e+01
6.696226415094341178e+01
6.698113207547169168e+01
6.699828473413379015e+01
6.702915951972556741e+01
6.708233276157804426e+01
6.708747855917667380e+01
6.713379073756432547e+01
6.713036020583190577e+01
6.706689536878215563e+01
6.704116638078902213e+01
6.706003430531731624e+01
6.702058319039451817e+01
6.699313893653516061e+01
6.698970840480274092e+01
6.699656946826758031e+01
6.707718696397941471e+01
6.707375643224699502e+01
6.703259005145797289e+01
6.703602058319039259e+01
6.711663807890222699e+01
6.717324185248713775e+01
6.720411663807890079e+01
6.722298456260719490e+01
6.719897084048027125e+01
6.716981132075471805e+01
6.712864493996569593e+01
6.710806174957119197e+01
6.708747855917667380e+01
6.710634648370496791e+01
6.711320754716982151e+01
6.716809605488850821e+01
6.718524871355059247e+01
6.716123499142366882e+01
6.711149228130359745e+01
6.705145797598626700e+01
6.699313893653516061e+01
6.697770154373927198e+01
6.689365351629501788e+01
6.684734133790738042e+01
6.683876500857633118e+01
6.684391080617496073e+01
6.689022298456259819e+01
6.688850771869638834e+01
6.685591766723842966e+01
6.682675814751286225e+01
6.682332761578044256e+01
6.680789022298455393e+01
6.675128644939965739e+01
6.672041166380788013e+01
6.667753001715266237e+01
6.664837049742709496e+01
6.657118353344768025e+01
6.651801029159520340e+01
6.647169811320753752e+01
6.646655231560892219e+01
6.646312178387650249e+01
6.646140651801029264e+01
6.645969125214409701e+01
6.641680960548885082e+01
6.637221269296742321e+01
6.637392795883360463e+01
6.637564322469982869e+01
6.637564322469982869e+01
6.639451114922812280e+01
6.636706689536877946e+01
6.635334476843911489e+01
6.632761578044596718e+01
6.632590051457975733e+01
6.633447684391080656e+01
6.634648370497427550e+01
6.635849056603774443e+01
6.636878216123500351e+01
6.637735849056605275e+01
6.637735849056603854e+01
6.640137221269296219e+01
6.637392795883361885e+01
6.635162950257290504e+01
6.632761578044596718e+01
6.630874785591765885e+01
6.628816466552315489e+01
6.626415094339623124e+01
6.622641509433961460e+01
6.620583190394511064e+01
6.624013722126929338e+01
6.626072041166381155e+01
6.628130360205832972e+01
6.628644939965694505e+01
6.628987993138936474e+01
6.629159519725557459e+01
6.629159519725557459e+01
6.629845626072041398e+01
6.630531732418525337e+01
6.635334476843911489e+01
6.638078902229844402e+01
6.638936535162950747e+01
6.641680960548885082e+01
6.642024013722127052e+01
6.642195540308748036e+01
6.642195540308748036e+01
6.645797598627787295e+01
6.648370497427100645e+01
6.651972555746141325e+01
6.649914236706689508e+01
6.647855917667237691e+01
6.648542024013723051e+01
6.649228130360205569e+01
6.648542024013721630e+01
6.647855917667237691e+01
6.644253859348199853e+01
6.646826758147511782e+01
6.648198970840479660e+01
6.649742710120068523e+01
6.651114922813036401e+01
6.652487135506002858e+01
6.650771869639794431e+01
6.651114922813036401e+01
6.659691252144082796e+01
6.670840480274442541e+01
6.675643224699828693e+01
6.675128644939965739e+01
6.672212692967408998e+01
6.669296740994853678e+01
6.667581475128645252e+01
6.660548885077187720e+01
6.653173241852486797e+01
6.648027444253858675e+01
6.643396226415094930e+01
6.637907375643226260e+01
6.632075471698112779e+01
6.623842195540309774e+01
6.615608919382503927e+01
6.608919382504288365e+01
6.601543739279588863e+01
6.595368782161234833e+01
6.589193825042880803e+01
6.584734133790738042e+01
6.589193825042880803e+01
6.588850771869638834e+01
6.587307032590051392e+01
6.586963979416810844e+01
6.591595197255574590e+01
6.601543739279588863e+01
6.607890222984562456e+01
6.613893653516294080e+01
6.616295025728987866e+01
6.627272727272728048e+01
6.634305317324185580e+01
6.643739279588336899e+01
6.638765008576329762e+01
6.633962264150943611e+01
6.629674099485420413e+01
6.626586620926244109e+01
6.622298456260720911e+01
6.623842195540308353e+01
6.618181818181818699e+01
6.611835334476845105e+01
6.606861063464836548e+01
6.602401372212692365e+01
6.599656946826758031e+01
6.594854202401371879e+01
6.588679245283017849e+01
6.582504288164666661e+01
6.579245283018867951e+01
6.574271012006860815e+01
6.571012006861063526e+01
6.564837049742709496e+01
6.558662092624356887e+01
6.549742710120068523e+01
6.540823327615780158e+01
6.534648370497426129e+01
6.525900514579760170e+01
6.518696397941681653e+01
6.509948542024012852e+01
6.501200686106345472e+01
6.492624356775300498e+01
6.484048027444254103e+01
6.480102915951971454e+01
6.477358490566038540e+01
6.467409948542024267e+01
6.457632933104630979e+01
6.448198970840481081e+01
6.445626072041167731e+01
6.440651801029159174e+01
6.432246998284733763e+01
6.426758147512865094e+01
6.427101200686107063e+01
6.430017152658662383e+01
6.432933104631217702e+01
6.435849056603774443e+01
6.438593481989708778e+01
6.438593481989708778e+01
6.441166380789022128e+01
6.443739279588335478e+01
6.447341337907374736e+01
6.450085763293310492e+01
6.449571183533447538e+01
6.449056603773584584e+01
6.448542024013721630e+01
6.448027444253860097e+01
6.447341337907376158e+01
6.446655231560892219e+01
6.440651801029159174e+01
6.434648370497427550e+01
6.431389365351628840e+01
6.428130360205831551e+01
6.425042881646655246e+01
6.419382504288165592e+01
6.425042881646655246e+01
6.429159519725557459e+01
6.434819897084048534e+01
6.442710120068610991e+01
6.450600343053173447e+01
6.458490566037735903e+01
6.466380789022298359e+01
6.468439108061748755e+01
6.472041166380788013e+01
6.475814751286449678e+01
6.478216123499142043e+01
6.483190394511149179e+01
6.489536878216124194e+01
6.492109777015437544e+01
6.497770154373927198e+01
6.497084048027443259e+01
6.506003430531731624e+01
6.510806174957119197e+01
6.509948542024012852e+01
6.512521440823326202e+01
6.507718696397941471e+01
6.507204116638078517e+01
6.506518010291594578e+01
6.502229845626072802e+01
6.498113207547169168e+01
6.495368782161236254e+01
6.494682675814752315e+01
6.493996569468268376e+01
6.488507718696398285e+01
6.483190394511149179e+01
6.482675814751286225e+01
6.481989708404802286e+01
6.477530017152658104e+01
6.473070325900513922e+01
6.473756432246997861e+01
6.470668953687821556e+01
6.474099485420239830e+01
6.474957118353344754e+01
6.479588336192109921e+01
6.481132075471698784e+01
6.483876500857633118e+01
6.488164665523156316e+01
6.488850771869638834e+01
6.489365351629501788e+01
6.489879931389364742e+01
6.490394511149227696e+01
6.490909090909090651e+01
6.493481989708404001e+01
6.494168096054889361e+01
6.495540308747855818e+01
6.502572898799313350e+01
6.504631217838765167e+01
6.501886792452830832e+01
6.505145797598628121e+01
6.506003430531731624e+01
6.508061749571183441e+01
6.510977701543740181e+01
6.513722126929673095e+01
6.511663807890222699e+01
6.507204116638078517e+01
6.504116638078903634e+01
6.500000000000000000e+01
6.496054888507718772e+01
6.490394511149229118e+01
6.485934819897084935e+01
6.486106346483705920e+01
6.484905660377359027e+01
6.483876500857633118e+01
6.484219554030875088e+01
6.478559176672384012e+01
6.475471698113207708e+01
6.472384219554031404e+01
6.468267581475129191e+01
6.464150943396226978e+01
6.459862778730703781e+01
6.459348198970840826e+01
6.457461406518009994e+01
6.455060034305316208e+01
6.456946826758147040e+01
6.458662092624356887e+01
6.462607204116638115e+01
6.466552315608919344e+01
6.470497427101200572e+01
6.469982847341337617e+01
6.469125214408232694e+01
6.468267581475127770e+01
6.468439108061748755e+01
6.471012006861062105e+01
6.471526586620925059e+01
6.469296740994855099e+01
6.467066895368782298e+01
6.462264150943394725e+01
6.464150943396225557e+01
6.462435677530017131e+01
6.457975986277872948e+01
6.458147512864493933e+01
6.462435677530017131e+01
6.459176672384219842e+01
6.464150943396225557e+01
6.467753001715266237e+01
6.472384219554031404e+01
6.473927958833618845e+01
6.470325900514579587e+01
6.466552315608919344e+01
6.461578044596913628e+01
6.454030874785593141e+01
6.457804459691251964e+01
6.459176672384219842e+01
6.461921097770155598e+01
6.456260720411663101e+01
6.458147512864493933e+01
6.460205831903944329e+01
6.460034305317324765e+01
6.463979416809604572e+01
6.463121783876501070e+01
6.464493996569467527e+01
6.463807890222983588e+01
6.463293310463120633e+01
6.460720411663808704e+01
6.458147512864493933e+01
6.459176672384219842e+01
6.460377358490566735e+01
6.461749571183533192e+01
6.460377358490565314e+01
6.461578044596913628e+01
6.462778730703259100e+01
6.462264150943397567e+01
6.463121783876501070e+01
6.462778730703259100e+01
6.462264150943396146e+01
6.466723842195540328e+01
6.463464837049743039e+01
6.458833619210977872e+01
6.456603773584906492e+01
6.454545454545454675e+01
6.454373927958833690e+01
6.455574614065180583e+01
6.456775300171527476e+01
6.456603773584905070e+01
6.457804459691251964e+01
6.459005145797598857e+01
6.455574614065179162e+01
6.452144082332760888e+01
6.449742710120068523e+01
6.449571183533447538e+01
6.447169811320753752e+01
6.443567753001714493e+01
6.438765008576328341e+01
6.438250428816466808e+01
6.437392795883361885e+01
6.440137221269296219e+01
6.444082332761578868e+01
6.441852487135506067e+01
6.442024013722127052e+01
6.438593481989707357e+01
6.432933104631217702e+01
6.427272727272728048e+01
6.425385934819897216e+01
6.424699828473413277e+01
6.427958833619211987e+01
6.431217838765007855e+01
6.434305317324185580e+01
6.437392795883361885e+01
6.434476843910806565e+01
6.433790737564322626e+01
6.436535162950258382e+01
6.435677530017153458e+01
6.433447684391080656e+01
6.430017152658662383e+01
6.431560891938251245e+01
6.435677530017153458e+01
6.436706689536879367e+01
6.435162950257290504e+01
6.434991423670669519e+01
6.435334476843911489e+01
6.435506003430532473e+01
6.433276157804459672e+01
6.430874785591765885e+01
6.428473413379073520e+01
6.427615780445968596e+01
6.427787307032589581e+01
6.427958833619210566e+01
6.427958833619210566e+01
6.426929674099486078e+01
6.425557461406518200e+01
6.424013722126929338e+01
6.423670668953687368e+01
6.421955403087477521e+01
6.420068610634648110e+01
6.421440823327615988e+01
6.421612349914236972e+01
6.421783876500857957e+01
6.423156089193825835e+01
6.424528301886792292e+01
6.427272727272728048e+01
6.423156089193824414e+01
6.419039451114923622e+01
6.415094339622640973e+01
6.418867924528302638e+01
6.411835334476843684e+01
6.411835334476845105e+01
6.406518010291595999e+01
6.408061749571183441e+01
6.403773584905660243e+01
6.402401372212692365e+01
6.403430531732419695e+01
6.408061749571183441e+01
6.409090909090909349e+01
6.413550600343053532e+01
6.417667238421955744e+01
6.421440823327615988e+01
6.421440823327615988e+01
6.423327615780445399e+01
6.425214408233276231e+01
6.426929674099484657e+01
6.428644939965695926e+01
6.429845626072041398e+01
6.431217838765007855e+01
6.432590051457975733e+01
6.433790737564322626e+01
6.434991423670669519e+01
6.437392795883361885e+01
6.439794168096054250e+01
6.442367066895369021e+01
6.444939965694682371e+01
6.445797598627788716e+01
6.446826758147513203e+01
6.449399656946826553e+01
6.451972555746141325e+01
6.447169811320753752e+01
6.442367066895369021e+01
6.437907375643226260e+01
6.434648370497427550e+01
6.430874785591765885e+01
6.424185248713550322e+01
6.417667238421955744e+01
6.411149228130361166e+01
6.404631217838765167e+01
6.399485420240137756e+01
6.393481989708404711e+01
6.384048027444254103e+01
6.377873070325900784e+01
6.374099485420239830e+01
6.367924528301887221e+01
6.367581475128645252e+01
6.367238421955403282e+01
6.360377358490566024e+01
6.353516295025728766e+01
6.351114922813036401e+01
6.354888507718696644e+01
6.357632933104630979e+01
6.355403087478559598e+01
6.359005145797598857e+01
6.357632933104630979e+01
6.355231560891937903e+01
6.353859348198970025e+01
6.353516295025728766e+01
6.353001715265866522e+01
6.352658662092624553e+01
6.352315608919382584e+01
6.350943396226414706e+01
6.350428816466552462e+01
6.354373927958833690e+01
6.358319039451114918e+01
6.356260720411663812e+01
6.363293310463122054e+01
6.369296740994854389e+01
6.375300171526586723e+01
6.380102915951972875e+01
6.384905660377358316e+01
6.385934819897083514e+01
6.383018867924528195e+01
6.386620926243568164e+01
6.380274442538593149e+01
6.376500857632933617e+01
6.371183533447684511e+01
6.365866209262435405e+01
6.360720411663807994e+01
6.359519725557461811e+01
6.353001715265866522e+01
6.351629502572899355e+01
6.346655231560891508e+01
6.345283018867924341e+01
6.339622641509433265e+01
6.333962264150943611e+01
6.332590051457975733e+01
6.328816466552315489e+01
6.327101200686107063e+01
6.325385934819897216e+01
6.326072041166381155e+01
6.323327615780446109e+01
6.316123499142367592e+01
6.306861063464837969e+01
6.302744425385935756e+01
6.294339622641509635e+01
6.287650085763293362e+01
6.280445969125214845e+01
6.275128644939965739e+01
6.268610634648371160e+01
6.262092624356775872e+01
6.266209262435677374e+01
6.270325900514579587e+01
6.264322469982847963e+01
6.268610634648371160e+01
6.275300171526586723e+01
6.264665523156089222e+01
6.262778730703259100e+01
6.262264150943396146e+01
6.250428816466552462e+01
6.245283018867924341e+01
6.248027444253859386e+01
6.251629502572898645e+01
6.253001715265865812e+01
6.254373927958833690e+01
6.257975986277872948e+01
6.260205831903945040e+01
6.262607204116638115e+01
6.266209262435677374e+01
6.273756432246998571e+01
6.274099485420239830e+01
6.279759862778730906e+01
6.287135506003430407e+01
6.292281303602058529e+01
6.298627787307032833e+01
6.304116638078902213e+01
6.310634648370496791e+01
6.309262435677529623e+01
6.307718696397941471e+01
6.310120068610634547e+01
6.308919382504288365e+01
6.307718696397942182e+01
6.306518010291595289e+01
6.313893653516295501e+01
6.305831903945112060e+01
6.295540308747855818e+01
6.291252144082332620e+01
6.283876500857633118e+01
6.287993138936535331e+01
6.290909090909091361e+01
6.293825042881647391e+01
6.299142367066895787e+01
6.304459691252144182e+01
6.307547169811320487e+01
6.307032590051458243e+01
6.306346483704975014e+01
6.305660377358490365e+01
6.302744425385934335e+01
6.304631217838765167e+01
6.306346483704974304e+01
6.308061749571183441e+01
6.310634648370496791e+01
6.313207547169810852e+01
6.315780445969124912e+01
6.319725557461406851e+01
6.323670668953688079e+01
6.327615780445969307e+01
6.325557461406518200e+01
6.329502572898799428e+01
6.333447684391080656e+01
6.330017152658662383e+01
6.332246998284734474e+01
6.334476843910806565e+01
6.339108061749571732e+01
6.339965694682675945e+01
6.342710120068610991e+01
6.343396226415094930e+01
6.345283018867924341e+01
6.347855917667237691e+01
6.342881646655231265e+01
6.338250428816466808e+01
6.339622641509433976e+01
6.340994854202401143e+01
6.344082332761578158e+01
6.341680960548885082e+01
6.343053173241852960e+01
6.344253859348199143e+01
6.345969125214408280e+01
6.351286449399657386e+01
6.354202401372212705e+01
6.357804459691252674e+01
6.359176672384219131e+01
6.359691252144082796e+01
6.354888507718695934e+01
6.353687821612349751e+01
6.356089193825042116e+01
6.360891938250428268e+01
6.364665523156088511e+01
6.370668953687821556e+01
6.374614065180102784e+01
6.376157804459691647e+01
6.375471698113207708e+01
6.368439108061749465e+01
6.369982847341338328e+01
6.371526586620926480e+01
6.371012006861063526e+01
6.363979416809605283e+01
6.354545454545454675e+01
6.353687821612349751e+01
6.348027444253859386e+01
6.350943396226415416e+01
6.353859348198970736e+01
6.353173241852487507e+01
6.357289879931389720e+01
6.353001715265866522e+01
6.354888507718696644e+01
6.356775300171526766e+01
6.354030874785591720e+01
6.351457975986278370e+01
6.346826758147513203e+01
6.344939965694682371e+01
6.345283018867924341e+01
6.344939965694682371e+01
6.348370497427101355e+01
6.351972555746140614e+01
6.357975986277872948e+01
6.357804459691251964e+01
6.362778730703259100e+01
6.364150943396226978e+01
6.361921097770154176e+01
6.362264150943396146e+01
6.366380789022298359e+01
6.370668953687821556e+01
6.374957118353344754e+01
6.379073756432246967e+01
6.379416809605488936e+01
6.379931389365351180e+01
6.380445969125214845e+01
6.380960548885077088e+01
6.384391080617496073e+01
6.387821612349914346e+01
6.391252144082332620e+01
6.394511149228130620e+01
6.397770154373928619e+01
6.401200686106346893e+01
6.404631217838765167e+01
6.408233276157804426e+01
6.408747855917667380e+01
6.409262435677530334e+01
6.406003430531731624e+01
6.404459691252144182e+01
6.405660377358489654e+01
6.405660377358489654e+01
6.405660377358489654e+01
6.404974271012005715e+01
6.405660377358491075e+01
6.406003430531731624e+01
6.406518010291594578e+01
6.404802744425384731e+01
6.400343053173241969e+01
6.395540308747855818e+01
6.392281303602058529e+01
6.394168096054888650e+01
6.396054888507718772e+01
6.401372212692967878e+01
6.406174957118352609e+01
6.407375643224699502e+01
6.408404802744425410e+01
6.410634648370498212e+01
6.413550600343053532e+01
6.413893653516295501e+01
6.414065180102916486e+01
6.415608919382505348e+01
6.417152658662092790e+01
6.418696397941681653e+01
6.420240137221269094e+01
6.421612349914236972e+01
6.421783876500857957e+01
6.424528301886792292e+01
6.427101200686107063e+01
6.427272727272728048e+01
6.427787307032591002e+01
6.428301886792452535e+01
6.428816466552316911e+01
6.430531732418525337e+01
6.432246998284733763e+01
6.432933104631217702e+01
6.435849056603773022e+01
6.432418524871354748e+01
6.431046312178386870e+01
6.429674099485418992e+01
6.428301886792451114e+01
6.429674099485420413e+01
6.431046312178386870e+01
6.429845626072041398e+01
6.430531732418523916e+01
6.424871355060034261e+01
6.419382504288164171e+01
6.413550600343052110e+01
6.409090909090909349e+01
6.404459691252144182e+01
6.400686106346483939e+01
6.402572898799313350e+01
6.395368782161234833e+01
6.385763293310462529e+01
6.382332761578044256e+01
6.378730703259004997e+01
6.378559176672384012e+01
6.378387650085763028e+01
6.376329331046312632e+01
6.376157804459691647e+01
6.376157804459690936e+01
6.374099485420239830e+01
6.374614065180102784e+01
6.374785591766723769e+01
6.375471698113206998e+01
6.376157804459690936e+01
6.377015437392795150e+01
6.377873070325900073e+01
6.381646655231561027e+01
6.380445969125214134e+01
6.379245283018867951e+01
6.380274442538593149e+01
6.374271012006860815e+01
6.374271012006860815e+01
6.374099485420239830e+01
6.373756432246997861e+01
6.367238421955403282e+01
6.356432246998284796e+01
6.349228130360205569e+01
6.343396226415094219e+01
6.341166380789022128e+01
6.330360205831904352e+01
6.323499142367067094e+01
6.314236706689536760e+01
6.313036020583190577e+01
6.311149228130360456e+01
6.310634648370497501e+01
6.310120068610634547e+01
6.308576329331046395e+01
6.311149228130359745e+01
6.312692967409948608e+01
6.313550600343053532e+01
6.317152658662092790e+01
6.320411663807890079e+01
6.324356775300171307e+01
6.328130360205832261e+01
6.334476843910806565e+01
6.339622641509433265e+01
6.341852487135506067e+01
6.345797598627787295e+01
6.348198970840480371e+01
6.353516295025728766e+01
6.358833619210977872e+01
6.357461406518009994e+01
6.361406518010291222e+01
6.362778730703258390e+01
6.365866209262436115e+01
6.372384219554030693e+01
6.381818181818181301e+01
6.390051457975985727e+01
6.398284734133790863e+01
6.406518010291594578e+01
6.409262435677530334e+01
6.410806174957117776e+01
6.413550600343052110e+01
6.416295025728987866e+01
6.418867924528302638e+01
6.428130360205832972e+01
6.429159519725557459e+01
6.428987993138936474e+01
6.426586620926244109e+01
6.426586620926244109e+01
6.426586620926244109e+01
6.425385934819897216e+01
6.422984562607203429e+01
6.420583190394511064e+01
6.418353344768439683e+01
6.417324185248713775e+01
6.416295025728987866e+01
6.415265866209261958e+01
6.413036020583190577e+01
6.414579759862778019e+01
6.413550600343052110e+01
6.410806174957117776e+01
6.407375643224699502e+01
6.404802744425386152e+01
6.402229845626071381e+01
6.400514579759862954e+01
6.398799313893653817e+01
6.397084048027443259e+01
6.395368782161234833e+01
6.393653516295026407e+01
6.394511149228131330e+01
6.389536878216123483e+01
6.384734133790738042e+01
6.379931389365351180e+01
6.372212692967409708e+01
6.364493996569467527e+01
6.366723842195540328e+01
6.361406518010291933e+01
6.367066895368782298e+01
6.362092624356775161e+01
6.358490566037735903e+01
6.356089193825042116e+01
6.352658662092623842e+01
6.348027444253858675e+01
6.347169811320754462e+01
6.346483704974270523e+01
6.345797598627787295e+01
6.342024013722127052e+01
6.338250428816466098e+01
6.339451114922812991e+01
6.337221269296740900e+01
6.342538593481990006e+01
6.347169811320754462e+01
6.351801029159520340e+01
6.356432246998284086e+01
6.361063464837049253e+01
6.362607204116638115e+01
6.364322469982847252e+01
6.369639794168096358e+01
6.376329331046311921e+01
6.383018867924528195e+01
6.386620926243567453e+01
6.381132075471698073e+01
6.379416809605489647e+01
6.383361921097770875e+01
6.382332761578044966e+01
6.386449399656947179e+01
6.385420240137221981e+01
6.384391080617495362e+01
6.382161234991423271e+01
6.382847341337907920e+01
6.382504288164666661e+01
6.379245283018867951e+01
6.379588336192109921e+01
6.381303602058319058e+01
6.383018867924528195e+01
6.379931389365351890e+01
6.380445969125214134e+01
6.380789022298456814e+01
6.377358490566038540e+01
6.374271012006860815e+01
6.371012006861063526e+01
6.367581475128644541e+01
6.369125214408232694e+01
6.367753001715265526e+01
6.372384219554030693e+01
6.375986277873069241e+01
6.374614065180102074e+01
6.373241852487135617e+01
6.376672384219553891e+01
6.379931389365351180e+01
6.383018867924528195e+01
6.391252144082332620e+01
6.395711835334476802e+01
6.400171526586620985e+01
6.404631217838763746e+01
6.410291595197256242e+01
6.417152658662092790e+01
6.424013722126929338e+01
6.429674099485420413e+01
6.432933104631217702e+01
6.432590051457975733e+01
6.438250428816466808e+01
6.442367066895369021e+01
6.443567753001714493e+01
6.443567753001715914e+01
6.444082332761577447e+01
6.439279588336191296e+01
6.441680960548885082e+01
6.444082332761578868e+01
6.446483704974271234e+01
6.445283018867924341e+01
6.439108061749571732e+01
6.437907375643223418e+01
6.436878216123498930e+01
6.434819897084047113e+01
6.432761578044596718e+01
6.429502572898799428e+01
6.423842195540308353e+01
6.420240137221269094e+01
6.419382504288165592e+01
6.419897084048027125e+01
6.422984562607203429e+01
6.419382504288162750e+01
6.419554030874783734e+01
6.422469982847340475e+01
6.420754716981130628e+01
6.419039451114922201e+01
6.421269296740993582e+01
6.418867924528302638e+01
6.416466552315608851e+01
6.414408233276157034e+01
6.417667238421955744e+01
6.422126929674099927e+01
6.426586620926244109e+01
6.431046312178388291e+01
6.431732418524872230e+01
6.428816466552315489e+01
6.423499142367066383e+01
6.418353344768438262e+01
6.418696397941681653e+01
6.414408233276157034e+01
6.413893653516295501e+01
6.409433962264151319e+01
6.404974271012005715e+01
6.400343053173240548e+01
6.397255574614064955e+01
6.394168096054887940e+01
6.390909090909090651e+01
6.390566037735848681e+01
6.390222984562606712e+01
6.390051457975985727e+01
6.390051457975985727e+01
6.390051457975985727e+01
6.387821612349914346e+01
6.381818181818182012e+01
6.372212692967409708e+01
6.364322469982847252e+01
6.363464837049743039e+01
6.362435677530017131e+01
6.360034305317324055e+01
6.361406518010291222e+01
6.366895368782160602e+01
6.372727272727271952e+01
6.374957118353344043e+01
6.378559176672384012e+01
6.378902229845625982e+01
6.380445969125214845e+01
6.381989708404802997e+01
6.382332761578044256e+01
6.382675814751286225e+01
6.381818181818182012e+01
6.384219554030875088e+01
6.384734133790737332e+01
6.384219554030875088e+01
6.381646655231561027e+01
6.379073756432246967e+01
6.375300171526586013e+01
6.376672384219553891e+01
6.378044596912521058e+01
6.379245283018867951e+01
6.377015437392795150e+01
6.379416809605488226e+01
6.384562607204117057e+01
6.387307032590051392e+01
6.390051457975986438e+01
6.395368782161234833e+01
6.403087478559176304e+01
6.405317324185249106e+01
6.407547169811320487e+01
6.409777015437393288e+01
6.412006861063464669e+01
6.415265866209261958e+01
6.415608919382503927e+01
6.416123499142366882e+01
6.416809605488850821e+01
6.413893653516295501e+01
6.414922813036019988e+01
6.413207547169811562e+01
6.410120068610635258e+01
6.404631217838765167e+01
6.396569468267581726e+01
6.392281303602057818e+01
6.388164665523156316e+01
6.385248713550599575e+01
6.382161234991423271e+01
6.379073756432246967e+01
6.378387650085763028e+01
6.377530017152658104e+01
6.376672384219553180e+01
6.372898799313892937e+01
6.368096054888506785e+01
6.363293310463120633e+01
6.358662092624356177e+01
6.355060034305316918e+01
6.350428816466551751e+01
6.346140651801029264e+01
6.342024013722127052e+01
6.339451114922812991e+01
6.337049742710119915e+01
6.333619210977701641e+01
6.330188679245283367e+01
6.324356775300171307e+01
6.318696397941680232e+01
6.317667238421955034e+01
6.312006861063464669e+01
6.316466552315608851e+01
6.315265866209261958e+01
6.314065180102915775e+01
6.310120068610634547e+01
6.319382504288164881e+01
6.319210977701543897e+01
6.324528301886792292e+01
6.322984562607204140e+01
6.330703259005145611e+01
6.335506003430531052e+01
6.337735849056603143e+01
6.336363636363635976e+01
6.338593481989708778e+01
6.337221269296740900e+01
6.336192109777015702e+01
6.335506003430531763e+01
6.339451114922812991e+01
6.342881646655231265e+01
6.343910806174956463e+01
6.343567753001715204e+01
6.340823327615779448e+01
6.336706689536877946e+01
6.336535162950256961e+01
6.336192109777014991e+01
6.339622641509433976e+01
6.340480274442538189e+01
6.341337907375643113e+01
6.344768439108061386e+01
6.348198970840479660e+01
6.351629502572897934e+01
6.352487135506002858e+01
6.350943396226414706e+01
6.347855917667238401e+01
6.347341337907375447e+01
6.354373927958832979e+01
6.357804459691251253e+01
6.361234991423670238e+01
6.365694682675814420e+01
6.371012006861063526e+01
6.375471698113206998e+01
6.379759862778729484e+01
6.387478559176670956e+01
6.395197255574613848e+01
6.401715265866209847e+01
6.405831903945110639e+01
6.409948542024014273e+01
6.414065180102915065e+01
6.418353344768439683e+01
6.426243567753002139e+01
6.432590051457975733e+01
6.435162950257289083e+01
6.437735849056603854e+01
6.436020583190392585e+01
6.443224699828473945e+01
6.440308747855917204e+01
6.437392795883361885e+01
6.442024013722127052e+01
6.442024013722127052e+01
6.445626072041166310e+01
6.450428816466552462e+01
6.454202401372212705e+01
6.457975986277872948e+01
6.462092624356775161e+01
6.466037735849056389e+01
6.470154373927958602e+01
6.472041166380788013e+01
6.468439108061750176e+01
6.466380789022298359e+01
6.464150943396225557e+01
6.464665523156088511e+01
6.463979416809604572e+01
6.462092624356776582e+01
6.460205831903945750e+01
6.459519725557460390e+01
6.457118353344768025e+01
6.457289879931389009e+01
6.457461406518009994e+01
6.456260720411663101e+01
6.461406518010291222e+01
6.463807890222983588e+01
6.462607204116636694e+01
6.467581475128643831e+01
6.471012006861062105e+01
6.470840480274441120e+01
6.475814751286449678e+01
6.476843910806175586e+01
6.482847341337907210e+01
6.483876500857631697e+01
6.489193825042880803e+01
6.494682675814750894e+01
6.495883361921099208e+01
6.503259005145798710e+01
6.506174957118352609e+01
6.510291595197254821e+01
6.509433962264151319e+01
6.514065180102916486e+01
6.523156089193824414e+01
6.528987993138936474e+01
6.533619210977701641e+01
6.540823327615780158e+01
6.546312178387650249e+01
6.553687821612349751e+01
6.559348198970840826e+01
6.566209262435677374e+01
6.569296740994853678e+01
6.567238421955401861e+01
6.564837049742709496e+01
6.567924528301887221e+01
6.565866209262435405e+01
6.564837049742709496e+01
6.571012006861064947e+01
6.570497427101201993e+01
6.576672384219554601e+01
6.579073756432246967e+01
6.576157804459691647e+01
6.580617495711835829e+01
6.585077186963978590e+01
6.590051457975985727e+01
6.593996569468268376e+01
6.599485420240137046e+01
6.606174957118352609e+01
6.612864493996569593e+01
6.615608919382503927e+01
6.614408233276157034e+01
6.613207547169811562e+01
6.613379073756432547e+01
6.616123499142366882e+01
6.612521440823327623e+01
6.611320754716980730e+01
6.609948542024012852e+01
6.610120068610635258e+01
6.610120068610633837e+01
6.610120068610635258e+01
6.609948542024014273e+01
6.613379073756432547e+01
6.616809605488850821e+01
6.615437392795882943e+01
6.612864493996568171e+01
6.617152658662092790e+01
6.623499142367066383e+01
6.631903945111491794e+01
6.635334476843910068e+01
6.633790737564322626e+01
6.632075471698112779e+01
6.630188679245283367e+01
6.624699828473413277e+01
6.622298456260719490e+01
6.619554030874785155e+01
6.620240137221269094e+01
6.623156089193824414e+01
6.625557461406518200e+01
6.634991423670669519e+01
6.639451114922812280e+01
6.644082332761577447e+01
6.645797598627785874e+01
6.646483704974269813e+01
6.649914236706689508e+01
6.649742710120068523e+01
6.651629502572899355e+01
6.653516295025728766e+01
6.656260720411663101e+01
6.657804459691251964e+01
6.654545454545453254e+01
6.651801029159518919e+01
6.656432246998284086e+01
6.656432246998284086e+01
6.653173241852486797e+01
6.648713550600342614e+01
6.649056603773584584e+01
6.648198970840481081e+01
6.647512864493997142e+01
6.652487135506004279e+01
6.649742710120068523e+01
6.654545454545454675e+01
6.659005145797598857e+01
6.657461406518009994e+01
6.655917667238421132e+01
6.654888507718695223e+01
6.659519725557461811e+01
6.655403087478559598e+01
6.655060034305317629e+01
6.655574614065180583e+01
6.654888507718695223e+01
6.655403087478558177e+01
6.649914236706689508e+01
6.644425385934820838e+01
6.643396226415094930e+01
6.646140651801027843e+01
6.643910806174956463e+01
6.642881646655231975e+01
6.637221269296740900e+01
6.631560891938249824e+01
6.625900514579760170e+01
6.623327615780445399e+01
6.618353344768439683e+01
6.613207547169811562e+01
6.616466552315608851e+01
6.614751286449399004e+01
6.615608919382503927e+01
6.618867924528301216e+01
6.617495711835334760e+01
6.616123499142366882e+01
6.612521440823326202e+01
6.615951972555745897e+01
6.615780445969124912e+01
6.615608919382503927e+01
6.621440823327614567e+01
6.622641509433961460e+01
6.624699828473413277e+01
6.621783876500856536e+01
6.618867924528302638e+01
6.613722126929673095e+01
6.608576329331046395e+01
6.611835334476843684e+01
6.616295025728987866e+01
6.618181818181817277e+01
6.620754716981130628e+01
6.619554030874785155e+01
6.618353344768438262e+01
6.615780445969124912e+01
6.613550600343053532e+01
6.609948542024012852e+01
6.608919382504288365e+01
6.608919382504288365e+01
6.610120068610635258e+01
6.607547169811320487e+01
6.606174957118352609e+01
6.604802744425386152e+01
6.605317324185247685e+01
6.609433962264151319e+01
6.613379073756431126e+01
6.616638078902229836e+01
6.621097770154372597e+01
6.621612349914235551e+01
6.622126929674098506e+01
6.625042881646655246e+01
6.625728987993139185e+01
6.626243567753002139e+01
6.628987993138936474e+01
6.631732418524870809e+01
6.632075471698112779e+01
6.632246998284733763e+01
6.632761578044596718e+01
6.637049742710121336e+01
6.639622641509433265e+01
6.643739279588336899e+01
6.648027444253858675e+01
6.651972555746141325e+01
6.654373927958833690e+01
6.656603773584905070e+01
6.654888507718696644e+01
6.653173241852486797e+01
6.650771869639794431e+01
6.650771869639794431e+01
6.650771869639794431e+01
6.648027444253860097e+01
6.646998284734132767e+01
6.648542024013723051e+01
6.642881646655231975e+01
6.640994854202401143e+01
6.643739279588336899e+01
6.646483704974269813e+01
6.645626072041166310e+01
6.640308747855917204e+01
6.637564322469984290e+01
6.634476843910806565e+01
6.634991423670669519e+01
6.634305317324185580e+01
6.633619210977701641e+01
6.637735849056603854e+01
6.637392795883361885e+01
6.636020583190395428e+01
6.632075471698112779e+01
6.624699828473413277e+01
6.620926243567753033e+01
6.615608919382503927e+01
6.611320754716982151e+01
6.612864493996569593e+01
6.606861063464836548e+01
6.607204116638078517e+01
6.608747855917667380e+01
6.609090909090909349e+01
6.616981132075471805e+01
6.621612349914238393e+01
6.626243567753002139e+01
6.630874785591765885e+01
6.632761578044596718e+01
6.634648370497427550e+01
6.640308747855917204e+01
6.647341337907376158e+01
6.653001715265867233e+01
6.659519725557461811e+01
6.666209262435677374e+01
6.673927958833618845e+01
6.680445969125213423e+01
6.688164665523156316e+01
6.694682675814750894e+01
6.698799313893653107e+01
6.704974271012005715e+01
6.711492281303603136e+01
6.715437392795882943e+01
6.719554030874786577e+01
6.723670668953687368e+01
6.728473413379074941e+01
6.733276157804459672e+01
6.736878216123498930e+01
6.740308747855917204e+01
6.742195540308748036e+01
6.745454545454545325e+01
6.748713550600342614e+01
6.751972555746141325e+01
6.755060034305317629e+01
6.761749571183533192e+01
6.761063464837049253e+01
6.763979416809604572e+01
6.770497427101199150e+01
6.778044596912521058e+01
6.781646655231560317e+01
6.785248713550599575e+01
6.790909090909090651e+01
6.798970840480274092e+01
6.807032590051457532e+01
6.812521440823327623e+01
6.818010291595197714e+01
6.822298456260719490e+01
6.826586620926244109e+01
6.830874785591765885e+01
6.835162950257290504e+01
6.839451114922812280e+01
6.843739279588336899e+01
6.848027444253860097e+01
6.852315608919383294e+01
6.856603773584905070e+01
6.857461406518009994e+01
6.854202401372212705e+01
6.855574614065180583e+01
6.858490566037735903e+01
6.858662092624356887e+01
6.854545454545454675e+01
6.849399656946826553e+01
6.849399656946826553e+01
6.844253859348199853e+01
6.844253859348199853e+01
6.844082332761578868e+01
6.843910806174957884e+01
6.843567753001715914e+01
6.843224699828473945e+01
6.842881646655231975e+01
6.849399656946826553e+01
6.844596912521441823e+01
6.839451114922813701e+01
6.835506003430532473e+01
6.826586620926244109e+01
6.817495711835334760e+01
6.809605488850772304e+01
6.801715265866209847e+01
6.793825042881645970e+01
6.791423670668953605e+01
6.790051457975985727e+01
6.787478559176672377e+01
6.788164665523156316e+01
6.788850771869640255e+01
6.781818181818182723e+01
6.783018867924528195e+01
6.787650085763293362e+01
6.787135506003430407e+01
6.793138936535163452e+01
6.797941680960548183e+01
6.797598627787306214e+01
6.798456260720411137e+01
6.799313893653516061e+01
6.800171526586620985e+01
6.799656946826758031e+01
6.799142367066895076e+01
6.798799313893653107e+01
6.799656946826758031e+01
6.796740994854201290e+01
6.796397941680960741e+01
6.797770154373928619e+01
6.799828473413379015e+01
6.801200686106346893e+01
6.802572898799314771e+01
6.803087478559177725e+01
6.803602058319039259e+01
6.806518010291594578e+01
6.807032590051457532e+01
6.807547169811320487e+01
6.808061749571183441e+01
6.808576329331046395e+01
6.808919382504288365e+01
6.812349914236706638e+01
6.818353344768439683e+01
6.817838765008576729e+01
6.807547169811320487e+01
6.806689536878215563e+01
6.802401372212693786e+01
6.802572898799313350e+01
6.804974271012007137e+01
6.807032590051457532e+01
6.807547169811320487e+01
6.808233276157804426e+01
6.808919382504286943e+01
6.809605488850772304e+01
6.812521440823327623e+01
6.813036020583190577e+01
6.813722126929674516e+01
6.812864493996568171e+01
6.811835334476843684e+01
6.810977701543740181e+01
6.809948542024014273e+01
6.808919382504288365e+01
6.808061749571183441e+01
6.807204116638078517e+01
6.809262435677530334e+01
6.811320754716982151e+01
6.809777015437391867e+01
6.804288164665523198e+01
6.801372212692967878e+01
6.797941680960548183e+01
6.806003430531733045e+01
6.814065180102916486e+01
6.818353344768439683e+01
6.818867924528302638e+01
6.821440823327614567e+01
6.822641509433962881e+01
6.822298456260719490e+01
6.822984562607203429e+01
6.815608919382503927e+01
6.806518010291594578e+01
6.798456260720411137e+01
6.790222984562606712e+01
6.780617495711834408e+01
6.781303602058318347e+01
6.786792452830188438e+01
6.785077186963980012e+01
6.784391080617496073e+01
6.783533447684391149e+01
6.786277873070326905e+01
6.789022298456259819e+01
6.791938250428816559e+01
6.794682675814752315e+01
6.795368782161236254e+01
6.796054888507718772e+01
6.796740994854202711e+01
6.797427101200685229e+01
6.798113207547169168e+01
6.798799313893653107e+01
6.798456260720411137e+01
6.799313893653516061e+01
6.793825042881647391e+01
6.793138936535163452e+01
6.793825042881645970e+01
6.794511149228131330e+01
6.793996569468268376e+01
6.792281303602058529e+01
6.789193825042882224e+01
6.788507718696399706e+01
6.788850771869640255e+01
6.786620926243568874e+01
6.781132075471697362e+01
6.779416809605488936e+01
6.780617495711835829e+01
6.783190394511149179e+01
6.781646655231560317e+01
6.787821612349914346e+01
6.786277873070326905e+01
6.781818181818181301e+01
6.773927958833618845e+01
6.769639794168095648e+01
6.770154373927958602e+01
6.768610634648371160e+01
6.767066895368782298e+01
6.766895368782161313e+01
6.766723842195540328e+01
6.766723842195538907e+01
6.766895368782161313e+01
6.767066895368782298e+01
6.767238421955403282e+01
6.761234991423668816e+01
6.756432246998284086e+01
6.751457975986276949e+01
6.746483704974269813e+01
6.740480274442538189e+01
6.735506003430531052e+01
6.730531732418525337e+01
6.724528301886792292e+01
6.719554030874785155e+01
6.715951972555745897e+01
6.710977701543738760e+01
6.703773584905658822e+01
6.696397941680959320e+01
6.689193825042880803e+01
6.681818181818181301e+01
6.678216123499142043e+01
6.674614065180102784e+01
6.672212692967410419e+01
6.669811320754718054e+01
6.667581475128645252e+01
6.662607204116639537e+01
6.657632933104630979e+01
6.656603773584905070e+01
6.659519725557461811e+01
6.662435677530017131e+01
6.665523156089193435e+01
6.668610634648371160e+01
6.670668953687821556e+01
6.669982847341337617e+01
6.669125214408232694e+01
6.669468267581474663e+01
6.668439108061748755e+01
6.663464837049741618e+01
6.658490566037735903e+01
6.655746140651800147e+01
6.656603773584905070e+01
6.661063464837049253e+01
6.659519725557460390e+01
6.659519725557461811e+01
6.660891938250428268e+01
6.658490566037735903e+01
6.656089193825042116e+01
6.653516295025728766e+01
6.653344768439106360e+01
6.648198970840479660e+01
6.644425385934819417e+01
6.639622641509433265e+01
6.634819897084048534e+01
6.631217838765007855e+01
