2.043619210977701641e+02
2.043310463121783869e+02
2.043001715265866096e+02
2.042675814751286509e+02
2.042349914236706923e+02
2.042024013722127052e+02
2.041715265866209279e+02
2.041406518010291506e+02
2.041097770154373734e+02
2.040806174957118344e+02
2.040360205831904068e+02
2.040068610634648394e+02
2.039777015437392720e+02
2.039331046312178444e+02
2.038885077186963883e+02
2.038576329331046395e+02
2.038267581475128623e+02
2.037958833619210850e+02
2.037650085763293362e+02
2.037221269296740900e+02
2.036946826758147324e+02
2.036518010291595147e+02
2.036089193825042685e+02
2.035660377358490507e+02
2.035231560891938329e+02
2.034802744425385868e+02
2.034528301886792576e+02
2.034116638078902213e+02
2.033704974271011849e+02
2.033293310463121770e+02
2.032881646655231407e+02
2.032469982847341328e+02
2.032058319039451248e+02
2.031646655231560885e+02
2.031234991423671090e+02
2.030823327615780727e+02
2.030411663807890363e+02
2.029897084048027409e+02
2.029382504288165023e+02
2.028987993138936758e+02
2.028473413379073804e+02
2.027958833619210850e+02
2.027564322469982869e+02
2.027049742710120199e+02
2.026535162950257245e+02
2.026020583190394291e+02
2.025608919382504212e+02
2.025094339622641542e+02
2.024682675814751178e+02
2.024271012006861099e+02
2.023979416809605425e+02
2.023687821612350035e+02
2.023379073756432263e+02
2.023070325900514490e+02
2.022778730703259100e+02
2.022469982847341328e+02
2.022178387650085938e+02
2.021886792452830264e+02
2.021578044596912491e+02
2.021286449399656817e+02
2.020823327615780158e+02
2.020531732418525053e+02
2.020051457975986295e+02
2.019571183533447822e+02
2.019296740994853963e+02
2.018816466552315774e+02
2.018336192109777016e+02
2.017838765008576161e+02
2.017341337907375589e+02
2.016843910806175018e+02
2.016346483704974162e+02
2.015849056603773590e+02
2.015334476843910636e+02
2.014819897084047966e+02
2.014511149228130193e+02
2.014202401372212705e+02
2.013876500857633118e+02
2.013533447684391149e+02
2.013173241852487081e+02
2.012795883361921199e+02
2.012401372212692934e+02
2.012006861063464953e+02
2.011612349914236688e+02
2.011200686106346325e+02
2.010789022298456246e+02
2.010651801029159458e+02
2.010771869639794147e+02
2.010497427101200856e+02
2.010205831903945182e+02
2.009897084048027409e+02
2.009914236706689508e+02
2.009897084048027409e+02
2.009777015437392720e+02
2.009639794168095932e+02
2.009485420240137046e+02
2.009674099485420129e+02
2.009777015437392720e+02
2.009777015437392720e+02
2.009742710120068523e+02
2.009708404802744326e+02
2.009674099485420129e+02
2.009982847341337902e+02
2.010154373927958886e+02
2.010257289879931193e+02
2.010360205831903784e+02
2.010034305317324197e+02
2.010428816466552178e+02
2.010703259005145753e+02
2.010943396226415132e+02
2.011166380789022128e+02
2.011389365351629408e+02
2.012006861063464669e+02
2.012607204116638115e+02
2.013207547169811278e+02
2.013636363636363740e+02
2.014013722126929622e+02
2.014391080617495788e+02
2.014768439108061671e+02
2.015128644939965739e+02
2.015488850771869522e+02
2.015849056603773590e+02
2.016209262435677374e+02
2.016569468267581442e+02
2.016912521440823127e+02
2.017255574614065097e+02
2.017615780445968880e+02
2.017975986277872948e+02
2.018336192109777016e+02
2.018696397941681084e+02
2.019090909090909349e+02
2.019536878216123625e+02
2.019982847341337902e+02
2.020205831903945182e+02
2.020428816466552462e+02
2.020651801029159458e+02
2.020891938250428552e+02
2.021166380789022128e+02
2.021526586620926196e+02
2.021629502572898787e+02
2.021732418524871377e+02
2.021835334476843968e+02
2.021938250428816559e+02
2.021921097770154461e+02
2.021903945111492078e+02
2.021886792452829980e+02
2.021886792452830264e+02
2.021955403087478658e+02
2.021818181818181586e+02
2.021663807890222984e+02
2.021526586620926196e+02
2.021423670668953605e+02
2.020240137221269379e+02
2.019931389365351606e+02
2.019639794168095932e+02
2.019382504288164739e+02
2.019536878216123341e+02
2.019125214408233262e+02
2.018713550600343183e+02
2.018301886792452819e+02
2.017873070325900358e+02
2.017444253859348180e+02
2.017084048027444112e+02
2.016775300171526624e+02
2.016483704974270950e+02
2.016518010291595147e+02
2.015934819897084083e+02
2.015351629502573019e+02
2.014768439108061671e+02
2.014185248713550322e+02
2.013602058319039259e+02
2.013053173241852392e+02
2.012487135506003426e+02
2.011921097770154461e+02
2.011355060034305211e+02
2.010806174957118060e+02
2.010257289879931477e+02
2.009708404802744326e+02
2.009159519725557459e+02
2.008610634648370592e+02
2.008078902229845539e+02
2.007547169811321055e+02
2.007255574614065097e+02
2.006929674099485510e+02
2.006586620926243540e+02
2.006226415094339472e+02
2.005866209262435689e+02
2.005488850771869522e+02
2.005128644939965739e+02
2.004768439108061671e+02
2.004408233276157603e+02
2.004048027444253819e+02
2.003687821612350035e+02
2.003327615780445967e+02
2.002967409948541899e+02
2.002624356775300214e+02
2.002298456260720343e+02
2.002435677530017131e+02
2.002607204116638115e+02
2.002727272727272805e+02
2.002761578044596718e+02
2.002212692967409851e+02
2.001663807890222984e+02
2.001698113207547181e+02
2.001732418524871377e+02
2.001715265866209279e+02
2.001715265866209279e+02
2.001715265866209279e+02
2.001183533447684226e+02
2.000634648370497644e+02
2.000085763293310492e+02
1.999554030874785440e+02
1.999005145797598857e+02
1.998730703259005281e+02
1.998216123499142327e+02
1.997941680960548752e+02
1.997409948542023983e+02
1.996895368782161313e+02
1.996363636363636260e+02
1.995831903945111492e+02
1.995265866209262526e+02
1.994699828473413277e+02
1.994116638078901929e+02
1.993550600343052963e+02
1.992967409948541899e+02
1.992384219554030551e+02
1.991801029159519203e+02
1.991217838765008139e+02
1.990617495711834977e+02
1.990000000000000000e+02
1.989348198970840258e+02
1.988713550600342899e+02
1.987941680960548752e+02
1.987135506003430407e+02
1.986312178387649965e+02
1.985488850771869522e+02
1.984665523156089080e+02
1.984305317324185012e+02
1.983945111492281228e+02
1.983602058319039259e+02
1.983259005145797573e+02
1.982915951972555604e+02
1.982572898799313634e+02
1.982229845626071949e+02
1.982795883361921199e+02
1.983379073756432263e+02
1.983962264150943327e+02
1.983481989708404853e+02
1.982984562607204282e+02
1.982487135506003710e+02
1.982126929674099642e+02
1.981629502572898787e+02
1.982058319039451248e+02
1.981560891938250393e+02
1.981063464837049821e+02
1.980548885077187151e+02
1.980960548885077515e+02
1.980445969125214560e+02
1.979931389365351606e+02
1.980377358490565882e+02
1.979862778730703212e+02
1.979879931389365311e+02
1.979931389365351606e+02
1.979828473413379015e+02
1.979725557461406424e+02
1.979742710120068523e+02
1.979639794168095932e+02
1.979519725557461243e+02
1.979382504288164739e+02
1.979262435677529766e+02
1.979142367066895360e+02
1.979022298456260671e+02
1.978902229845625982e+02
1.978782161234991577e+02
1.978799313893653391e+02
1.978662092624356887e+02
1.978696397941680800e+02
1.978713550600343183e+02
1.978730703259004997e+02
1.978730703259005281e+02
1.978730703259004997e+02
1.978730703259005281e+02
1.978730703259004997e+02
1.979039451114922770e+02
1.979348198970840258e+02
1.979639794168095932e+02
1.979914236706689508e+02
1.980188679245283083e+02
1.980428816466552178e+02
1.980651801029159742e+02
1.980891938250428836e+02
1.981286449399656817e+02
1.981320754716981014e+02
1.981355060034305211e+02
1.981389365351629408e+02
1.981903945111492362e+02
1.982401372212692650e+02
1.982881646655231407e+02
1.983087478559176589e+02
1.983293310463121770e+02
1.983670668953687652e+02
1.984030874785591720e+02
1.984614065180102784e+02
1.984974271012006852e+02
1.985162950257289936e+02
1.985557461406518200e+02
1.985951972555746181e+02
1.986329331046312348e+02
1.986723842195540612e+02
1.986363636363636260e+02
1.986003430531732761e+02
1.985643224699828693e+02
1.985283018867924625e+02
1.985660377358490791e+02
1.985900514579760170e+02
1.986140651801029264e+02
1.986380789022298359e+02
1.986603773584905639e+02
1.986826758147512919e+02
1.987066895368782014e+02
1.987324185248713491e+02
1.986843910806174733e+02
1.986363636363636260e+02
1.985883361921097503e+02
1.985403087478559030e+02
1.984922813036020557e+02
1.985025728987993148e+02
1.985128644939965739e+02
1.985214408233276231e+02
1.985334476843910636e+02
1.985471698113207424e+02
1.985420240137221413e+02
1.985351629502573019e+02
1.985471698113207708e+02
1.985626072041166594e+02
1.986655231560891934e+02
1.986620926243567737e+02
1.986569468267581442e+02
1.986569468267581726e+02
1.986620926243568022e+02
1.986672384219554033e+02
1.986655231560891934e+02
1.986672384219554033e+02
1.986775300171526624e+02
1.986552315608919628e+02
1.986312178387649965e+02
1.986569468267581442e+02
1.986535162950257245e+02
1.986500857632933048e+02
1.987084048027444396e+02
1.986826758147512919e+02
1.986603773584905639e+02
1.986655231560891934e+02
1.986518010291595147e+02
1.986123499142366882e+02
1.985728987993138901e+02
1.986037735849056673e+02
1.986174957118353461e+02
1.986260720411663954e+02
1.986363636363636260e+02
1.986483704974270950e+02
1.986586620926243540e+02
1.986174957118353177e+02
1.985763293310463098e+02
1.985351629502573019e+02
1.984922813036020841e+02
1.984493996569468379e+02
1.984048027444253819e+02
1.983773584905660528e+02
1.983499142367066952e+02
1.983224699828473376e+02
1.983430531732418558e+02
1.983670668953687937e+02
1.983893653516295217e+02
1.984099485420240399e+02
1.984493996569468663e+02
1.985060034305317629e+02
1.985437392795883511e+02
1.985797598627787579e+02
1.985728987993139185e+02
1.985660377358490507e+02
1.985591766723842397e+02
1.985746140651801284e+02
1.985917667238421984e+02
1.986072041166380586e+02
1.986209262435677374e+02
1.986329331046312063e+02
1.986449399656946753e+02
1.986569468267581442e+02
1.986706689536878230e+02
1.986843910806175018e+02
1.987444253859347896e+02
1.988233276157804426e+02
1.988644939965694789e+02
1.988524871355060100e+02
1.988404802744425410e+02
1.988130360205831835e+02
1.987855917667238543e+02
1.988593481989708494e+02
1.988319039451114918e+02
1.988044596912521342e+02
1.987770154373928051e+02
1.987512864493996858e+02
1.987255574614065381e+02
1.986878216123499215e+02
1.986500857632933048e+02
1.986123499142366882e+02
1.985746140651800999e+02
1.985746140651800999e+02
1.985351629502573019e+02
1.984957118353344754e+02
1.984682675814751178e+02
1.984425385934819701e+02
1.984168096054888508e+02
1.983910806174957031e+02
1.983653516295025838e+02
1.983396226415094361e+02
1.983001715265866096e+02
1.982607204116638115e+02
1.981955403087478658e+02
1.981303602058319200e+02
1.980926243567753033e+02
1.980531732418525053e+02
1.980137221269296788e+02
1.979759862778730906e+02
1.979485420240137330e+02
1.979210977701543754e+02
1.978833619210977872e+02
1.978336192109777016e+02
1.977838765008576161e+02
1.977341337907375589e+02
1.976843910806175018e+02
1.976346483704974446e+02
1.975849056603773590e+02
1.975197255574614132e+02
1.974545454545454390e+02
1.974819897084047966e+02
1.974168096054888508e+02
1.973516295025729050e+02
1.972864493996569593e+02
1.972212692967410135e+02
1.971560891938250393e+02
1.970909090909090935e+02
1.970257289879931477e+02
1.969588336192109637e+02
1.969073756432246967e+02
1.968559176672384297e+02
1.968044596912521342e+02
1.967547169811321055e+02
1.967049742710120199e+02
1.966552315608919344e+02
1.966054888507718488e+02
1.965557461406518200e+02
1.965060034305317345e+02
1.964562607204116489e+02
1.964065180102916202e+02
1.963567753001715346e+02
1.963070325900514490e+02
1.962572898799313919e+02
1.962075471698113347e+02
1.961715265866209279e+02
1.961355060034305211e+02
1.960994854202401143e+02
1.960634648370497359e+02
1.960274442538593576e+02
1.959914236706689508e+02
1.959691252144082227e+02
1.959468267581475232e+02
1.959245283018868236e+02
1.959416809605488936e+02
1.959210977701543754e+02
1.959005145797598573e+02
1.959331046312178444e+02
1.959639794168096216e+02
1.959382504288164455e+02
1.959656946826758031e+02
1.959519725557461527e+02
1.959399656946826838e+02
1.959674099485420129e+02
1.959948542024013705e+02
1.959982847341337902e+02
1.960034305317324197e+02
1.960085763293310492e+02
1.960137221269296788e+02
1.960034305317324197e+02
1.960463121783876375e+02
1.960240137221269094e+02
1.960428816466552178e+02
1.960668953687821556e+02
1.960926243567752749e+02
1.962469982847341328e+02
1.962933104631217702e+02
1.963379073756432263e+02
1.963653516295025838e+02
1.963945111492281512e+02
1.964236706689536902e+02
1.964528301886792292e+02
1.964802744425385868e+02
1.964905660377358458e+02
1.965025728987993148e+02
1.965162950257289936e+02
1.965317324185248822e+02
1.964854202401372163e+02
1.964408233276157603e+02
1.964391080617495788e+02
1.964408233276157887e+02
1.963825042881646823e+02
1.963241852487135475e+02
1.963293310463121770e+02
1.963361921097770164e+02
1.963481989708404853e+02
1.963602058319039543e+02
1.963499142367066952e+02
1.963413379073756460e+02
1.963327615780445967e+02
1.963259005145797573e+02
1.963207547169811278e+02
1.963138936535162884e+02
1.963121783876500785e+02
1.963121783876500785e+02
1.963104631217838687e+02
1.962813036020583013e+02
1.962504288164665525e+02
1.962178387650085938e+02
1.962006861063464953e+02
1.961801029159519771e+02
1.961818181818181870e+02
1.961217838765008423e+02
1.960874785591766738e+02
1.960703259005146037e+02
1.960514579759862954e+02
1.960548885077187151e+02
1.960617495711835545e+02
1.960274442538593576e+02
1.959931389365351606e+02
1.959794168096054818e+02
1.959656946826758031e+02
1.959502572898799428e+02
1.959536878216123341e+02
1.959622641509433834e+02
1.959468267581474947e+02
1.959365351629502641e+02
1.959228130360205853e+02
1.959039451114923054e+02
1.959108061749571164e+02
1.959193825042881372e+02
1.959296740994853963e+02
1.959416809605488652e+02
1.959536878216123341e+02
1.959416809605488652e+02
1.959416809605488652e+02
1.959433962264150750e+02
1.959468267581474947e+02
1.959502572898799144e+02
1.959554030874785440e+02
1.959588336192109637e+02
1.959639794168095932e+02
1.959691252144082227e+02
1.959725557461406424e+02
1.959777015437392720e+02
1.959742710120068523e+02
1.959674099485420413e+02
1.959862778730703212e+02
1.960034305317324197e+02
1.960188679245283083e+02
1.960325900514579871e+02
1.960463121783876659e+02
1.960583190394511348e+02
1.960737564322469950e+02
1.961097770154374018e+02
1.961440823327615703e+02
1.961783876500857673e+02
1.961698113207547181e+02
1.961612349914236688e+02
1.961526586620926196e+02
1.961457975986277802e+02
1.961372212692967310e+02
1.961303602058318916e+02
1.961234991423670522e+02
1.961166380789022128e+02
1.960960548885076946e+02
1.960909090909090935e+02
1.960874785591766738e+02
1.960668953687821556e+02
1.960308747855917773e+02
1.959931389365351606e+02
1.959725557461406709e+02
1.959554030874785724e+02
1.959210977701543754e+02
1.959039451114923054e+02
1.958850771869639971e+02
1.958679245283018986e+02
1.958507718696398001e+02
1.958336192109777016e+02
1.958319039451114918e+02
1.958147512864494217e+02
1.957975986277873233e+02
1.957958833619211418e+02
1.957941680960549036e+02
1.957993138936535331e+02
1.958027444253859528e+02
1.958078902229845824e+02
1.958113207547169736e+02
1.958267581475128623e+02
1.958267581475128623e+02
1.958421955403087509e+02
1.958576329331046395e+02
1.958713550600343183e+02
1.958850771869639686e+02
1.959005145797598573e+02
1.959005145797598288e+02
1.959142367066895076e+02
1.959262435677529766e+02
1.959382504288164455e+02
1.959502572898799144e+02
1.959622641509433834e+02
1.959742710120068523e+02
1.959433962264150750e+02
1.959125214408233262e+02
1.958816466552315774e+02
1.958936535162950179e+02
1.958730703259005281e+02
1.958524871355060100e+02
1.958198970840480229e+02
1.957993138936535331e+02
1.957787307032590434e+02
1.957873070325900926e+02
1.958078902229845824e+02
1.958284734133791005e+02
1.958507718696398001e+02
1.958456260720411706e+02
1.958507718696398001e+02
1.958456260720411706e+02
1.958559176672384297e+02
1.958370497427101213e+02
1.958336192109777016e+02
1.958164665523156032e+02
1.958164665523156032e+02
1.958113207547169736e+02
1.958096054888507638e+02
1.958044596912521342e+02
1.957993138936535047e+02
1.957958833619210850e+02
1.957890222984562456e+02
1.957993138936535047e+02
1.957907375643224555e+02
1.958010291595197145e+02
1.958113207547169736e+02
1.957993138936535047e+02
1.958078902229845539e+02
1.958164665523156032e+02
1.958404802744425410e+02
1.958644939965694789e+02
1.958867924528302069e+02
1.959090909090909065e+02
1.959313893653516061e+02
1.959811320754716917e+02
1.960291595197255674e+02
1.959519725557461527e+02
1.958747855917667380e+02
1.958936535162950463e+02
1.959142367066895360e+02
1.959365351629502641e+02
1.959828473413379015e+02
1.960257289879931477e+02
1.960668953687821556e+02
1.961063464837049537e+02
1.961475128644939900e+02
1.961560891938250393e+02
1.961921097770154461e+02
1.961972555746140756e+02
1.962418524871355032e+02
1.962864493996569308e+02
1.963327615780445967e+02
1.963464837049742755e+02
1.963636363636363740e+02
1.963910806174957031e+02
1.964356775300171307e+02
1.964802744425385868e+02
1.964905660377358458e+02
1.965077186963979443e+02
1.965334476843910920e+02
1.965626072041166594e+02
1.965917667238421984e+02
1.966209262435677658e+02
1.966157804459691363e+02
1.965660377358490507e+02
1.965231560891938329e+02
1.964802744425385868e+02
1.964802744425385868e+02
1.964082332761578300e+02
1.963481989708404853e+02
1.962915951972555888e+02
1.962367066895369021e+02
1.961818181818181870e+02
1.960874785591767022e+02
1.959948542024013705e+02
1.959022298456260955e+02
1.958267581475128623e+02
1.957564322469982869e+02
1.957461406518010278e+02
1.957392795883361885e+02
1.957375643224699786e+02
1.957358490566037688e+02
1.957084048027444396e+02
1.956792452830188722e+02
1.956518010291595147e+02
1.956346483704974162e+02
1.956192109777015560e+02
1.956054888507718772e+02
1.955626072041166594e+02
1.954082332761578300e+02
1.953670668953687937e+02
1.953344768439108066e+02
1.952984562607204282e+02
1.952641509433962597e+02
1.952212692967410135e+02
1.951766723842195574e+02
1.951492281303601999e+02
1.951217838765008423e+02
1.950926243567753033e+02
1.950548885077187151e+02
1.950445969125214560e+02
1.950000000000000000e+02
1.949622641509434118e+02
1.949365351629502641e+02
1.949245283018867951e+02
1.949142367066895076e+02
1.949056603773584868e+02
1.948936535162950179e+02
1.948782161234991577e+02
1.948610634648370592e+02
1.948421955403087509e+02
1.948250428816466524e+02
1.948061749571183441e+02
1.948987993138936474e+02
1.949056603773584868e+02
1.949125214408233262e+02
1.949159519725557459e+02
1.948782161234991293e+02
1.948610634648370308e+02
1.948439108061749607e+02
1.948319039451114918e+02
1.948198970840479944e+02
1.948096054888507638e+02
1.947924528301886653e+02
1.947735849056603570e+02
1.947512864493996290e+02
1.946981132075471805e+02
1.947049742710120199e+02
1.947118353344768309e+02
1.947186963979416703e+02
1.947255574614064813e+02
1.947307032590051108e+02
1.947341337907375305e+02
1.947392795883361885e+02
1.947444253859348464e+02
1.947530017152658388e+02
1.947581475128644968e+02
1.947632933104630979e+02
1.947701543739279373e+02
1.947770154373928051e+02
1.947855917667238543e+02
1.947924528301886653e+02
1.947993138936535047e+02
1.947821612349914062e+02
1.947855917667238259e+02
1.947890222984562456e+02
1.947958833619210850e+02
1.948027444253859244e+02
1.948113207547169736e+02
1.948198970840480229e+02
1.948284734133790721e+02
1.948044596912521342e+02
1.947804459691251964e+02
1.947907375643224555e+02
1.948010291595197145e+02
1.948113207547169736e+02
1.948216123499142327e+02
1.947975986277872948e+02
1.947272727272727195e+02
1.946569468267581442e+02
1.945917667238421984e+02
1.945317324185248822e+02
1.945334476843910920e+02
1.945351629502573019e+02
1.944785591766723769e+02
1.944219554030874519e+02
1.943670668953687937e+02
1.943121783876500785e+02
1.942572898799313919e+02
1.942572898799313634e+02
1.942452830188678945e+02
1.942332761578044540e+02
1.942212692967410135e+02
1.942092624356775445e+02
1.941972555746140756e+02
1.941852487135506067e+02
1.941732418524871377e+02
1.941835334476843968e+02
1.941578044596912491e+02
1.941320754716981014e+02
1.941063464837049537e+02
1.940806174957118344e+02
1.940909090909090651e+02
1.941012006861063242e+02
1.941114922813035832e+02
1.941217838765008423e+02
1.941320754716981014e+02
1.941423670668953605e+02
1.941406518010291506e+02
1.941132075471697931e+02
1.941114922813036117e+02
1.941097770154374018e+02
1.940823327615780727e+02
1.940926243567753033e+02
1.941029159519725624e+02
1.941132075471698215e+02
1.941234991423670806e+02
1.941337907375643397e+02
1.941440823327615703e+02
1.941543739279588294e+02
1.941629502572898787e+02
1.941698113207547181e+02
1.941766723842195574e+02
1.941835334476843968e+02
1.941663807890222984e+02
1.941046312178387439e+02
1.939948542024013705e+02
1.939433962264150750e+02
1.939965694682675803e+02
1.940291595197255390e+02
1.940806174957118060e+02
1.941183533447684226e+02
1.941869639794168165e+02
1.941612349914236404e+02
1.942281303602058244e+02
1.943138936535162884e+02
1.943979416809605425e+02
1.943876500857633118e+02
1.944682675814751178e+02
1.945488850771869522e+02
1.945265866209262526e+02
1.946003430531732192e+02
1.946209262435677374e+02
1.946723842195540328e+02
1.947204116638079086e+02
1.947650085763293646e+02
1.947975986277873233e+02
1.948627787307032690e+02
1.949279588336191864e+02
1.949897084048027409e+02
1.950497427101200856e+02
1.951097770154374018e+02
1.951698113207547181e+02
1.952298456260720627e+02
1.952898799313893505e+02
1.953361921097770164e+02
1.953979416809605425e+02
1.954562607204116489e+02
1.955162950257289936e+02
1.955763293310463098e+02
1.955763293310462814e+02
1.955780445969124912e+02
1.955797598627787011e+02
1.956535162950257245e+02
1.956963979416809423e+02
1.957392795883361885e+02
1.957838765008576161e+02
1.957598627787306782e+02
1.957358490566037403e+02
1.957855917667238259e+02
1.958370497427101213e+02
1.958867924528301785e+02
1.958507718696398001e+02
1.958164665523156032e+02
1.957838765008576161e+02
1.958216123499142327e+02
1.958421955403087509e+02
1.958644939965694789e+02
1.958885077186964168e+02
1.959142367066895360e+02
1.959399656946826838e+02
1.959519725557461243e+02
1.959656946826758031e+02
1.959794168096054818e+02
1.959931389365351322e+02
1.960085763293310208e+02
1.960051457975986295e+02
1.959879931389365311e+02
1.959742710120068523e+02
1.959451114922812849e+02
1.959914236706689508e+02
1.960394511149227981e+02
1.960874785591766454e+02
1.961355060034305211e+02
1.960926243567752749e+02
1.960497427101200572e+02
1.959948542024013420e+02
1.959399656946826553e+02
1.958867924528301501e+02
1.958336192109776732e+02
1.957821612349914062e+02
1.957118353344768309e+02
1.957152658662092506e+02
1.957186963979416703e+02
1.957238421955402714e+02
1.957152658662092506e+02
1.957066895368782014e+02
1.956397941680960457e+02
1.955746140651800999e+02
1.955111492281303640e+02
1.954528301886792292e+02
1.953893653516294933e+02
1.953499142367066668e+02
1.952847341337907210e+02
1.952195540308747752e+02
1.951509433962264097e+02
1.951012006861063242e+02
1.950891938250428552e+02
1.950771869639793863e+02
1.950600343053173162e+02
1.950394511149227981e+02
1.950188679245282799e+02
1.950188679245283083e+02
1.950154373927958602e+02
1.950034305317323913e+02
1.950240137221269094e+02
1.950171526586620701e+02
1.949897084048027409e+02
1.949605488850771735e+02
1.949605488850771735e+02
1.949622641509433834e+02
1.949365351629502356e+02
1.949193825042881372e+02
1.948696397941680800e+02
1.948387650085763028e+02
1.948799313893653391e+02
1.949193825042881372e+02
1.948850771869639402e+02
1.948644939965694505e+02
1.948627787307032690e+02
1.948593481989708209e+02
1.948542024013722198e+02
1.948490566037735618e+02
1.949125214408233262e+02
1.949759862778730621e+02
1.950377358490566166e+02
1.950977701543739329e+02
1.951578044596912491e+02
1.952075471698113347e+02
1.952847341337907210e+02
1.953619210977701641e+02
1.954391080617495504e+02
1.954682675814751178e+02
1.954939965694682655e+02
1.955214408233275947e+02
1.955506003430531621e+02
1.955591766723842113e+02
1.955403087478559030e+02
1.955660377358490507e+02
1.955934819897084083e+02
1.956638078902229836e+02
1.957341337907375873e+02
1.958044596912521342e+02
1.958507718696398001e+02
1.958730703259004997e+02
1.958970840480274376e+02
1.959210977701543754e+02
1.958696397941681084e+02
1.958181818181818130e+02
1.957667238421955176e+02
1.957135506003430123e+02
1.956603773584905639e+02
1.955608919382503927e+02
1.954425385934819701e+02
1.953619210977701357e+02
1.953344768439107781e+02
1.953070325900514490e+02
1.952778730703258816e+02
1.952487135506003142e+02
1.951183533447684226e+02
1.951423670668953605e+02
1.951886792452829980e+02
1.952349914236706638e+02
1.952024013722127052e+02
1.952229845626071949e+02
1.952024013722127052e+02
1.951578044596912491e+02
1.952144082332761741e+02
1.952572898799313919e+02
1.952401372212692934e+02
1.952710120068610706e+02
1.953018867924528195e+02
1.953087478559176589e+02
1.953138936535162884e+02
1.953190394511148895e+02
1.953241852487135475e+02
1.953293310463121770e+02
1.953344768439108066e+02
1.953533447684390865e+02
1.953722126929673948e+02
1.953893653516294648e+02
1.954168096054888224e+02
1.954185248713550322e+02
1.954202401372212421e+02
1.954219554030874519e+02
1.954236706689536902e+02
1.954253859348199001e+02
1.954271012006860815e+02
1.954288164665522913e+02
1.954425385934819701e+02
1.954939965694682655e+02
1.955077186963979443e+02
1.955574614065180299e+02
1.955951972555745897e+02
1.956226415094339472e+02
1.956655231560891934e+02
1.957084048027444112e+02
1.956586620926243540e+02
1.957015437392796002e+02
1.957650085763293362e+02
1.958404802744425410e+02
1.959365351629502641e+02
1.960308747855917773e+02
1.961200686106346325e+02
1.962092624356775445e+02
1.962967409948542183e+02
1.963807890222984440e+02
1.964648370497426981e+02
1.965506003430531905e+02
1.966500857632933048e+02
1.967478559176672377e+02
1.968456260720411706e+02
1.969416809605488652e+02
1.970377358490565882e+02
1.971320754716981014e+02
1.972264150943396430e+02
1.973413379073756460e+02
1.973670668953687937e+02
1.974768439108061671e+02
1.975849056603773306e+02
1.976929674099485226e+02
1.978061749571183441e+02
1.979159519725557743e+02
1.980222984562607280e+02
1.981286449399656817e+02
1.982349914236706638e+02
1.983413379073756460e+02
1.984339622641509209e+02
1.985454545454545325e+02
1.986552315608919344e+02
1.987255574614065097e+02
1.988353344768439115e+02
1.989451114922812849e+02
1.990017152658662098e+02
1.990600343053173447e+02
1.991578044596912491e+02
1.992024013722127052e+02
1.992881646655231407e+02
1.993739279588336331e+02
1.994150943396226126e+02
1.994579759862778587e+02
1.995248713550600144e+02
1.995917667238421984e+02
1.996586620926243540e+02
1.997255574614065097e+02
1.997924528301886653e+02
1.998078902229845539e+02
1.998662092624356887e+02
1.998885077186963883e+02
1.999125214408233262e+02
1.999365351629502356e+02
1.999262435677529766e+02
1.999159519725557459e+02
1.999090909090909065e+02
1.999039451114922485e+02
1.999022298456260387e+02
1.999039451114922770e+02
1.999108061749571164e+02
1.998953687821612277e+02
1.998816466552315205e+02
1.998713550600342899e+02
1.998610634648370308e+02
1.998319039451114918e+02
1.998627787307032690e+02
1.998936535162950179e+02
1.998644939965694505e+02
1.998336192109777016e+02
1.998644939965694789e+02
1.998850771869639971e+02
1.998524871355060100e+02
1.997753001715265668e+02
1.997427101200685797e+02
1.997135506003430407e+02
1.996620926243567737e+02
1.996089193825042685e+02
1.995574614065180015e+02
1.995060034305317345e+02
1.994545454545454390e+02
1.993859348198971020e+02
1.993138936535162884e+02
1.992452830188679229e+02
1.991612349914236688e+02
1.991217838765008423e+02
1.990823327615780443e+02
1.990291595197255390e+02
1.989622641509433834e+02
1.988799313893653675e+02
1.987958833619211134e+02
1.987444253859348180e+02
1.986946826758147608e+02
1.986260720411663669e+02
1.985574614065180015e+02
1.984751286449399572e+02
1.984013722126929338e+02
1.983567753001715346e+02
1.983259005145797573e+02
1.982727272727272521e+02
1.981938250428816275e+02
1.981269296740994719e+02
1.980720411663808136e+02
1.979862778730703212e+02
1.979245283018867951e+02
1.978850771869639971e+02
1.978473413379073804e+02
1.977804459691251964e+02
1.977118353344768309e+02
1.976415094339622556e+02
1.975694682675814704e+02
1.974991423670668951e+02
1.974271012006861099e+02
1.973773584905660528e+02
1.973190394511149179e+02
1.972590051457975733e+02
1.971972555746140472e+02
1.971355060034305211e+02
1.970720411663807567e+02
1.970085763293310492e+02
1.969416809605488936e+02
1.968765008576329194e+02
1.968267581475128623e+02
1.967735849056603570e+02
1.967238421955402998e+02
1.966586620926243540e+02
1.965969125214408280e+02
1.965351629502572735e+02
1.964751286449399572e+02
1.964168096054888224e+02
1.963602058319039259e+02
1.963053173241852392e+02
1.962607204116638115e+02
1.961818181818181870e+02
1.961046312178387439e+02
1.960274442538593576e+02
1.959931389365351606e+02
1.959588336192109637e+02
1.959382504288164455e+02
1.959159519725557175e+02
1.958936535162949895e+02
1.958713550600342614e+02
1.958353344768439115e+02
1.958113207547169736e+02
1.957890222984562456e+02
1.957512864493996290e+02
1.957118353344768309e+02
1.956878216123499215e+02
1.956638078902229836e+02
1.956397941680960457e+02
1.955986277873070094e+02
1.955694682675814420e+02
1.955437392795883511e+02
1.955008576329330765e+02
1.954716981132075375e+02
1.954408233276157603e+02
1.954099485420240114e+02
1.954408233276157887e+02
1.954716981132075375e+02
1.955025728987993148e+02
1.954682675814751178e+02
1.954339622641509493e+02
1.953996569468267523e+02
1.953447684391080656e+02
1.952915951972555604e+02
1.953156089193824982e+02
1.953259005145797573e+02
1.953361921097770164e+02
1.953464837049742755e+02
1.953756432246998429e+02
1.953207547169811278e+02
1.953156089193824982e+02
1.953104631217838687e+02
1.953036020583190293e+02
1.952950257289879801e+02
1.952864493996569308e+02
1.952795883361920914e+02
1.952727272727272521e+02
1.952641509433962028e+02
1.952555746140651536e+02
1.952469982847341043e+02
1.952813036020583013e+02
1.953138936535162884e+02
1.953464837049742755e+02
1.953361921097770164e+02
1.953687821612350035e+02
1.954013722126929338e+02
1.954459691252143898e+02
1.954888507718696360e+02
1.955317324185248822e+02
1.955334476843910636e+02
1.955351629502573019e+02
1.955368782161234833e+02
1.955643224699828124e+02
1.956054888507718772e+02
1.956346483704974162e+02
1.956963979416809707e+02
1.957409948542023699e+02
1.958027444253859244e+02
1.958456260720411706e+02
1.959005145797598288e+02
1.959262435677529766e+02
1.959536878216123341e+02
1.960171526586620701e+02
1.960806174957118060e+02
1.961423670668953605e+02
1.961972555746140756e+02
1.962401372212692934e+02
1.962161234991423555e+02
1.962607204116637831e+02
1.963396226415094361e+02
1.964168096054888224e+02
1.964768439108061671e+02
1.965368782161234833e+02
1.965969125214407995e+02
1.966432246998284654e+02
1.967272727272726911e+02
1.968113207547169736e+02
1.968902229845625982e+02
1.969674099485420129e+02
1.969365351629502641e+02
1.969073756432246967e+02
1.969828473413379015e+02
1.971269296740994719e+02
1.971080617495711635e+02
1.970891938250428552e+02
1.971389365351629408e+02
1.971663807890222984e+02
1.971989708404802855e+02
1.972349914236706923e+02
1.972727272727272521e+02
1.973104631217838687e+02
1.973807890222984440e+02
1.973962264150943327e+02
1.974168096054888508e+02
1.974373927958833406e+02
1.974734133790737474e+02
1.975111492281303640e+02
1.975488850771869522e+02
1.975866209262435405e+02
1.976243567753001571e+02
1.976174957118353177e+02
1.976123499142366882e+02
1.976089193825042685e+02
1.976192109777015276e+02
1.976346483704974162e+02
1.976500857632933048e+02
1.976655231560891934e+02
1.976552315608919344e+02
1.976552315608919344e+02
1.977152658662092790e+02
1.977787307032589865e+02
1.977855917667238259e+02
1.977924528301886653e+02
1.978370497427101213e+02
1.978850771869639971e+02
1.979348198970840826e+02
1.979845626072041114e+02
1.980343053173241969e+02
1.980840480274442825e+02
1.980857632933104640e+02
1.980874785591766738e+02
1.980891938250428552e+02
1.980686106346483655e+02
1.979897084048027409e+02
1.979073756432246967e+02
1.978216123499142327e+02
1.977341337907375589e+02
1.976861063464837116e+02
1.976535162950257245e+02
1.976209262435677374e+02
1.975797598627787011e+02
1.975060034305317345e+02
1.974288164665522913e+02
1.973842195540308637e+02
1.974528301886792292e+02
1.974099485420240114e+02
1.973584905660377444e+02
1.973053173241852392e+02
1.972178387650085654e+02
1.971612349914236688e+02
1.971217838765008423e+02
1.970668953687821556e+02
1.970102915951972591e+02
1.969554030874785440e+02
1.969005145797598573e+02
1.968439108061749607e+02
1.968216123499142327e+02
1.967924528301886653e+02
1.967512864493996290e+02
1.966981132075471805e+02
1.966449399656946753e+02
1.965746140651801284e+02
1.965042881646655246e+02
1.964322469982847394e+02
1.963825042881646823e+02
1.963344768439108066e+02
1.962830188679245396e+02
1.962298456260720627e+02
1.961783876500857673e+02
1.961234991423670522e+02
1.960720411663807852e+02
1.960205831903945182e+02
1.959691252144082227e+02
1.959554030874785724e+02
1.959416809605488652e+02
1.959228130360205569e+02
1.959056603773584868e+02
1.958867924528301785e+02
1.958679245283018986e+02
1.958473413379073804e+02
1.958267581475128623e+02
1.958078902229845539e+02
1.957890222984562456e+02
1.957701543739279373e+02
1.957512864493996290e+02
1.957324185248713491e+02
1.957152658662092506e+02
1.956981132075471521e+02
1.956792452830188722e+02
1.956963979416809423e+02
1.956638078902229836e+02
1.956329331046312063e+02
1.956020583190394575e+02
1.955831903945111492e+02
1.955643224699828409e+02
1.955317324185248822e+02
1.954991423670668951e+02
1.954665523156089364e+02
1.954939965694682655e+02
1.954442538593482084e+02
1.953962264150943611e+02
1.953464837049742755e+02
1.952967409948542183e+02
1.952349914236706923e+02
1.951715265866209279e+02
1.951080617495711635e+02
1.951012006861063242e+02
1.950943396226414848e+02
1.950291595197255390e+02
1.949639794168096216e+02
1.949536878216123625e+02
1.948867924528302069e+02
1.948542024013722198e+02
1.948216123499142327e+02
1.947890222984562456e+02
1.948113207547169736e+02
1.948336192109777016e+02
1.948559176672384297e+02
1.948782161234991577e+02
1.949005145797598857e+02
1.949228130360205853e+02
1.949451114922812849e+02
1.949656946826758031e+02
1.949879931389365311e+02
1.950102915951972591e+02
1.950445969125214276e+02
1.950771869639793863e+02
1.951097770154373734e+02
1.951440823327615419e+02
1.951766723842195574e+02
1.952075471698113347e+02
1.952401372212692934e+02
1.952487135506003426e+02
1.952933104631217702e+02
1.953327615780445967e+02
1.953722126929674232e+02
1.954099485420240114e+02
1.954116638078901929e+02
1.954356775300171307e+02
1.954596912521440686e+02
1.954837049742710064e+02
1.955025728987993148e+02
1.955197255574614132e+02
1.955471698113207708e+02
1.955969125214408280e+02
1.956466552315608851e+02
1.956963979416809707e+02
1.957855917667238259e+02
1.958216123499142327e+02
1.958850771869639971e+02
1.959485420240137046e+02
1.960102915951972591e+02
1.960583190394511348e+02
1.961063464837050105e+02
1.961818181818181870e+02
1.962555746140651820e+02
1.963173241852487081e+02
1.963790737564322626e+02
1.964682675814751178e+02
1.965814751286449393e+02
1.966466552315608851e+02
1.967461406518009994e+02
1.967873070325900358e+02
1.968542024013722198e+02
1.969416809605488652e+02
1.970102915951972591e+02
1.970668953687821272e+02
1.971063464837049537e+02
1.971732418524871377e+02
1.972384219554031120e+02
1.972830188679245111e+02
1.972504288164665525e+02
1.972881646655231407e+02
1.972590051457976301e+02
1.972984562607203998e+02
1.973447684391080656e+02
1.973910806174957315e+02
1.974373927958833690e+02
1.974648370497426981e+02
1.974957118353344754e+02
1.975300171526586723e+02
1.975643224699828409e+02
1.975780445969125196e+02
1.975934819897083798e+02
1.976123499142367166e+02
1.976329331046312063e+02
1.976535162950257245e+02
1.976740994854202427e+02
1.976946826758147324e+02
1.977152658662092506e+02
1.977358490566037403e+02
1.977564322469982869e+02
1.977650085763293362e+02
1.977890222984562456e+02
1.978130360205831835e+02
1.978970840480274376e+02
1.979811320754716917e+02
1.980651801029159458e+02
1.980617495711835545e+02
1.980583190394511064e+02
1.980583190394511348e+02
1.980600343053173162e+02
1.981337907375643113e+02
1.981663807890222984e+02
1.981509433962264097e+02
1.981389365351629692e+02
1.981286449399656817e+02
1.981903945111492362e+02
1.982315608919382441e+02
1.982487135506003426e+02
1.982246998284734332e+02
1.982006861063464953e+02
1.981783876500857673e+02
1.981372212692967310e+02
1.980703259005146037e+02
1.980325900514579587e+02
1.979948542024013705e+02
1.979588336192109637e+02
1.979245283018867667e+02
1.978439108061749607e+02
1.977907375643224555e+02
1.977375643224699786e+02
1.976981132075471805e+02
1.976586620926243540e+02
1.975951972555746181e+02
1.975454545454545610e+02
1.974974271012006852e+02
1.974511149228130193e+02
1.974065180102915917e+02
1.973807890222984440e+02
1.973567753001715346e+02
1.973138936535162884e+02
1.972710120068610706e+02
1.972298456260720627e+02
1.971989708404802855e+02
1.971680960548885082e+02
1.971543739279588294e+02
1.971406518010291506e+02
1.971286449399657101e+02
1.971149228130360029e+02
1.971149228130360314e+02
1.971149228130360314e+02
1.971166380789022412e+02
1.971166380789022128e+02
1.971166380789022412e+02
1.971097770154374018e+02
1.971029159519725624e+02
1.970943396226414848e+02
1.970926243567753033e+02
1.970668953687821841e+02
1.970411663807890363e+02
1.970171526586620985e+02
1.969554030874785440e+02
1.968936535162950179e+02
1.968336192109777016e+02
1.967718696397941471e+02
1.967118353344768309e+02
1.966363636363636260e+02
1.965608919382504212e+02
1.964854202401372163e+02
1.964099485420240114e+02
1.963825042881646539e+02
1.963259005145797573e+02
1.963001715265866096e+02
1.962281303602058529e+02
1.962058319039451248e+02
1.961801029159519771e+02
1.961423670668953605e+02
1.961029159519725624e+02
1.960634648370497644e+02
1.960000000000000000e+02
1.959382504288164739e+02
1.958799313893653675e+02
1.958250428816466524e+02
1.957701543739279657e+02
1.957169811320754889e+02
1.956638078902229836e+02
1.956106346483704783e+02
1.955403087478559314e+02
1.954888507718696360e+02
1.954391080617495504e+02
1.953910806174957315e+02
1.953430531732418558e+02
1.952881646655231407e+02
1.952058319039451248e+02
1.951234991423670522e+02
1.950411663807890079e+02
1.949588336192109637e+02
1.948765008576329478e+02
1.947941680960548752e+02
1.947289879931389294e+02
1.946500857632933048e+02
1.945969125214407995e+02
1.945025728987993148e+02
1.944082332761578016e+02
1.943138936535162884e+02
1.942195540308748036e+02
1.941252144082332904e+02
1.940308747855917773e+02
1.939742710120068523e+02
1.939039451114922770e+02
1.938336192109777016e+02
1.938404802744425410e+02
1.938473413379073804e+02
1.939108061749571448e+02
1.939742710120068523e+02
1.940377358490566166e+02
1.941012006861063242e+02
1.941646655231560885e+02
1.942281303602058244e+02
1.942915951972555604e+02
1.943550600343053247e+02
1.944185248713550322e+02
1.943910806174957031e+02
1.943636363636363455e+02
1.943722126929673948e+02
1.943567753001715346e+02
1.942538593481989722e+02
1.942281303602058244e+02
1.942349914236706638e+02
1.942950257289879801e+02
1.943790737564322342e+02
1.943619210977701641e+02
1.943584905660377444e+02
1.943756432246998429e+02
1.943825042881646823e+02
1.943893653516295217e+02
1.944082332761578016e+02
1.944185248713550891e+02
1.944528301886792292e+02
1.944854202401372163e+02
1.945385934819897216e+02
1.945900514579759601e+02
1.946397941680960457e+02
1.946878216123499215e+02
1.947341337907375873e+02
1.947650085763293362e+02
1.948216123499142327e+02
1.949005145797598857e+02
1.949759862778730906e+02
1.950480274442538757e+02
1.951166380789022128e+02
1.951852487135506067e+02
1.952778730703259100e+02
1.953670668953687937e+02
1.954185248713550607e+02
1.955025728987993148e+02
1.955197255574614132e+02
1.955780445969124912e+02
1.956672384219554033e+02
1.957547169811320771e+02
1.958421955403087225e+02
1.959228130360205569e+02
1.959828473413379015e+02
1.960222984562607280e+02
1.960703259005145753e+02
1.960977701543739329e+02
1.961269296740994719e+02
1.961012006861063526e+02
1.961355060034305211e+02
1.961869639794168165e+02
1.962418524871355032e+02
1.962967409948541899e+02
1.963516295025729050e+02
1.963910806174957031e+02
1.964322469982847394e+02
1.964734133790737474e+02
1.965162950257289936e+02
1.965591766723842113e+02
1.966037735849056389e+02
1.965506003430531905e+02
1.964768439108061671e+02
1.964922813036020557e+02
1.964236706689536618e+02
1.963567753001715346e+02
1.962898799313893505e+02
1.962041166380789150e+02
1.961217838765008423e+02
1.960428816466552178e+02
1.959639794168095932e+02
1.959073756432246682e+02
1.958507718696398001e+02
1.957941680960548752e+02
1.957855917667238259e+02
1.957855917667238259e+02
1.957512864493996574e+02
1.957169811320754604e+02
1.956723842195540328e+02
1.956277873070325768e+02
1.956123499142367166e+02
1.956020583190394575e+02
1.955917667238421984e+02
1.955831903945111492e+02
1.955763293310463098e+02
1.955557461406517916e+02
1.955368782161234833e+02
1.955197255574614132e+02
1.955042881646655246e+02
1.954905660377358458e+02
1.954768439108061671e+02
1.954459691252143898e+02
1.954168096054888508e+02
1.953842195540308921e+02
1.952367066895369021e+02
1.950771869639794431e+02
1.950257289879931477e+02
1.949588336192109637e+02
1.948919382504288080e+02
1.948336192109777016e+02
1.947753001715265668e+02
1.947152658662092790e+02
1.946295025728987866e+02
1.945403087478559314e+02
1.944768439108061671e+02
1.944408233276157887e+02
1.943807890222984724e+02
1.943207547169811278e+02
1.942795883361920914e+02
1.942401372212692934e+02
1.941801029159519771e+02
1.941200686106346325e+02
1.940617495711835261e+02
1.940034305317324197e+02
1.939571183533447538e+02
1.939005145797598857e+02
1.938885077186964168e+02
1.938284734133790721e+02
1.937650085763293077e+02
1.937478559176672377e+02
1.937307032590051392e+02
1.937118353344768309e+02
1.936912521440823411e+02
1.936861063464837116e+02
1.936826758147512919e+02
1.936895368782161313e+02
1.936826758147512919e+02
1.936912521440823411e+02
1.936826758147512919e+02
1.936861063464837116e+02
1.937049742710120199e+02
1.937221269296741184e+02
1.937427101200686081e+02
1.937632933104631263e+02
1.938113207547169736e+02
1.938096054888507638e+02
1.938078902229845539e+02
1.938061749571183441e+02
1.938164665523156032e+02
1.938147512864493933e+02
1.938250428816466524e+02
1.938216123499142327e+02
1.938181818181818130e+02
1.938662092624356887e+02
1.938765008576329478e+02
1.938730703259005281e+02
1.938953687821612277e+02
1.939176672384219557e+02
1.939125214408233546e+02
1.939073756432246967e+02
1.939296740994854247e+02
1.939519725557461243e+02
1.939742710120068523e+02
1.939965694682675803e+02
1.940171526586620985e+02
1.940240137221269379e+02
1.940308747855917773e+02
1.940497427101200572e+02
1.940823327615780443e+02
1.941509433962264097e+02
1.942195540308747752e+02
1.942881646655231407e+02
1.943567753001715346e+02
1.944253859348199001e+02
1.944459691252143898e+02
1.944511149228130193e+02
1.944562607204116489e+02
1.944614065180102784e+02
1.944802744425385868e+02
1.944991423670668951e+02
1.945180102915952034e+02
1.945368782161234833e+02
1.945437392795883227e+02
1.945608919382503927e+02
1.945660377358490507e+02
1.945574614065180015e+02
1.945608919382504212e+02
1.945643224699828409e+02
1.945677530017152606e+02
1.945711835334476802e+02
1.945746140651800999e+02
1.945643224699828693e+02
1.946449399656946753e+02
1.947255574614065097e+02
1.948044596912521342e+02
1.948970840480274376e+02
1.949777015437392720e+02
1.950874785591766738e+02
1.950994854202401143e+02
1.951612349914236688e+02
1.951732418524871377e+02
1.951852487135506067e+02
1.952092624356775161e+02
1.952332761578044540e+02
1.952435677530017131e+02
1.953344768439108066e+02
1.953464837049742755e+02
1.953447684391080656e+02
1.954219554030874519e+02
1.954202401372212421e+02
1.954116638078902213e+02
1.954030874785591720e+02
1.953927958833619130e+02
1.954476843910805997e+02
1.955265866209262526e+02
1.955385934819897216e+02
1.956174957118353461e+02
1.956963979416809707e+02
1.956963979416809707e+02
1.957101200686106495e+02
1.957152658662092506e+02
1.957186963979416987e+02
1.957032590051457817e+02
1.957718696397941471e+02
1.958181818181818130e+02
1.958627787307032690e+02
1.959073756432247251e+02
1.959468267581475232e+02
1.959828473413379015e+02
1.960188679245283083e+02
1.960222984562607280e+02
1.960274442538593576e+02
1.960325900514579587e+02
1.960377358490566166e+02
1.960428816466552178e+02
1.960977701543739329e+02
1.961166380789022128e+02
1.961698113207547181e+02
1.962229845626072233e+02
1.962984562607204282e+02
1.963619210977701641e+02
1.963807890222984724e+02
1.964373927958833406e+02
1.964939965694682655e+02
1.965506003430531621e+02
1.966312178387649965e+02
1.966826758147512919e+02
1.967358490566037972e+02
1.967993138936535331e+02
1.967512864493996858e+02
1.967049742710120199e+02
1.967341337907375873e+02
1.967667238421955460e+02
1.968010291595197430e+02
1.968473413379073804e+02
1.968953687821612561e+02
1.969056603773585152e+02
1.968456260720411706e+02
1.967873070325900358e+02
1.967358490566037972e+02
1.966981132075471805e+02
1.967272727272727479e+02
1.966895368782161313e+02
1.966174957118353177e+02
1.965471698113207708e+02
1.964957118353344754e+02
1.964442538593481800e+02
1.964493996569468095e+02
1.964545454545454390e+02
1.964219554030874519e+02
1.963910806174956747e+02
1.963653516295025554e+02
1.963516295025728766e+02
1.964253859348198716e+02
1.964682675814751178e+02
1.965111492281303640e+02
1.964905660377358458e+02
1.965385934819896931e+02
1.965986277873070094e+02
1.965934819897083798e+02
1.965900514579759886e+02
1.965488850771869807e+02
1.965025728987993148e+02
1.964819897084047966e+02
1.964631217838764883e+02
1.964442538593481800e+02
1.964271012006860815e+02
1.964099485420239830e+02
1.962658662092624127e+02
1.961749571183533476e+02
1.961303602058318916e+02
1.960857632933104355e+02
1.960411663807890079e+02
1.959965694682675803e+02
1.959622641509433834e+02
1.959331046312178159e+02
1.959022298456260387e+02
1.958593481989708209e+02
1.958147512864493933e+02
1.957701543739279373e+02
1.957255574614065097e+02
1.956689536878216131e+02
1.956157804459691079e+02
1.955626072041166310e+02
1.955077186963979443e+02
1.955094339622641542e+02
1.955162950257289936e+02
1.954819897084047966e+02
1.954116638078901929e+02
1.953739279588336331e+02
1.952915951972555604e+02
1.952264150943396146e+02
1.951612349914236688e+02
1.951457975986277802e+02
1.951303602058319200e+02
1.951149228130360314e+02
1.951217838765008707e+02
1.951286449399656817e+02
1.951355060034305211e+02
1.951423670668953889e+02
1.951492281303601999e+02
1.951423670668953605e+02
1.950960548885077230e+02
1.950480274442538757e+02
1.950017152658662098e+02
1.949862778730703212e+02
1.949725557461406424e+02
1.949554030874785440e+02
1.949382504288164455e+02
1.949210977701543470e+02
1.949022298456260387e+02
1.949245283018867667e+02
1.949228130360205569e+02
1.949365351629502356e+02
1.949365351629502356e+02
1.949193825042881656e+02
1.949022298456260671e+02
1.949210977701543754e+02
1.949022298456260955e+02
1.948833619210977872e+02
1.948644939965694789e+02
1.948456260720411706e+02
1.948284734133790721e+02
1.948233276157804426e+02
1.948164665523156316e+02
1.948267581475128623e+02
1.948370497427101213e+02
1.948473413379073804e+02
1.948593481989708494e+02
1.948713550600343183e+02
1.948816466552315774e+02
1.948936535162950463e+02
1.949022298456260671e+02
1.949108061749571164e+02
1.949159519725557459e+02
1.949210977701543754e+02
1.949262435677530050e+02
1.949296740994854247e+02
1.949331046312178159e+02
1.949365351629502356e+02
1.949382504288164739e+02
1.949399656946826838e+02
1.949416809605488652e+02
1.949433962264150750e+02
1.949451114922812849e+02
1.949451114922812849e+02
1.949451114922812849e+02
1.949451114922812849e+02
1.949451114922812849e+02
1.949468267581474947e+02
1.949468267581474947e+02
1.949725557461406424e+02
1.949982847341337902e+02
1.949159519725557459e+02
1.949536878216123341e+02
1.949656946826758031e+02
1.950017152658662098e+02
1.950000000000000000e+02
1.949982847341337902e+02
1.950085763293310492e+02
1.950188679245282799e+02
1.950291595197255390e+02
1.949794168096054818e+02
1.949897084048027409e+02
1.950102915951972591e+02
1.950308747855917773e+02
1.950514579759862670e+02
1.950840480274442541e+02
1.951166380789022128e+02
1.951492281303601999e+02
1.951012006861063526e+02
1.950531732418524768e+02
1.951114922813036117e+02
1.951698113207547181e+02
1.951715265866209279e+02
1.952281303602058529e+02
1.952847341337907494e+02
1.953379073756432263e+02
1.953910806174957031e+02
1.953893653516295217e+02
1.954030874785592005e+02
1.954168096054888508e+02
1.954305317324185012e+02
1.954425385934819985e+02
1.954528301886792292e+02
1.954116638078902213e+02
1.954219554030874804e+02
1.954305317324185012e+02
1.954545454545454390e+02
1.954768439108061671e+02
1.955008576329331049e+02
1.955248713550600428e+02
1.955454545454545610e+02
1.955677530017152890e+02
1.956054888507718772e+02
1.956415094339622556e+02
1.956792452830188722e+02
1.957289879931389578e+02
1.957821612349914346e+02
1.958353344768439115e+02
1.959073756432247251e+02
1.959777015437392720e+02
1.960240137221269379e+02
1.960686106346483939e+02
1.961114922813035832e+02
1.961595197255574590e+02
1.962092624356775445e+02
1.962761578044597002e+02
1.963430531732418558e+02
1.963842195540308921e+02
1.964236706689536618e+02
1.964493996569468095e+02
1.965025728987993148e+02
1.965283018867924625e+02
1.965540308747855818e+02
1.966003430531732477e+02
1.966603773584905639e+02
1.967204116638079086e+02
1.967530017152658957e+02
1.967873070325900642e+02
1.968336192109777016e+02
1.968799313893653391e+02
1.968987993138936474e+02
1.969176672384219273e+02
1.969382504288164739e+02
1.969708404802744326e+02
1.970051457975986295e+02
1.970154373927958886e+02
1.970274442538593576e+02
1.970411663807890363e+02
1.970703259005146037e+02
1.971012006861063526e+02
1.971063464837049821e+02
1.971132075471698215e+02
1.971217838765008707e+02
1.972092624356775445e+02
1.972281303602058529e+02
1.973018867924528195e+02
1.973104631217838687e+02
1.973190394511149179e+02
1.973276157804459672e+02
1.972950257289879801e+02
1.972607204116637831e+02
1.972572898799313634e+02
1.972538593481989722e+02
1.972641509433962312e+02
1.972761578044596718e+02
1.972881646655231691e+02
1.973001715265866096e+02
1.972830188679245396e+02
1.972830188679245111e+02
1.972847341337907210e+02
1.972487135506003426e+02
1.972195540308747752e+02
1.971903945111492362e+02
1.971612349914236688e+02
1.971320754716981014e+02
1.971046312178387723e+02
1.970771869639794431e+02
1.969965694682675803e+02
1.969365351629502641e+02
1.968782161234991577e+02
1.968353344768439115e+02
1.967941680960548752e+02
1.967152658662092790e+02
1.966209262435677658e+02
1.965403087478559314e+02
1.965025728987993148e+02
1.964425385934819985e+02
1.963893653516295217e+02
1.963344768439108066e+02
1.962778730703259100e+02
1.962058319039451248e+02
1.961595197255574590e+02
1.960840480274442541e+02
1.960102915951972591e+02
1.959348198970840258e+02
1.958799313893653675e+02
1.958524871355060100e+02
1.957958833619210850e+02
1.957375643224699786e+02
1.956878216123499215e+02
1.956363636363636260e+02
1.956312178387649965e+02
1.955986277873070094e+02
1.955677530017152321e+02
1.955351629502572735e+02
1.955025728987993148e+02
1.955111492281303640e+02
1.955042881646655246e+02
1.954939965694682655e+02
1.954837049742710064e+02
1.954716981132075375e+02
1.954579759862778587e+02
1.954442538593482084e+02
1.954614065180102784e+02
1.954785591766724053e+02
1.954957118353344754e+02
1.955025728987993432e+02
1.955077186963979443e+02
1.954768439108061955e+02
1.954837049742710064e+02
1.954528301886792576e+02
1.954219554030874804e+02
1.953910806174957315e+02
1.953602058319039543e+02
1.953276157804459672e+02
1.952967409948541899e+02
1.952658662092624411e+02
1.952332761578044540e+02
1.952024013722127052e+02
1.951698113207547181e+02
1.951560891938250393e+02
1.951663807890222984e+02
1.951766723842195574e+02
1.951852487135506067e+02
1.951938250428816559e+02
1.952024013722126767e+02
1.952092624356774877e+02
1.952161234991423555e+02
1.952212692967409851e+02
1.952435677530017131e+02
1.952658662092624127e+02
1.952881646655231407e+02
1.953104631217838971e+02
1.953138936535162884e+02
1.953173241852487365e+02
1.953053173241852676e+02
1.953104631217838687e+02
1.952984562607204282e+02
1.953053173241852392e+02
1.953121783876500785e+02
1.953190394511149179e+02
1.953259005145797573e+02
1.953327615780445967e+02
1.953396226415094361e+02
1.953464837049742755e+02
1.953533447684391149e+02
1.953602058319039543e+02
1.953653516295025838e+02
1.953704974271012134e+02
1.953756432246998429e+02
1.953807890222984156e+02
1.953670668953687652e+02
1.953533447684390865e+02
1.953396226415094361e+02
1.953259005145797573e+02
1.953859348198971020e+02
1.954322469982847394e+02
1.954905660377358458e+02
1.955488850771869807e+02
1.956072041166380586e+02
1.956655231560891934e+02
1.957101200686106210e+02
1.956603773584905639e+02
1.957152658662092506e+02
1.957547169811320771e+02
1.957547169811320771e+02
1.958078902229845539e+02
1.958490566037735903e+02
1.958902229845626266e+02
1.959313893653516345e+02
1.959828473413379015e+02
1.960205831903945182e+02
1.960720411663807852e+02
1.960840480274442541e+02
1.961355060034305211e+02
1.961475128644939900e+02
1.961423670668953605e+02
1.961372212692967310e+02
1.961680960548885082e+02
1.961955403087478658e+02
1.962144082332761457e+02
1.962315608919382441e+02
1.962469982847341328e+02
1.962624356775299930e+02
1.963070325900514490e+02
1.963876500857632834e+02
1.964682675814751178e+02
1.964957118353344470e+02
1.965231560891938329e+02
1.966157804459691079e+02
1.967084048027444112e+02
1.967152658662092506e+02
1.967632933104631263e+02
1.968061749571183441e+02
1.968233276157804426e+02
1.968987993138936474e+02
1.969742710120068523e+02
1.970480274442538473e+02
1.970789022298456246e+02
1.971097770154373734e+02
1.971492281303601999e+02
1.972246998284734048e+02
1.973001715265866096e+02
1.973550600343053247e+02
1.973962264150943327e+02
1.974391080617495788e+02
1.974099485420240114e+02
1.974322469982847394e+02
1.974596912521440686e+02
1.974957118353344754e+02
1.975094339622641542e+02
1.975265866209262242e+02
1.975471698113207424e+02
1.975711835334476802e+02
1.975951972555745897e+02
1.975951972555745897e+02
1.975986277873070094e+02
1.976020583190394291e+02
1.976106346483704783e+02
1.976500857632933048e+02
1.976603773584905639e+02
1.976500857632933048e+02
1.976415094339622556e+02
1.976329331046312063e+02
1.976500857632933048e+02
1.977015437392796002e+02
1.977530017152658672e+02
1.977855917667238259e+02
1.978181818181818130e+02
1.978507718696398001e+02
1.979039451114922770e+02
1.978970840480274376e+02
1.978987993138936190e+02
1.979022298456260671e+02
1.979056603773584584e+02
1.979108061749570879e+02
1.978970840480274376e+02
1.978885077186963883e+02
1.978816466552315489e+02
1.978747855917667096e+02
1.978679245283018702e+02
1.978421955403087225e+02
1.979176672384219557e+02
1.979948542024013705e+02
1.980737564322469950e+02
1.981355060034305211e+02
1.981972555746140756e+02
1.982590051457975733e+02
1.983224699828473376e+02
1.983876500857633118e+02
1.984528301886792292e+02
1.985197255574614132e+02
1.985385934819897216e+02
1.985643224699828409e+02
1.985917667238421700e+02
1.985523156089194003e+02
1.985060034305317345e+02
1.984939965694682655e+02
1.984511149228130193e+02
1.984202401372212705e+02
1.983893653516295217e+02
1.983310463121783869e+02
1.982744425385934619e+02
1.982178387650085938e+02
1.981595197255574590e+02
1.980737564322469950e+02
1.980068610634648394e+02
1.979399656946826553e+02
1.978765008576329194e+02
1.978113207547169736e+02
1.977427101200686081e+02
1.976758147512864525e+02
1.976260720411663669e+02
1.975746140651800715e+02
1.975060034305317345e+02
1.975694682675814420e+02
1.976449399656946753e+02
1.976123499142366882e+02
1.976106346483704783e+02
1.976106346483704783e+02
1.976174957118353177e+02
1.976243567753001571e+02
1.976123499142366882e+02
1.976226415094339472e+02
1.976329331046312063e+02
1.976415094339622556e+02
1.976192109777015276e+02
1.976192109777015276e+02
1.976209262435677374e+02
1.975900514579759886e+02
1.975574614065180299e+02
1.975471698113207708e+02
1.975368782161235117e+02
1.975248713550600428e+02
1.975128644939965739e+02
1.975008576329331049e+02
1.974888507718696360e+02
1.974751286449399856e+02
1.974614065180102784e+02
1.974476843910806281e+02
1.974322469982847110e+02
1.974168096054888508e+02
1.974013722126929338e+02
1.973859348198970736e+02
1.973550600343053247e+02
1.973396226415094361e+02
1.973121783876500785e+02
1.972950257289879801e+02
1.972795883361920914e+02
1.972641509433962312e+02
1.972367066895368737e+02
1.972092624356775161e+02
1.971818181818181586e+02
1.971646655231560601e+02
1.971337907375643113e+02
1.970754716981132049e+02
1.970668953687821556e+02
1.971166380789022412e+02
1.971663807890222984e+02
1.972264150943395862e+02
1.972161234991423555e+02
1.972058319039451248e+02
1.971955403087478658e+02
1.971852487135506067e+02
1.971492281303601999e+02
1.971372212692967310e+02
1.971252144082332620e+02
1.971132075471697931e+02
1.971012006861063242e+02
1.970891938250428836e+02
1.970771869639794431e+02
1.971097770154374018e+02
1.970960548885076946e+02
1.970823327615780158e+02
1.971149228130360029e+02
1.971012006861063242e+02
1.971012006861063242e+02
1.971012006861063526e+02
1.971012006861063242e+02
1.970874785591766454e+02
1.970377358490565882e+02
1.969879931389365311e+02
1.969382504288164455e+02
1.969313893653516061e+02
1.969245283018867667e+02
1.969656946826758031e+02
1.970068610634648394e+02
1.970463121783876375e+02
1.970857632933104640e+02
1.970943396226415132e+02
1.971337907375643113e+02
1.971423670668953605e+02
1.971509433962264097e+02
1.971715265866209279e+02
1.972212692967409851e+02
1.972950257289879801e+02
1.973687821612350035e+02
1.974288164665523198e+02
1.974888507718696360e+02
1.975488850771869807e+02
1.976089193825043253e+02
1.976689536878216131e+02
1.977632933104631547e+02
1.977632933104631263e+02
1.977615780445969165e+02
1.977530017152658672e+02
1.977409948542023983e+02
1.977289879931389294e+02
1.976998284734133620e+02
1.977958833619210850e+02
1.978421955403087509e+02
1.979331046312178444e+02
1.980240137221269379e+02
1.980909090909090935e+02
1.981903945111492362e+02
1.982367066895369021e+02
1.982161234991423839e+02
1.983241852487135475e+02
1.984288164665523198e+02
1.984391080617495788e+02
1.985300171526586723e+02
1.985969125214408280e+02
1.986620926243567737e+02
1.987272727272727479e+02
1.987924528301886653e+02
1.988164665523156032e+02
1.989073756432246967e+02
1.989313893653516345e+02
1.989914236706689508e+02
1.990497427101200856e+02
1.991063464837049821e+02
1.991698113207547181e+02
1.992349914236706923e+02
1.992984562607204282e+02
1.993464837049742755e+02
1.993687821612349751e+02
1.993259005145797573e+02
1.993499142367066952e+02
1.994168096054888224e+02
1.994871355060034261e+02
1.995574614065180015e+02
1.996603773584905639e+02
1.997632933104630979e+02
1.998662092624356603e+02
1.999331046312178159e+02
2.000000000000000000e+02
2.000188679245283083e+02
2.000737564322469666e+02
2.000943396226414848e+02
2.001337907375643113e+02
2.001543739279588294e+02
2.001749571183533476e+02
2.002435677530017131e+02
2.002761578044596718e+02
2.003087478559176589e+02
2.002487135506003426e+02
2.002161234991423839e+02
2.002092624356775445e+02
2.002058319039451248e+02
2.002058319039450964e+02
2.002864493996569308e+02
2.003499142367066952e+02
2.003379073756432263e+02
2.003293310463121770e+02
2.003241852487135475e+02
2.003190394511149179e+02
2.002933104631217702e+02
2.002710120068610422e+02
2.003241852487135475e+02
2.003773584905660243e+02
2.004305317324185012e+02
2.004665523156089080e+02
2.005060034305317345e+02
2.005471698113207708e+02
2.005883361921097787e+02
2.006123499142366882e+02
2.006363636363636260e+02
2.006620926243567737e+02
2.006312178387649965e+02
2.006020583190394291e+02
2.005728987993138901e+02
2.005437392795883511e+02
2.005162950257289936e+02
2.004785591766723769e+02
2.004185248713550322e+02
2.003910806174957031e+02
2.003636363636363455e+02
2.003310463121783869e+02
2.002555746140651536e+02
2.001680960548885082e+02
2.001355060034305211e+02
2.001012006861063242e+02
2.000377358490566166e+02
1.999982847341337902e+02
1.999331046312178159e+02
1.998696397941680800e+02
1.998061749571183441e+02
1.997409948542023699e+02
1.996775300171526339e+02
1.997392795883361600e+02
1.997341337907375589e+02
1.996809605488850536e+02
1.996277873070325768e+02
1.995746140651800715e+02
1.995231560891938329e+02
1.994888507718696360e+02
1.994511149228130193e+02
1.994116638078902213e+02
1.993722126929674232e+02
1.993310463121783869e+02
1.992898799313893505e+02
1.992487135506003426e+02
1.992452830188679229e+02
1.992281303602058244e+02
1.992109777015437260e+02
1.991921097770154176e+02
1.991732418524871377e+02
1.991492281303601999e+02
1.991303602058319200e+02
1.991440823327615703e+02
1.991234991423670522e+02
1.991149228130360029e+02
1.990891938250428836e+02
1.990977701543739329e+02
1.991046312178387723e+02
1.990789022298456246e+02
1.990531732418524768e+02
1.990274442538593576e+02
1.990017152658661814e+02
1.989759862778730621e+02
1.989502572898799144e+02
1.989245283018867667e+02
1.988987993138936474e+02
1.989005145797598573e+02
1.989022298456260671e+02
1.989022298456260671e+02
1.989022298456260671e+02
1.989005145797598573e+02
1.988987993138936758e+02
1.988953687821612561e+02
1.988902229845625982e+02
1.988850771869639971e+02
1.988730703259005281e+02
1.989176672384219842e+02
1.989108061749571164e+02
1.989262435677530050e+02
1.989571183533447538e+02
1.990017152658662098e+02
1.990068610634648394e+02
1.990360205831904068e+02
1.990651801029159742e+02
1.990943396226415416e+02
1.991234991423670806e+02
1.991509433962264382e+02
1.991783876500857673e+02
1.992058319039451248e+02
1.992178387650085938e+02
1.992435677530017131e+02
1.992830188679245396e+02
1.992933104631217702e+02
1.993036020583190293e+02
1.993156089193824982e+02
1.993259005145797573e+02
1.993361921097770164e+02
1.993464837049742755e+02
1.993567753001715346e+02
1.993670668953687652e+02
1.993756432246998145e+02
1.993293310463121770e+02
1.992830188679245396e+02
1.993053173241852392e+02
1.993276157804459672e+02
1.993499142367066952e+02
1.993584905660377160e+02
1.993670668953687937e+02
1.993876500857633118e+02
1.993962264150943327e+02
1.994048027444253819e+02
1.994133790737564595e+02
1.994339622641509777e+02
1.994528301886792576e+02
1.994871355060034261e+02
1.994939965694682655e+02
1.995008576329331049e+02
1.995797598627787579e+02
1.995746140651800999e+02
1.996054888507718488e+02
1.996123499142366882e+02
1.996569468267581442e+02
1.997015437392796002e+02
1.997461406518009994e+02
1.997890222984562456e+02
1.998319039451114918e+02
1.998885077186964168e+02
1.999433962264150750e+02
1.999879931389365311e+02
2.000325900514579587e+02
2.000771869639793863e+02
2.001337907375643113e+02
2.001903945111492362e+02
2.002469982847341328e+02
2.003704974271012134e+02
2.004648370497426981e+02
2.005060034305317345e+02
2.005283018867924625e+02
2.005523156089193719e+02
2.005763293310463098e+02
2.006003430531732192e+02
2.006740994854202427e+02
2.007478559176672377e+02
2.008198970840480229e+02
2.008747855917667380e+02
2.009296740994854247e+02
2.009554030874785724e+02
2.010308747855917488e+02
2.011063464837049821e+02
2.012332761578044540e+02
2.013087478559176589e+02
2.013842195540308637e+02
2.013653516295025554e+02
2.013481989708404569e+02
2.013310463121783869e+02
2.013138936535162884e+02
2.013756432246998429e+02
2.014339622641509493e+02
2.014785591766723769e+02
2.015214408233276231e+02
2.015643224699828409e+02
2.016003430531732477e+02
2.016397941680960457e+02
2.016792452830188722e+02
2.017015437392796002e+02
2.017255574614065097e+02
2.017530017152658672e+02
2.017821612349914062e+02
2.018147512864493933e+02
2.017650085763293077e+02
2.017701543739279657e+02
2.017598627787307066e+02
2.017667238421955460e+02
2.017735849056603570e+02
2.017838765008576161e+02
2.017958833619210850e+02
2.018113207547169736e+02
2.018284734133790721e+02
2.018198970840480229e+02
2.018010291595197145e+02
2.017838765008576161e+02
2.017684391080617559e+02
2.017135506003430692e+02
2.016603773584905639e+02
2.016312178387649965e+02
2.016037735849056673e+02
2.015368782161235117e+02
2.014699828473413277e+02
2.014236706689536618e+02
2.013842195540308921e+02
2.013430531732418558e+02
2.012590051457976017e+02
2.011732418524871377e+02
2.010943396226414848e+02
2.010497427101200856e+02
2.009879931389365311e+02
2.009262435677529766e+02
2.008644939965694789e+02
2.007598627787306782e+02
2.006655231560891934e+02
2.005711835334476518e+02
2.004991423670668951e+02
2.004236706689536618e+02
2.003499142367066952e+02
2.002864493996569308e+02
2.002624356775300214e+02
2.002024013722127052e+02
2.001114922813035832e+02
2.000291595197255674e+02
1.999331046312178159e+02
1.998353344768439115e+02
1.997375643224699786e+02
1.996397941680960457e+02
1.995711835334476802e+02
1.994871355060034261e+02
1.994013722126929906e+02
1.993550600343053247e+02
1.993018867924528195e+02
1.992487135506003710e+02
1.991955403087478658e+02
1.991440823327615988e+02
1.990754716981132333e+02
1.990085763293310492e+02
1.989777015437392720e+02
1.989262435677530050e+02
1.988747855917667380e+02
1.988233276157804426e+02
1.987701543739279373e+02
1.987530017152658388e+02
1.987495711835334191e+02
1.987307032590051392e+02
1.987101200686106210e+02
1.986912521440823411e+02
1.986620926243567737e+02
1.986329331046312063e+02
1.986037735849056389e+02
1.986106346483704783e+02
1.986157804459691079e+02
1.986226415094339472e+02
1.986277873070325768e+02
1.986346483704974162e+02
1.986397941680960457e+02
1.986432246998284654e+02
1.986466552315608851e+02
1.986500857632933048e+02
1.986432246998284938e+02
1.986363636363636260e+02
1.986312178387649965e+02
1.986260720411663669e+02
1.986192109777015560e+02
1.986140651801028980e+02
1.985866209262435689e+02
1.985574614065180015e+02
1.985300171526586439e+02
1.985248713550600428e+02
1.985180102915951750e+02
1.985111492281303640e+02
1.985042881646655246e+02
1.984974271012006852e+02
1.984905660377358458e+02
1.984837049742710064e+02
1.984751286449399572e+02
1.984665523156089364e+02
1.984579759862778872e+02
1.984854202401372163e+02
1.984751286449399572e+02
1.985008576329331049e+02
1.985265866209262242e+02
1.985523156089193435e+02
1.985780445969125196e+02
1.986037735849056389e+02
1.986277873070325768e+02
1.986518010291595147e+02
1.986620926243567737e+02
1.986723842195540328e+02
1.986826758147512919e+02
1.986912521440823127e+02
1.986998284734133904e+02
1.987084048027444112e+02
1.987169811320754604e+02
1.987255574614065097e+02
1.987341337907375589e+02
1.987427101200686081e+02
1.987495711835334475e+02
1.987564322469982869e+02
1.987615780445969165e+02
1.987667238421955176e+02
1.987718696397941756e+02
1.987770154373927767e+02
1.987941680960548752e+02
1.988113207547169736e+02
1.988439108061749607e+02
1.988747855917667380e+02
1.989056603773584584e+02
1.989348198970840542e+02
1.989759862778730621e+02
1.990171526586620985e+02
1.990583190394510780e+02
1.990994854202401143e+02
1.991389365351629408e+02
1.991783876500857673e+02
1.992298456260720343e+02
1.992813036020583013e+02
1.993327615780445967e+02
1.993825042881646539e+02
1.994322469982847110e+02
1.994819897084047966e+02
1.995317324185248822e+02
1.996089193825042969e+02
1.996826758147512919e+02
1.997564322469982869e+02
1.997958833619211134e+02
1.998250428816466524e+02
1.998421955403087509e+02
1.998782161234991577e+02
1.999056603773584868e+02
1.999331046312178159e+02
1.999725557461406424e+02
2.001166380789022128e+02
2.001663807890222984e+02
2.002144082332761741e+02
2.003087478559176873e+02
2.003499142367066952e+02
2.004322469982847110e+02
2.005111492281303356e+02
2.005866209262435405e+02
2.006432246998284654e+02
2.006981132075471521e+02
2.007512864493996574e+02
2.008765008576329194e+02
2.009622641509433834e+02
2.010874785591766454e+02
2.011646655231560885e+02
2.012384219554030551e+02
2.012761578044596718e+02
2.013121783876500785e+02
2.013567753001715062e+02
2.014013722126929622e+02
2.014476843910805997e+02
2.014957118353344754e+02
2.015145797598627837e+02
2.015883361921097787e+02
2.016620926243567737e+02
2.016998284734133904e+02
2.017392795883361885e+02
2.018010291595197145e+02
2.018627787307032690e+02
2.019245283018867951e+02
2.019451114922813417e+02
2.019708404802744326e+02
2.020222984562607280e+02
2.020171526586620985e+02
2.020308747855917773e+02
2.020463121783876375e+02
2.021063464837049821e+02
2.021663807890222984e+02
2.022264150943396146e+02
2.022264150943396146e+02
2.021903945111492362e+02
2.021766723842195574e+02
2.021801029159519771e+02
2.021852487135506067e+02
2.022658662092624127e+02
2.022984562607203998e+02
2.023104631217838687e+02
2.023190394511149179e+02
2.023293310463121770e+02
2.023396226415094361e+02
2.023516295025729050e+02
2.023464837049742755e+02
2.023070325900514774e+02
2.023036020583190293e+02
2.023018867924528195e+02
2.022504288164665525e+02
2.021989708404802855e+02
2.021835334476843968e+02
2.021680960548885082e+02
2.021543739279588294e+02
2.021406518010291791e+02
2.021097770154374018e+02
2.020600343053173447e+02
2.019965694682675803e+02
2.019348198970840542e+02
2.018713550600343183e+02
2.017615780445969165e+02
2.016723842195540328e+02
2.016226415094339472e+02
2.015746140651800999e+02
2.015060034305317060e+02
2.014013722126929622e+02
2.012984562607203998e+02
2.012315608919382157e+02
2.011835334476843684e+02
2.011046312178387439e+02
2.010240137221269094e+02
2.009451114922812849e+02
2.008662092624356603e+02
2.007855917667238259e+02
2.007032590051457532e+02
2.006192109777015276e+02
2.005351629502572735e+02
2.004682675814751178e+02
2.004030874785591436e+02
2.003396226415094361e+02
2.002744425385934903e+02
2.002092624356775445e+02
2.001440823327615703e+02
2.000806174957118628e+02
2.000428816466552178e+02
1.999982847341337902e+02
1.999519725557461243e+02
1.999056603773585152e+02
1.998593481989708494e+02
1.998130360205831835e+02
1.997993138936535047e+02
1.997838765008576445e+02
1.997684391080617274e+02
1.997512864493996290e+02
1.997272727272726911e+02
1.997032590051457817e+02
1.996792452830188438e+02
1.996586620926243540e+02
1.996603773584905639e+02
1.996603773584905355e+02
1.996209262435677374e+02
1.995814751286449109e+02
1.995660377358490223e+02
1.995265866209262242e+02
1.995008576329331049e+02
1.994751286449399572e+02
1.994665523156089080e+02
1.994288164665522913e+02
1.993910806174956747e+02
1.993533447684391149e+02
1.993156089193824982e+02
1.992761578044596718e+02
1.992195540308747752e+02
1.991766723842195574e+02
1.991509433962264097e+02
1.991252144082332620e+02
1.990994854202401143e+02
1.990737564322469950e+02
1.990480274442538757e+02
1.990222984562607280e+02
1.989828473413379015e+02
1.989879931389365311e+02
1.989811320754716917e+02
1.989725557461406424e+02
1.990102915951972591e+02
1.990480274442538473e+02
1.990857632933104355e+02
1.991217838765008423e+02
1.991578044596912491e+02
1.991938250428816275e+02
1.992298456260720059e+02
1.992641509433962028e+02
1.992984562607203998e+02
1.993327615780445967e+02
1.993687821612349467e+02
1.994030874785591436e+02
1.994356775300171307e+02
1.994682675814751178e+02
1.995008576329331049e+02
1.995334476843910636e+02
1.995506003430531905e+02
1.995677530017152321e+02
1.995849056603773306e+02
1.996020583190394291e+02
1.996312178387649965e+02
1.996586620926243540e+02
1.996998284734133904e+02
1.997409948542023699e+02
1.997821612349914062e+02
1.997650085763293362e+02
1.997461406518010278e+02
1.997152658662092506e+02
1.997547169811320771e+02
1.997941680960548752e+02
1.998456260720411706e+02
1.998970840480274376e+02
1.999485420240137046e+02
2.000000000000000000e+02
2.000514579759862386e+02
2.001029159519725340e+02
2.000943396226414848e+02
2.001440823327615703e+02
2.001921097770154176e+02
2.001938250428816275e+02
2.002710120068610422e+02
2.003310463121783584e+02
2.003447684391080372e+02
2.004185248713550322e+02
2.004922813036020273e+02
2.005643224699828124e+02
2.006363636363636260e+02
2.007066895368781729e+02
2.007770154373927767e+02
2.008473413379073236e+02
2.009176672384219273e+02
2.009451114922812849e+02
2.009845626072041114e+02
2.010240137221269094e+02
2.010874785591766738e+02
2.011492281303601999e+02
2.012109777015437260e+02
2.012950257289879801e+02
2.013481989708404569e+02
2.014305317324185296e+02
2.015403087478559030e+02
2.016466552315608851e+02
2.017101200686106495e+02
2.017615780445968880e+02
2.018044596912521342e+02
2.018610634648370592e+02
2.019159519725557175e+02
2.019708404802744326e+02
2.020257289879931477e+02
2.021063464837049537e+02
2.021526586620926196e+02
2.022024013722126767e+02
2.022521440823327339e+02
2.023087478559176589e+02
2.023670668953687652e+02
2.024236706689536618e+02
2.024785591766723769e+02
2.025060034305317345e+02
2.025334476843910920e+02
2.025660377358490791e+02
2.025986277873070378e+02
2.026432246998284654e+02
2.026569468267581442e+02
2.027255574614065097e+02
2.027941680960548752e+02
2.027924528301886653e+02
2.027941680960548752e+02
2.028113207547170020e+02
2.028267581475128623e+02
2.028078902229845539e+02
2.027907375643224555e+02
2.027753001715265668e+02
2.027598627787306782e+02
2.027650085763293077e+02
2.027821612349914062e+02
2.028010291595197145e+02
2.027512864493996290e+02
2.027032590051458101e+02
2.026603773584905639e+02
2.026329331046312063e+02
2.026123499142366882e+02
2.025934819897083798e+02
2.025540308747855534e+02
2.025128644939965454e+02
2.025385934819896931e+02
2.024974271012006852e+02
2.024442538593481800e+02
2.023533447684390865e+02
2.022624356775299930e+02
2.021732418524871377e+02
2.021063464837049821e+02
2.020445969125214276e+02
2.019759862778730621e+02
2.019073756432246967e+02
2.018387650085763312e+02
2.018164665523156032e+02
2.017701543739279373e+02
2.017118353344768593e+02
2.016089193825042685e+02
2.015060034305317345e+02
2.014133790737564311e+02
2.013190394511149179e+02
2.012281303602058244e+02
2.012024013722127052e+02
2.011252144082332620e+02
2.010257289879931477e+02
2.009262435677529766e+02
2.008610634648370592e+02
2.007701543739279373e+02
2.006981132075471805e+02
2.006243567753001571e+02
2.005471698113207708e+02
2.004699828473413277e+02
2.003687821612350035e+02
2.003121783876500785e+02
2.002298456260720627e+02
2.001440823327615703e+02
2.000583190394511348e+02
1.999742710120068807e+02
1.999073756432246967e+02
1.998387650085763312e+02
1.997684391080617559e+02
1.996998284734133904e+02
1.996535162950257245e+02
1.996072041166380870e+02
1.995574614065180299e+02
1.995077186963979443e+02
1.994579759862778587e+02
1.994082332761578016e+02
1.993584905660377444e+02
1.993087478559176589e+02
1.992590051457976017e+02
1.992264150943396430e+02
1.992058319039450964e+02
1.991852487135506067e+02
1.991286449399656817e+02
1.991149228130360314e+02
1.991012006861063242e+02
1.990308747855917488e+02
1.989605488850771735e+02
1.989571183533447538e+02
1.989331046312178159e+02
1.989108061749570879e+02
1.988850771869639686e+02
1.988593481989708209e+02
1.988336192109777016e+02
1.988061749571183441e+02
1.987804459691251964e+02
1.987547169811320771e+02
1.987307032590051392e+02
1.987066895368782298e+02
1.986826758147512919e+02
1.986569468267581442e+02
1.986329331046312063e+02
1.986072041166380870e+02
1.985831903945111492e+02
1.985591766723842113e+02
1.985351629502573019e+02
1.984991423670668951e+02
1.984631217838764883e+02
1.984271012006861099e+02
1.984253859348199001e+02
1.984219554030874804e+02
1.984185248713550607e+02
1.984150943396226410e+02
1.984116638078902497e+02
1.984065180102915917e+02
1.984253859348198716e+02
1.984202401372212421e+02
1.984716981132075375e+02
1.984991423670668951e+02
1.985162950257289936e+02
1.985334476843910920e+02
1.985814751286449109e+02
1.986295025728987866e+02
1.986775300171526624e+02
1.987255574614065381e+02
1.987289879931389294e+02
1.987650085763293362e+02
1.988010291595197145e+02
1.988370497427101213e+02
1.988576329331046395e+02
1.988782161234991293e+02
1.988987993138936474e+02
1.989193825042881940e+02
1.989399656946827122e+02
1.989725557461406709e+02
1.989914236706689508e+02
1.990102915951972591e+02
1.990291595197255674e+02
1.990120068610634689e+02
1.989948542024013705e+02
1.990137221269296788e+02
1.990205831903945182e+02
1.990274442538593576e+02
1.990188679245283083e+02
1.990102915951972591e+02
1.989536878216123341e+02
1.988970840480274376e+02
1.989022298456260671e+02
1.989073756432246967e+02
1.989108061749571164e+02
1.988679245283018986e+02
1.988250428816466524e+02
1.987958833619210850e+02
1.987530017152658672e+02
1.986963979416809707e+02
1.987255574614065097e+02
1.987547169811320487e+02
1.987838765008576161e+02
1.988250428816466524e+02
1.988799313893653675e+02
1.989502572898799428e+02
1.990171526586620985e+02
1.990857632933104924e+02
1.991526586620926480e+02
1.992727272727273089e+02
1.993927958833619414e+02
1.994648370497426981e+02
1.995351629502573019e+02
1.996003430531732477e+02
1.996775300171526624e+02
1.997530017152658957e+02
1.998164665523156316e+02
1.999125214408233546e+02
2.000068610634648394e+02
2.000943396226415132e+02
2.001698113207547181e+02
2.002452830188679513e+02
2.003310463121783869e+02
2.004168096054888792e+02
2.005008576329331049e+02
2.005797598627787579e+02
2.006706689536878230e+02
2.007512864493996290e+02
2.008319039451114918e+02
2.008987993138936758e+02
2.009656946826758031e+02
2.010308747855917773e+02
2.010257289879931477e+02
2.011149228130360314e+02
2.011921097770154461e+02
2.012710120068610706e+02
2.013499142367066952e+02
2.014271012006861099e+02
2.015042881646655246e+02
2.015471698113207708e+02
2.015900514579759886e+02
2.016329331046312348e+02
2.016655231560891934e+02
2.017272727272727479e+02
2.017598627787307066e+02
2.018113207547169736e+02
2.018627787307032690e+02
2.019142367066895645e+02
2.019742710120068807e+02
2.019914236706689508e+02
2.020102915951972591e+02
2.020325900514579871e+02
2.020240137221269379e+02
2.020137221269296788e+02
2.020445969125214560e+02
2.020325900514579871e+02
2.020257289879931477e+02
2.020222984562607280e+02
2.020205831903945182e+02
2.019794168096054818e+02
2.020394511149227981e+02
2.021029159519725624e+02
2.021680960548885082e+02
2.021938250428816559e+02
2.020308747855917773e+02
2.019691252144082227e+02
2.019073756432246967e+02
2.018473413379073804e+02
2.017890222984562740e+02
2.017307032590051392e+02
2.016706689536878230e+02
2.016106346483704783e+02
2.015506003430531621e+02
2.014751286449399572e+02
2.013996569468267523e+02
2.013413379073756460e+02
2.012452830188679229e+02
2.012332761578044540e+02
2.011680960548885082e+02
2.011063464837049821e+02
2.010325900514579871e+02
2.009605488850772019e+02
2.008644939965694789e+02
2.007684391080617559e+02
2.006706689536878230e+02
2.005711835334476802e+02
2.004991423670668951e+02
2.004202401372212421e+02
2.003430531732418558e+02
2.002624356775300498e+02
2.002229845626072233e+02
2.001818181818181870e+02
2.001200686106346325e+02
2.000566037735848965e+02
2.000325900514579871e+02
2.000085763293310492e+02
1.999639794168095932e+02
1.998987993138936758e+02
1.998301886792452819e+02
1.998096054888507638e+02
1.997873070325900358e+02
1.997581475128644968e+02
1.996929674099485510e+02
1.996415094339622556e+02
1.995917667238421984e+02
1.995437392795883511e+02
1.995385934819897216e+02
1.995231560891938045e+02
1.995077186963979443e+02
1.994854202401372163e+02
1.994631217838764883e+02
1.994408233276157887e+02
1.994082332761578016e+02
1.993773584905660243e+02
1.993859348198970736e+02
1.993945111492281228e+02
1.993945111492281512e+02
1.993962264150943327e+02
1.993979416809605425e+02
1.993996569468267239e+02
1.994013722126929622e+02
1.994048027444253819e+02
1.994065180102915917e+02
1.994082332761577732e+02
1.994082332761578016e+02
1.994082332761578016e+02
1.994082332761578016e+02
1.994082332761577732e+02
1.994082332761578016e+02
1.994082332761578300e+02
1.993807890222984724e+02
1.993704974271012134e+02
1.993602058319039543e+02
1.993481989708404853e+02
1.993361921097770164e+02
1.993241852487135475e+02
1.993104631217838687e+02
1.992967409948541899e+02
1.992830188679245396e+02
1.992692967409948324e+02
1.992538593481989722e+02
1.992401372212692934e+02
1.992264150943396430e+02
1.992126929674099642e+02
1.991989708404802855e+02
1.991852487135505783e+02
1.991698113207547181e+02
1.991543739279588294e+02
1.991372212692967310e+02
1.991200686106346609e+02
1.991029159519725340e+02
1.990960548885077230e+02
1.990891938250428836e+02
1.990823327615780443e+02
1.990754716981131764e+02
1.990668953687821272e+02
1.990566037735848681e+02
1.990463121783876375e+02
1.990360205831903784e+02
1.990463121783876375e+02
1.990583190394511064e+02
1.990686106346483655e+02
1.990566037735848681e+02
1.990445969125214560e+02
1.990325900514579587e+02
1.990205831903944897e+02
1.990051457975986295e+02
1.989914236706689508e+02
1.989777015437392720e+02
1.989897084048027409e+02
1.990017152658662098e+02
1.990000000000000000e+02
1.989982847341337617e+02
1.989948542024013420e+02
1.989914236706689508e+02
1.989879931389365026e+02
1.989845626072041114e+02
1.989931389365351322e+02
1.990017152658662098e+02
1.990085763293310208e+02
1.990154373927958602e+02
1.990360205831903500e+02
1.990566037735848681e+02
1.990909090909090935e+02
1.991234991423670522e+02
1.991560891938250393e+02
1.991886792452830264e+02
1.992212692967409851e+02
1.992521440823327339e+02
1.992830188679245111e+02
1.993396226415094361e+02
1.993979416809605425e+02
1.994545454545454390e+02
1.995248713550600144e+02
1.995934819897083798e+02
1.996603773584905639e+02
1.997272727272727195e+02
1.997804459691251964e+02
1.998336192109777016e+02
1.999039451114922485e+02
1.999725557461406424e+02
2.000394511149227981e+02
2.001063464837049537e+02
2.001595197255574305e+02
2.002349914236706354e+02
2.003087478559176304e+02
2.003756432246997861e+02
2.004425385934819701e+02
2.005094339622641257e+02
2.005643224699828409e+02
2.006192109777015276e+02
2.006981132075471521e+02
2.007770154373927767e+02
2.008559176672384012e+02
2.009296740994853963e+02
2.010017152658661814e+02
2.010463121783876090e+02
2.010205831903944897e+02
2.009948542024013420e+02
2.010205831903944897e+02
2.010703259005145469e+02
2.011200686106346325e+02
2.011509433962263813e+02
2.011903945111492078e+02
2.012315608919382157e+02
2.012744425385934619e+02
2.012898799313893505e+02
2.013104631217838687e+02
2.013327615780445967e+02
2.012658662092624127e+02
2.011989708404802570e+02
2.011029159519725340e+02
2.010325900514579587e+02
2.010240137221269379e+02
2.009656946826758031e+02
2.009691252144082227e+02
2.009725557461406424e+02
2.009451114922812849e+02
2.009279588336191864e+02
2.009142367066895076e+02
2.009108061749570879e+02
2.009125214408232978e+02
2.009159519725557175e+02
2.009056603773584584e+02
2.008987993138936190e+02
2.008953687821612277e+02
2.008936535162950179e+02
2.008713550600342899e+02
2.008233276157804426e+02
2.008027444253859244e+02
2.007873070325900358e+02
2.007272727272726911e+02
2.006895368782161029e+02
2.006586620926243540e+02
2.005866209262435405e+02
2.005145797598627837e+02
2.004459691252143898e+02
2.003807890222984724e+02
2.003310463121783869e+02
2.002435677530017131e+02
2.001423670668953605e+02
2.000463121783876375e+02
1.999502572898799144e+02
1.998576329331046111e+02
1.997409948542023699e+02
1.996260720411663669e+02
1.995506003430531621e+02
1.994562607204116489e+02
1.993636363636363740e+02
1.992710120068610422e+02
1.991560891938250393e+02
1.990617495711835261e+02
1.989879931389365311e+02
1.988885077186963883e+02
1.987873070325900358e+02
1.986878216123498930e+02
1.985883361921097503e+02
1.985077186963979159e+02
1.984631217838764883e+02
1.983842195540308353e+02
1.983036020583190293e+02
1.982727272727272521e+02
1.982435677530016847e+02
1.981783876500857389e+02
1.981132075471697931e+02
1.980463121783876375e+02
1.979794168096054818e+02
1.979176672384219273e+02
1.978559176672384012e+02
1.977941680960548752e+02
1.977307032590051108e+02
1.976672384219553749e+02
1.976500857632933048e+02
1.976174957118353177e+02
1.975849056603773306e+02
1.975523156089193719e+02
1.975162950257289936e+02
1.975145797598627837e+02
1.975111492281303640e+02
1.974699828473413277e+02
1.974048027444253819e+02
1.973653516295025554e+02
1.973516295025728766e+02
1.973361921097770164e+02
1.973207547169811278e+02
1.973259005145797573e+02
1.973293310463121770e+02
1.973327615780445683e+02
1.973499142367066952e+02
1.973670668953687368e+02
1.973825042881646255e+02
1.973962264150943042e+02
1.974099485420239830e+02
1.973979416809605425e+02
1.973859348198970451e+02
1.973704974271011849e+02
1.973413379073756460e+02
1.973241852487135475e+02
1.973070325900514490e+02
1.972898799313893505e+02
1.972727272727272521e+02
1.972572898799313634e+02
1.972401372212692650e+02
1.972092624356775445e+02
1.971921097770154461e+02
1.971749571183533476e+02
1.971578044596912491e+02
1.971406518010291506e+02
1.971234991423670522e+02
1.971509433962264097e+02
1.971337907375643113e+02
1.971166380789022128e+02
1.971337907375643113e+02
1.971732418524871377e+02
1.971903945111492362e+02
1.972298456260720059e+02
1.972555746140651536e+02
1.972813036020583013e+02
1.972607204116637831e+02
1.972744425385934619e+02
1.973104631217838687e+02
1.973241852487135191e+02
1.973156089193824982e+02
1.973516295025728766e+02
1.973876500857632550e+02
1.974082332761577732e+02
1.974288164665522913e+02
1.974493996569468095e+02
1.974699828473413277e+02
1.974888507718696360e+02
1.975077186963979443e+02
1.975265866209262242e+02
1.975574614065179730e+02
1.975883361921097503e+02
1.976312178387649965e+02
1.976740994854202143e+02
1.976689536878216131e+02
1.976655231560891650e+02
1.976603773584905639e+02
1.976552315608919344e+02
1.976500857632933048e+02
1.976432246998284654e+02
1.976363636363636260e+02
1.976312178387649965e+02
1.976380789022298359e+02
1.976449399656946468e+02
1.976483704974270950e+02
1.976535162950257245e+02
1.976586620926243540e+02
1.976638078902229836e+02
1.976672384219554033e+02
1.976706689536878230e+02
1.977135506003430692e+02
1.977564322469982585e+02
1.978198970840480229e+02
1.978610634648370308e+02
1.977907375643224555e+02
1.978198970840480229e+02
1.978490566037735903e+02
1.978919382504288365e+02
1.979331046312178444e+02
1.979725557461406709e+02
1.980137221269296788e+02
1.980789022298456530e+02
1.981423670668953889e+02
1.982024013722127052e+02
1.982469982847341328e+02
1.982881646655231407e+02
1.983310463121783869e+02
1.983722126929674232e+02
1.984356775300171591e+02
1.984991423670668951e+02
1.986192109777015276e+02
1.986792452830188722e+02
1.987375643224700070e+02
1.987958833619210850e+02
1.988250428816466524e+02
1.988713550600342899e+02
1.989176672384219273e+02
1.989502572898799144e+02
1.990051457975986295e+02
1.990600343053173162e+02
1.991149228130360314e+02
1.991680960548885082e+02
1.992195540308747752e+02
1.992710120068610706e+02
1.993207547169811278e+02
1.993704974271011849e+02
1.994082332761578016e+02
1.994459691252143898e+02
1.994596912521440686e+02
1.994768439108061671e+02
1.994939965694682655e+02
1.995197255574614132e+02
1.995540308747856102e+02
1.995934819897084083e+02
1.996072041166381155e+02
1.996277873070325768e+02
1.996518010291595147e+02
1.996758147512864525e+02
1.996706689536878230e+02
1.996655231560891934e+02
1.996603773584905923e+02
1.996775300171526624e+02
1.996963979416809707e+02
1.996912521440823411e+02
1.996878216123499215e+02
1.996432246998284654e+02
1.996003430531732477e+02
1.995814751286449393e+02
1.995694682675814988e+02
1.995591766723842397e+02
1.995094339622641542e+02
1.994614065180102784e+02
1.994322469982847394e+02
1.993687821612349751e+02
1.993087478559176589e+02
1.992521440823327623e+02
1.991938250428816275e+02
1.991149228130360029e+02
1.990377358490565882e+02
1.989862778730703212e+02
1.989365351629502356e+02
1.988867924528301785e+02
1.988181818181818130e+02
1.987547169811320487e+02
1.986946826758147608e+02
1.986380789022298359e+02
1.985591766723842113e+02
1.984768439108061671e+02
1.983859348198970451e+02
1.982950257289879801e+02
1.982401372212692650e+02
1.981869639794168165e+02
1.981320754716981014e+02
1.980445969125214276e+02
1.979485420240137046e+02
1.978524871355060100e+02
1.977924528301886653e+02
1.977358490566037403e+02
1.976809605488850821e+02
1.976260720411663669e+02
1.975488850771869522e+02
1.975111492281303640e+02
1.974751286449399572e+02
1.974373927958833406e+02
1.973773584905660528e+02
1.973138936535162884e+02
1.972933104631217702e+02
1.972727272727272521e+02
1.972521440823327339e+02
1.971852487135506067e+02
1.971560891938250393e+02
1.971063464837049537e+02
1.970634648370497075e+02
1.970686106346483371e+02
1.970617495711834977e+02
1.970548885077187151e+02
1.969982847341337902e+02
1.970154373927958886e+02
1.970325900514579587e+02
1.970480274442538473e+02
1.970771869639793863e+02
1.970566037735848965e+02
1.970497427101200572e+02
1.970514579759862670e+02
1.970102915951972591e+02
1.969931389365351606e+02
1.969742710120068523e+02
1.969554030874785440e+02
1.969382504288164455e+02
1.969193825042881372e+02
1.969245283018867951e+02
1.969056603773584868e+02
1.968850771869639971e+02
1.968644939965694789e+02
1.969382504288164455e+02
1.969056603773584868e+02
1.968833619210977872e+02
1.968559176672384297e+02
1.968284734133790721e+02
1.968027444253859244e+02
1.967770154373928051e+02
1.967495711835334475e+02
1.967221269296741184e+02
1.966843910806175018e+02
1.966552315608919344e+02
1.966260720411663669e+02
1.965866209262435405e+02
1.965334476843910636e+02
1.964802744425385868e+02
1.964631217838764883e+02
1.964579759862778587e+02
1.964425385934819701e+02
1.964253859348198716e+02
1.964082332761577732e+02
1.963910806174956747e+02
1.963739279588336331e+02
1.963550600343053247e+02
1.963361921097770164e+02
1.963173241852487081e+02
1.962744425385934619e+02
1.962298456260720343e+02
1.961869639794168165e+02
1.961440823327615703e+02
