7.964322469982847963e+01
7.961406518010291222e+01
7.961063464837049253e+01
7.954545454545454675e+01
7.949914236706689508e+01
7.941166380789022128e+01
7.937221269296740900e+01
7.928130360205831551e+01
7.919897084048028546e+01
7.911663807890224120e+01
7.905145797598626700e+01
7.901200686106346893e+01
7.894682675814749473e+01
7.888164665523154895e+01
7.889365351629501788e+01
7.890222984562606712e+01
7.894854202401371879e+01
7.898284734133790153e+01
7.901715265866208426e+01
7.902572898799313350e+01
7.905831903945110639e+01
7.909090909090909349e+01
7.913722126929674516e+01
7.914751286449400425e+01
7.917838765008576729e+01
7.921097770154374018e+01
7.923327615780445399e+01
7.924185248713550322e+01
7.925214408233276231e+01
7.926072041166381155e+01
7.927101200686105642e+01
7.925728987993139185e+01
7.929502572898798007e+01
7.930360205831902931e+01
7.933962264150943611e+01
7.933619210977701641e+01
7.933276157804459672e+01
7.932933104631217702e+01
7.932761578044596718e+01
7.931389365351628840e+01
7.929845626072039977e+01
7.928473413379073520e+01
7.927101200686105642e+01
7.925728987993139185e+01
7.924356775300171307e+01
7.924185248713550322e+01
7.924013722126929338e+01
7.924871355060034261e+01
7.924528301886792292e+01
7.924185248713550322e+01
7.924013722126929338e+01
7.923670668953687368e+01
7.922126929674099927e+01
7.920754716981132049e+01
7.919725557461407561e+01
7.918353344768439683e+01
7.918696397941681653e+01
7.917324185248715196e+01
7.915951972555745897e+01
7.914579759862778019e+01
7.914236706689537471e+01
7.912864493996571014e+01
7.910291595197256242e+01
7.907718696397941471e+01
7.905145797598628121e+01
7.903773584905661664e+01
7.901200686106346893e+01
7.901029159519725908e+01
7.902058319039451817e+01
7.896912521440823696e+01
7.895540308747857239e+01
7.894168096054889361e+01
7.892795883361921483e+01
7.889022298456261240e+01
7.883876500857633118e+01
7.881303602058318347e+01
7.877358490566037119e+01
7.872384219554029983e+01
7.872384219554031404e+01
7.873756432246999282e+01
7.873756432246999282e+01
7.872555746140652388e+01
7.872727272727271952e+01
7.871869639794168449e+01
7.870154373927960023e+01
7.865694682675815841e+01
7.860720411663808704e+01
7.858490566037737324e+01
7.857804459691251964e+01
7.854716981132077080e+01
7.856603773584907913e+01
7.854545454545456096e+01
7.856260720411664522e+01
7.858147512864493933e+01
7.859862778730703781e+01
7.860548885077187720e+01
7.858662092624358309e+01
7.859519725557461811e+01
7.860377358490566735e+01
7.859519725557461811e+01
7.860205831903945750e+01
7.860720411663808704e+01
7.860034305317324765e+01
7.860548885077187720e+01
7.861063464837050674e+01
7.861749571183534613e+01
7.862435677530017131e+01
7.863121783876501070e+01
7.860034305317324765e+01
7.856946826758147040e+01
7.856432246998284086e+01
7.853173241852488218e+01
7.854030874785591720e+01
7.854716981132074238e+01
7.859348198970840826e+01
7.865180102915951466e+01
7.867238421955403282e+01
7.870497427101200572e+01
7.872555746140652388e+01
7.872041166380788013e+01
7.865694682675815841e+01
7.860377358490566735e+01
7.863636363636364024e+01
7.867753001715266237e+01
7.873413379073757312e+01
7.873756432246997861e+01
7.874099485420239830e+01
7.875986277873070662e+01
7.880445969125216266e+01
7.884562607204117057e+01
7.887650085763294783e+01
7.887993138936535331e+01
7.889879931389366163e+01
7.889365351629503209e+01
7.887650085763293362e+01
7.880960548885076378e+01
7.882847341337907210e+01
7.887307032590051392e+01
7.889708404802743758e+01
7.891766723842195574e+01
7.896054888507718772e+01
7.900343053173241969e+01
7.904802744425386152e+01
7.907890222984562456e+01
7.910806174957119197e+01
7.913722126929673095e+01
7.917838765008576729e+01
7.920754716981132049e+01
7.923670668953687368e+01
7.926586620926244109e+01
7.929502572898799428e+01
7.928987993138937895e+01
7.928987993138937895e+01
7.932246998284733763e+01
7.933962264150943611e+01
7.935677530017153458e+01
7.932761578044598139e+01
7.930017152658662383e+01
7.926243567753002139e+01
7.922641509433961460e+01
7.920754716981133470e+01
7.918867924528302638e+01
7.916981132075471805e+01
7.918010291595197714e+01
7.919039451114923622e+01
7.920240137221270516e+01
7.921440823327615988e+01
7.917838765008576729e+01
7.914236706689537471e+01
7.905145797598628121e+01
7.905145797598626700e+01
7.896397941680960741e+01
7.893825042881647391e+01
7.889022298456261240e+01
7.886277873070326905e+01
7.884905660377359027e+01
7.881989708404802286e+01
7.879245283018867951e+01
7.877701543739279089e+01
7.875300171526586723e+01
7.875814751286449678e+01
7.876500857632932195e+01
7.877186963979417555e+01
7.878216123499140622e+01
7.876672384219554601e+01
7.875300171526586723e+01
7.878730703259003576e+01
7.874614065180102784e+01
7.874099485420239830e+01
7.875814751286449678e+01
7.877530017152658104e+01
7.879759862778730906e+01
7.880445969125214845e+01
7.881132075471697362e+01
7.879588336192109921e+01
7.876672384219554601e+01
7.875128644939965739e+01
7.873584905660376876e+01
7.871012006861063526e+01
7.870497427101201993e+01
7.868610634648371160e+01
7.866552315608919344e+01
7.863807890222985009e+01
7.863807890222985009e+01
7.865008576329330481e+01
7.866209262435677374e+01
7.865180102915951466e+01
7.871012006861062105e+01
7.877015437392796571e+01
7.883018867924528195e+01
7.892967409948542468e+01
7.905145797598628121e+01
7.912692967409948608e+01
7.920240137221269094e+01
7.928987993138935053e+01
7.932933104631217702e+01
7.937049742710118494e+01
7.943224699828473945e+01
7.944082332761577447e+01
7.942710120068610991e+01
7.940994854202401143e+01
7.936020583190394007e+01
7.932246998284733763e+01
7.928301886792452535e+01
7.920754716981132049e+01
7.919039451114923622e+01
7.913379073756432547e+01
7.913893653516294080e+01
7.912521440823327623e+01
7.912006861063464669e+01
7.919039451114923622e+01
7.927444253859347612e+01
7.934819897084047113e+01
7.941852487135506067e+01
7.950600343053173447e+01
7.959005145797598857e+01
7.966209262435677374e+01
7.971355060034304074e+01
7.979759862778730906e+01
7.984391080617496073e+01
7.992624356775300498e+01
8.000857632933104924e+01
8.005660377358491075e+01
8.011492281303601715e+01
8.016123499142366882e+01
8.020583190394511064e+01
8.025042881646655246e+01
8.029502572898799428e+01
8.033962264150943611e+01
8.039451114922813701e+01
8.043739279588335478e+01
8.049228130360205569e+01
8.054716981132075659e+01
8.060205831903944329e+01
8.067066895368782298e+01
8.073756432246997861e+01
8.080445969125213423e+01
8.081646655231560317e+01
8.083018867924528195e+01
8.084391080617496073e+01
8.087307032590049971e+01
8.085934819897083514e+01
8.090051457975985727e+01
8.095883361921096366e+01
8.104802744425384731e+01
8.112864493996569593e+01
8.120926243567751612e+01
8.123499142367066383e+01
8.122469982847340475e+01
8.122641509433961460e+01
8.124185248713550322e+01
8.127272727272728048e+01
8.131560891938249824e+01
8.137221269296740900e+01
8.141680960548885082e+01
8.147341337907374736e+01
8.148027444253858675e+01
8.150085763293310492e+01
8.151114922813036401e+01
8.154373927958833690e+01
8.157632933104630979e+01
8.164493996569468948e+01
8.166723842195540328e+01
8.172555746140650967e+01
8.170840480274441120e+01
8.170325900514578166e+01
8.171012006861063526e+01
8.180274442538592439e+01
8.189536878216122773e+01
8.198799313893653107e+01
8.204631217838763746e+01
8.210634648370496791e+01
8.215608919382503927e+01
8.215437392795882943e+01
8.216466552315608851e+01
8.218696397941680232e+01
8.220926243567751612e+01
8.225900514579760170e+01
8.231046312178386870e+01
8.236192109777014991e+01
8.241166380789022128e+01
8.247684391080616706e+01
8.254202401372212705e+01
8.260548885077186299e+01
8.268096054888508206e+01
8.278044596912522479e+01
8.286792452830188438e+01
8.294168096054887940e+01
8.301543739279587442e+01
8.307890222984562456e+01
8.314236706689536049e+01
8.316123499142366882e+01
8.323156089193824414e+01
8.332418524871354748e+01
8.343910806174957884e+01
8.353173241852486797e+01
8.364665523156088511e+01
8.376157804459690226e+01
8.387650085763293362e+01
8.394339622641510346e+01
8.397255574614067086e+01
8.401543739279588863e+01
8.409605488850772304e+01
8.420068610634648110e+01
8.425214408233276231e+01
8.430188679245281946e+01
8.434133790737564595e+01
8.435334476843911489e+01
8.437221269296740900e+01
8.438765008576328341e+01
8.438765008576328341e+01
8.437564322469981448e+01
8.441509433962264097e+01
8.446826758147513203e+01
8.446998284734132767e+01
8.446998284734132767e+01
8.449914236706689508e+01
8.457804459691251964e+01
8.462092624356775161e+01
8.465008576329331902e+01
8.467924528301887221e+01
8.473070325900515343e+01
8.477186963979416134e+01
8.480960548885076378e+01
8.490051457975985727e+01
8.496569468267580305e+01
8.500514579759862954e+01
8.506003430531731624e+01
8.512521440823327623e+01
8.519210977701543186e+01
8.525900514579760170e+01
8.532418524871354748e+01
8.537392795883361885e+01
8.542195540308748036e+01
8.545797598627787295e+01
8.550943396226413995e+01
8.555917667238422553e+01
8.561921097770154176e+01
8.567924528301887221e+01
8.574099485420239830e+01
8.581475128644939332e+01
8.584048027444254103e+01
8.589879931389364742e+01
8.594511149228129909e+01
8.600171526586620985e+01
8.604459691252144182e+01
8.610120068610635258e+01
8.615608919382503927e+01
8.622469982847340475e+01
8.628301886792453956e+01
8.633962264150943611e+01
8.639622641509433265e+01
8.646312178387648828e+01
8.651972555746141325e+01
8.657632933104630979e+01
8.663121783876499649e+01
8.672384219554029983e+01
8.680102915951972875e+01
8.685763293310462529e+01
8.688164665523156316e+01
8.692452830188679513e+01
8.696912521440823696e+01
8.701372212692967878e+01
8.708404802744425410e+01
8.713550600343052110e+01
8.722469982847340475e+01
8.733790737564322626e+01
8.744082332761578868e+01
8.751457975986278370e+01
8.755060034305316208e+01
8.761749571183533192e+01
8.770154373927957181e+01
8.776672384219553180e+01
8.784562607204117057e+01
8.791766723842195574e+01
8.801372212692966457e+01
8.810977701543737339e+01
8.819554030874785155e+01
8.829502572898799428e+01
8.837049742710119915e+01
8.846140651801027843e+01
8.852658662092623842e+01
8.857975986277872948e+01
8.867409948542024267e+01
8.876157804459691647e+01
8.883704974271012134e+01
8.891423670668953605e+01
8.892624356775300498e+01
8.888164665523154895e+01
8.887650085763291941e+01
8.891423670668953605e+01
8.889022298456259819e+01
8.891080617495711635e+01
8.894682675814750894e+01
8.898284734133790153e+01
8.908404802744425410e+01
8.914751286449399004e+01
8.917324185248712354e+01
8.924699828473411856e+01
8.927444253859347612e+01
8.934819897084047113e+01
8.943396226415094930e+01
8.949571183533447538e+01
8.956946826758147040e+01
8.961234991423670238e+01
8.967924528301887221e+01
8.974442538593481800e+01
8.980617495711835829e+01
8.986792452830189859e+01
8.992795883361921483e+01
9.001200686106346893e+01
9.009262435677530334e+01
9.017495711835334760e+01
9.025900514579760170e+01
9.035162950257290504e+01
9.042024013722127052e+01
9.048885077186963599e+01
9.055574614065179162e+01
9.064665523156088511e+01
9.070840480274443962e+01
9.076843910806175586e+01
9.082847341337907210e+01
9.092624356775300498e+01
9.102229845626072802e+01
9.106861063464836548e+01
9.111835334476845105e+01
9.116466552315608851e+01
9.123499142367067805e+01
9.130531732418525337e+01
9.136535162950258382e+01
9.142367066895369021e+01
9.147169811320753752e+01
9.151972555746141325e+01
9.156946826758147040e+01
9.160720411663808704e+01
9.168610634648371160e+01
9.171355060034305495e+01
9.177015437392796571e+01
9.181475128644939332e+01
9.186106346483705920e+01
9.189536878216122773e+01
9.192967409948541047e+01
9.194854202401371879e+01
9.196740994854201290e+01
9.199828473413379015e+01
9.200514579759862954e+01
9.201200686106346893e+01
9.200171526586620985e+01
9.200171526586620985e+01
9.200000000000000000e+01
9.203259005145798710e+01
9.203087478559176304e+01
9.204288164665523198e+01
9.203773584905658822e+01
9.208233276157804426e+01
9.216295025728987866e+01
9.223327615780445399e+01
9.231217838765007855e+01
9.237049742710119915e+01
9.242881646655231975e+01
9.250085763293310492e+01
9.256603773584905070e+01
9.265351629502572450e+01
9.272212692967408998e+01
9.278044596912519637e+01
9.285763293310462529e+01
9.294854202401371879e+01
9.302915951972556741e+01
9.311663807890222699e+01
9.319039451114922201e+01
9.330188679245283367e+01
9.340994854202401143e+01
9.351801029159520340e+01
9.365694682675814420e+01
9.372898799313892937e+01
9.380274442538592439e+01
9.390222984562606712e+01
9.394682675814750894e+01
9.394168096054889361e+01
9.393653516295026407e+01
9.394339622641508925e+01
9.396226415094339757e+01
9.396569468267581726e+01
9.400514579759862954e+01
9.405660377358489654e+01
9.409433962264151319e+01
9.414408233276158455e+01
9.420583190394512485e+01
9.424013722126929338e+01
9.427444253859349033e+01
9.430874785591767306e+01
9.434133790737564595e+01
9.434991423670669519e+01
9.434476843910806565e+01
9.433962264150943611e+01
9.434648370497427550e+01
9.433790737564322626e+01
9.436878216123498930e+01
9.442195540308748036e+01
9.448885077186963599e+01
9.455574614065179162e+01
9.462264150943394725e+01
9.470154373927957181e+01
9.478044596912521058e+01
9.482675814751286225e+01
9.490051457975985727e+01
9.499485420240137046e+01
9.502744425385935756e+01
9.506003430531733045e+01
9.511663807890224120e+01
9.516123499142366882e+01
9.521783876500857957e+01
9.528644939965695926e+01
9.538250428816468229e+01
9.546140651801029264e+01
9.556946826758148461e+01
9.565351629502572450e+01
9.574785591766723769e+01
9.586963979416809423e+01
9.598970840480274092e+01
9.605831903945110639e+01
9.617667238421955744e+01
9.625728987993139185e+01
9.637564322469982869e+01
9.649228130360205569e+01
9.660891938250429689e+01
9.676672384219554601e+01
9.691080617495711635e+01
9.705488850771868670e+01
9.718696397941681653e+01
9.729159519725557459e+01
9.738421955403086372e+01
9.748713550600342614e+01
9.756603773584905070e+01
9.767581475128645252e+01
9.780617495711834408e+01
9.792452830188679513e+01
9.806518010291594578e+01
9.819554030874785155e+01
9.831046312178386870e+01
9.840994854202401143e+01
9.851457975986276949e+01
9.862778730703259100e+01
9.874785591766723769e+01
9.882332761578044256e+01
9.896740994854202711e+01
9.912521440823327623e+01
9.925900514579760170e+01
9.939108061749570311e+01
9.943567753001714493e+01
9.956946826758147040e+01
9.973756432246997861e+01
9.992281303602058529e+01
1.001063464837049821e+02
1.001938250428816417e+02
1.001646655231560885e+02
1.001355060034305353e+02
1.001166380789022270e+02
1.001166380789022270e+02
1.001972555746140614e+02
1.002933104631217702e+02
1.003893653516294933e+02
1.005214408233276089e+02
1.006260720411663669e+02
1.007307032590051392e+02
1.007958833619210850e+02
1.009348198970840542e+02
1.010257289879931335e+02
1.011612349914236688e+02
1.013121783876500785e+02
1.014665523156089080e+02
1.015814751286449393e+02
1.017238421955402998e+02
1.018576329331046253e+02
1.019622641509433976e+02
1.020806174957118344e+02
1.022109777015437402e+02
1.022572898799313919e+02
1.023190394511149179e+02
1.023687821612350035e+02
1.024236706689536902e+02
1.024922813036020557e+02
1.025797598627787295e+02
1.026689536878216131e+02
1.027444253859348180e+02
1.028027444253859386e+02
1.028987993138936474e+02
1.029862778730703212e+02
1.030720411663807852e+02
1.031543739279588294e+02
1.032384219554030835e+02
1.033207547169811278e+02
1.033910806174957031e+02
1.034837049742710064e+02
1.035523156089193719e+02
1.036072041166380728e+02
1.037066895368782156e+02
1.037941680960548894e+02
1.039296740994854247e+02
1.040240137221269379e+02
1.041063464837049821e+02
1.041972555746140614e+02
1.043276157804459672e+02
1.044716981132075375e+02
1.045917667238421984e+02
1.047118353344768309e+02
1.048181818181818130e+02
1.049022298456260671e+02
1.049862778730703212e+02
1.050737564322469950e+02
1.051286449399656817e+02
1.051972555746140614e+02
1.052332761578044540e+02
1.053036020583190293e+02
1.053636363636363598e+02
1.054716981132075517e+02
1.055814751286449393e+02
1.056518010291595147e+02
1.057272727272727195e+02
1.057547169811320629e+02
1.058027444253859386e+02
1.059090909090909065e+02
1.060154373927958744e+02
1.061097770154373876e+02
1.062058319039450964e+02
1.062898799313893505e+02
1.063739279588336188e+02
1.064854202401372163e+02
1.065969125214408137e+02
1.066946826758147608e+02
1.068044596912521484e+02
1.069313893653516345e+02
1.070686106346483655e+02
1.072418524871355032e+02
1.074150943396226268e+02
1.075934819897084083e+02
1.077495711835334475e+02
1.079159519725557459e+02
1.080531732418524911e+02
1.082126929674099358e+02
1.083207547169811278e+02
1.084065180102915917e+02
1.085677530017152748e+02
1.086638078902229836e+02
1.087598627787307066e+02
1.088198970840480229e+02
1.089262435677530050e+02
1.090583190394511064e+02
1.091252144082332762e+02
1.092195540308747894e+02
1.093104631217838687e+02
1.093756432246998287e+02
1.094631217838765025e+02
1.094905660377358458e+02
1.095180102915952034e+02
1.095317324185248822e+02
1.095694682675814704e+02
1.095814751286449393e+02
1.096054888507718772e+02
1.096295025728987866e+02
1.096518010291595147e+02
1.096740994854202427e+02
1.097135506003430407e+02
1.097375643224699786e+02
1.097632933104631263e+02
1.098010291595197430e+02
1.098644939965694789e+02
1.098953687821612419e+02
1.099588336192109779e+02
1.100222984562607280e+02
1.100754716981132049e+02
1.101526586620926196e+02
1.102315608919382441e+02
1.103104631217838687e+02
1.103773584905660243e+02
1.104133790737564311e+02
1.104511149228130336e+02
1.104888507718696360e+02
1.105162950257289936e+02
1.105557461406518058e+02
1.106226415094339757e+02
1.106878216123499215e+02
1.107547169811320771e+02
1.108644939965694647e+02
1.109639794168096074e+02
1.110171526586620985e+02
1.110600343053173304e+02
1.110720411663807994e+02
1.111183533447684511e+02
1.111783876500857673e+02
1.112229845626072091e+02
1.112795883361921199e+02
1.113379073756432263e+02
1.114099485420240114e+02
1.114373927958833690e+02
1.114819897084047966e+02
1.115523156089193719e+02
1.116329331046312063e+02
1.117667238421955318e+02
1.118113207547169736e+02
1.118147512864493933e+02
1.118404802744425410e+02
1.118679245283018702e+02
1.118747855917667096e+02
1.118919382504288080e+02
1.118970840480274376e+02
1.119159519725557459e+02
1.119639794168095932e+02
1.120085763293310492e+02
1.120394511149228123e+02
1.120823327615780443e+02
1.121046312178387723e+02
1.121252144082332762e+02
1.121629502572898787e+02
1.121972555746140614e+02
1.122864493996569450e+02
1.123413379073756460e+02
1.123859348198970736e+02
1.123996569468267523e+02
1.124905660377358458e+02
1.125780445969125196e+02
1.126878216123499215e+02
1.127958833619210850e+02
1.128576329331046253e+02
1.129176672384219557e+02
1.129777015437392720e+02
1.130566037735848965e+02
1.131269296740994861e+02
1.131955403087478516e+02
1.132967409948541899e+02
1.134236706689536760e+02
1.135506003430531621e+02
1.136689536878216131e+02
1.137735849056603712e+02
1.138885077186963883e+02
1.140308747855917630e+02
1.141955403087478516e+02
1.143396226415094361e+02
1.144819897084047966e+02
1.146277873070325768e+02
1.147718696397941613e+02
1.148902229845626124e+02
1.150171526586620985e+02
1.151269296740995003e+02
1.152367066895368737e+02
1.153567753001715204e+02
1.154751286449399572e+02
1.156054888507718772e+02
1.157324185248713491e+02
1.158130360205831835e+02
1.159691252144082227e+02
1.160891938250428836e+02
1.161852487135505925e+02
1.162795883361921057e+02
1.163842195540308637e+02
1.164888507718696360e+02
1.165934819897083941e+02
1.166895368782161171e+02
1.168336192109777016e+02
1.169502572898799144e+02
1.170668953687821556e+02
1.171801029159519629e+02
1.172727272727272663e+02
1.173790737564322342e+02
1.174596912521440686e+02
1.175591766723842113e+02
1.176466552315608851e+02
1.177409948542023983e+02
1.178353344768438973e+02
1.179656946826758173e+02
1.180583190394511064e+02
1.181492281303601999e+02
1.182590051457976017e+02
1.183001715265866096e+02
1.182967409948541899e+02
1.183533447684391149e+02
1.184099485420240114e+02
1.184528301886792434e+02
1.185248713550600286e+02
1.185969125214408280e+02
1.186363636363636260e+02
1.187289879931389294e+02
1.188284734133790721e+02
1.189073756432246967e+02
1.190737564322469950e+02
1.191989708404802855e+02
1.193464837049742755e+02
1.194974271012006852e+02
1.196552315608919344e+02
1.198147512864493933e+02
1.199828473413379015e+02
1.201680960548885082e+02
1.203550600343053247e+02
1.204648370497426981e+02
1.205746140651800857e+02
1.206843910806174875e+02
1.208096054888507638e+02
1.209056603773584868e+02
1.210171526586620843e+02
1.211406518010291506e+02
1.212864493996569308e+02
1.214082332761578016e+02
1.215557461406517916e+02
1.216689536878215989e+02
1.217787307032589865e+02
1.219348198970840542e+02
1.220823327615780443e+02
1.222418524871355032e+02
1.224048027444253819e+02
1.225300171526586581e+02
1.227066895368782014e+02
1.228353344768439115e+02
1.229862778730703212e+02
1.231612349914236688e+02
1.233241852487135475e+02
1.235008576329331049e+02
1.236226415094339472e+02
1.237324185248713491e+02
1.238198970840480229e+02
1.239348198970840542e+02
1.240034305317324197e+02
1.240754716981132049e+02
1.241457975986277802e+02
1.241766723842195432e+02
1.242915951972555604e+02
1.243516295025729050e+02
1.244373927958833690e+02
1.244922813036020557e+02
1.245334476843910778e+02
1.245900514579759886e+02
1.246552315608919344e+02
1.247135506003430550e+02
1.247615780445969165e+02
1.248216123499142469e+02
1.248867924528301785e+02
1.249588336192109637e+02
1.250737564322469950e+02
1.251560891938250393e+02
1.252384219554030835e+02
1.253447684391080656e+02
1.254768439108061671e+02
1.256157804459691079e+02
1.257615780445969023e+02
1.259073756432246824e+02
1.260634648370497359e+02
1.262195540308747752e+02
1.263773584905660243e+02
1.265214408233276089e+02
1.266500857632933048e+02
1.267650085763293220e+02
1.269005145797598573e+02
1.270360205831903926e+02
1.271921097770154319e+02
1.273602058319039543e+02
1.275283018867924625e+02
1.276861063464837116e+02
1.278747855917667238e+02
1.280634648370497644e+02
1.282384219554030835e+02
1.284150943396226410e+02
1.285608919382504496e+02
1.287066895368782298e+02
1.288610634648370592e+02
1.290171526586620985e+02
1.291578044596912491e+02
1.292984562607203998e+02
1.294236706689536902e+02
1.295591766723842397e+02
1.296706689536878230e+02
1.297924528301886937e+02
1.299279588336192433e+02
1.300308747855917773e+02
1.301303602058318916e+02
1.302504288164665240e+02
1.303704974271011849e+02
1.304785591766723769e+02
1.305711835334476802e+02
1.306638078902229836e+02
1.307307032590051392e+02
1.307958833619210850e+02
1.308593481989708209e+02
1.309228130360205569e+02
1.309948542024013705e+02
1.310445969125214276e+02
1.311217838765008423e+02
1.311612349914236688e+02
1.311903945111492362e+02
1.312504288164665525e+02
1.313327615780445683e+02
1.314819897084047966e+02
1.316037735849056673e+02
1.316569468267581442e+02
1.317512864493996290e+02
1.318593481989708209e+02
1.319536878216123341e+02
1.320360205831903784e+02
1.321303602058318916e+02
1.322384219554031120e+02
1.323636363636363740e+02
1.324888507718696644e+02
1.326123499142367166e+02
1.326826758147512919e+02
1.327650085763293362e+02
1.328610634648370592e+02
1.329451114922813133e+02
1.330308747855917773e+02
1.331303602058319200e+02
1.332178387650085938e+02
1.332933104631217702e+02
1.333825042881646823e+02
1.334545454545454675e+02
1.335162950257289936e+02
1.335711835334477087e+02
1.337066895368782014e+02
1.338439108061749607e+02
1.339965694682675803e+02
1.341389365351629408e+02
1.342933104631217702e+02
1.344442538593481800e+02
1.345951972555745897e+02
1.347358490566037403e+02
1.348644939965694789e+02
1.350051457975986295e+02
1.351337907375643113e+02
1.352092624356775161e+02
1.352830188679245111e+02
1.353567753001715346e+02
1.354048027444253819e+02
1.354922813036020557e+02
1.355797598627787295e+02
1.356123499142366882e+02
1.356466552315608851e+02
1.356929674099485510e+02
1.357118353344768309e+02
1.357581475128644684e+02
1.357804459691251964e+02
1.358113207547169736e+02
1.358301886792452819e+02
1.358610634648370592e+02
1.358799313893653675e+02
1.359005145797598573e+02
1.359588336192109637e+02
1.359999999999999716e+02
1.360686106346483655e+02
1.361355060034305211e+02
1.362024013722127052e+02
1.362487135506003426e+02
1.362813036020583013e+02
1.363293310463121770e+02
1.363842195540308637e+02
1.364322469982847110e+02
1.364837049742710064e+02
1.365746140651800999e+02
1.366329331046312063e+02
1.367032590051458101e+02
1.368181818181818130e+02
1.369210977701543470e+02
1.369948542024013705e+02
1.370566037735848965e+02
1.371217838765008423e+02
1.372058319039451248e+02
1.372881646655231407e+02
1.373670668953687937e+02
1.374442538593481800e+02
1.374751286449399572e+02
1.375540308747855818e+02
1.375917667238421984e+02
1.376243567753001571e+02
1.377118353344768309e+02
1.378233276157804426e+02
1.379759862778730621e+02
1.382109777015437260e+02
1.384185248713550607e+02
1.385454545454545325e+02
1.387495711835334191e+02
1.389090909090909065e+02
1.390686106346483655e+02
1.392401372212692934e+02
1.393361921097770164e+02
1.394819897084047966e+02
1.396054888507718488e+02
1.396946826758147324e+02
1.398301886792452819e+02
1.398902229845625982e+02
1.399691252144082227e+02
1.400874785591766454e+02
1.402109777015437260e+02
1.403001715265866096e+02
1.403807890222984724e+02
1.404631217838765167e+02
1.405780445969125196e+02
1.406706689536878230e+02
1.407735849056603570e+02
1.408610634648370592e+02
1.409502572898799144e+02
1.410394511149228265e+02
1.411320754716981014e+02
1.412367066895368737e+02
1.413567753001715346e+02
1.414562607204116489e+02
1.415557461406517916e+02
1.416620926243567737e+02
1.417701543739279373e+02
1.418301886792452819e+02
1.419142367066895360e+02
1.419639794168095932e+02
1.420274442538593576e+02
1.421732418524871377e+02
1.422898799313893505e+02
1.424288164665523198e+02
1.425351629502573019e+02
1.426518010291595147e+02
1.427907375643224555e+02
1.429159519725557175e+02
1.430394511149228265e+02
1.431749571183533476e+02
1.433259005145797573e+02
1.434922813036020557e+02
1.436466552315608851e+02
1.438610634648370592e+02
1.440583190394511064e+02
1.442590051457976017e+02
1.444373927958833406e+02
1.446346483704974162e+02
1.448164665523156032e+02
1.450137221269296788e+02
1.452144082332761741e+02
1.453859348198971020e+02
1.455814751286449393e+02
1.457375643224700070e+02
1.458919382504288365e+02
1.460789022298456246e+02
1.463001715265866096e+02
1.464614065180103069e+02
1.466706689536878230e+02
1.468096054888507638e+02
1.469794168096054818e+02
1.471629502572898787e+02
1.473464837049742755e+02
1.475231560891938329e+02
1.477084048027444396e+02
1.478370497427101213e+02
1.479708404802744610e+02
1.480926243567753033e+02
1.482075471698113347e+02
1.483018867924528479e+02
1.483979416809605425e+02
1.484939965694682655e+02
1.485900514579759886e+02
1.486723842195540328e+02
1.487667238421955460e+02
1.488370497427101213e+02
1.489468267581474947e+02
1.489777015437392720e+02
1.490240137221269094e+02
1.490806174957118344e+02
1.491372212692967310e+02
1.492590051457976017e+02
1.493790737564322342e+02
1.495231560891938045e+02
1.496672384219554033e+02
1.498610634648370592e+02
1.500583190394511348e+02
1.502830188679245111e+02
1.504528301886792292e+02
1.506106346483704783e+02
1.507684391080617274e+02
1.509451114922812849e+02
1.511303602058318916e+02
1.512915951972555604e+02
1.514528301886792292e+02
1.516277873070325768e+02
1.518319039451114918e+02
1.520360205831904068e+02
1.522504288164665525e+02
1.524288164665522913e+02
1.526192109777015276e+02
1.528439108061749607e+02
1.530566037735849250e+02
1.532229845626071949e+02
1.534030874785591720e+02
1.535694682675814988e+02
1.537461406518010278e+02
1.538747855917667380e+02
1.540137221269296788e+02
1.541200686106346325e+02
1.542281303602058244e+02
1.543430531732418558e+02
1.544065180102915917e+02
1.544716981132075375e+02
1.545506003430531905e+02
1.546535162950257245e+02
1.546792452830188722e+02
1.547204116638078801e+02
1.547855917667238259e+02
1.548850771869639686e+02
1.549348198970840258e+02
1.550051457975986295e+02
1.550171526586620985e+02
1.550720411663807852e+02
1.551132075471698215e+02
1.551406518010291506e+02
1.551560891938250393e+02
1.551715265866209279e+02
1.551663807890222984e+02
1.551852487135506067e+02
1.552041166380789150e+02
1.552144082332761741e+02
1.552555746140651820e+02
1.552641509433962312e+02
1.552864493996569308e+02
1.553293310463121770e+02
1.553636363636363740e+02
1.553996569468267523e+02
1.554562607204116773e+02
1.555060034305317345e+02
1.555694682675814988e+02
1.556312178387650249e+02
1.556723842195540328e+02
1.557135506003430407e+02
1.557564322469982869e+02
1.557873070325900642e+02
1.558336192109777016e+02
1.559228130360205853e+02
1.560000000000000000e+02
1.560771869639794431e+02
1.561766723842195574e+02
1.562761578044597002e+02
1.563722126929674232e+02
1.564545454545454390e+02
1.565471698113207708e+02
1.566054888507718488e+02
1.566363636363636260e+02
1.566706689536878230e+02
1.567049742710120199e+02
1.567530017152658957e+02
1.568096054888507638e+02
1.569674099485420129e+02
1.571389365351629408e+02
1.573104631217838687e+02
1.574939965694682655e+02
1.576758147512864525e+02
1.578164665523156032e+02
1.579399656946826838e+02
1.580771869639794147e+02
1.581423670668953605e+02
1.582212692967409851e+02
1.583001715265866096e+02
1.583807890222984724e+02
1.584596912521440686e+02
1.585677530017152606e+02
1.586226415094339757e+02
1.586655231560891934e+02
1.587289879931389294e+02
1.588370497427101213e+02
1.589313893653516345e+02
1.590154373927958886e+02
1.591286449399656817e+02
1.592281303602058529e+02
1.593276157804459672e+02
1.594133790737564595e+02
1.594819897084047966e+02
1.595660377358490791e+02
1.596569468267581442e+02
1.597341337907375873e+02
1.598044596912521627e+02
1.598867924528302069e+02
1.599554030874785724e+02
1.600411663807890363e+02
1.601355060034305495e+02
1.602349914236706923e+02
1.603207547169811278e+02
1.604339622641509209e+02
1.605437392795883227e+02
1.606655231560891934e+02
1.608147512864493933e+02
1.609399656946826838e+02
1.610909090909090935e+02
1.611903945111492362e+02
1.612795883361921199e+02
1.613550600343053247e+02
1.614236706689537186e+02
1.615334476843910920e+02
1.616569468267581442e+02
1.617238421955403282e+02
1.618113207547169736e+02
1.618833619210977872e+02
1.620085763293310492e+02
1.620926243567753033e+02
1.621646655231560885e+02
1.622607204116638115e+02
1.623447684391080656e+02
1.624391080617495504e+02
1.625180102915952034e+02
1.625951972555745897e+02
1.627152658662092790e+02
1.628027444253859244e+02
1.628867924528301785e+02
1.629605488850772019e+02
1.630411663807890363e+02
1.631337907375643113e+02
1.632161234991423839e+02
1.633293310463121770e+02
1.634253859348199001e+02
1.634991423670668951e+02
1.635728987993139185e+02
1.636295025728988151e+02
1.636963979416809707e+02
1.637650085763293362e+02
1.638456260720411706e+02
1.638747855917667380e+02
1.639039451114922770e+02
1.639382504288164739e+02
1.639725557461406424e+02
1.640137221269296788e+02
1.640240137221269379e+02
1.640222984562607280e+02
1.640205831903945182e+02
1.640480274442538757e+02
1.640617495711835545e+02
1.640789022298456246e+02
1.641080617495711635e+02
1.641286449399656817e+02
1.642246998284734048e+02
1.643207547169811278e+02
1.643773584905660243e+02
1.645248713550600428e+02
1.646620926243567737e+02
1.648336192109777016e+02
1.649313893653516061e+02
1.650102915951972591e+02
1.651406518010291506e+02
1.652675814751286225e+02
1.654202401372212705e+02
1.655849056603773590e+02
1.657495711835334191e+02
1.659039451114922485e+02
1.660583190394511064e+02
1.662727272727272521e+02
1.664150943396226410e+02
1.665351629502573019e+02
1.667392795883361600e+02
1.669348198970840542e+02
1.671114922813035832e+02
1.672881646655231407e+02
1.674356775300171307e+02
1.676123499142366882e+02
1.678078902229845539e+02
1.680034305317324197e+02
1.681646655231560885e+02
1.683670668953687652e+02
1.685162950257289936e+02
1.686415094339622556e+02
1.687770154373928051e+02
1.689176672384219273e+02
1.690257289879931193e+02
1.691337907375643113e+02
1.692590051457975733e+02
1.693430531732418558e+02
1.694408233276157603e+02
1.695094339622641542e+02
1.695934819897083798e+02
1.696895368782161313e+02
1.697958833619210850e+02
1.698816466552315489e+02
1.699639794168095932e+02
1.701012006861063526e+02
1.702384219554030835e+02
1.703704974271011849e+02
1.704802744425385868e+02
1.706192109777015276e+02
1.707581475128644684e+02
1.708559176672384297e+02
1.709502572898799144e+02
1.710291595197255674e+02
1.711097770154373734e+02
1.711492281303601999e+02
1.712761578044596718e+02
1.713704974271012134e+02
1.714648370497426981e+02
1.715849056603773306e+02
1.716981132075471805e+02
1.718216123499142043e+02
1.719708404802744326e+02
1.721029159519725340e+02
1.721989708404802570e+02
1.722950257289879801e+02
1.724391080617495504e+02
1.725883361921097503e+02
1.727495711835334191e+02
1.728439108061749607e+02
1.729382504288164455e+02
1.730240137221269379e+02
1.731989708404802570e+02
1.733327615780445967e+02
1.734562607204116489e+02
1.735626072041166310e+02
1.736809605488850821e+02
1.737615780445969165e+02
1.738576329331046111e+02
1.739416809605488652e+02
1.740566037735849250e+02
1.741406518010291506e+02
1.742264150943396430e+02
1.743001715265866096e+02
1.744013722126929622e+02
1.745042881646655246e+02
1.746209262435677658e+02
1.747118353344768309e+02
1.747564322469982585e+02
1.748096054888507638e+02
1.749176672384219273e+02
1.749931389365351606e+02
1.750651801029159742e+02
1.751372212692967310e+02
1.751646655231560885e+02
1.751938250428816559e+02
1.752401372212692934e+02
1.752590051457976017e+02
1.752898799313893505e+02
1.753121783876500785e+02
1.752967409948541899e+02
1.752813036020583013e+02
1.752778730703258816e+02
1.753344768439108066e+02
1.753344768439108066e+02
1.753825042881646823e+02
1.754048027444253819e+02
1.754150943396226126e+02
1.754253859348199001e+02
1.754871355060034261e+02
1.754991423670668951e+02
1.755077186963979443e+02
1.755111492281303640e+02
1.755128644939965739e+02
1.755317324185248822e+02
1.755523156089194003e+02
1.755591766723842113e+02
1.756106346483705067e+02
1.756295025728987866e+02
1.756432246998284654e+02
1.756689536878216131e+02
1.757084048027444112e+02
1.757289879931389294e+02
1.757461406518009994e+02
1.757615780445968880e+02
1.757770154373927767e+02
1.758044596912521342e+02
1.758593481989708494e+02
1.759245283018867667e+02
1.759811320754716917e+02
1.760360205831903784e+02
1.760926243567752749e+02
1.761629502572898502e+02
1.762195540308747752e+02
1.762710120068610422e+02
1.763379073756432263e+02
1.764339622641509493e+02
1.764699828473413561e+02
1.764922813036020557e+02
1.765643224699828409e+02
1.766072041166380586e+02
1.766363636363636260e+02
1.766655231560891934e+02
1.766826758147512919e+02
1.767152658662092790e+02
1.767461406518010278e+02
1.767753001715265952e+02
1.768164665523156032e+02
1.768490566037735903e+02
1.769039451114922770e+02
1.769279588336192148e+02
1.769674099485420129e+02
1.769811320754716917e+02
1.770120068610634689e+02
1.770428816466552462e+02
1.770377358490566166e+02
1.770068610634648394e+02
1.769982847341337902e+02
1.769159519725557459e+02
1.769056603773584584e+02
1.768696397941680800e+02
1.768336192109777016e+02
1.767975986277872948e+02
1.767632933104630979e+02
1.767650085763293077e+02
1.767530017152658388e+02
1.767735849056603570e+02
1.767667238421955176e+02
1.767581475128644968e+02
1.767478559176672661e+02
1.767358490566037972e+02
1.767598627787307066e+02
1.767512864493996574e+02
1.767890222984562456e+02
1.767924528301886937e+02
1.767838765008576445e+02
1.767753001715265952e+02
1.767650085763293362e+02
1.768233276157804426e+02
1.768662092624356603e+02
1.769331046312178444e+02
1.769742710120068523e+02
1.770274442538593576e+02
1.770771869639793863e+02
1.771303602058318916e+02
1.772024013722127052e+02
1.772624356775299930e+02
1.773241852487135475e+02
1.773859348198970451e+02
1.774665523156089080e+02
1.775728987993138617e+02
1.776689536878216131e+02
1.777667238421955176e+02
1.779159519725557459e+02
1.780634648370497359e+02
1.782109777015437260e+02
1.783481989708404853e+02
1.784837049742710064e+02
1.785763293310463382e+02
1.787015437392796002e+02
1.788267581475128623e+02
1.789382504288164455e+02
1.790377358490566166e+02
1.791423670668953605e+02
1.792298456260720343e+02
1.793173241852487081e+02
1.794048027444254103e+02
1.794922813036020557e+02
1.795900514579759886e+02
1.796912521440823411e+02
1.798216123499142327e+02
1.799536878216123341e+02
1.800428816466552178e+02
1.800960548885076946e+02
1.801286449399656817e+02
1.801749571183533192e+02
1.802195540308747752e+02
1.802898799313893505e+02
1.803807890222984440e+02
1.804716981132075375e+02
1.805626072041166310e+02
1.806672384219554033e+02
1.807753001715265668e+02
1.809090909090909065e+02
1.810154373927958602e+02
1.811132075471697931e+02
1.812161234991423555e+02
1.813190394511149179e+02
1.814408233276157887e+02
1.815197255574613848e+02
1.816123499142366882e+02
1.817084048027443828e+02
1.818044596912521342e+02
1.819296740994853963e+02
1.820789022298456246e+02
1.821852487135506067e+02
1.822915951972555604e+02
1.823687821612350035e+02
1.824631217838764883e+02
1.825574614065180015e+02
1.826655231560891934e+02
1.827650085763293362e+02
1.828644939965694789e+02
1.829468267581474947e+02
1.830514579759862670e+02
1.831783876500857673e+02
1.833190394511149179e+02
1.834596912521440686e+02
1.835677530017152606e+02
1.836981132075471521e+02
1.838061749571183441e+02
1.838473413379073520e+02
1.839296740994853963e+02
1.840703259005145469e+02
1.841801029159519771e+02
1.842933104631217702e+02
1.844065180102915633e+02
1.845334476843910636e+02
1.846312178387649965e+02
1.846878216123498930e+02
1.847821612349914062e+02
1.848353344768439115e+02
1.848919382504287796e+02
1.849674099485420129e+02
1.850291595197255390e+02
1.850960548885076946e+02
1.851903945111492362e+02
1.852298456260720059e+02
1.852675814751286225e+02
1.853173241852487081e+02
1.853979416809605425e+02
1.854631217838764883e+02
1.855300171526586723e+02
1.856089193825042685e+02
1.856929674099485226e+02
1.857066895368782014e+02
1.857101200686106210e+02
1.857289879931389294e+02
1.857581475128644968e+02
1.857873070325900358e+02
1.858044596912521342e+02
1.858233276157804426e+02
1.858679245283018702e+02
1.859090909090909065e+02
1.859656946826758031e+02
1.860205831903945182e+02
1.861457975986277802e+02
1.862692967409948324e+02
1.863790737564322342e+02
1.865300171526586723e+02
1.866380789022298359e+02
1.867341337907375589e+02
1.868576329331046395e+02
1.869777015437392720e+02
1.870634648370497075e+02
1.871818181818181586e+02
1.872624356775299930e+02
1.873241852487135475e+02
1.873859348198971020e+02
1.874614065180102784e+02
1.875248713550600428e+02
1.876157804459691079e+02
1.876843910806175018e+02
1.877392795883361885e+02
1.877770154373928051e+02
1.877547169811320487e+02
1.877478559176672377e+02
1.877255574614064813e+02
1.877427101200686081e+02
1.877409948542023699e+02
1.877049742710119915e+02
1.876518010291595147e+02
1.875849056603773306e+02
1.875471698113207708e+02
1.875077186963979443e+02
1.875111492281303640e+02
1.875008576329331049e+02
1.874751286449399572e+02
1.874476843910805997e+02
1.874202401372212705e+02
1.873516295025729050e+02
1.873241852487135475e+02
1.873036020583190293e+02
1.872830188679245111e+02
1.872264150943395862e+02
1.871921097770154461e+02
1.872315608919382441e+02
1.872504288164665525e+02
1.872710120068610422e+02
1.872675814751286225e+02
1.872212692967409851e+02
1.871869639794168165e+02
1.871406518010291506e+02
1.870686106346483655e+02
1.870240137221269379e+02
1.870171526586620985e+02
1.870051457975986295e+02
1.869931389365351606e+02
1.870102915951972591e+02
1.870171526586620985e+02
1.870205831903945182e+02
1.869742710120068523e+02
1.870034305317324197e+02
1.869828473413379015e+02
1.869982847341337902e+02
1.870566037735849250e+02
1.870445969125214560e+02
1.870668953687821841e+02
1.870737564322470234e+02
1.870771869639794431e+02
1.871406518010291506e+02
1.872161234991423839e+02
1.872126929674099358e+02
1.872298456260720059e+02
1.872367066895368453e+02
1.872830188679245111e+02
1.872933104631217702e+02
1.873001715265866096e+02
1.873567753001715062e+02
1.873876500857632834e+02
1.873567753001715062e+02
1.873962264150943042e+02
1.874253859348198716e+02
1.874562607204116489e+02
1.874734133790737474e+02
1.875385934819896931e+02
1.875403087478559030e+02
1.875780445969124912e+02
1.876003430531732192e+02
1.876020583190394291e+02
1.876329331046312063e+02
1.876415094339622556e+02
1.876586620926243540e+02
1.876775300171526624e+02
1.876843910806175018e+02
1.877169811320754889e+02
1.877615780445969449e+02
1.877975986277873233e+02
1.878010291595197145e+02
1.878267581475128623e+02
1.878233276157804426e+02
1.877735849056603854e+02
1.877495711835334475e+02
1.877324185248713775e+02
1.877101200686106495e+02
1.876826758147512919e+02
1.876706689536878230e+02
1.876586620926243540e+02
1.876432246998284654e+02
1.876295025728987866e+02
1.876157804459691079e+02
1.876415094339622556e+02
1.876895368782161029e+02
1.876586620926243540e+02
1.876260720411663669e+02
1.876192109777015276e+02
1.875969125214407995e+02
1.876329331046312063e+02
1.876878216123499215e+02
1.876912521440823411e+02
1.877084048027444112e+02
1.877152658662092506e+02
1.877152658662092506e+02
1.877375643224699786e+02
1.877804459691251964e+02
1.878336192109777016e+02
1.879022298456260671e+02
1.879691252144082512e+02
1.879674099485420413e+02
1.879759862778730621e+02
1.879845626072041114e+02
1.879931389365351606e+02
1.880188679245283083e+02
1.880445969125214560e+02
1.880463121783876659e+02
1.880737564322469950e+02
1.880977701543739045e+02
1.881097770154373734e+02
1.881029159519725340e+02
1.880977701543739329e+02
1.881200686106346609e+02
1.881012006861063242e+02
1.880583190394511064e+02
1.880411663807890079e+02
1.880085763293310492e+02
1.879536878216123341e+02
1.879759862778730621e+02
1.879982847341337902e+02
1.879811320754716917e+02
1.879176672384219842e+02
1.879108061749571448e+02
1.878919382504288365e+02
1.878970840480274660e+02
1.879022298456260671e+02
1.878799313893653675e+02
1.878044596912521342e+02
1.877993138936535331e+02
1.878301886792452819e+02
1.878370497427101213e+02
1.878370497427101213e+02
1.878113207547169736e+02
1.878336192109777016e+02
1.878387650085763312e+02
1.878336192109777016e+02
1.878301886792452819e+02
1.878747855917667380e+02
1.878816466552315774e+02
1.879090909090909065e+02
1.879588336192109637e+02
1.880240137221269379e+02
1.881252144082332620e+02
1.882435677530017131e+02
1.883704974271012134e+02
1.884373927958833406e+02
1.885557461406517916e+02
1.886466552315608851e+02
1.886998284734133904e+02
1.887701543739279657e+02
1.888765008576329478e+02
1.889811320754716917e+02
1.890720411663807852e+02
1.891320754716981014e+02
1.892075471698113347e+02
1.892830188679245111e+02
1.893550600343053247e+02
1.894271012006861099e+02
1.895060034305317345e+02
1.895849056603773874e+02
1.896277873070326052e+02
1.897186963979416987e+02
1.897530017152658957e+02
1.898113207547169736e+02
1.898284734133790721e+02
1.898644939965694505e+02
1.899090909090909065e+02
1.899108061749571164e+02
1.899039451114922770e+02
1.899090909090909065e+02
1.898987993138936758e+02
1.898902229845626266e+02
1.899193825042881372e+02
1.899777015437392720e+02
1.899982847341337902e+02
1.900531732418525053e+02
1.901217838765008707e+02
1.901595197255574590e+02
1.901320754716981014e+02
1.901423670668953605e+02
1.901560891938250393e+02
1.901698113207547181e+02
1.901732418524871377e+02
1.901749571183533476e+02
1.901766723842195574e+02
1.902332761578044824e+02
1.902607204116638115e+02
1.903310463121783869e+02
1.904116638078902213e+02
1.904579759862778587e+02
1.904974271012006852e+02
1.905248713550600428e+02
1.905831903945111492e+02
1.906312178387650249e+02
1.906775300171526624e+02
1.907032590051458101e+02
1.907272727272727479e+02
1.907512864493996858e+02
1.907718696397942040e+02
1.908164665523156032e+02
1.908730703259005281e+02
1.909296740994854247e+02
1.909862778730703212e+02
1.910308747855917773e+02
1.910617495711835545e+02
1.911029159519725624e+02
1.911217838765008992e+02
1.911526586620926196e+02
1.911680960548885082e+02
1.911560891938250393e+02
1.911440823327615988e+02
1.911337907375643113e+02
1.911234991423670806e+02
1.911029159519725340e+02
1.910891938250428836e+02
1.910806174957118344e+02
1.910566037735848965e+02
1.910325900514579871e+02
1.910102915951972591e+02
1.909605488850772019e+02
1.909365351629502641e+02
1.909142367066895360e+02
1.908679245283018702e+02
1.908473413379073520e+02
1.907701543739279657e+02
1.907444253859348180e+02
1.907066895368782298e+02
1.906878216123499215e+02
1.906226415094339757e+02
1.905145797598627837e+02
1.904185248713550607e+02
1.903430531732418558e+02
1.902950257289880085e+02
1.902264150943396430e+02
1.901989708404802855e+02
1.901818181818181870e+02
1.901389365351629408e+02
1.900943396226415132e+02
1.900977701543739329e+02
1.900531732418525053e+02
1.900102915951972591e+02
1.899382504288164739e+02
1.899193825042881656e+02
1.899142367066895645e+02
1.899073756432247251e+02
1.898987993138936758e+02
1.898765008576329478e+02
1.898902229845626266e+02
1.899039451114923054e+02
1.899348198970840542e+02
1.898747855917667380e+02
1.898747855917667096e+02
1.898490566037735903e+02
1.898010291595197145e+02
1.897804459691251964e+02
1.897701543739279373e+02
1.897718696397941756e+02
1.897152658662092790e+02
1.896929674099485510e+02
1.896586620926243540e+02
1.896415094339622556e+02
1.896243567753001571e+02
1.896054888507718772e+02
1.895574614065180015e+02
1.895574614065180299e+02
1.895883361921097787e+02
1.896140651801028980e+02
1.896260720411663669e+02
1.895145797598627553e+02
1.894356775300171307e+02
1.894168096054888508e+02
1.893979416809605709e+02
1.893464837049742755e+02
1.893327615780445967e+02
1.892881646655231691e+02
1.892521440823327623e+02
1.892229845626072233e+02
1.891801029159519771e+02
1.891372212692967594e+02
1.890497427101200856e+02
1.889451114922813133e+02
1.888765008576329478e+02
1.887495711835334760e+02
1.886483704974270950e+02
1.885763293310463382e+02
1.884802744425386152e+02
1.883653516295025838e+02
1.882384219554030835e+02
1.880977701543739329e+02
1.879571183533447538e+02
1.878679245283018986e+02
1.877495711835334475e+02
1.875711835334477087e+02
1.874819897084048250e+02
1.873945111492281512e+02
1.872692967409948608e+02
1.871252144082332620e+02
1.870000000000000000e+02
1.868696397941681084e+02
1.867855917667238259e+02
1.866723842195540328e+02
1.865403087478559314e+02
1.864082332761578016e+02
1.862744425385934903e+02
1.861303602058318916e+02
1.860051457975986295e+02
1.859416809605488936e+02
1.858404802744425410e+02
1.857101200686106210e+02
1.856072041166380586e+02
1.855042881646655246e+02
1.853979416809605709e+02
1.853190394511149179e+02
1.852212692967410135e+02
1.851903945111492362e+02
1.851423670668953889e+02
1.850703259005146037e+02
1.849862778730703496e+02
1.849245283018868236e+02
1.848799313893653675e+02
1.847770154373927767e+02
1.846878216123499215e+02
1.846140651801028980e+02
1.845746140651801284e+02
1.845368782161235117e+02
1.843327615780445967e+02
1.843276157804459672e+02
1.843293310463121770e+02
1.843464837049742755e+02
1.843344768439108066e+02
1.843773584905660528e+02
1.842058319039450964e+02
1.841921097770154461e+02
1.841183533447684226e+02
1.840789022298455961e+02
1.840720411663807852e+02
1.840600343053173162e+02
1.839245283018867951e+02
1.839125214408233546e+02
1.837975986277873233e+02
1.838250428816466524e+02
1.836775300171526624e+02
1.835728987993138901e+02
1.835351629502572735e+02
1.835385934819896931e+02
1.835694682675814704e+02
1.836003430531732192e+02
1.835437392795883511e+02
1.835334476843910636e+02
1.835351629502573019e+02
1.835368782161235117e+02
1.833670668953687937e+02
1.831886792452830264e+02
1.830463121783876659e+02
1.830343053173241685e+02
1.830240137221269379e+02
1.830137221269296788e+02
1.830068610634648394e+02
1.828662092624356887e+02
1.826775300171526624e+02
1.826946826758147608e+02
1.826672384219554033e+02
1.825248713550600144e+02
1.825694682675814420e+02
1.826020583190394291e+02
1.824236706689536618e+02
1.822452830188678945e+02
1.820771869639793863e+02
1.819365351629502356e+02
1.818456260720411422e+02
1.817307032590051108e+02
1.817221269296740900e+02
1.817289879931389294e+02
1.816809605488850821e+02
1.816397941680960457e+02
1.816363636363636260e+02
1.817084048027444112e+02
1.817684391080617274e+02
1.817375643224699502e+02
1.818078902229845539e+02
1.818198970840480229e+02
1.818421955403087225e+02
1.818336192109777016e+02
1.818421955403087509e+02
1.817924528301886653e+02
1.818250428816466524e+02
1.818576329331046395e+02
1.819056603773584584e+02
1.819536878216123341e+02
1.819845626072041114e+02
1.820257289879931477e+02
1.820463121783876375e+02
1.820137221269296788e+02
1.820566037735848965e+02
1.821012006861063242e+02
1.820977701543739045e+02
1.821217838765008423e+02
1.821063464837049537e+02
1.821389365351629408e+02
1.821269296740994719e+02
1.820325900514579871e+02
1.819022298456260387e+02
1.818713550600342899e+02
1.818782161234991293e+02
1.818730703259004997e+02
1.817049742710119631e+02
1.816500857632933048e+02
1.815660377358490223e+02
1.814631217838764883e+02
1.813910806174956747e+02
1.813481989708404853e+02
1.813070325900514490e+02
1.812521440823327339e+02
1.812109777015437260e+02
1.811680960548885082e+02
1.811252144082332620e+02
1.810943396226414848e+02
1.810514579759862670e+02
1.810188679245282799e+02
1.809862778730703212e+02
1.809554030874785440e+02
1.808833619210977872e+02
1.808233276157804426e+02
1.807444253859348180e+02
1.806415094339622556e+02
1.805780445969125196e+02
1.805420240137221128e+02
1.804545454545454390e+02
1.803499142367066952e+02
1.802692967409948324e+02
1.802041166380788866e+02
1.801612349914236688e+02
1.801286449399656817e+02
1.801560891938250393e+02
1.801457975986277802e+02
1.801955403087478373e+02
1.801200686106346325e+02
1.801818181818181586e+02
1.801063464837049537e+02
1.799794168096054818e+02
1.799845626072041114e+02
1.799485420240137046e+02
1.798130360205831835e+02
1.798044596912521342e+02
1.797255574614064813e+02
1.797787307032589865e+02
1.798336192109776732e+02
1.797066895368782014e+02
1.796260720411663669e+02
1.796535162950257245e+02
1.795969125214407995e+02
1.794236706689536618e+02
1.792504288164665240e+02
1.791046312178387439e+02
1.791337907375643113e+02
1.789897084048027409e+02
1.787770154373927767e+02
1.786346483704974162e+02
1.785265866209262242e+02
1.786106346483704783e+02
1.786054888507718488e+02
1.784871355060034261e+02
1.783053173241852392e+02
1.781063464837049537e+02
1.779451114922812849e+02
1.777890222984562456e+02
1.776106346483704783e+02
1.775574614065180015e+02
1.774596912521440686e+02
1.773619210977701357e+02
1.771492281303601999e+02
1.770343053173241685e+02
1.770188679245282799e+02
1.769588336192109637e+02
1.768987993138936474e+02
1.768387650085763312e+02
1.768233276157804426e+02
1.767495711835334191e+02
1.766740994854202427e+02
1.766003430531732192e+02
1.765265866209262526e+02
1.764631217838764883e+02
1.763996569468267239e+02
1.763293310463121770e+02
1.762452830188678945e+02
1.761612349914236688e+02
1.760548885077186867e+02
1.757632933104630979e+02
1.756963979416809423e+02
1.756415094339622556e+02
1.755694682675814704e+02
1.755094339622641542e+02
1.754493996569468379e+02
1.753670668953687652e+02
1.752864493996569308e+02
1.752212692967409851e+02
1.751183533447684226e+02
1.750360205831904068e+02
1.748130360205831835e+02
1.746706689536878230e+02
1.746020583190394575e+02
1.745265866209262526e+02
1.744373927958833406e+02
1.743447684391080656e+02
1.743138936535162884e+02
1.742692967409948608e+02
1.740977701543739045e+02
1.740102915951972591e+02
1.739554030874785440e+02
1.737495711835334191e+02
1.736912521440823411e+02
1.734768439108061671e+02
1.732933104631217702e+02
1.731629502572898787e+02
1.730548885077186867e+02
1.729674099485420129e+02
1.729279588336192148e+02
1.728130360205831835e+02
1.727838765008576161e+02
1.727341337907375305e+02
1.726535162950257245e+02
1.725574614065180015e+02
1.724408233276157603e+02
1.723756432246998429e+02
1.723104631217838687e+02
1.721612349914236688e+02
1.720137221269296504e+02
1.718387650085763028e+02
1.717581475128644968e+02
1.716826758147512919e+02
1.716037735849056389e+02
1.714974271012006852e+02
1.713756432246998145e+02
1.712830188679245111e+02
1.711818181818181870e+02
1.710222984562607280e+02
1.709005145797598573e+02
1.707444253859348180e+02
1.706226415094339757e+02
1.705506003430531905e+02
1.704802744425385868e+02
1.703979416809605709e+02
1.703670668953687937e+02
1.703327615780445967e+02
1.702915951972555888e+02
1.702504288164665809e+02
1.701646655231560885e+02
1.701080617495711920e+02
1.700291595197255390e+02
1.699262435677530050e+02
1.697993138936535047e+02
1.697564322469982585e+02
1.696981132075471521e+02
1.695763293310463098e+02
1.694562607204116773e+02
1.693825042881646539e+02
1.693396226415094361e+02
1.691766723842195290e+02
1.691372212692967310e+02
1.690240137221269094e+02
1.688336192109777016e+02
1.687941680960548752e+02
1.686192109777015276e+02
1.685042881646655246e+02
1.683739279588336331e+02
1.682590051457976017e+02
1.681629502572898787e+02
1.680274442538593576e+02
1.678610634648370308e+02
1.678267581475128623e+02
1.677855917667238259e+02
1.677547169811320771e+02
1.676878216123499215e+02
1.677169811320754889e+02
1.677770154373928051e+02
1.678353344768439115e+02
1.678370497427101213e+02
1.678370497427101213e+02
1.677753001715265952e+02
1.677787307032589865e+02
1.677753001715265952e+02
1.677564322469982869e+02
1.677169811320754889e+02
1.676603773584905639e+02
1.676346483704974162e+02
1.676483704974270950e+02
1.676775300171526624e+02
1.677855917667238543e+02
1.678799313893653675e+02
1.679725557461406424e+02
1.679862778730703212e+02
1.679485420240137046e+02
1.679005145797598857e+02
1.679451114922813133e+02
1.680034305317324197e+02
1.680085763293310492e+02
1.679708404802744326e+02
1.680137221269296788e+02
1.680411663807890363e+02
1.681200686106346325e+02
1.681457975986277802e+02
1.681715265866209279e+02
1.681783876500857673e+02
1.681835334476843968e+02
1.682504288164665525e+02
1.682967409948541899e+02
1.683259005145797573e+02
1.683756432246998429e+02
1.683945111492281228e+02
1.684271012006861099e+02
1.684288164665522913e+02
1.684030874785591720e+02
1.684116638078901929e+02
1.683464837049742755e+02
1.683138936535162884e+02
1.682572898799313634e+02
1.682555746140651536e+02
1.682126929674099642e+02
1.682195540308747752e+02
1.681801029159519771e+02
1.681560891938250393e+02
1.681715265866209279e+02
1.681492281303601999e+02
1.681269296740994719e+02
1.681286449399656817e+02
1.680806174957118060e+02
1.680703259005145469e+02
1.680720411663807567e+02
1.680428816466552178e+02
1.680188679245283083e+02
1.679708404802744326e+02
1.679605488850771735e+02
1.679228130360205569e+02
1.678181818181818130e+02
1.677478559176672093e+02
1.677118353344768309e+02
1.676569468267581442e+02
1.676140651801029264e+02
1.675608919382504212e+02
1.674905660377358458e+02
1.674339622641509493e+02
1.674322469982847679e+02
1.673945111492281512e+02
1.673704974271012134e+02
1.673053173241852392e+02
1.672504288164665809e+02
1.671955403087478658e+02
1.671114922813036117e+02
1.670171526586620985e+02
1.669228130360205569e+02
1.668181818181818130e+02
1.667255574614065381e+02
1.666329331046312063e+02
1.664288164665523198e+02
1.661972555746140756e+02
1.659691252144082227e+02
1.659313893653516345e+02
1.658559176672384297e+02
1.657821612349914346e+02
1.657341337907375589e+02
1.656843910806175018e+02
1.656106346483704783e+02
1.655368782161234833e+02
1.654648370497426981e+02
1.653584905660377444e+02
1.652521440823327623e+02
1.651732418524871377e+02
1.650943396226415132e+02
1.650823327615780443e+02
1.649914236706689508e+02
1.648867924528301785e+02
1.647838765008576161e+02
1.646432246998284654e+02
1.644528301886792292e+02
1.643481989708404853e+02
1.642144082332761457e+02
1.641183533447684226e+02
1.640377358490566166e+02
1.639554030874785440e+02
1.638473413379073804e+02
1.636998284734133904e+02
1.635540308747855818e+02
1.634082332761578016e+02
1.633190394511149179e+02
1.632281303602058529e+02
1.631372212692967310e+02
1.630480274442538757e+02
1.629536878216123625e+02
1.628576329331046395e+02
1.627598627787307066e+02
1.626620926243567737e+02
1.625660377358490507e+02
1.624716981132075375e+02
1.623979416809605425e+02
1.623361921097770164e+02
1.622469982847341328e+02
1.621835334476843968e+02
1.621440823327615703e+02
1.620566037735848965e+02
1.619982847341337902e+02
1.619348198970840258e+02
1.618267581475128623e+02
1.616981132075471805e+02
1.616363636363636260e+02
1.615900514579759601e+02
1.614905660377358458e+02
1.614150943396226410e+02
1.613156089193824982e+02
1.612144082332761457e+02
1.611457975986277802e+02
1.610994854202401143e+02
1.609948542024013705e+02
1.609245283018867951e+02
1.608542024013722198e+02
1.607461406518010278e+02
1.606638078902229836e+02
1.606415094339622556e+02
1.605900514579759886e+02
1.605694682675814704e+02
1.605351629502573019e+02
1.605008576329331049e+02
1.604837049742710064e+02
1.604785591766723769e+02
1.603241852487135475e+02
1.602933104631217702e+02
1.602624356775299930e+02
1.601886792452829980e+02
1.599948542024013705e+02
1.599588336192109637e+02
1.598147512864493933e+02
1.596569468267581442e+02
1.595145797598627837e+02
1.592984562607203998e+02
1.590943396226414848e+02
1.588919382504288080e+02
1.587015437392796002e+02
1.586329331046312063e+02
1.585643224699828693e+02
1.584974271012006852e+02
1.584579759862778587e+02
1.584185248713550607e+02
1.583790737564322626e+02
1.583276157804459672e+02
1.583516295025729050e+02
1.583121783876500785e+02
1.583104631217838687e+02
1.581492281303601999e+02
1.581492281303601999e+02
1.581097770154373734e+02
1.581080617495711635e+02
1.580051457975986295e+02
1.580411663807890079e+02
1.580926243567752749e+02
1.581286449399656817e+02
1.581406518010291506e+02
1.580994854202401143e+02
1.580274442538593576e+02
1.579176672384219557e+02
1.577855917667238259e+02
1.577444253859348180e+02
1.576878216123499215e+02
1.577101200686106495e+02
1.576946826758147608e+02
1.576638078902229836e+02
1.576466552315608851e+02
1.576295025728987866e+02
1.576123499142366882e+02
1.575951972555745897e+02
1.575591766723842113e+02
1.575540308747855818e+02
1.574150943396226126e+02
1.573259005145797573e+02
1.572367066895368737e+02
1.571835334476843968e+02
1.571732418524871377e+02
1.570085763293310492e+02
1.568833619210977588e+02
1.567478559176672377e+02
1.566329331046312063e+02
1.564871355060034261e+02
1.563704974271012134e+02
1.562435677530017415e+02
1.561303602058318916e+02
1.561286449399657101e+02
1.561303602058318916e+02
1.561303602058318916e+02
1.561492281303601999e+02
1.560548885077187151e+02
1.561252144082332620e+02
1.561372212692967310e+02
1.561269296740994719e+02
1.561183533447684226e+02
1.561509433962264097e+02
1.561286449399656817e+02
1.561440823327615703e+02
1.561457975986277802e+02
1.560480274442538757e+02
1.559656946826758315e+02
1.558713550600343183e+02
1.557735849056603854e+02
1.556483704974270950e+02
1.556106346483705067e+02
1.556037735849056673e+02
1.554751286449399856e+02
1.553550600343053247e+02
1.552778730703258816e+02
1.552590051457975733e+02
1.552744425385934903e+02
1.552521440823327907e+02
1.551389365351629408e+02
1.549571183533447538e+02
1.548404802744425410e+02
1.548885077186963883e+02
1.549245283018867667e+02
1.549073756432246967e+02
1.548902229845625982e+02
1.548662092624356887e+02
1.548284734133790721e+02
1.547632933104631263e+02
1.547238421955402998e+02
1.546569468267581442e+02
1.545523156089193719e+02
1.544476843910805997e+02
1.543550600343053247e+02
1.542607204116638115e+02
1.541955403087478658e+02
1.541114922813036117e+02
1.540274442538593576e+02
1.539468267581475232e+02
1.538644939965694789e+02
1.537547169811320771e+02
1.536689536878216131e+02
1.534528301886792292e+02
1.534425385934819701e+02
1.532881646655231407e+02
1.532332761578044540e+02
1.531903945111492362e+02
1.531286449399656817e+02
1.530583190394511064e+02
1.529073756432246967e+02
1.529313893653516345e+02
1.528473413379073804e+02
1.527924528301886937e+02
1.527272727272727479e+02
1.526620926243567737e+02
1.526054888507718488e+02
1.525951972555745897e+02
1.525711835334476518e+02
1.525283018867924625e+02
1.524751286449399572e+02
1.524493996569468095e+02
1.524922813036020557e+02
1.525368782161235117e+02
1.525540308747856102e+02
1.525008576329331049e+02
1.524442538593482084e+02
1.523910806174957031e+02
1.523653516295025838e+02
1.523910806174957031e+02
1.523207547169811278e+02
1.523138936535162884e+02
1.522847341337907494e+02
1.523104631217838687e+02
1.523224699828473376e+02
1.523104631217838687e+02
1.522332761578044824e+02
1.521680960548885082e+02
1.522024013722127052e+02
1.522727272727272805e+02
1.523430531732418558e+02
1.524133790737564311e+02
1.524785591766724053e+02
1.524288164665523198e+02
1.523481989708404853e+02
1.523001715265866096e+02
1.522658662092624127e+02
1.523379073756432263e+02
1.524837049742710064e+02
1.525849056603773590e+02
1.525814751286449678e+02
1.525780445969125481e+02
1.525797598627787295e+02
1.526020583190394575e+02
1.526243567753001571e+02
1.526466552315608851e+02
1.526689536878216131e+02
1.526826758147512919e+02
1.527186963979416987e+02
1.527564322469982585e+02
1.527564322469982869e+02
1.528044596912521342e+02
1.528524871355060100e+02
1.529056603773585152e+02
1.529588336192109637e+02
1.529331046312178444e+02
1.529897084048027409e+02
1.528987993138936758e+02
1.527701543739279657e+02
1.526415094339622556e+02
1.525128644939965739e+02
1.524888507718696360e+02
1.524253859348199001e+02
1.524476843910805997e+02
1.525060034305317345e+02
1.525608919382504496e+02
1.526037735849056673e+02
1.526020583190394575e+02
1.525986277873070378e+02
1.527547169811321055e+02
1.527392795883361885e+02
1.527289879931389578e+02
1.526826758147512919e+02
1.525711835334477087e+02
1.525471698113207708e+02
1.525797598627787579e+02
1.525831903945111776e+02
1.526277873070325768e+02
1.525883361921098071e+02
1.525694682675814988e+02
1.524425385934819985e+02
1.525557461406517916e+02
1.525488850771869522e+02
1.525763293310462814e+02
1.525849056603773306e+02
1.526809605488850536e+02
1.527495711835334191e+02
1.527289879931389294e+02
1.527221269296741184e+02
1.526226415094339472e+02
1.526003430531732477e+02
1.525643224699828693e+02
1.525540308747856102e+02
1.524922813036020557e+02
1.524305317324185012e+02
1.524819897084047966e+02
1.526518010291595147e+02
1.527598627787306782e+02
1.527495711835334760e+02
1.526140651801029264e+02
1.525042881646655246e+02
1.523927958833619414e+02
1.524236706689536902e+02
1.525608919382504496e+02
1.524271012006861099e+02
1.523344768439108066e+02
1.523842195540308637e+02
1.523464837049742755e+02
1.523224699828473376e+02
1.524168096054888224e+02
1.525094339622641542e+02
1.526569468267581442e+02
1.527770154373927767e+02
1.528336192109777016e+02
1.528919382504288080e+02
1.528404802744425410e+02
1.527975986277872948e+02
1.527941680960548752e+02
1.527941680960548752e+02
1.526981132075471805e+02
1.526054888507718488e+02
1.525128644939965739e+02
1.524837049742710064e+02
1.523790737564322626e+02
1.522864493996569308e+02
1.522590051457976301e+02
1.522418524871355032e+02
1.521938250428816559e+02
1.521663807890222984e+02
1.521234991423670806e+02
1.521012006861063526e+02
1.520566037735849250e+02
1.520137221269296788e+02
1.520034305317324197e+02
1.518936535162950179e+02
1.518250428816466524e+02
1.517838765008576161e+02
1.517427101200686081e+02
1.517358490566037688e+02
1.516861063464837116e+02
1.516226415094339472e+02
1.516174957118353177e+02
1.516157804459691079e+02
1.515969125214407995e+02
1.517564322469982585e+02
1.518164665523156032e+02
1.518181818181818130e+02
1.517821612349914062e+02
1.517598627787307066e+02
1.518730703259005281e+02
1.519279588336192148e+02
1.520222984562607280e+02
1.521492281303601999e+02
1.521903945111492362e+02
1.521029159519725624e+02
1.520017152658662098e+02
1.520445969125214560e+02
1.520566037735849250e+02
1.520806174957118060e+02
1.521372212692967310e+02
1.521475128644939900e+02
1.522006861063464953e+02
1.522315608919382441e+02
1.522384219554030551e+02
1.523001715265866096e+02
1.524202401372212705e+02
1.524974271012006852e+02
1.524442538593481800e+02
1.524253859348198716e+02
1.523739279588336046e+02
1.522504288164665240e+02
1.521526586620926196e+02
1.521217838765008423e+02
1.521955403087478373e+02
1.522915951972555604e+02
1.522795883361920914e+02
1.523739279588336046e+02
1.523859348198970736e+02
1.523739279588336331e+02
1.523138936535162884e+02
1.523790737564322342e+02
1.522229845626071949e+02
1.521680960548885082e+02
1.522006861063464669e+02
1.521972555746140472e+02
1.521732418524871377e+02
1.523361921097770164e+02
1.522229845626071949e+02
1.521818181818181870e+02
1.521560891938250393e+02
1.521286449399656817e+02
1.522624356775300214e+02
1.523602058319039543e+02
1.521801029159519771e+02
1.521046312178387439e+02
1.522847341337907210e+02
1.524631217838764883e+02
1.524768439108061671e+02
1.524939965694682655e+02
1.526655231560891934e+02
1.527873070325900358e+02
1.528713550600343183e+02
1.530771869639794147e+02
1.530188679245283083e+02
1.530634648370497075e+02
1.532178387650085938e+02
1.534322469982847110e+02
1.536483704974270950e+02
1.538284734133790721e+02
1.539519725557461243e+02
1.541132075471697931e+02
1.541955403087478658e+02
1.542658662092624127e+02
1.543104631217838687e+02
1.544716981132075375e+02
1.545506003430531621e+02
1.545385934819896931e+02
1.545403087478559314e+02
1.545403087478559314e+02
1.545574614065180299e+02
1.545300171526586723e+02
1.544528301886792576e+02
1.543773584905660243e+02
1.543670668953687937e+02
1.543259005145797573e+02
1.542641509433962028e+02
1.542264150943396146e+02
1.541835334476843968e+02
1.541578044596912491e+02
1.541303602058318916e+02
1.541252144082332620e+02
1.542864493996569308e+02
1.542315608919382441e+02
1.541663807890222984e+02
1.541149228130360314e+02
1.540720411663807852e+02
1.540377358490565882e+02
1.539845626072041114e+02
1.538970840480274376e+02
1.538267581475128623e+02
1.537787307032590149e+02
1.537101200686106210e+02
1.537547169811320771e+02
1.537941680960548752e+02
1.537787307032589865e+02
1.537238421955403282e+02
1.536809605488850821e+02
1.536380789022298359e+02
1.535368782161235117e+02
1.534356775300171591e+02
1.534459691252144182e+02
1.533722126929673948e+02
1.532692967409948608e+02
1.533379073756432263e+02
1.532813036020583013e+02
1.533379073756432263e+02
1.534339622641509209e+02
1.534373927958833406e+02
1.534442538593481800e+02
1.534425385934819985e+02
1.533927958833619414e+02
1.533807890222984724e+02
1.533001715265866380e+02
1.532212692967409851e+02
1.531938250428816559e+02
1.532075471698113347e+02
1.532144082332761741e+02
1.532006861063464953e+02
1.532246998284734332e+02
1.533327615780445967e+02
1.534288164665523198e+02
1.535248713550600428e+02
1.535385934819897216e+02
1.534957118353344754e+02
1.534854202401372163e+02
1.535145797598627837e+02
1.535694682675814988e+02
1.536243567753001855e+02
1.536723842195540328e+02
1.537238421955403282e+02
1.537495711835334475e+02
1.538078902229845539e+02
1.538936535162950179e+02
1.539416809605488652e+02
1.539691252144082227e+02
1.539965694682675803e+02
1.539742710120068523e+02
1.539965694682675803e+02
1.540360205831904068e+02
1.540600343053173162e+02
1.540909090909090935e+02
1.541080617495711920e+02
1.541166380789022128e+02
1.542332761578044824e+02
1.542967409948541899e+02
1.542830188679245396e+02
1.542692967409948608e+02
1.543619210977701641e+02
1.544253859348199285e+02
1.543773584905660528e+02
1.542847341337907210e+02
1.543756432246998145e+02
1.542264150943396146e+02
1.542950257289879801e+02
1.544425385934819701e+02
1.543567753001715346e+02
1.544356775300171307e+02
1.544957118353344754e+02
1.544322469982847394e+02
1.545351629502573019e+02
1.546295025728987866e+02
1.547787307032589865e+02
1.549056603773584868e+02
1.549433962264151035e+02
1.549828473413379015e+02
1.550480274442538757e+02
1.551955403087478373e+02
1.552487135506003142e+02
1.552298456260720343e+02
1.552126929674099642e+02
1.552229845626071949e+02
1.552041166380789150e+02
1.551801029159519771e+02
1.551595197255574590e+02
1.551440823327615703e+02
1.552109777015437260e+02
1.553259005145797573e+02
1.554854202401372163e+02
1.556363636363636260e+02
1.557255574614065381e+02
1.558319039451114918e+02
1.557324185248713491e+02
1.556003430531732477e+02
1.554991423670668951e+02
1.554373927958833690e+02
1.553945111492281228e+02
1.553516295025729050e+02
1.552898799313893505e+02
1.552144082332761741e+02
1.552058319039451248e+02
1.552109777015437544e+02
1.550977701543739045e+02
1.550000000000000000e+02
1.548885077186964168e+02
1.547907375643224555e+02
1.546826758147512919e+02
1.545626072041166594e+02
1.545437392795883511e+02
1.545231560891938329e+02
1.544185248713550607e+02
1.543138936535162884e+02
1.541938250428816275e+02
1.541080617495711635e+02
1.540651801029159458e+02
1.540240137221269379e+02
1.538936535162950463e+02
1.537427101200685797e+02
1.536226415094339472e+02
1.535986277873070378e+02
1.536157804459691079e+02
1.535814751286449109e+02
1.535351629502572735e+02
1.534734133790737474e+02
1.534236706689536618e+02
1.533173241852486797e+02
1.532607204116637831e+02
1.532161234991423555e+02
1.531732418524871377e+02
1.531457975986277802e+02
1.531080617495711635e+02
1.530857632933104355e+02
1.530994854202401427e+02
1.530497427101200856e+02
1.529948542024013705e+02
1.529279588336192148e+02
1.529262435677530050e+02
1.528713550600343183e+02
1.528181818181818130e+02
1.527667238421955744e+02
1.527873070325900358e+02
1.527787307032590149e+02
1.527392795883361885e+02
1.527289879931389294e+02
1.527204116638079086e+02
1.527084048027444396e+02
1.526809605488850821e+02
1.526415094339622556e+02
1.525900514579760170e+02
1.525780445969125196e+02
1.525814751286449393e+02
1.525523156089193719e+02
1.525506003430531621e+02
1.525471698113207708e+02
1.525437392795883511e+02
1.525403087478559314e+02
1.525265866209262526e+02
1.525094339622641542e+02
1.526329331046312063e+02
1.527444253859348464e+02
1.527770154373928051e+02
1.527478559176672661e+02
1.527015437392796002e+02
1.526723842195540328e+02
1.526106346483704783e+02
1.525797598627787295e+02
1.525711835334476802e+02
1.525780445969125481e+02
1.525849056603773874e+02
1.526380789022298359e+02
1.525814751286449393e+02
1.526226415094339472e+02
1.526380789022298359e+02
1.526363636363636260e+02
1.526809605488850821e+02
1.527204116638078801e+02
1.527787307032589865e+02
1.528747855917667096e+02
1.529862778730703212e+02
1.530343053173241969e+02
1.530514579759862954e+02
1.530909090909090935e+02
1.531149228130360029e+02
1.531269296740994719e+02
1.531389365351629408e+02
1.531680960548885082e+02
1.531955403087478658e+02
1.532126929674099358e+02
1.532384219554030551e+02
1.532555746140651536e+02
1.532744425385934619e+02
1.533018867924528195e+02
1.533293310463121770e+02
1.533584905660377444e+02
1.533876500857633118e+02
1.534202401372212705e+02
1.534528301886792576e+02
1.534871355060034261e+02
1.535300171526586723e+02
1.535574614065180015e+02
1.535849056603773590e+02
1.536140651801028980e+02
1.536295025728987866e+02
1.536432246998284654e+02
1.536415094339622556e+02
1.536638078902229836e+02
1.536895368782161313e+02
1.537341337907375589e+02
1.537392795883362169e+02
1.537272727272727479e+02
1.537152658662092790e+02
1.537169811320754889e+02
1.537186963979416987e+02
1.537375643224699786e+02
1.536912521440823411e+02
1.536655231560891934e+02
1.536295025728987866e+02
1.535746140651801284e+02
1.535454545454545610e+02
1.535368782161235117e+02
1.535180102915952034e+02
1.534356775300171591e+02
1.533842195540308921e+02
1.533018867924528195e+02
1.531989708404802855e+02
1.530977701543739045e+02
1.530325900514579587e+02
1.529674099485420129e+02
1.530034305317324197e+02
1.529742710120068523e+02
1.529451114922812849e+02
1.529193825042881656e+02
1.530137221269296788e+02
1.530000000000000000e+02
1.530360205831903784e+02
1.530977701543739045e+02
1.531680960548884798e+02
1.532761578044596718e+02
1.533825042881646823e+02
1.534871355060034261e+02
1.536655231560891934e+02
1.536620926243567737e+02
1.536586620926243540e+02
1.536535162950257245e+02
1.536380789022298359e+02
1.536518010291595147e+02
1.536929674099485510e+02
1.537375643224699786e+02
1.537409948542023983e+02
1.537701543739279373e+02
1.537718696397941471e+02
1.539176672384219557e+02
1.539416809605488936e+02
1.539639794168095932e+02
1.539468267581474947e+02
1.541029159519725624e+02
1.541200686106346325e+02
1.540668953687821556e+02
1.541269296740995003e+02
1.541543739279588294e+02
1.541543739279588294e+02
1.541938250428816275e+02
1.543550600343052963e+02
1.544511149228130193e+02
1.543945111492280944e+02
1.543962264150943042e+02
1.544065180102915917e+02
1.544168096054888508e+02
1.543859348198970736e+02
1.543533447684390865e+02
1.543087478559176589e+02
1.542641509433962028e+02
1.542195540308747752e+02
1.541766723842195574e+02
1.541183533447684226e+02
1.541663807890222984e+02
1.541543739279588294e+02
1.541337907375643113e+02
1.541372212692967310e+02
1.541269296740995003e+02
1.542538593481989722e+02
1.542641509433962028e+02
1.542727272727272521e+02
1.543584905660377444e+02
1.544751286449399856e+02
1.544768439108061671e+02
1.544785591766724053e+02
1.544631217838765167e+02
1.543859348198971020e+02
1.542830188679245111e+02
1.542041166380789150e+02
1.541046312178387723e+02
1.541646655231560885e+02
1.540617495711835261e+02
1.539914236706689508e+02
1.539519725557461243e+02
1.538953687821612561e+02
1.538130360205831835e+02
1.538130360205831835e+02
1.537735849056603570e+02
1.537512864493996290e+02
1.537958833619210850e+02
1.538387650085763312e+02
1.539108061749571448e+02
1.539725557461406424e+02
1.540617495711835545e+02
1.540480274442538473e+02
1.540188679245283083e+02
1.540720411663807852e+02
1.541303602058318916e+02
1.541663807890222984e+02
1.541097770154373734e+02
1.540583190394511064e+02
1.539914236706689508e+02
1.540171526586620985e+02
1.541080617495711920e+02
1.541921097770154461e+02
1.541166380789022128e+02
1.540514579759862670e+02
1.540034305317324197e+02
1.539691252144082227e+02
1.539536878216123341e+02
1.539108061749570879e+02
1.538816466552315774e+02
1.538662092624356887e+02
1.538919382504288365e+02
1.539245283018867951e+02
1.539811320754716917e+02
1.540274442538593576e+02
1.540634648370497359e+02
1.540445969125214560e+02
1.540703259005145753e+02
1.540840480274442825e+02
1.541080617495711920e+02
1.541457975986278086e+02
1.542229845626072233e+02
1.542521440823327907e+02
1.543842195540308921e+02
1.544236706689536902e+02
1.545488850771869522e+02
1.545746140651800999e+02
1.545831903945111492e+02
1.546123499142367166e+02
1.546758147512864525e+02
1.548078902229845824e+02
1.548507718696398001e+02
1.548953687821612277e+02
1.548078902229845539e+02
1.548799313893653675e+02
1.549142367066895645e+02
1.549416809605488652e+02
1.549399656946826553e+02
1.549639794168095932e+02
1.550017152658662098e+02
1.550120068610634689e+02
1.549622641509433834e+02
1.549433962264150750e+02
1.549725557461406424e+02
1.549691252144082227e+02
1.549245283018868236e+02
1.549708404802744610e+02
1.548730703259005281e+02
1.548267581475128623e+02
1.547101200686106495e+02
1.547598627787307066e+02
1.547461406518010563e+02
1.547890222984562740e+02
1.546638078902230120e+02
1.545711835334477087e+02
1.544768439108061671e+02
1.545077186963979443e+02
1.545094339622641542e+02
1.545626072041166594e+02
1.544579759862778587e+02
1.543516295025729050e+02
1.544065180102915917e+02
1.543241852487135475e+02
1.543945111492281228e+02
1.545883361921097787e+02
1.546037735849056389e+02
1.546449399656946753e+02
1.545111492281303640e+02
1.545351629502573019e+02
1.543893653516295217e+02
1.543722126929674232e+02
1.545437392795883511e+02
1.545145797598627837e+02
1.544459691252144182e+02
1.543927958833619130e+02
1.543396226415094361e+02
1.544425385934819985e+02
1.545746140651801284e+02
1.546861063464837116e+02
1.547958833619211134e+02
1.548816466552315774e+02
1.549588336192109921e+02
1.550360205831904068e+02
1.551355060034305211e+02
1.552349914236706923e+02
1.553876500857633118e+02
1.554614065180102784e+02
1.555557461406518200e+02
1.557821612349914062e+02
1.560497427101200856e+02
1.561423670668953889e+02
1.561560891938250393e+02
1.561972555746140756e+02
1.562607204116638115e+02
1.562795883361920914e+02
1.562864493996569308e+02
1.562967409948541899e+02
1.563413379073756460e+02
1.563584905660377444e+02
1.563859348198970736e+02
1.564116638078902497e+02
1.562984562607203998e+02
1.563379073756432263e+02
1.564854202401372163e+02
1.564802744425385868e+02
1.565934819897083798e+02
1.565900514579759886e+02
1.566054888507718772e+02
1.564716981132075375e+02
1.564871355060034261e+02
1.565951972555746181e+02
1.565746140651800999e+02
1.565540308747856102e+02
1.566397941680960457e+02
1.566020583190394575e+02
1.565797598627787011e+02
1.565506003430531621e+02
1.565265866209262526e+02
1.564751286449399572e+02
1.564922813036020557e+02
1.564562607204116489e+02
1.564339622641509209e+02
1.563996569468267239e+02
1.564168096054888508e+02
1.564682675814751178e+02
1.565660377358490507e+02
1.565471698113207424e+02
1.565042881646655246e+02
1.564614065180102784e+02
1.565420240137221128e+02
1.565969125214407995e+02
1.566723842195540328e+02
1.567375643224699786e+02
1.567186963979416703e+02
1.567924528301886653e+02
1.568456260720411706e+02
1.568833619210977872e+02
1.568370497427101213e+02
1.567890222984562740e+02
1.568027444253859528e+02
1.567855917667238259e+02
1.567375643224700070e+02
1.566895368782161313e+02
1.566878216123499215e+02
1.567049742710120199e+02
1.567084048027444396e+02
1.566723842195540328e+02
1.566603773584905639e+02
1.566483704974270950e+02
1.567427101200686081e+02
1.567341337907375589e+02
1.567272727272727195e+02
1.567135506003430407e+02
1.567307032590051392e+02
1.567444253859347896e+02
1.567101200686106495e+02
1.566569468267581442e+02
1.566295025728987866e+02
1.566312178387649965e+02
1.566174957118353177e+02
1.565814751286449393e+02
1.565574614065180015e+02
1.565317324185248538e+02
1.564854202401372163e+02
1.565162950257289651e+02
1.565403087478559030e+02
1.565591766723842113e+02
1.565506003430531905e+02
1.565317324185248822e+02
1.565557461406517916e+02
1.565677530017152321e+02
1.565797598627787295e+02
1.565660377358490223e+02
1.566037735849056389e+02
1.565454545454545325e+02
1.566243567753001571e+02
1.566192109777015276e+02
1.566020583190394291e+02
1.565969125214407995e+02
1.566192109777015276e+02
1.564802744425385868e+02
1.563464837049742755e+02
1.561972555746140756e+02
1.561921097770154461e+02
1.563018867924528195e+02
1.564391080617495504e+02
1.564459691252143898e+02
1.564837049742710064e+02
1.565094339622641542e+02
1.565025728987993148e+02
1.564322469982847110e+02
1.563310463121783869e+02
1.562538593481989437e+02
1.563087478559176589e+02
1.563070325900514490e+02
1.562384219554030835e+02
1.562161234991423839e+02
1.563276157804459672e+02
1.564391080617495504e+02
1.565300171526586723e+02
1.566672384219554033e+02
1.568644939965694789e+02
1.570222984562607280e+02
1.570411663807890079e+02
1.570085763293310492e+02
1.571080617495711635e+02
1.570548885077186867e+02
1.570754716981132049e+02
1.570874785591766454e+02
1.571132075471697931e+02
1.571578044596912491e+02
1.572881646655231691e+02
1.574202401372212421e+02
1.574631217838764883e+02
1.574339622641509209e+02
1.574511149228130193e+02
1.574236706689536902e+02
1.574425385934819701e+02
1.576072041166380586e+02
1.576243567753001571e+02
1.575900514579759886e+02
1.574373927958833406e+02
1.572898799313893505e+02
1.574957118353344754e+02
1.574682675814751178e+02
1.572607204116638115e+02
1.571492281303601999e+02
1.570651801029159458e+02
1.568267581475128623e+02
1.566346483704974162e+02
1.566535162950257245e+02
1.565574614065180015e+02
1.562795883361920914e+02
1.561715265866209279e+02
1.560668953687821841e+02
1.559519725557461243e+02
1.557409948542023983e+02
1.556586620926243540e+02
1.554579759862778587e+02
1.554168096054888508e+02
1.553121783876500785e+02
1.552349914236706638e+02
1.550205831903945182e+02
1.550600343053172878e+02
1.550994854202401427e+02
1.549811320754716917e+02
1.549982847341337902e+02
1.550291595197255390e+02
1.550651801029159174e+02
1.550857632933104640e+02
1.551149228130360029e+02
1.552384219554031120e+02
1.553464837049742755e+02
1.553259005145797573e+02
1.553790737564322626e+02
1.554425385934819985e+02
1.554596912521440686e+02
1.554768439108061671e+02
1.555180102915951750e+02
1.555591766723842113e+02
1.556003430531732192e+02
1.555248713550600144e+02
1.556123499142366882e+02
1.556809605488850536e+02
1.557375643224699786e+02
1.556174957118353177e+02
1.556003430531732477e+02
1.556243567753001571e+02
1.556809605488850536e+02
1.557049742710119915e+02
1.557066895368782298e+02
1.557581475128644684e+02
1.557975986277872948e+02
1.557581475128644684e+02
1.556826758147512919e+02
1.556569468267581442e+02
1.556312178387649965e+02
1.555711835334476802e+02
1.555283018867924625e+02
1.554854202401372163e+02
1.554562607204116773e+02
1.554373927958833406e+02
1.553927958833619130e+02
1.553018867924528195e+02
1.552092624356775161e+02
1.551595197255574590e+02
1.550943396226414848e+02
1.550686106346483655e+02
1.550171526586620985e+02
1.549656946826758031e+02
1.548987993138936758e+02
1.549090909090909065e+02
1.548987993138936474e+02
1.548885077186963883e+02
1.548576329331046395e+02
1.548010291595197145e+02
1.547598627787307066e+02
1.547204116638079086e+02
1.546432246998284654e+02
1.545677530017152890e+02
1.545145797598627837e+02
1.544614065180102784e+02
1.544202401372212421e+02
1.543927958833619130e+02
1.543602058319039543e+02
1.543001715265866096e+02
1.542041166380789150e+02
1.541183533447684511e+02
1.540926243567753033e+02
1.540514579759862670e+02
1.540102915951972591e+02
1.539691252144082512e+02
1.539022298456260671e+02
1.538370497427101213e+02
1.537598627787307066e+02
1.536655231560891934e+02
1.536346483704974162e+02
1.535523156089194003e+02
1.534888507718696360e+02
1.533584905660377444e+02
1.532813036020583297e+02
1.532006861063464953e+02
1.531766723842195574e+02
1.530994854202401427e+02
1.530154373927958886e+02
1.529588336192109921e+02
1.528679245283018986e+02
1.527581475128644684e+02
1.526758147512864525e+02
1.526586620926243540e+02
1.526758147512864525e+02
1.526037735849056389e+02
1.526535162950257245e+02
1.525626072041166310e+02
1.524957118353344754e+02
1.524957118353344754e+02
1.524785591766724053e+02
1.524219554030875088e+02
1.525008576329331049e+02
1.524442538593481800e+02
1.523893653516295217e+02
1.522881646655231691e+02
1.523001715265866380e+02
1.523001715265866380e+02
1.523001715265866380e+02
1.522607204116638115e+02
1.522178387650085938e+02
1.521766723842195574e+02
1.521749571183533476e+02
1.521852487135506067e+02
1.522109777015437544e+02
1.522761578044596718e+02
1.523790737564322342e+02
1.523927958833619130e+02
1.523807890222984440e+02
1.523704974271012134e+02
1.523481989708404853e+02
1.522126929674099642e+02
1.521715265866209279e+02
1.521320754716981014e+02
1.520771869639794147e+02
1.521749571183533476e+02
1.523018867924528195e+02
1.523876500857633118e+02
1.524596912521440686e+02
1.525780445969125196e+02
1.527101200686106495e+02
1.527804459691251964e+02
1.527787307032590149e+02
1.528885077186964168e+02
1.529828473413379015e+02
1.530909090909090935e+02
1.531097770154373734e+02
1.531286449399656817e+02
1.532521440823327623e+02
1.533859348198970736e+02
1.534751286449399572e+02
1.534528301886792292e+02
1.534545454545454390e+02
1.535608919382504212e+02
1.536895368782161313e+02
1.538233276157804426e+02
1.539399656946826553e+02
1.539262435677530050e+02
1.540017152658662098e+02
1.541818181818181870e+02
1.543481989708404853e+02
1.545300171526586723e+02
1.545557461406517916e+02
1.546226415094339472e+02
1.547118353344768309e+02
1.547993138936535047e+02
1.548885077186964168e+02
1.549622641509433834e+02
1.550651801029159742e+02
1.550566037735849250e+02
1.550960548885077230e+02
1.551355060034305495e+02
1.551835334476843968e+02
1.552418524871355316e+02
1.552504288164665525e+02
1.552590051457976017e+02
1.553533447684391149e+02
1.554579759862778587e+02
1.555437392795883227e+02
1.555214408233276231e+02
1.556226415094339472e+02
1.557289879931389294e+02
1.558147512864493933e+02
1.558233276157804141e+02
1.558027444253859244e+02
1.558233276157804426e+02
1.558679245283018986e+02
1.559296740994854247e+02
1.559262435677529766e+02
1.559245283018867667e+02
1.559622641509433834e+02
1.559691252144082227e+02
1.559639794168095932e+02
1.559725557461406424e+02
1.559605488850771735e+02
1.559639794168096216e+02
1.559828473413379015e+02
1.559725557461406424e+02
1.559879931389365311e+02
1.560154373927958886e+02
1.560154373927958886e+02
1.559656946826758031e+02
1.559571183533447538e+02
1.560600343053173162e+02
1.560737564322470234e+02
1.560754716981132333e+02
1.560754716981132333e+02
1.561166380789022128e+02
1.560651801029159458e+02
1.560274442538593576e+02
1.560000000000000000e+02
1.559845626072041114e+02
1.559554030874785440e+02
1.560257289879931477e+02
1.559468267581474947e+02
1.558730703259004997e+02
1.558559176672384297e+02
1.558284734133790721e+02
1.558198970840480229e+02
1.557632933104630979e+02
1.557066895368782298e+02
1.556346483704974162e+02
1.555626072041166594e+02
1.555711835334476802e+02
1.555591766723842113e+02
1.555300171526586439e+02
1.555128644939965739e+02
1.554957118353344754e+02
1.554785591766723769e+02
1.554614065180102784e+02
1.554682675814751178e+02
1.554751286449399572e+02
1.554819897084047966e+02
1.554871355060034261e+02
1.554579759862778587e+02
1.554408233276157603e+02
1.554391080617495504e+02
1.554271012006860815e+02
1.554116638078901929e+02
1.553533447684391149e+02
1.553087478559176589e+02
1.552830188679245396e+02
1.552058319039450964e+02
1.551406518010291506e+02
1.550737564322469950e+02
1.550651801029159742e+02
1.550823327615780727e+02
1.550977701543739329e+02
1.550891938250428836e+02
1.550994854202401427e+02
1.550977701543739045e+02
1.551337907375643113e+02
1.551886792452830264e+02
1.552418524871355032e+02
1.552795883361921199e+02
1.553344768439108066e+02
1.553876500857632834e+02
1.554734133790737474e+02
1.555660377358490791e+02
1.556569468267581442e+02
1.557324185248713491e+02
1.557941680960548752e+02
1.558610634648370592e+02
1.559382504288164455e+02
1.560171526586620985e+02
1.560960548885076946e+02
1.561749571183533476e+02
1.562744425385934619e+02
1.563722126929673948e+02
1.564493996569468095e+02
1.565265866209262526e+02
1.566260720411663669e+02
1.566672384219554033e+02
1.567101200686106210e+02
1.567495711835334191e+02
1.567907375643224555e+02
1.568164665523156032e+02
1.569022298456260387e+02
1.570017152658662098e+02
1.570771869639794147e+02
1.571526586620926196e+02
1.572435677530016847e+02
1.573344768439108066e+02
1.573516295025729050e+02
1.574356775300171307e+02
1.575060034305317345e+02
1.575917667238421700e+02
1.576638078902229836e+02
1.577221269296740900e+02
1.577667238421955176e+02
1.577941680960548752e+02
1.578010291595197145e+02
1.578284734133790721e+02
1.578576329331046395e+02
1.578747855917667096e+02
1.579056603773584584e+02
1.578010291595197145e+02
1.576963979416809423e+02
1.575746140651800715e+02
1.574391080617495504e+02
1.574819897084047966e+02
1.573293310463121770e+02
1.572229845626071665e+02
1.571595197255574590e+02
1.570445969125214276e+02
1.568782161234991293e+02
1.567650085763293077e+02
1.566998284734133904e+02
1.565934819897083798e+02
1.565951972555745897e+02
1.565351629502572735e+02
1.564168096054888224e+02
1.562950257289879801e+02
1.561852487135506067e+02
1.561543739279588294e+02
1.561234991423670522e+02
1.561492281303601999e+02
1.561903945111492362e+02
1.562161234991423555e+02
1.562435677530017131e+02
1.563053173241852392e+02
1.562761578044597002e+02
1.562041166380789150e+02
1.561320754716981014e+02
1.561543739279588294e+02
1.561801029159519771e+02
1.561286449399656817e+02
1.561012006861063526e+02
1.561595197255574590e+02
1.562178387650085654e+02
1.562915951972555604e+02
1.562572898799313634e+02
1.562452830188678945e+02
1.562555746140651820e+02
1.562692967409948324e+02
1.562504288164665525e+02
1.562298456260720627e+02
1.562572898799314203e+02
1.562367066895369021e+02
1.562332761578044824e+02
1.562281303602058244e+02
1.561852487135506067e+02
1.561423670668953605e+02
1.560960548885076946e+02
1.560600343053173162e+02
1.560274442538593576e+02
1.559759862778730621e+02
1.559725557461406424e+02
1.559451114922812849e+02
1.559313893653516345e+02
1.558284734133790721e+02
1.558164665523156032e+02
1.557255574614065097e+02
1.556346483704974162e+02
1.556449399656946753e+02
1.556535162950257245e+02
1.556792452830188722e+02
1.557032590051458101e+02
1.557238421955402998e+02
1.557461406518009994e+02
1.558078902229845539e+02
1.558593481989708494e+02
1.559245283018867951e+02
1.559588336192109637e+02
1.560085763293310492e+02
1.560566037735849250e+02
1.560806174957118344e+02
1.560771869639794147e+02
1.560583190394511064e+02
1.560686106346483655e+02
1.560977701543739045e+02
1.560840480274442541e+02
1.561114922813035832e+02
1.561269296740994719e+02
1.561252144082332620e+02
1.561749571183533476e+02
1.562144082332761457e+02
1.562555746140651536e+02
1.562692967409948324e+02
1.562967409948541899e+02
1.563361921097769880e+02
1.563790737564322342e+02
1.564339622641509209e+02
1.564476843910805997e+02
1.564922813036020557e+02
1.565180102915952034e+02
1.564819897084047966e+02
1.564682675814751178e+02
1.565008576329331049e+02
1.565162950257289651e+02
1.566981132075471521e+02
1.566072041166380586e+02
1.565557461406517916e+02
1.565231560891938329e+02
1.565711835334477087e+02
1.565420240137221413e+02
1.564768439108061671e+02
