6.740137221269296219e+01
6.739622641509433265e+01
6.739108061749571732e+01
6.738593481989708778e+01
6.738250428816466808e+01
6.737907375643224839e+01
6.737735849056603854e+01
6.737564322469982869e+01
6.737392795883361885e+01
6.735506003430532473e+01
6.733619210977701641e+01
6.731732418524872230e+01
6.731217838765009276e+01
6.729845626072041398e+01
6.729502572898799428e+01
6.729159519725557459e+01
6.728816466552316911e+01
6.728473413379074941e+01
6.726929674099486078e+01
6.725385934819897216e+01
6.723842195540308353e+01
6.722298456260720911e+01
6.720926243567753033e+01
6.719554030874785155e+01
6.718010291595197714e+01
6.716809605488850821e+01
6.715437392795884364e+01
6.714065180102916486e+01
6.712692967409948608e+01
6.711492281303601715e+01
6.710120068610635258e+01
6.708747855917667380e+01
6.708576329331046395e+01
6.707204116638078517e+01
6.705831903945110639e+01
6.704631217838765167e+01
6.704631217838765167e+01
6.704631217838765167e+01
6.703430531732419695e+01
6.703430531732418274e+01
6.703602058319039259e+01
6.702572898799314771e+01
6.701715265866209847e+01
6.701886792452830832e+01
6.702058319039451817e+01
6.703602058319039259e+01
6.705145797598628121e+01
6.706689536878215563e+01
6.703773584905660243e+01
6.700857632933104924e+01
6.697941680960548183e+01
6.695025728987992863e+01
6.698113207547169168e+01
6.698456260720411137e+01
6.696569468267581726e+01
6.698113207547169168e+01
6.698456260720411137e+01
6.698799313893653107e+01
6.699142367066895076e+01
6.699485420240137046e+01
6.698627787307032122e+01
6.697770154373928619e+01
6.696912521440823696e+01
6.696054888507718772e+01
6.696226415094338336e+01
6.696397941680960741e+01
6.696569468267581726e+01
6.696740994854201290e+01
6.696912521440822275e+01
6.697084048027444680e+01
6.697084048027444680e+01
6.697084048027443259e+01
6.697084048027443259e+01
6.697084048027444680e+01
6.697084048027444680e+01
6.697084048027444680e+01
6.695883361921097787e+01
6.693653516295024986e+01
6.693825042881645970e+01
6.693996569468268376e+01
6.692967409948542468e+01
6.691938250428817980e+01
6.690909090909090651e+01
6.689879931389364742e+01
6.688679245283019270e+01
6.683704974271012134e+01
6.682504288164665240e+01
6.681303602058318347e+01
6.680102915951972875e+01
6.678902229845625982e+01
6.675300171526586723e+01
6.674099485420239830e+01
6.672898799313894358e+01
6.674957118353344754e+01
6.676843910806175586e+01
6.679416809605488936e+01
6.681989708404802286e+01
6.684391080617496073e+01
6.686449399656945047e+01
6.688679245283017849e+01
6.693310463121784437e+01
6.695368782161234833e+01
6.697427101200686650e+01
6.698284734133790153e+01
6.700857632933104924e+01
6.703087478559174883e+01
6.705317324185247685e+01
6.707375643224699502e+01
6.704459691252144182e+01
6.701543739279588863e+01
6.703602058319039259e+01
6.707375643224699502e+01
6.710977701543740181e+01
6.708233276157804426e+01
6.707718696397941471e+01
6.702058319039450396e+01
6.696397941680959320e+01
6.690909090909090651e+01
6.685248713550600996e+01
6.684562607204117057e+01
6.683876500857633118e+01
6.680617495711834408e+01
6.682504288164665240e+01
6.684734133790738042e+01
6.687307032590051392e+01
6.690737564322469666e+01
6.694511149228131330e+01
6.695883361921097787e+01
6.693653516295026407e+01
6.691423670668953605e+01
6.689193825042882224e+01
6.686963979416809423e+01
6.684734133790738042e+01
6.683190394511149179e+01
6.685763293310463951e+01
6.689365351629501788e+01
6.688336192109777301e+01
6.687135506003431829e+01
6.687307032590052813e+01
6.687650085763293362e+01
6.687993138936535331e+01
6.688336192109777301e+01
6.688850771869640255e+01
6.690737564322469666e+01
6.692967409948541047e+01
6.695540308747855818e+01
6.698284734133790153e+01
6.697084048027443259e+01
6.696054888507718772e+01
6.694854202401371879e+01
6.693653516295026407e+01
6.692452830188679513e+01
6.691252144082332620e+01
6.691766723842195574e+01
6.693138936535163452e+01
6.689365351629501788e+01
6.685591766723842966e+01
6.683018867924528195e+01
6.680274442538592439e+01
6.681303602058318347e+01
6.682504288164665240e+01
6.678902229845624561e+01
6.677530017152659525e+01
6.677530017152659525e+01
6.675128644939965739e+01
6.672727272727271952e+01
6.670325900514578166e+01
6.668096054888508206e+01
6.669639794168097069e+01
6.671183533447684511e+01
6.670840480274443962e+01
6.672212692967408998e+01
6.673756432246997861e+01
6.673241852487134906e+01
6.672898799313892937e+01
6.672727272727271952e+01
6.673756432246997861e+01
6.678387650085764449e+01
6.681818181818181301e+01
6.678387650085763028e+01
6.677186963979416134e+01
6.675986277873070662e+01
6.672727272727271952e+01
6.671526586620925059e+01
6.670325900514579587e+01
6.669296740994853678e+01
6.668267581475129191e+01
6.667238421955403282e+01
6.666209262435677374e+01
6.670325900514579587e+01
6.674442538593481800e+01
6.678559176672384012e+01
6.679073756432245546e+01
6.679759862778729484e+01
6.680445969125213423e+01
6.681132075471697362e+01
6.681989708404802286e+01
6.681303602058318347e+01
6.682332761578044256e+01
6.680274442538592439e+01
6.678387650085761607e+01
6.678044596912521058e+01
6.678730703259003576e+01
6.676672384219553180e+01
6.674614065180102784e+01
6.672727272727271952e+01
6.671355060034304074e+01
6.669982847341337617e+01
6.669982847341337617e+01
6.667238421955403282e+01
6.667581475128645252e+01
6.666209262435677374e+01
6.664837049742709496e+01
6.663636363636364024e+01
6.660891938250428268e+01
6.654202401372211284e+01
6.648370497427100645e+01
6.642195540308748036e+01
6.634305317324185580e+01
6.630017152658662383e+01
6.626758147512865094e+01
6.625900514579760170e+01
6.622984562607203429e+01
6.626415094339623124e+01
6.623499142367066383e+01
6.627101200686105642e+01
6.630703259005144901e+01
6.634305317324185580e+01
6.630188679245281946e+01
6.633619210977701641e+01
6.629845626072041398e+01
6.624699828473413277e+01
6.620926243567751612e+01
6.617152658662092790e+01
6.620411663807888658e+01
6.622469982847340475e+01
6.626929674099486078e+01
6.622298456260720911e+01
6.620411663807891500e+01
6.618524871355060668e+01
6.616638078902229836e+01
6.620926243567753033e+01
6.625214408233276231e+01
6.629331046312178444e+01
6.632246998284735184e+01
6.636363636363637397e+01
6.638936535162949326e+01
6.641680960548885082e+01
6.643910806174957884e+01
6.646483704974271234e+01
6.646483704974271234e+01
6.652487135506002858e+01
6.658490566037735903e+01
6.661406518010291222e+01
6.664150943396225557e+01
6.668267581475129191e+01
6.672727272727271952e+01
6.677186963979416134e+01
6.681646655231560317e+01
6.685934819897084935e+01
6.690051457975985727e+01
6.694168096054889361e+01
6.700171526586620985e+01
6.706174957118352609e+01
6.708233276157804426e+01
6.710120068610635258e+01
6.715265866209263379e+01
6.719382504288165592e+01
6.723499142367066383e+01
6.727272727272728048e+01
6.730874785591765885e+01
6.732418524871354748e+01
6.733790737564322626e+01
6.735334476843910068e+01
6.740308747855917204e+01
6.740308747855917204e+01
6.746826758147513203e+01
6.749571183533447538e+01
6.752144082332762309e+01
6.758319039451114918e+01
6.761749571183533192e+01
6.763807890222983588e+01
6.767238421955403282e+01
6.769296740994853678e+01
6.766380789022298359e+01
6.763464837049743039e+01
6.761578044596912207e+01
6.758662092624356887e+01
6.756775300171526055e+01
6.753859348198970736e+01
6.750943396226415416e+01
6.748027444253858675e+01
6.745111492281303356e+01
6.745797598627785874e+01
6.742881646655231975e+01
6.742538593481990006e+01
6.743910806174957884e+01
6.746998284734134188e+01
6.746655231560892219e+01
6.746483704974271234e+01
6.746312178387650249e+01
6.743396226415093508e+01
6.740480274442538189e+01
6.736363636363635976e+01
6.732933104631217702e+01
6.735162950257290504e+01
6.734305317324185580e+01
6.738593481989707357e+01
6.738593481989708778e+01
6.737392795883361885e+01
6.737735849056605275e+01
6.742195540308748036e+01
6.742710120068610991e+01
6.746312178387650249e+01
6.743910806174957884e+01
6.743224699828473945e+01
6.742710120068610991e+01
6.742881646655231975e+01
6.743224699828473945e+01
6.746655231560892219e+01
6.747341337907376158e+01
6.748027444253858675e+01
6.748713550600342614e+01
6.749399656946826553e+01
6.752830188679246248e+01
6.756432246998284086e+01
6.760205831903944329e+01
6.762264150943394725e+01
6.760205831903945750e+01
6.758147512864493933e+01
6.757975986277874370e+01
6.757461406518009994e+01
6.757118353344768025e+01
6.756946826758147040e+01
6.756946826758148461e+01
6.762950257289881506e+01
6.765008576329330481e+01
6.770840480274442541e+01
6.771526586620926480e+01
6.767753001715266237e+01
6.763979416809604572e+01
6.757975986277872948e+01
6.752830188679244827e+01
6.747512864493995721e+01
6.742367066895369021e+01
6.741166380789022128e+01
6.736192109777016412e+01
6.734476843910806565e+01
6.730360205831904352e+01
6.729331046312178444e+01
6.729502572898799428e+01
6.728473413379074941e+01
6.726243567753002139e+01
6.724013722126929338e+01
6.721783876500857957e+01
6.719554030874785155e+01
6.717324185248713775e+01
6.713379073756432547e+01
6.710977701543740181e+01
6.713036020583189156e+01
6.715265866209261958e+01
6.712864493996569593e+01
6.714408233276158455e+01
6.716123499142366882e+01
6.716638078902229836e+01
6.717152658662092790e+01
6.717667238421955744e+01
6.718181818181818699e+01
6.718696397941681653e+01
6.717838765008576729e+01
6.716981132075471805e+01
6.716123499142366882e+01
6.715265866209261958e+01
6.714236706689537471e+01
6.714408233276157034e+01
6.710634648370496791e+01
6.706861063464836548e+01
6.701886792452830832e+01
6.696912521440822275e+01
6.693481989708405422e+01
6.690222984562606712e+01
6.686792452830188438e+01
6.683361921097770164e+01
6.679931389365351890e+01
6.676500857632933617e+01
6.672898799313892937e+01
6.675643224699828693e+01
6.679588336192109921e+01
6.683533447684391149e+01
6.687478559176672377e+01
6.691595197255574590e+01
6.693138936535162031e+01
6.696397941680959320e+01
6.701029159519724487e+01
6.704459691252142761e+01
6.705317324185247685e+01
6.706174957118352609e+01
6.707032590051457532e+01
6.707890222984562456e+01
6.706518010291594578e+01
6.704974271012007137e+01
6.704802744425386152e+01
6.704459691252144182e+01
6.704116638078900792e+01
6.708747855917667380e+01
6.708404802744425410e+01
6.708061749571183441e+01
6.713036020583189156e+01
6.717838765008576729e+01
6.722641509433961460e+01
6.723670668953687368e+01
6.724528301886792292e+01
6.729331046312178444e+01
6.734133790737564595e+01
6.734991423670669519e+01
6.735677530017153458e+01
6.736363636363637397e+01
6.737049742710121336e+01
6.737735849056603854e+01
6.738421955403087793e+01
6.736192109777016412e+01
6.733962264150943611e+01
6.731732418524872230e+01
6.729502572898800850e+01
6.731217838765009276e+01
6.734305317324185580e+01
6.737392795883361885e+01
6.740480274442539610e+01
6.740994854202401143e+01
6.740137221269296219e+01
6.740651801029159174e+01
6.743910806174957884e+01
6.747169811320753752e+01
6.750257289879931477e+01
6.754716981132075659e+01
6.756946826758147040e+01
6.755574614065179162e+01
6.754202401372212705e+01
6.756260720411663101e+01
6.762778730703259100e+01
6.769296740994853678e+01
6.771869639794167028e+01
6.772041166380788013e+01
6.772384219554029983e+01
6.774099485420239830e+01
6.775814751286448256e+01
6.777530017152656683e+01
6.779073756432245546e+01
6.780617495711834408e+01
6.784048027444254103e+01
6.788336192109777301e+01
6.786449399656947890e+01
6.785934819897084935e+01
6.786106346483704499e+01
6.793481989708405422e+01
6.796226415094338336e+01
6.795025728987992863e+01
6.793825042881647391e+01
6.792624356775300498e+01
6.795540308747855818e+01
6.796912521440823696e+01
6.799828473413379015e+01
6.798799313893653107e+01
6.801715265866208426e+01
6.803259005145797289e+01
6.806174957118354030e+01
6.807547169811320487e+01
6.808919382504288365e+01
6.810120068610633837e+01
6.807890222984562456e+01
6.805488850771868670e+01
6.805660377358489654e+01
6.805831903945112060e+01
6.803602058319039259e+01
6.801372212692967878e+01
6.799142367066895076e+01
6.805488850771868670e+01
6.810806174957119197e+01
6.816295025728987866e+01
6.820411663807890079e+01
6.824699828473413277e+01
6.826243567753002139e+01
6.827615780445968596e+01
6.828987993138936474e+01
6.830360205831904352e+01
6.831732418524870809e+01
6.831903945111491794e+01
6.831903945111491794e+01
6.833447684391080656e+01
6.836535162950256961e+01
6.839965694682675235e+01
6.842367066895367600e+01
6.843396226415093508e+01
6.844425385934820838e+01
6.846998284734132767e+01
6.848370497427100645e+01
6.851801029159520340e+01
6.853001715265865812e+01
6.845283018867924341e+01
6.837564322469982869e+01
6.829845626072041398e+01
6.823499142367066383e+01
6.823670668953687368e+01
6.828130360205831551e+01
6.832590051457975733e+01
6.837049742710119915e+01
6.841509433962264097e+01
6.845969125214408280e+01
6.845454545454546746e+01
6.845111492281304777e+01
6.840480274442538189e+01
6.838593481989707357e+01
6.834476843910806565e+01
6.830360205831904352e+01
6.828816466552315489e+01
6.827615780445970017e+01
6.827958833619210566e+01
6.828301886792452535e+01
6.826929674099486078e+01
6.825728987993139185e+01
6.824871355060034261e+01
6.826758147512865094e+01
6.828473413379073520e+01
6.830188679245281946e+01
6.831903945111491794e+01
6.836706689536879367e+01
6.836878216123500351e+01
6.835677530017153458e+01
6.834648370497427550e+01
6.833619210977701641e+01
6.832590051457975733e+01
6.831732418524870809e+01
6.830703259005144901e+01
6.829674099485418992e+01
6.832761578044596718e+01
6.835677530017153458e+01
6.838593481989707357e+01
6.841337907375643113e+01
6.840137221269296219e+01
6.842710120068610991e+01
6.845283018867925762e+01
6.848027444253858675e+01
6.850600343053173447e+01
6.853173241852488218e+01
6.855746140651801568e+01
6.859176672384219842e+01
6.860377358490566735e+01
6.861578044596913628e+01
6.861234991423670238e+01
6.864837049742709496e+01
6.868439108061748755e+01
6.866723842195540328e+01
6.866209262435677374e+01
6.865694682675814420e+01
6.870840480274441120e+01
6.870325900514579587e+01
6.869982847341336196e+01
6.869468267581474663e+01
6.872384219554031404e+01
6.876329331046312632e+01
6.880445969125214845e+01
6.884562607204117057e+01
6.890051457975985727e+01
6.895540308747854397e+01
6.901029159519725908e+01
6.906518010291594578e+01
6.913379073756431126e+01
6.920240137221270516e+01
6.925385934819897216e+01
6.931732418524870809e+01
6.937221269296740900e+01
6.941852487135506067e+01
6.946483704974269813e+01
6.950943396226415416e+01
6.955403087478558177e+01
6.960548885077187720e+01
6.962778730703259100e+01
6.965008576329330481e+01
6.971526586620926480e+01
6.980274442538593860e+01
6.989022298456259819e+01
6.997770154373927198e+01
7.002915951972555320e+01
7.008061749571183441e+01
7.013207547169810141e+01
7.018353344768439683e+01
7.023499142367066383e+01
7.028473413379074941e+01
7.033447684391080656e+01
7.037049742710119915e+01
7.041680960548885082e+01
7.041166380789022128e+01
7.046312178387650249e+01
7.051457975986278370e+01
7.056603773584906492e+01
7.060377358490566735e+01
7.063979416809604572e+01
7.067581475128645252e+01
7.071183533447684511e+01
7.074614065180102784e+01
7.077873070325901494e+01
7.082332761578044256e+01
7.088336192109775880e+01
7.094339622641508925e+01
7.099142367066895076e+01
7.106003430531733045e+01
7.103945111492279807e+01
7.102058319039451817e+01
7.099828473413379015e+01
7.103087478559177725e+01
7.107204116638078517e+01
7.111320754716980730e+01
7.116638078902229836e+01
7.120926243567753033e+01
7.122469982847341896e+01
7.120411663807890079e+01
7.123499142367066383e+01
7.125728987993139185e+01
7.127787307032591002e+01
7.129502572898799428e+01
7.126243567753002139e+01
7.129159519725557459e+01
7.126243567753002139e+01
7.125214408233276231e+01
7.125385934819897216e+01
7.130360205831904352e+01
7.133104631217838687e+01
7.135677530017153458e+01
7.134476843910806565e+01
7.135677530017153458e+01
7.136878216123500351e+01
7.142538593481990006e+01
7.143396226415094930e+01
7.144253859348199853e+01
7.145111492281304777e+01
7.139965694682676656e+01
7.137564322469982869e+01
7.142367066895369021e+01
7.137735849056603854e+01
7.136535162950256961e+01
7.133104631217838687e+01
7.129674099485420413e+01
7.134305317324185580e+01
7.140308747855917204e+01
7.141680960548885082e+01
7.143053173241852960e+01
7.144082332761577447e+01
7.144082332761576026e+01
7.144082332761577447e+01
7.147684391080616706e+01
7.148885077186963599e+01
7.151629502572897934e+01
7.149228130360205569e+01
7.146998284734132767e+01
7.144768439108061386e+01
7.143910806174956463e+01
7.146655231560890797e+01
7.152144082332762309e+01
7.157804459691251964e+01
7.164665523156088511e+01
7.166209262435677374e+01
7.165351629502572450e+01
7.164493996569468948e+01
7.164837049742710917e+01
7.164322469982846542e+01
7.164837049742709496e+01
7.166723842195540328e+01
7.168782161234992145e+01
7.168267581475127770e+01
7.167924528301887221e+01
7.167409948542024267e+01
7.167066895368782298e+01
7.168096054888506785e+01
7.171526586620926480e+01
7.172555746140650967e+01
7.172384219554029983e+01
7.168782161234990724e+01
7.165523156089193435e+01
7.163979416809604572e+01
7.161063464837049253e+01
7.159691252144081375e+01
7.158662092624356887e+01
7.156260720411663101e+01
7.152658662092623842e+01
7.151629502572899355e+01
7.150771869639794431e+01
7.151286449399657386e+01
7.150085763293310492e+01
7.147684391080616706e+01
7.151629502572899355e+01
7.155746140651801568e+01
7.164493996569468948e+01
7.172041166380789434e+01
7.175814751286449678e+01
7.176329331046312632e+01
7.176843910806174165e+01
7.181303602058318347e+01
7.183533447684391149e+01
7.185934819897083514e+01
7.186963979416810844e+01
7.187821612349915767e+01
7.188850771869640255e+01
7.194168096054889361e+01
7.199313893653516061e+01
7.200686106346483939e+01
7.201886792452830832e+01
7.202744425385935756e+01
7.203087478559177725e+01
7.201372212692967878e+01
7.203087478559177725e+01
7.207204116638078517e+01
7.214751286449400425e+01
7.221612349914236972e+01
7.228473413379073520e+01
7.237392795883361885e+01
7.242367066895369021e+01
7.246826758147513203e+01
7.245969125214408280e+01
7.249228130360205569e+01
7.257289879931389009e+01
7.262778730703259100e+01
7.266895368782161313e+01
7.270840480274442541e+01
7.273584905660378297e+01
7.273584905660376876e+01
7.274614065180102784e+01
7.274442538593481800e+01
7.272727272727271952e+01
7.270668953687821556e+01
7.268439108061750176e+01
7.273756432246997861e+01
7.279245283018866530e+01
7.285077186963978590e+01
7.286792452830187017e+01
7.288679245283019270e+01
7.289022298456259819e+01
7.291423670668953605e+01
7.292967409948542468e+01
7.293138936535163452e+01
7.291766723842195574e+01
7.290051457975985727e+01
7.288679245283017849e+01
7.284905660377359027e+01
7.279588336192109921e+01
7.279073756432248388e+01
7.278387650085763028e+01
7.277701543739280510e+01
7.277186963979417555e+01
7.272555746140652388e+01
7.277015437392796571e+01
7.281132075471698784e+01
7.285248713550600996e+01
7.289193825042880803e+01
7.291938250428816559e+01
7.295883361921097787e+01
7.299828473413379015e+01
7.298284734133791574e+01
7.296569468267581726e+01
7.294682675814750894e+01
7.295197255574613848e+01
7.291080617495711635e+01
7.286963979416809423e+01
7.289708404802743758e+01
7.290222984562606712e+01
7.291938250428815138e+01
7.294168096054887940e+01
7.295711835334476802e+01
7.297084048027443259e+01
7.296740994854201290e+01
7.296226415094338336e+01
7.295711835334476802e+01
7.295197255574613848e+01
7.291252144082332620e+01
7.286106346483704499e+01
7.280789022298455393e+01
7.278902229845625982e+01
7.276843910806175586e+01
7.279931389365351890e+01
7.282847341337907210e+01
7.285591766723842966e+01
7.286106346483705920e+01
7.281989708404803707e+01
7.281989708404803707e+01
7.281646655231560317e+01
7.281818181818181301e+01
7.283533447684391149e+01
7.288336192109777301e+01
7.288679245283019270e+01
7.288850771869638834e+01
7.290051457975985727e+01
7.296569468267581726e+01
7.296569468267581726e+01
7.300514579759862954e+01
7.301372212692967878e+01
7.303945111492279807e+01
7.306518010291594578e+01
7.308919382504288365e+01
7.312521440823326202e+01
7.317667238421955744e+01
7.325728987993139185e+01
7.324699828473413277e+01
7.327444253859347612e+01
7.330188679245283367e+01
7.332075471698112779e+01
7.333962264150942190e+01
7.337564322469982869e+01
7.334819897084048534e+01
7.342195540308748036e+01
7.343053173241852960e+01
7.343910806174957884e+01
7.344082332761578868e+01
7.346483704974271234e+01
7.339794168096054250e+01
7.344425385934819417e+01
7.349228130360205569e+01
7.354030874785593141e+01
7.360205831903945750e+01
7.359519725557461811e+01
7.360720411663808704e+01
7.360891938250429689e+01
7.365180102915951466e+01
7.369468267581476084e+01
7.373756432246999282e+01
7.378044596912522479e+01
7.376329331046312632e+01
7.374785591766723769e+01
7.373413379073757312e+01
7.372384219554031404e+01
7.371698113207547465e+01
7.373927958833618845e+01
7.376500857632933617e+01
7.378216123499142043e+01
7.378044596912521058e+01
7.380445969125213423e+01
7.376843910806174165e+01
7.377701543739279089e+01
7.375300171526586723e+01
7.373584905660376876e+01
7.377186963979417555e+01
7.378044596912521058e+01
7.375300171526586723e+01
7.376500857632933617e+01
7.377873070325900073e+01
7.379416809605488936e+01
7.378559176672385433e+01
7.375814751286449678e+01
7.373070325900513922e+01
7.374271012006860815e+01
7.378387650085764449e+01
7.375128644939965739e+01
7.375471698113207708e+01
7.377358490566038540e+01
7.379416809605487515e+01
7.381475128644939332e+01
7.384219554030875088e+01
7.388679245283019270e+01
7.392967409948542468e+01
7.393653516295026407e+01
7.397941680960548183e+01
7.395711835334476802e+01
7.397255574614064244e+01
7.398970840480274092e+01
7.398627787307032122e+01
7.397084048027443259e+01
7.399313893653516061e+01
7.401715265866209847e+01
7.405488850771868670e+01
7.404631217838765167e+01
7.403773584905661664e+01
7.406689536878215563e+01
7.409777015437393288e+01
7.416638078902229836e+01
7.423499142367066383e+01
7.430360205831904352e+01
7.437221269296742321e+01
7.443910806174956463e+01
7.446826758147511782e+01
7.453516295025728766e+01
7.452658662092625264e+01
7.450085763293310492e+01
7.447169811320753752e+01
7.447684391080618127e+01
7.448027444253860097e+01
7.448198970840481081e+01
7.451114922813036401e+01
7.452830188679244827e+01
7.455917667238422553e+01
7.458490566037735903e+01
7.456946826758147040e+01
7.458319039451114918e+01
7.454716981132074238e+01
7.456946826758147040e+01
7.456946826758147040e+01
7.456775300171526055e+01
7.452487135506004279e+01
7.448198970840479660e+01
7.443567753001715914e+01
7.444425385934819417e+01
7.441166380789022128e+01
7.446312178387648828e+01
7.445969125214408280e+01
7.445454545454546746e+01
7.442024013722127052e+01
7.441337907375643113e+01
7.440651801029159174e+01
7.441509433962264097e+01
7.442367066895369021e+01
7.442024013722127052e+01
7.440137221269296219e+01
7.438078902229844402e+01
7.435677530017153458e+01
7.436192109777014991e+01
7.438765008576328341e+01
7.438078902229844402e+01
7.437735849056603854e+01
7.437221269296740900e+01
7.436706689536879367e+01
7.435849056603774443e+01
7.427958833619210566e+01
7.424013722126929338e+01
7.416295025728987866e+01
7.408747855917665959e+01
7.405660377358489654e+01
7.405831903945110639e+01
7.405488850771868670e+01
7.404288164665523198e+01
7.404116638078902213e+01
7.403945111492281228e+01
7.403773584905658822e+01
7.403602058319039259e+01
7.404116638078900792e+01
7.405488850771868670e+01
7.405317324185247685e+01
7.407204116638078517e+01
7.409090909090909349e+01
7.409433962264151319e+01
7.409777015437393288e+01
7.410120068610635258e+01
7.411663807890222699e+01
7.411320754716982151e+01
7.410977701543740181e+01
7.411835334476845105e+01
7.407375643224699502e+01
7.402915951972556741e+01
7.406174957118352609e+01
7.406003430531731624e+01
7.405317324185247685e+01
7.408576329331046395e+01
7.413207547169810141e+01
7.415265866209261958e+01
7.416981132075471805e+01
7.418696397941681653e+01
7.425385934819897216e+01
7.429159519725557459e+01
7.431389365351628840e+01
7.434819897084048534e+01
7.436878216123498930e+01
7.437735849056602433e+01
7.439279588336191296e+01
7.443224699828473945e+01
7.447855917667237691e+01
7.450085763293310492e+01
7.448542024013721630e+01
7.450257289879931477e+01
7.451972555746141325e+01
7.451286449399657386e+01
7.452658662092623842e+01
7.452487135506002858e+01
7.453516295025728766e+01
7.449571183533447538e+01
7.444425385934820838e+01
7.439279588336191296e+01
7.434133790737564595e+01
7.432761578044596718e+01
7.432418524871354748e+01
7.430360205831904352e+01
7.426929674099484657e+01
7.422126929674098506e+01
7.416295025728987866e+01
7.409433962264149898e+01
7.402572898799313350e+01
7.395711835334475381e+01
7.393481989708404001e+01
7.391252144082332620e+01
7.393996569468266955e+01
7.395197255574613848e+01
7.396397941680959320e+01
7.392795883361921483e+01
7.394168096054889361e+01
7.395711835334476802e+01
7.391938250428816559e+01
7.386963979416809423e+01
7.380617495711834408e+01
7.378044596912522479e+01
7.376843910806175586e+01
7.371869639794167028e+01
7.368267581475129191e+01
7.368610634648371160e+01
7.369125214408234115e+01
7.370840480274442541e+01
7.369125214408234115e+01
7.367409948542024267e+01
7.369296740994853678e+01
7.374099485420239830e+01
7.376500857632933617e+01
7.374614065180102784e+01
7.372727272727271952e+01
7.370668953687822977e+01
7.366037735849056389e+01
7.367581475128645252e+01
7.364665523156088511e+01
7.368953687821613130e+01
7.370154373927960023e+01
7.369639794168097069e+01
7.365008576329330481e+01
7.360377358490566735e+01
7.355917667238422553e+01
7.351457975986278370e+01
7.349228130360205569e+01
7.350600343053173447e+01
7.352144082332762309e+01
7.350257289879931477e+01
7.343910806174956463e+01
7.337564322469982869e+01
7.333790737564322626e+01
7.333790737564322626e+01
7.334819897084048534e+01
7.333276157804459672e+01
7.331732418524870809e+01
7.330188679245281946e+01
7.329845626072039977e+01
7.328130360205831551e+01
7.324699828473413277e+01
7.322641509433962881e+01
7.324185248713550322e+01
7.324356775300171307e+01
7.327444253859349033e+01
7.321955403087478942e+01
7.321097770154375439e+01
7.324356775300171307e+01
7.327615780445970017e+01
7.333962264150943611e+01
7.336020583190394007e+01
7.339622641509433265e+01
7.341509433962264097e+01
7.347341337907376158e+01
7.349399656946826553e+01
7.351286449399657386e+01
7.353173241852486797e+01
7.351457975986278370e+01
7.349742710120068523e+01
7.353344768439107781e+01
7.361063464837050674e+01
7.368782161234992145e+01
7.374099485420239830e+01
7.374785591766723769e+01
7.374099485420239830e+01
7.373413379073757312e+01
7.372727272727271952e+01
7.363464837049743039e+01
7.356603773584905070e+01
7.349571183533447538e+01
7.342538593481990006e+01
7.339108061749570311e+01
7.343567753001715914e+01
7.340651801029159174e+01
7.341337907375643113e+01
7.343224699828473945e+01
7.344425385934819417e+01
7.349571183533447538e+01
7.354888507718695223e+01
7.353859348198970736e+01
7.348885077186963599e+01
7.346140651801027843e+01
7.341852487135506067e+01
7.340137221269296219e+01
7.339622641509433265e+01
7.340308747855917204e+01
7.339794168096054250e+01
7.338593481989708778e+01
7.339794168096055671e+01
7.339108061749571732e+01
7.339622641509434686e+01
7.338936535162950747e+01
7.338421955403087793e+01
7.337907375643224839e+01
7.333276157804459672e+01
7.328644939965694505e+01
7.324013722126929338e+01
7.319554030874785155e+01
7.315094339622640973e+01
7.315608919382503927e+01
7.315951972555745897e+01
7.318010291595197714e+01
7.320068610634649531e+01
7.321955403087480363e+01
7.324013722126929338e+01
7.324356775300171307e+01
7.324528301886792292e+01
7.324528301886792292e+01
7.324528301886792292e+01
7.324356775300171307e+01
7.324185248713550322e+01
7.324013722126929338e+01
7.320068610634648110e+01
7.317324185248713775e+01
7.313207547169810141e+01
7.307718696397941471e+01
7.303430531732419695e+01
7.302744425385935756e+01
7.301543739279588863e+01
7.300171526586620985e+01
7.297427101200685229e+01
7.294682675814750894e+01
7.291938250428816559e+01
7.290394511149227696e+01
7.288850771869638834e+01
7.287307032590052813e+01
7.291252144082332620e+01
7.295025728987992863e+01
7.298970840480274092e+01
7.297427101200686650e+01
7.295368782161234833e+01
7.293138936535162031e+01
7.294511149228131330e+01
7.296054888507718772e+01
7.297598627787306214e+01
7.300686106346483939e+01
7.300000000000000000e+01
7.301715265866209847e+01
7.303430531732418274e+01
7.302401372212693786e+01
7.303087478559174883e+01
7.302229845626071381e+01
7.298113207547169168e+01
7.292624356775300498e+01
7.292795883361921483e+01
7.293310463121784437e+01
7.295197255574615269e+01
7.292281303602058529e+01
7.294339622641510346e+01
7.292967409948542468e+01
7.290394511149229118e+01
7.282847341337907210e+01
7.280102915951972875e+01
7.277358490566038540e+01
7.274614065180102784e+01
7.267066895368782298e+01
7.264322469982847963e+01
7.260205831903944329e+01
7.255917667238421132e+01
7.253344768439109203e+01
7.249399656946826553e+01
7.248027444253858675e+01
7.243739279588336899e+01
7.239451114922813701e+01
7.235506003430532473e+01
7.230017152658662383e+01
7.225385934819897216e+01
7.222126929674099927e+01
7.218867924528302638e+01
7.212178387650085654e+01
7.205488850771868670e+01
7.198799313893653107e+01
7.192109777015437544e+01
7.186792452830189859e+01
7.181475128644940753e+01
7.176157804459691647e+01
7.173584905660376876e+01
7.173241852487136327e+01
7.173756432246999282e+01
7.174442538593481800e+01
7.176500857632933617e+01
7.174271012006860815e+01
7.177015437392796571e+01
7.174442538593481800e+01
7.171698113207547465e+01
7.168953687821613130e+01
7.166209262435677374e+01
7.163464837049743039e+01
7.164150943396225557e+01
7.161749571183533192e+01
7.159519725557461811e+01
7.157289879931389009e+01
7.151801029159520340e+01
7.151801029159520340e+01
7.146655231560890797e+01
7.142710120068610991e+01
7.136535162950256961e+01
7.139279588336191296e+01
7.139622641509434686e+01
7.139965694682675235e+01
7.136192109777016412e+01
7.131560891938251245e+01
7.128301886792452535e+01
7.128644939965694505e+01
7.130188679245281946e+01
7.134305317324184159e+01
7.136192109777013570e+01
7.134133790737564595e+01
7.132933104631217702e+01
7.131732418524870809e+01
7.129674099485418992e+01
7.132761578044596718e+01
7.130874785591765885e+01
7.133619210977701641e+01
7.134305317324185580e+01
7.134991423670669519e+01
7.130703259005147743e+01
7.127615780445970017e+01
7.124699828473414698e+01
7.124185248713551744e+01
7.121269296740996424e+01
7.118353344768439683e+01
7.115437392795882943e+01
7.117324185248715196e+01
7.119210977701544607e+01
7.121097770154374018e+01
7.124528301886792292e+01
7.128130360205832972e+01
7.126758147512865094e+01
7.131389365351628840e+01
7.133790737564322626e+01
7.136706689536877946e+01
7.139622641509434686e+01
7.134476843910806565e+01
7.129159519725558880e+01
7.128473413379074941e+01
7.127787307032589581e+01
7.127444253859349033e+01
7.124699828473413277e+01
7.124356775300171307e+01
7.120583190394511064e+01
7.119210977701544607e+01
7.116295025728987866e+01
7.118524871355060668e+01
7.118181818181818699e+01
7.120411663807891500e+01
7.121269296740995003e+01
7.119725557461406140e+01
7.114236706689536049e+01
7.108576329331044974e+01
7.102915951972555320e+01
7.101372212692967878e+01
7.099828473413379015e+01
7.099313893653516061e+01
7.098799313893653107e+01
7.099142367066895076e+01
7.098456260720411137e+01
7.096397941680959320e+01
7.094339622641510346e+01
7.094854202401373300e+01
7.096397941680960741e+01
7.096569468267581726e+01
7.096569468267581726e+01
7.095025728987994285e+01
7.093481989708405422e+01
7.092281303602057108e+01
7.091080617495711635e+01
7.091252144082332620e+01
7.091252144082332620e+01
7.089879931389364742e+01
7.089879931389364742e+01
7.088507718696396864e+01
7.087135506003430407e+01
7.087135506003428986e+01
7.085763293310462529e+01
7.084219554030875088e+01
7.082847341337907210e+01
7.081475128644939332e+01
7.080102915951971454e+01
7.080102915951971454e+01
7.073756432246997861e+01
7.067409948542024267e+01
7.061406518010292643e+01
7.056432246998285507e+01
7.049056603773584584e+01
7.043053173241852960e+01
7.037049742710119915e+01
7.033447684391080656e+01
7.029845626072041398e+01
7.030017152658662383e+01
7.031389365351628840e+01
7.030874785591765885e+01
7.030188679245281946e+01
7.025042881646655246e+01
7.019897084048027125e+01
7.016123499142366882e+01
7.016295025728987866e+01
7.016295025728987866e+01
7.014065180102915065e+01
7.012864493996569593e+01
7.007890222984562456e+01
7.007204116638078517e+01
7.006518010291594578e+01
7.001372212692966457e+01
6.998799313893653107e+01
6.994168096054887940e+01
6.997255574614065665e+01
6.998799313893653107e+01
7.001715265866208426e+01
6.998284734133790153e+01
6.993310463121784437e+01
6.989536878216122773e+01
6.985934819897083514e+01
6.985763293310463951e+01
6.985763293310462529e+01
6.988336192109777301e+01
6.989193825042880803e+01
6.989879931389364742e+01
6.991766723842195574e+01
6.993481989708405422e+01
6.995197255574613848e+01
6.993310463121783016e+01
6.991080617495711635e+01
6.988679245283019270e+01
6.990394511149227696e+01
6.991938250428816559e+01
6.995025728987992863e+01
6.994339622641508925e+01
6.993653516295024986e+01
6.994168096054889361e+01
6.996226415094338336e+01
6.992624356775300498e+01
6.994682675814750894e+01
6.995368782161234833e+01
6.997598627787306214e+01
6.998627787307032122e+01
6.999828473413379015e+01
7.000514579759862954e+01
7.001029159519724487e+01
7.005660377358489654e+01
7.001200686106345472e+01
6.996912521440822275e+01
6.991423670668953605e+01
6.986106346483704499e+01
6.981989708404802286e+01
6.976672384219553180e+01
6.971526586620925059e+01
6.976843910806174165e+01
6.980445969125213423e+01
6.984048027444254103e+01
6.982847341337907210e+01
6.982847341337907210e+01
6.982847341337907210e+01
6.982847341337907210e+01
6.980274442538593860e+01
6.976500857632933617e+01
6.974271012006860815e+01
6.970668953687822977e+01
6.972727272727273373e+01
6.977186963979417555e+01
6.981818181818182723e+01
6.986620926243568874e+01
6.991423670668953605e+01
6.994682675814752315e+01
6.999142367066895076e+01
7.003945111492281228e+01
7.008919382504288365e+01
7.011320754716980730e+01
7.008404802744425410e+01
7.005660377358491075e+01
7.002915951972556741e+01
7.002572898799313350e+01
7.006518010291594578e+01
7.009433962264149898e+01
7.012521440823327623e+01
7.010977701543738760e+01
7.008061749571183441e+01
7.004631217838765167e+01
7.005660377358489654e+01
7.009262435677530334e+01
7.013036020583190577e+01
7.011320754716980730e+01
7.014751286449399004e+01
7.016638078902229836e+01
7.020068610634648110e+01
7.023156089193824414e+01
7.026243567753002139e+01
7.029331046312177023e+01
7.027272727272728048e+01
7.023842195540308353e+01
7.017495711835334760e+01
7.020068610634648110e+01
7.021783876500857957e+01
7.023499142367066383e+01
7.025214408233276231e+01
7.026929674099484657e+01
7.026415094339623124e+01
7.025900514579760170e+01
7.021612349914236972e+01
7.017324185248713775e+01
7.013036020583190577e+01
7.009433962264151319e+01
7.009948542024014273e+01
7.016466552315608851e+01
7.016123499142366882e+01
7.015094339622640973e+01
7.012864493996568171e+01
7.013036020583190577e+01
7.009262435677530334e+01
7.008576329331046395e+01
7.005317324185249106e+01
7.007547169811320487e+01
7.006518010291594578e+01
7.004974271012007137e+01
7.007204116638078517e+01
7.009262435677530334e+01
7.012006861063464669e+01
7.014579759862778019e+01
7.016466552315608851e+01
7.018696397941680232e+01
7.014922813036019988e+01
7.010634648370496791e+01
7.007718696397941471e+01
7.006346483704973593e+01
7.004974271012005715e+01
7.003773584905660243e+01
6.997941680960548183e+01
6.999656946826758031e+01
6.999656946826758031e+01
6.993138936535163452e+01
6.988507718696396864e+01
6.987478559176670956e+01
6.982504288164665240e+01
6.977530017152659525e+01
6.970325900514581008e+01
6.965523156089194856e+01
6.960720411663808704e+01
6.955917667238422553e+01
6.950943396226415416e+01
6.943224699828473945e+01
6.938250428816465387e+01
6.930703259005144901e+01
6.922984562607203429e+01
6.915265866209261958e+01
6.907718696397941471e+01
6.900000000000000000e+01
6.892109777015437544e+01
6.884219554030873667e+01
6.876500857632933617e+01
6.870154373927958602e+01
6.863807890222983588e+01
6.860548885077186299e+01
6.857118353344768025e+01
6.852144082332760888e+01
6.852487135506002858e+01
6.847684391080616706e+01
6.842538593481990006e+01
6.837049742710119915e+01
6.839794168096055671e+01
6.842538593481990006e+01
6.841509433962264097e+01
6.845454545454546746e+01
6.842195540308748036e+01
6.837735849056605275e+01
6.833276157804459672e+01
6.828473413379073520e+01
6.823842195540308353e+01
6.819382504288165592e+01
6.817324185248713775e+01
6.821612349914236972e+01
6.822641509433962881e+01
6.826758147512865094e+01
6.830703259005146322e+01
6.834476843910806565e+01
6.840137221269296219e+01
6.842710120068610991e+01
6.844768439108061386e+01
6.842710120068610991e+01
6.844082332761578868e+01
6.845454545454545325e+01
6.846998284734134188e+01
6.850428816466552462e+01
6.851801029159520340e+01
6.853687821612351172e+01
6.855574614065180583e+01
6.857461406518009994e+01
6.861578044596912207e+01
6.866723842195540328e+01
6.868953687821613130e+01
6.876157804459691647e+01
6.867753001715266237e+01
6.864150943396226978e+01
6.866209262435677374e+01
6.872212692967410419e+01
6.873413379073755891e+01
6.879245283018867951e+01
6.883533447684389728e+01
6.887821612349914346e+01
6.890566037735848681e+01
6.894511149228129909e+01
6.898627787307032122e+01
6.904802744425384731e+01
6.912006861063464669e+01
6.916981132075471805e+01
6.922298456260719490e+01
6.927615780445970017e+01
6.930531732418523916e+01
6.927444253859347612e+01
6.924528301886792292e+01
6.923327615780445399e+01
6.922126929674099927e+01
6.926758147512865094e+01
6.931560891938249824e+01
6.938078902229844402e+01
6.944425385934819417e+01
6.950943396226415416e+01
6.953173241852488218e+01
6.954373927958832269e+01
6.956946826758147040e+01
6.959348198970840826e+01
6.963121783876499649e+01
6.967581475128645252e+01
6.969639794168095648e+01
6.970497427101200572e+01
6.969468267581476084e+01
6.968439108061750176e+01
6.971698113207547465e+01
6.973241852487136327e+01
6.974785591766723769e+01
6.975128644939965739e+01
6.977530017152659525e+01
6.977358490566037119e+01
6.974442538593481800e+01
6.971183533447684511e+01
6.967924528301885800e+01
6.961578044596912207e+01
6.960891938250428268e+01
6.960720411663808704e+01
6.957804459691251964e+01
6.953516295025728766e+01
6.949571183533447538e+01
6.944425385934819417e+01
6.945111492281303356e+01
6.944596912521440402e+01
6.944596912521440402e+01
6.949914236706689508e+01
6.954030874785590299e+01
6.959519725557461811e+01
6.964837049742709496e+01
6.965351629502572450e+01
6.963464837049743039e+01
6.962264150943394725e+01
6.963293310463122054e+01
6.971869639794167028e+01
6.973413379073755891e+01
6.972212692967408998e+01
6.971698113207546044e+01
6.971526586620925059e+01
6.972898799313892937e+01
6.976843910806175586e+01
6.977186963979416134e+01
6.982332761578044256e+01
6.987307032590051392e+01
6.990566037735848681e+01
6.991423670668953605e+01
6.992281303602058529e+01
6.993310463121784437e+01
6.995711835334476802e+01
7.000514579759862954e+01
7.005145797598626700e+01
7.010806174957119197e+01
7.016295025728987866e+01
7.021783876500856536e+01
7.027272727272726627e+01
7.032761578044596718e+01
7.033276157804459672e+01
7.032761578044596718e+01
7.032246998284733763e+01
7.031732418524870809e+01
7.031217838765007855e+01
7.030531732418523916e+01
7.032590051457975733e+01
7.035677530017152037e+01
7.037564322469981448e+01
7.039451114922812280e+01
7.040137221269296219e+01
7.040651801029159174e+01
7.039794168096054250e+01
7.038936535162950747e+01
7.038078902229845824e+01
7.032933104631217702e+01
7.034476843910806565e+01
7.034648370497427550e+01
7.031217838765007855e+01
7.026243567753002139e+01
7.023670668953687368e+01
7.025385934819897216e+01
7.028301886792453956e+01
7.028987993138936474e+01
7.031046312178386870e+01
7.026929674099484657e+01
7.025557461406518200e+01
7.020926243567753033e+01
7.019382504288164171e+01
7.019554030874785155e+01
7.018010291595197714e+01
7.019554030874785155e+01
7.019382504288162750e+01
7.017838765008575308e+01
7.016295025728987866e+01
7.014751286449399004e+01
7.014751286449399004e+01
7.014751286449399004e+01
7.011835334476842263e+01
7.008919382504286943e+01
7.008919382504286943e+01
7.008919382504286943e+01
7.007718696397941471e+01
7.007718696397941471e+01
7.007718696397941471e+01
7.007718696397941471e+01
7.007718696397941471e+01
7.007890222984562456e+01
7.007718696397941471e+01
7.006346483704975014e+01
7.005660377358491075e+01
7.006346483704973593e+01
7.002401372212693786e+01
7.001886792452830832e+01
7.001372212692967878e+01
7.003602058319039259e+01
7.006003430531731624e+01
7.004116638078900792e+01
7.001200686106346893e+01
6.997770154373927198e+01
6.994511149228128488e+01
6.991252144082332620e+01
6.987821612349914346e+01
6.984391080617494652e+01
6.980960548885076378e+01
6.981475128644939332e+01
6.984048027444254103e+01
6.985763293310462529e+01
6.985420240137220560e+01
6.981475128644939332e+01
6.977530017152658104e+01
6.979073756432245546e+01
6.985763293310462529e+01
6.991766723842195574e+01
6.996226415094338336e+01
7.002058319039451817e+01
7.007890222984562456e+01
7.016123499142366882e+01
7.022126929674098506e+01
7.022813036020582445e+01
7.019725557461406140e+01
7.024185248713550322e+01
7.028130360205831551e+01
7.030531732418523916e+01
7.034476843910806565e+01
7.032590051457975733e+01
7.030360205831904352e+01
7.032590051457975733e+01
7.033619210977701641e+01
7.035849056603774443e+01
7.039279588336191296e+01
7.037907375643224839e+01
7.040137221269296219e+01
7.040994854202401143e+01
7.042881646655231975e+01
7.047855917667237691e+01
7.047855917667237691e+01
7.054888507718696644e+01
7.060548885077187720e+01
7.064150943396225557e+01
7.066209262435677374e+01
7.062435677530018552e+01
7.058490566037735903e+01
7.054545454545454675e+01
7.050600343053173447e+01
7.051457975986278370e+01
7.053516295025728766e+01
7.055403087478559598e+01
7.056089193825043537e+01
7.055746140651801568e+01
7.057632933104630979e+01
7.058319039451114918e+01
7.057118353344768025e+01
7.057632933104630979e+01
7.056946826758147040e+01
7.056603773584905070e+01
7.057461406518009994e+01
7.061063464837050674e+01
7.064665523156088511e+01
7.068782161234992145e+01
7.074271012006860815e+01
7.075643224699828693e+01
7.078387650085763028e+01
7.082332761578044256e+01
7.085077186963980012e+01
7.084391080617496073e+01
7.084391080617496073e+01
7.087993138936535331e+01
7.093138936535163452e+01
7.095711835334476802e+01
7.094511149228131330e+01
7.093310463121784437e+01
7.092109777015437544e+01
7.093481989708404001e+01
7.089365351629501788e+01
7.085420240137221981e+01
7.078387650085764449e+01
7.077358490566038540e+01
7.077015437392796571e+01
7.080789022298455393e+01
7.083190394511149179e+01
7.083190394511149179e+01
7.085591766723842966e+01
7.086449399656946468e+01
7.083533447684391149e+01
7.084562607204117057e+01
7.085591766723842966e+01
7.089365351629501788e+01
7.091080617495711635e+01
7.093653516295026407e+01
7.100343053173241969e+01
7.106861063464836548e+01
7.107718696397941471e+01
7.108404802744425410e+01
7.109262435677530334e+01
7.114922813036019988e+01
7.115608919382503927e+01
7.115951972555745897e+01
7.116295025728987866e+01
7.121440823327615988e+01
7.121955403087477521e+01
7.121097770154372597e+01
7.121612349914235551e+01
7.126929674099486078e+01
7.127272727272728048e+01
7.127615780445968596e+01
7.128130360205832972e+01
7.128644939965695926e+01
7.129159519725558880e+01
7.129502572898800850e+01
7.129845626072041398e+01
7.130188679245283367e+01
7.130360205831902931e+01
7.133104631217838687e+01
7.133962264150943611e+01
7.129674099485420413e+01
7.125385934819897216e+01
7.124528301886792292e+01
7.127101200686107063e+01
7.124013722126929338e+01
7.126929674099486078e+01
7.125042881646655246e+01
7.128130360205831551e+01
7.131217838765007855e+01
7.127615780445968596e+01
7.123156089193824414e+01
7.117838765008576729e+01
7.112349914236706638e+01
7.106689536878216984e+01
7.109948542024014273e+01
7.112006861063466090e+01
7.111149228130359745e+01
7.110463121783877227e+01
7.109777015437393288e+01
7.109090909090909349e+01
7.108404802744425410e+01
7.104459691252145603e+01
7.104802744425386152e+01
7.105145797598628121e+01
7.105660377358489654e+01
7.109605488850772304e+01
7.111492281303603136e+01
7.118524871355060668e+01
7.125557461406516779e+01
7.132590051457975733e+01
7.139622641509433265e+01
7.149056603773584584e+01
7.151114922813036401e+01
7.153001715265864391e+01
7.154888507718696644e+01
7.155574614065180583e+01
7.151114922813036401e+01
7.146655231560892219e+01
7.148542024013721630e+01
7.155060034305316208e+01
7.161578044596912207e+01
7.168096054888508206e+01
7.174614065180102784e+01
7.181132075471697362e+01
7.187478559176672377e+01
7.193825042881647391e+01
7.193996569468268376e+01
7.192967409948542468e+01
7.194339622641508925e+01
7.195711835334478224e+01
7.196912521440823696e+01
7.198113207547169168e+01
7.197770154373928619e+01
7.197427101200685229e+01
7.197084048027443259e+01
7.198456260720411137e+01
7.199828473413379015e+01
7.199828473413379015e+01
7.200857632933104924e+01
7.199142367066895076e+01
7.197255574614064244e+01
7.195368782161234833e+01
7.195368782161234833e+01
7.198113207547169168e+01
7.202572898799314771e+01
7.206518010291594578e+01
7.209605488850770882e+01
7.212692967409947187e+01
7.215608919382503927e+01
7.216809605488849400e+01
7.217838765008576729e+01
7.222641509433961460e+01
7.226758147512863673e+01
7.230531732418523916e+01
7.232761578044596718e+01
7.234991423670669519e+01
7.235849056603773022e+01
7.236192109777016412e+01
7.238250428816466808e+01
7.239622641509433265e+01
7.242195540308748036e+01
7.245969125214408280e+01
7.242538593481990006e+01
7.238936535162952168e+01
7.241166380789023549e+01
7.243224699828473945e+01
7.246140651801030685e+01
7.248370497427102066e+01
7.250771869639794431e+01
7.253173241852486797e+01
7.255574614065179162e+01
7.257975986277872948e+01
7.260377358490566735e+01
7.261578044596912207e+01
7.264322469982846542e+01
7.266895368782161313e+01
7.269468267581474663e+01
7.272212692967408998e+01
7.273241852487134906e+01
7.275471698113207708e+01
7.277873070325900073e+01
7.280274442538592439e+01
7.282675814751286225e+01
7.285077186963980012e+01
7.281646655231560317e+01
7.284219554030875088e+01
7.282675814751286225e+01
7.285591766723842966e+01
7.288850771869640255e+01
7.289708404802743758e+01
7.290566037735848681e+01
7.291423670668953605e+01
7.292452830188679513e+01
7.293653516295026407e+01
7.294854202401371879e+01
7.296740994854201290e+01
7.298970840480274092e+01
7.303945111492281228e+01
7.304974271012005715e+01
7.306174957118352609e+01
7.308747855917667380e+01
7.311492281303601715e+01
7.312864493996569593e+01
7.314408233276158455e+01
7.316466552315608851e+01
7.321097770154374018e+01
7.324871355060034261e+01
7.330703259005146322e+01
7.331903945111491794e+01
7.328987993138936474e+01
7.326243567753002139e+01
7.323327615780445399e+01
7.320583190394511064e+01
7.317838765008576729e+01
7.313379073756431126e+01
7.306518010291594578e+01
7.304974271012007137e+01
7.300857632933104924e+01
7.296740994854202711e+01
7.288850771869640255e+01
7.282332761578044256e+01
7.275643224699828693e+01
7.270154373927960023e+01
7.268610634648371160e+01
7.268782161234992145e+01
7.267409948542024267e+01
7.263979416809604572e+01
7.261578044596913628e+01
7.259348198970840826e+01
7.257632933104632400e+01
7.255917667238422553e+01
7.254202401372214126e+01
7.252658662092625264e+01
7.251286449399657386e+01
7.249914236706689508e+01
7.245454545454546746e+01
7.243053173241852960e+01
7.240480274442538189e+01
7.237907375643224839e+01
7.235334476843911489e+01
7.232761578044596718e+01
7.230017152658662383e+01
7.227101200686107063e+01
7.224185248713550322e+01
7.230703259005144901e+01
7.227615780445970017e+01
7.226758147512865094e+01
7.225728987993139185e+01
7.226072041166381155e+01
7.227615780445970017e+01
7.225900514579760170e+01
7.224185248713551744e+01
7.226243567753002139e+01
7.228301886792453956e+01
7.227444253859349033e+01
7.226415094339623124e+01
7.225385934819897216e+01
7.227272727272728048e+01
7.229331046312179865e+01
7.227101200686107063e+01
7.221955403087478942e+01
7.218524871355060668e+01
7.215265866209261958e+01
7.218524871355060668e+01
7.218696397941681653e+01
7.216638078902229836e+01
7.214579759862778019e+01
7.216295025728987866e+01
7.216809605488850821e+01
7.217152658662092790e+01
7.217495711835334760e+01
7.213550600343053532e+01
7.208576329331046395e+01
7.204974271012005715e+01
7.201200686106345472e+01
7.197427101200685229e+01
7.193481989708405422e+01
7.189536878216122773e+01
7.185591766723842966e+01
7.181475128644939332e+01
7.178559176672384012e+01
7.177186963979416134e+01
7.175814751286449678e+01
7.174442538593481800e+01
7.174442538593481800e+01
7.171869639794168449e+01
7.169296740994855099e+01
7.166723842195540328e+01
7.165523156089193435e+01
7.165523156089193435e+01
7.164322469982847963e+01
7.160034305317324765e+01
7.155746140651801568e+01
7.153173241852486797e+01
7.150600343053173447e+01
7.148027444253858675e+01
7.145626072041164889e+01
7.148027444253858675e+01
7.150771869639794431e+01
7.153516295025728766e+01
7.156089193825042116e+01
7.162435677530017131e+01
7.170154373927958602e+01
7.171698113207546044e+01
7.173413379073755891e+01
7.173413379073755891e+01
7.173413379073755891e+01
7.173070325900513922e+01
7.172898799313892937e+01
7.172555746140650967e+01
7.170840480274442541e+01
7.171012006861062105e+01
7.171012006861063526e+01
7.170840480274442541e+01
7.170497427101201993e+01
7.172555746140650967e+01
7.171355060034304074e+01
7.168439108061748755e+01
7.172727272727271952e+01
7.173927958833618845e+01
7.171355060034304074e+01
7.172727272727273373e+01
7.171869639794168449e+01
7.173584905660378297e+01
7.171183533447684511e+01
7.174271012006860815e+01
7.177701543739279089e+01
7.176672384219554601e+01
7.175471698113207708e+01
7.172041166380789434e+01
7.168782161234992145e+01
7.167753001715266237e+01
7.164665523156088511e+01
7.167066895368782298e+01
7.164493996569467527e+01
7.160891938250428268e+01
7.161749571183534613e+01
7.163979416809605993e+01
7.167924528301887221e+01
7.173241852487134906e+01
7.175814751286449678e+01
7.181132075471698784e+01
7.186277873070326905e+01
7.185763293310463951e+01
7.187307032590051392e+01
7.192795883361921483e+01
7.192452830188679513e+01
7.194168096054889361e+01
7.202058319039451817e+01
7.208747855917667380e+01
7.216981132075471805e+01
7.220411663807891500e+01
7.228816466552316911e+01
7.227272727272728048e+01
7.225557461406518200e+01
7.223842195540308353e+01
7.223156089193824414e+01
7.222469982847340475e+01
7.221955403087477521e+01
7.227787307032589581e+01
7.234476843910806565e+01
7.240308747855917204e+01
7.244939965694682371e+01
7.250943396226415416e+01
7.250943396226415416e+01
7.249914236706689508e+01
7.249056603773584584e+01
7.249571183533447538e+01
7.251629502572897934e+01
7.254373927958833690e+01
7.257632933104630979e+01
7.261063464837050674e+01
7.260720411663808704e+01
7.261749571183533192e+01
7.256260720411664522e+01
7.255574614065179162e+01
7.257289879931389009e+01
7.259005145797598857e+01
7.262264150943396146e+01
7.261749571183533192e+01
7.261234991423670238e+01
7.258147512864493933e+01
7.249056603773584584e+01
7.249056603773584584e+01
7.245969125214406859e+01
7.240823327615780158e+01
7.234648370497427550e+01
7.226758147512865094e+01
7.227101200686107063e+01
7.227958833619210566e+01
7.232761578044596718e+01
7.237564322469981448e+01
7.242367066895367600e+01
7.243396226415094930e+01
7.242367066895369021e+01
7.243053173241852960e+01
7.242538593481990006e+01
7.243053173241852960e+01
7.245283018867925762e+01
7.247512864493997142e+01
7.248713550600342614e+01
7.250428816466552462e+01
7.250943396226415416e+01
7.258662092624356887e+01
7.266037735849056389e+01
7.267581475128645252e+01
7.266723842195540328e+01
7.266380789022298359e+01
7.265523156089193435e+01
7.260548885077187720e+01
7.259691252144082796e+01
7.258833619210977872e+01
7.257975986277872948e+01
7.256946826758147040e+01
7.255917667238421132e+01
7.253859348198969315e+01
7.251972555746139903e+01
7.251114922813036401e+01
7.250257289879931477e+01
7.251801029159520340e+01
7.259176672384219842e+01
7.263636363636364024e+01
7.267409948542024267e+01
7.271183533447684511e+01
7.269125214408234115e+01
7.265866209262435405e+01
7.261921097770154176e+01
7.258147512864493933e+01
7.254030874785591720e+01
7.257461406518009994e+01
7.260205831903944329e+01
7.261578044596913628e+01
7.259348198970840826e+01
7.255746140651800147e+01
7.252315608919383294e+01
7.254030874785591720e+01
7.255403087478559598e+01
7.256432246998284086e+01
7.257632933104630979e+01
7.256089193825043537e+01
7.256432246998284086e+01
7.256432246998284086e+01
7.257975986277872948e+01
7.256603773584905070e+01
7.259005145797598857e+01
7.261406518010292643e+01
7.265008576329330481e+01
7.268610634648369739e+01
7.272212692967410419e+01
7.273584905660376876e+01
7.276500857632933617e+01
7.276157804459691647e+01
7.275814751286449678e+01
7.279073756432248388e+01
7.283876500857633118e+01
7.283018867924528195e+01
7.278387650085763028e+01
7.277530017152658104e+01
7.272727272727271952e+01
7.274442538593481800e+01
7.275986277873070662e+01
7.277701543739279089e+01
7.283533447684391149e+01
7.289365351629501788e+01
7.295025728987992863e+01
7.300857632933104924e+01
7.302915951972556741e+01
7.308747855917667380e+01
7.317495711835334760e+01
7.321955403087478942e+01
7.324013722126929338e+01
7.325900514579760170e+01
7.323670668953688789e+01
7.325042881646655246e+01
7.321440823327615988e+01
7.318010291595196293e+01
7.316466552315608851e+01
7.311835334476843684e+01
7.307204116638078517e+01
7.302401372212692365e+01
7.299485420240137046e+01
7.296397941680959320e+01
7.293138936535163452e+01
7.289879931389364742e+01
7.286620926243567453e+01
7.283361921097770164e+01
7.285248713550599575e+01
7.287307032590049971e+01
7.289193825042880803e+01
7.293653516295026407e+01
7.299313893653516061e+01
7.304974271012007137e+01
7.310634648370498212e+01
7.313550600343053532e+01
7.316809605488850821e+01
7.317495711835334760e+01
7.320068610634648110e+01
7.320754716981132049e+01
7.321097770154374018e+01
7.320240137221269094e+01
7.320583190394512485e+01
7.320926243567753033e+01
7.322298456260719490e+01
7.327787307032591002e+01
7.329502572898799428e+01
7.332761578044596718e+01
7.335677530017152037e+01
7.337392795883360463e+01
7.340308747855917204e+01
7.343224699828472524e+01
7.344939965694682371e+01
7.345111492281303356e+01
7.349056603773584584e+01
7.353001715265865812e+01
7.357289879931389009e+01
7.361749571183531771e+01
7.367066895368780877e+01
7.367409948542024267e+01
7.374271012006860815e+01
7.374614065180102784e+01
7.371698113207546044e+01
7.370154373927958602e+01
7.368610634648371160e+01
7.367066895368782298e+01
7.363807890222983588e+01
7.365523156089193435e+01
7.364837049742709496e+01
7.369982847341337617e+01
7.372384219554031404e+01
7.375128644939965739e+01
7.378216123499142043e+01
7.382161234991423271e+01
7.386106346483705920e+01
7.388850771869640255e+01
7.389193825042880803e+01
7.388336192109777301e+01
7.389022298456259819e+01
7.394682675814750894e+01
7.396912521440822275e+01
7.400686106346483939e+01
7.403259005145797289e+01
7.404459691252144182e+01
7.405660377358489654e+01
7.403945111492281228e+01
7.402058319039450396e+01
7.401372212692966457e+01
7.402058319039451817e+01
7.404116638078900792e+01
7.402915951972555320e+01
7.401543739279588863e+01
7.398627787307032122e+01
7.400857632933104924e+01
7.398284734133790153e+01
7.400343053173241969e+01
7.395540308747854397e+01
7.389022298456259819e+01
7.387650085763291941e+01
7.386106346483704499e+01
7.384562607204117057e+01
7.382161234991423271e+01
7.378387650085763028e+01
7.378216123499142043e+01
7.379588336192109921e+01
7.379588336192109921e+01
7.379416809605488936e+01
7.376843910806175586e+01
7.376500857632933617e+01
7.377701543739279089e+01
7.378902229845625982e+01
7.380102915951972875e+01
7.378216123499142043e+01
7.378902229845624561e+01
7.378730703259004997e+01
7.380445969125214845e+01
7.382504288164665240e+01
7.384562607204117057e+01
7.390737564322469666e+01
7.392795883361921483e+01
7.395025728987994285e+01
7.401715265866209847e+01
7.403430531732419695e+01
7.405145797598628121e+01
7.406689536878215563e+01
7.405145797598628121e+01
7.408404802744425410e+01
7.406518010291594578e+01
7.404802744425384731e+01
7.406346483704973593e+01
7.407718696397941471e+01
7.414922813036019988e+01
7.422126929674099927e+01
7.429331046312178444e+01
7.436535162950256961e+01
7.438936535162949326e+01
7.440137221269296219e+01
7.441509433962264097e+01
7.440308747855917204e+01
7.442367066895369021e+01
7.439108061749570311e+01
7.437049742710118494e+01
7.436878216123498930e+01
7.436706689536877946e+01
7.440994854202401143e+01
7.445111492281303356e+01
7.448027444253858675e+01
7.443053173241852960e+01
7.439108061749570311e+01
7.434648370497426129e+01
7.430017152658660962e+01
7.429502572898799428e+01
7.428987993138937895e+01
7.428473413379074941e+01
7.427958833619211987e+01
7.427272727272728048e+01
7.428987993138937895e+01
7.424871355060034261e+01
7.421783876500857957e+01
7.420068610634648110e+01
7.422126929674098506e+01
7.424185248713550322e+01
7.426243567753000718e+01
7.432075471698112779e+01
7.437907375643224839e+01
7.436020583190395428e+01
7.437221269296740900e+01
7.437907375643223418e+01
7.441166380789022128e+01
7.437907375643224839e+01
7.432246998284733763e+01
7.428816466552315489e+01
7.423156089193824414e+01
7.417324185248713775e+01
7.418181818181818699e+01
7.412521440823327623e+01
7.406861063464836548e+01
7.407375643224699502e+01
7.409605488850772304e+01
7.403259005145797289e+01
7.397427101200685229e+01
7.391766723842195574e+01
7.386106346483704499e+01
7.380445969125213423e+01
7.374785591766723769e+01
7.369125214408234115e+01
7.363636363636362603e+01
7.361749571183534613e+01
7.359519725557461811e+01
7.357289879931390431e+01
7.354888507718698065e+01
7.353687821612349751e+01
7.349571183533447538e+01
7.345454545454545325e+01
7.343567753001715914e+01
7.341337907375643113e+01
7.338765008576329762e+01
7.336020583190394007e+01
7.333276157804459672e+01
7.332933104631217702e+01
7.330360205831902931e+01
7.332590051457975733e+01
7.333104631217838687e+01
7.332246998284733763e+01
7.329159519725557459e+01
7.329159519725558880e+01
7.331217838765007855e+01
7.333276157804459672e+01
7.331903945111491794e+01
7.338765008576329762e+01
7.338936535162950747e+01
7.342024013722127052e+01
7.340137221269296219e+01
7.336878216123498930e+01
7.338765008576328341e+01
7.339451114922812280e+01
7.342367066895369021e+01
7.344596912521440402e+01
7.346826758147511782e+01
7.343396226415094930e+01
7.341166380789022128e+01
7.343224699828473945e+01
7.345283018867925762e+01
7.351801029159520340e+01
7.357461406518009994e+01
7.363979416809604572e+01
7.370325900514579587e+01
7.375471698113207708e+01
7.380445969125214845e+01
7.385420240137221981e+01
7.390222984562606712e+01
7.390051457975985727e+01
7.389879931389364742e+01
7.387821612349914346e+01
7.386792452830188438e+01
7.385763293310462529e+01
7.381303602058318347e+01
7.382675814751286225e+01
7.383018867924528195e+01
7.384734133790738042e+01
7.386449399656947890e+01
7.388336192109778722e+01
7.390394511149227696e+01
7.386449399656947890e+01
7.382675814751286225e+01
7.380445969125214845e+01
7.373241852487136327e+01
7.366037735849056389e+01
7.358833619210977872e+01
7.351801029159520340e+01
7.345797598627787295e+01
7.346312178387650249e+01
7.348713550600342614e+01
7.349228130360205569e+01
7.354030874785591720e+01
7.356775300171526055e+01
7.358319039451114918e+01
7.359176672384219842e+01
7.358147512864493933e+01
7.359005145797598857e+01
7.358147512864493933e+01
7.358662092624356887e+01
7.360548885077187720e+01
7.363979416809605993e+01
7.369296740994855099e+01
7.370154373927960023e+01
7.371012006861063526e+01
7.370840480274443962e+01
7.367753001715266237e+01
7.360034305317324765e+01
7.352830188679246248e+01
7.349914236706689508e+01
7.349914236706689508e+01
7.345111492281303356e+01
7.343224699828473945e+01
7.341509433962264097e+01
7.338421955403087793e+01
7.333619210977701641e+01
7.328987993138936474e+01
7.325900514579760170e+01
7.328130360205831551e+01
7.331732418524870809e+01
7.336020583190394007e+01
7.338593481989707357e+01
7.341852487135504646e+01
7.342710120068609569e+01
7.343567753001715914e+01
7.351457975986276949e+01
7.359691252144082796e+01
7.362950257289878664e+01
7.366552315608919344e+01
7.368096054888508206e+01
7.365694682675814420e+01
7.367753001715266237e+01
7.366723842195540328e+01
7.365694682675814420e+01
7.364665523156088511e+01
7.363636363636362603e+01
7.362607204116638115e+01
7.361406518010292643e+01
7.360548885077187720e+01
7.359691252144081375e+01
7.358833619210977872e+01
7.359348198970839405e+01
7.359691252144082796e+01
7.358662092624356887e+01
7.357804459691251964e+01
7.355574614065179162e+01
7.354545454545453254e+01
7.359519725557461811e+01
7.357289879931389009e+01
7.359176672384219842e+01
7.356603773584905070e+01
7.353859348198970736e+01
7.353344768439107781e+01
7.352830188679244827e+01
7.352315608919383294e+01
7.349571183533447538e+01
7.346826758147511782e+01
7.346140651801029264e+01
7.342710120068610991e+01
7.339108061749570311e+01
7.333962264150943611e+01
7.332933104631217702e+01
7.333104631217838687e+01
7.332933104631217702e+01
7.332590051457975733e+01
7.329845626072039977e+01
7.328473413379073520e+01
7.325900514579760170e+01
7.320754716981130628e+01
7.320411663807888658e+01
7.315780445969124912e+01
7.315780445969124912e+01
7.315951972555745897e+01
7.322469982847340475e+01
7.328987993138937895e+01
7.336706689536877946e+01
7.343224699828473945e+01
7.346998284734132767e+01
7.354545454545453254e+01
7.360720411663808704e+01
7.368439108061750176e+01
7.377358490566038540e+01
7.386277873070325484e+01
7.395197255574612427e+01
7.404116638078900792e+01
7.413036020583189156e+01
7.419382504288164171e+01
7.425557461406518200e+01
7.433104631217838687e+01
7.439279588336192717e+01
7.440137221269296219e+01
7.438421955403087793e+01
7.436878216123498930e+01
7.433619210977701641e+01
7.431903945111491794e+01
7.430188679245281946e+01
7.429845626072041398e+01
7.429502572898799428e+01
7.432246998284733763e+01
7.431389365351628840e+01
7.430360205831902931e+01
7.429331046312177023e+01
7.428301886792452535e+01
7.429159519725557459e+01
7.429845626072041398e+01
7.430703259005144901e+01
7.431217838765007855e+01
7.427958833619210566e+01
7.428473413379072099e+01
7.426758147512863673e+01
7.432075471698112779e+01
7.437049742710119915e+01
7.434476843910806565e+01
7.436706689536877946e+01
7.438421955403086372e+01
7.436192109777014991e+01
7.434305317324185580e+01
7.437221269296740900e+01
7.438250428816466808e+01
7.438765008576328341e+01
7.436192109777016412e+01
7.437049742710119915e+01
7.439965694682676656e+01
7.443224699828473945e+01
7.446483704974269813e+01
7.449399656946826553e+01
7.442881646655230554e+01
7.440480274442538189e+01
7.443910806174956463e+01
7.447341337907374736e+01
7.448713550600342614e+01
7.451114922813036401e+01
7.453687821612351172e+01
7.456260720411665943e+01
7.456603773584906492e+01
7.457118353344769446e+01
7.456260720411664522e+01
7.455403087478558177e+01
7.454545454545454675e+01
7.453687821612349751e+01
7.453516295025730187e+01
7.453173241852486797e+01
7.454373927958833690e+01
7.456946826758147040e+01
7.458147512864493933e+01
7.454545454545454675e+01
7.450943396226415416e+01
7.452658662092623842e+01
7.459348198970839405e+01
7.460548885077187720e+01
7.463807890222983588e+01
7.468610634648369739e+01
7.473413379073755891e+01
7.477186963979416134e+01
7.480102915951971454e+01
7.480617495711834408e+01
7.480445969125213423e+01
7.480617495711834408e+01
7.481646655231560317e+01
7.487821612349912925e+01
7.484048027444254103e+01
7.476500857632932195e+01
7.468953687821611709e+01
7.462950257289880085e+01
7.457118353344768025e+01
7.451286449399657386e+01
7.452830188679244827e+01
7.454202401372212705e+01
7.451972555746141325e+01
7.448542024013721630e+01
7.446655231560890797e+01
7.442367066895369021e+01
7.438250428816465387e+01
7.437907375643223418e+01
7.435677530017153458e+01
7.433619210977701641e+01
7.431903945111491794e+01
7.434476843910806565e+01
7.434648370497427550e+01
7.438593481989708778e+01
7.440308747855917204e+01
7.435334476843911489e+01
7.434648370497427550e+01
7.434819897084048534e+01
7.434819897084048534e+01
7.433276157804459672e+01
7.431903945111491794e+01
7.435162950257290504e+01
7.436020583190395428e+01
7.437221269296740900e+01
7.439108061749571732e+01
7.441166380789022128e+01
7.444596912521440402e+01
7.448027444253858675e+01
7.449228130360205569e+01
7.447855917667237691e+01
7.445626072041164889e+01
7.449914236706689508e+01
7.455231560891937193e+01
7.458662092624356887e+01
7.460720411663808704e+01
7.460720411663808704e+01
7.459519725557461811e+01
7.459862778730703781e+01
7.458490566037735903e+01
7.457118353344768025e+01
7.461921097770154176e+01
7.464493996569467527e+01
7.463293310463120633e+01
7.467581475128645252e+01
7.472041166380789434e+01
7.470325900514581008e+01
7.469639794168097069e+01
7.467238421955403282e+01
7.469811320754718054e+01
7.467409948542024267e+01
7.470154373927958602e+01
7.477701543739279089e+01
7.485248713550599575e+01
7.491766723842195574e+01
7.498456260720412558e+01
7.505145797598628121e+01
7.505488850771868670e+01
7.504974271012007137e+01
7.505488850771868670e+01
7.507718696397941471e+01
7.508919382504288365e+01
7.508747855917667380e+01
7.509777015437393288e+01
7.510634648370496791e+01
7.508747855917667380e+01
7.508061749571183441e+01
7.506861063464836548e+01
7.504288164665521776e+01
7.502915951972556741e+01
7.505145797598626700e+01
7.504459691252142761e+01
7.505145797598626700e+01
7.504631217838763746e+01
7.502744425385934335e+01
7.501029159519725908e+01
7.498113207547169168e+01
7.498970840480274092e+01
7.500000000000000000e+01
7.500000000000000000e+01
7.503602058319040680e+01
7.500686106346483939e+01
7.497770154373927198e+01
7.504802744425386152e+01
7.507890222984562456e+01
7.516123499142366882e+01
7.510463121783877227e+01
7.504802744425384731e+01
7.507890222984562456e+01
7.507375643224699502e+01
7.498113207547169168e+01
7.495540308747855818e+01
7.493138936535163452e+01
7.489536878216122773e+01
7.488679245283019270e+01
7.486449399656946468e+01
7.483876500857633118e+01
7.480617495711835829e+01
7.478387650085763028e+01
7.476329331046311211e+01
7.474271012006860815e+01
7.477015437392796571e+01
7.480102915951971454e+01
7.483361921097770164e+01
7.486449399656946468e+01
7.492967409948541047e+01
7.487650085763293362e+01
7.486449399656946468e+01
7.481132075471697362e+01
7.478216123499142043e+01
7.474785591766723769e+01
7.471355060034306916e+01
7.467924528301887221e+01
7.466380789022298359e+01
7.464837049742709496e+01
7.464665523156088511e+01
7.463293310463120633e+01
7.459862778730703781e+01
7.461234991423670238e+01
7.463979416809604572e+01
7.466552315608919344e+01
7.472898799313892937e+01
7.478216123499142043e+01
7.478387650085763028e+01
7.478559176672382591e+01
7.477358490566037119e+01
7.476157804459690226e+01
7.472898799313892937e+01
7.471869639794167028e+01
7.475986277873070662e+01
7.475128644939965739e+01
7.474099485420239830e+01
7.473070325900515343e+01
7.469296740994853678e+01
7.466895368782161313e+01
7.464665523156088511e+01
7.462264150943397567e+01
7.461749571183533192e+01
7.460891938250428268e+01
7.460377358490565314e+01
7.458319039451114918e+01
7.459005145797598857e+01
7.458662092624356887e+01
7.458319039451114918e+01
7.458490566037735903e+01
7.458662092624356887e+01
7.458662092624356887e+01
7.458662092624356887e+01
7.457118353344768025e+01
7.455403087478559598e+01
7.453687821612349751e+01
7.457975986277872948e+01
7.463464837049741618e+01
7.468953687821611709e+01
7.475986277873069241e+01
7.476157804459690226e+01
7.476672384219553180e+01
7.470668953687820135e+01
7.464665523156088511e+01
7.458662092624355466e+01
7.452658662092623842e+01
7.446655231560890797e+01
7.442024013722127052e+01
7.437564322469982869e+01
7.434133790737564595e+01
7.430703259005144901e+01
7.427272727272726627e+01
7.429845626072041398e+01
7.432590051457975733e+01
7.433962264150942190e+01
7.436020583190394007e+01
7.438250428816466808e+01
7.441166380789022128e+01
7.442024013722127052e+01
7.441337907375643113e+01
7.439965694682675235e+01
7.441166380789022128e+01
7.441337907375643113e+01
7.443567753001714493e+01
7.443396226415094930e+01
7.443910806174957884e+01
7.448713550600342614e+01
7.453687821612349751e+01
7.458662092624356887e+01
7.458490566037735903e+01
7.458147512864493933e+01
7.455574614065179162e+01
7.453173241852486797e+01
7.452144082332762309e+01
7.452830188679244827e+01
7.453516295025728766e+01
7.454373927958833690e+01
7.450600343053173447e+01
7.452144082332762309e+01
7.454373927958833690e+01
7.458490566037735903e+01
7.463121783876499649e+01
7.468953687821611709e+01
7.473584905660376876e+01
7.478216123499142043e+01
7.480789022298455393e+01
7.479759862778730906e+01
7.481818181818181301e+01
7.483704974271012134e+01
7.485934819897084935e+01
7.489365351629501788e+01
7.491595197255574590e+01
7.493825042881647391e+01
7.495197255574612427e+01
7.496569468267580305e+01
7.495197255574612427e+01
7.493996569468266955e+01
7.488850771869638834e+01
7.483533447684391149e+01
7.481132075471697362e+01
7.479931389365350469e+01
7.477701543739279089e+01
7.478902229845624561e+01
7.485077186963980012e+01
7.491252144082332620e+01
7.497255574614064244e+01
7.503087478559176304e+01
7.509090909090909349e+01
7.510120068610635258e+01
7.516638078902229836e+01
7.517324185248713775e+01
7.518010291595197714e+01
7.518181818181817277e+01
7.514065180102915065e+01
7.510120068610635258e+01
7.506174957118352609e+01
7.503430531732418274e+01
7.507375643224699502e+01
7.512349914236705217e+01
7.516123499142365461e+01
7.510806174957116355e+01
7.508061749571183441e+01
7.503773584905658822e+01
7.500514579759861533e+01
7.498799313893653107e+01
7.498113207547169168e+01
7.497427101200685229e+01
7.496740994854201290e+01
7.496226415094339757e+01
7.495540308747857239e+01
7.492452830188679513e+01
7.492624356775300498e+01
7.494511149228131330e+01
7.496397941680960741e+01
7.493138936535163452e+01
7.494854202401371879e+01
7.491595197255574590e+01
7.499656946826758031e+01
7.506518010291594578e+01
7.508404802744425410e+01
7.515265866209261958e+01
7.522126929674098506e+01
7.527787307032589581e+01
7.534648370497427550e+01
7.538593481989708778e+01
7.542538593481990006e+01
7.546483704974272655e+01
7.550600343053173447e+01
7.549056603773584584e+01
7.547341337907374736e+01
7.545626072041166310e+01
7.543910806174957884e+01
7.542024013722127052e+01
7.540137221269296219e+01
7.535506003430531052e+01
7.530874785591765885e+01
7.524871355060034261e+01
7.518867924528302638e+01
7.512864493996569593e+01
7.506518010291595999e+01
7.500514579759862954e+01
7.494511149228131330e+01
7.490566037735848681e+01
7.486792452830188438e+01
7.482847341337907210e+01
7.479073756432245546e+01
7.475300171526586723e+01
7.471355060034305495e+01
7.467409948542024267e+01
7.463464837049741618e+01
7.458147512864493933e+01
7.453001715265865812e+01
7.452830188679244827e+01
7.454545454545454675e+01
7.455403087478558177e+01
7.456432246998284086e+01
7.457289879931389009e+01
7.460548885077187720e+01
7.455231560891937193e+01
7.459005145797598857e+01
7.456089193825043537e+01
7.455060034305316208e+01
7.457975986277872948e+01
7.458662092624356887e+01
7.464322469982847963e+01
7.457804459691251964e+01
7.451286449399657386e+01
7.445797598627787295e+01
7.445454545454545325e+01
7.449571183533447538e+01
7.453687821612349751e+01
7.455231560891937193e+01
7.458319039451114918e+01
7.461234991423670238e+01
7.464150943396225557e+01
7.467066895368782298e+01
7.469982847341337617e+01
7.471698113207547465e+01
7.475814751286449678e+01
7.478730703259004997e+01
7.481475128644939332e+01
7.481989708404802286e+01
7.483533447684391149e+01
7.484048027444254103e+01
7.474099485420241251e+01
7.464150943396226978e+01
7.461921097770155598e+01
7.459691252144082796e+01
7.457461406518009994e+01
7.452315608919381873e+01
7.455746140651801568e+01
7.455060034305317629e+01
7.460548885077187720e+01
7.460548885077187720e+01
7.460720411663808704e+01
7.460891938250428268e+01
7.461063464837050674e+01
7.466723842195540328e+01
7.464150943396225557e+01
7.460205831903945750e+01
7.461921097770154176e+01
7.463636363636362603e+01
7.466895368782161313e+01
7.470325900514579587e+01
7.473756432246997861e+01
7.478559176672384012e+01
7.483018867924528195e+01
7.487650085763291941e+01
7.489022298456259819e+01
7.489708404802743758e+01
7.487650085763294783e+01
7.489536878216122773e+01
7.491766723842195574e+01
7.499142367066895076e+01
7.502915951972556741e+01
7.504631217838766588e+01
7.506689536878216984e+01
7.508919382504288365e+01
7.511320754716982151e+01
7.515437392795882943e+01
7.517324185248713775e+01
7.524013722126929338e+01
7.525900514579760170e+01
7.529502572898798007e+01
7.528473413379073520e+01
7.533276157804459672e+01
7.538765008576329762e+01
7.538250428816468229e+01
7.537735849056603854e+01
7.537221269296740900e+01
7.534133790737564595e+01
7.531560891938249824e+01
7.530874785591765885e+01
7.530188679245281946e+01
7.534648370497427550e+01
7.537735849056603854e+01
7.537221269296742321e+01
7.532590051457975733e+01
7.528644939965695926e+01
7.524699828473414698e+01
7.520754716981133470e+01
7.518867924528302638e+01
7.516981132075471805e+01
7.515094339622640973e+01
7.512006861063464669e+01
7.506518010291594578e+01
7.500171526586620985e+01
7.493825042881647391e+01
7.487478559176672377e+01
7.481303602058318347e+01
7.475128644939965739e+01
7.468953687821613130e+01
7.462778730703259100e+01
7.459862778730703781e+01
7.459005145797598857e+01
7.453687821612351172e+01
7.451801029159520340e+01
7.448885077186965020e+01
7.447512864493997142e+01
7.447169811320755173e+01
7.445454545454545325e+01
7.443567753001715914e+01
7.441680960548885082e+01
7.438421955403086372e+01
7.434991423670668098e+01
7.431389365351628840e+01
7.427615780445968596e+01
7.428816466552315489e+01
7.430017152658660962e+01
7.431217838765007855e+01
7.432246998284733763e+01
7.432246998284733763e+01
7.431903945111491794e+01
7.430874785591765885e+01
7.429331046312177023e+01
7.421783876500856536e+01
7.416466552315608851e+01
7.412349914236706638e+01
7.410634648370498212e+01
7.410806174957119197e+01
7.410463121783877227e+01
7.409948542024012852e+01
7.408404802744425410e+01
7.406861063464836548e+01
7.402572898799314771e+01
7.395883361921097787e+01
7.395368782161234833e+01
7.394854202401371879e+01
7.391766723842195574e+01
7.390566037735848681e+01
7.392281303602058529e+01
7.395883361921097787e+01
7.393996569468268376e+01
7.395711835334476802e+01
7.402572898799314771e+01
7.404288164665521776e+01
7.409948542024014273e+01
7.411149228130361166e+01
7.412178387650085654e+01
7.417838765008576729e+01
7.423499142367066383e+01
7.423842195540308353e+01
7.419210977701543186e+01
7.416809605488850821e+01
7.411492281303601715e+01
7.406174957118352609e+01
7.399485420240137046e+01
7.392795883361921483e+01
7.386277873070326905e+01
7.379588336192109921e+01
7.373241852487134906e+01
7.366723842195540328e+01
7.360377358490566735e+01
7.360377358490566735e+01
7.355574614065180583e+01
7.353859348198970736e+01
7.352144082332762309e+01
7.350600343053173447e+01
7.348885077186965020e+01
7.347341337907376158e+01
7.345797598627788716e+01
7.344082332761578868e+01
7.342538593481990006e+01
7.344253859348199853e+01
7.342195540308748036e+01
7.340137221269296219e+01
7.340651801029160595e+01
7.340994854202401143e+01
7.345283018867925762e+01
7.342024013722127052e+01
7.339794168096054250e+01
7.337564322469982869e+01
7.340651801029159174e+01
7.339794168096054250e+01
7.339965694682675235e+01
7.340137221269296219e+01
7.342195540308748036e+01
7.345111492281303356e+01
7.348885077186963599e+01
7.352658662092623842e+01
7.350428816466552462e+01
7.356603773584905070e+01
7.361578044596913628e+01
7.366552315608919344e+01
7.371526586620926480e+01
7.375300171526586723e+01
7.376500857632932195e+01
7.377701543739279089e+01
7.380102915951972875e+01
7.384048027444254103e+01
7.390566037735848681e+01
7.395711835334476802e+01
7.397084048027443259e+01
7.401029159519725908e+01
7.406174957118354030e+01
7.403945111492282649e+01
7.393996569468268376e+01
7.385591766723842966e+01
7.375986277873070662e+01
7.373413379073755891e+01
7.371355060034305495e+01
7.370325900514581008e+01
7.370497427101200572e+01
7.368096054888508206e+01
7.365866209262435405e+01
7.362435677530015710e+01
7.354716981132074238e+01
7.348370497427100645e+01
7.342024013722127052e+01
7.336363636363634555e+01
7.332246998284733763e+01
7.328301886792452535e+01
7.320754716981132049e+01
7.318524871355060668e+01
7.320411663807890079e+01
7.324699828473413277e+01
7.331560891938249824e+01
7.332075471698112779e+01
7.334991423670669519e+01
7.336363636363635976e+01
7.334133790737564595e+01
7.339451114922812280e+01
7.346483704974269813e+01
7.344253859348198432e+01
7.342881646655231975e+01
7.341509433962264097e+01
7.338421955403086372e+01
7.335334476843910068e+01
7.332418524871354748e+01
7.332590051457975733e+01
7.332933104631217702e+01
7.333276157804459672e+01
7.333619210977701641e+01
7.324185248713550322e+01
7.317667238421955744e+01
7.317495711835334760e+01
7.313550600343052110e+01
7.310120068610635258e+01
7.309605488850772304e+01
7.308747855917667380e+01
7.305831903945110639e+01
7.304974271012005715e+01
7.302058319039450396e+01
7.302058319039451817e+01
7.297255574614064244e+01
7.291766723842195574e+01
7.288679245283017849e+01
7.285591766723841545e+01
7.284048027444254103e+01
7.287650085763291941e+01
7.290222984562606712e+01
7.287821612349912925e+01
7.286620926243567453e+01
7.286277873070326905e+01
7.286106346483704499e+01
7.285934819897083514e+01
7.285763293310462529e+01
7.286620926243568874e+01
7.287478559176672377e+01
7.293996569468268376e+01
7.293653516295026407e+01
7.293310463121784437e+01
7.293996569468266955e+01
7.293996569468268376e+01
7.293996569468266955e+01
7.296397941680960741e+01
7.298799313893653107e+01
7.301372212692966457e+01
7.304631217838763746e+01
7.307890222984562456e+01
7.305831903945110639e+01
7.300171526586620985e+01
7.300000000000000000e+01
7.299656946826758031e+01
7.295540308747855818e+01
7.290222984562606712e+01
7.285934819897084935e+01
7.285591766723842966e+01
7.285077186963980012e+01
7.283361921097770164e+01
7.281475128644939332e+01
7.278559176672385433e+01
7.270840480274442541e+01
7.266723842195540328e+01
7.266380789022298359e+01
7.266037735849056389e+01
7.263121783876501070e+01
7.260034305317324765e+01
7.260205831903945750e+01
7.257289879931389009e+01
7.254373927958833690e+01
7.256775300171526055e+01
7.260377358490566735e+01
7.259862778730703781e+01
7.261578044596912207e+01
7.264837049742709496e+01
7.266895368782161313e+01
7.269125214408232694e+01
7.271355060034305495e+01
7.273241852487134906e+01
7.271012006861063526e+01
7.268782161234990724e+01
7.262950257289878664e+01
7.263636363636362603e+01
7.264322469982846542e+01
7.264837049742709496e+01
7.264493996569468948e+01
7.264150943396226978e+01
7.263636363636364024e+01
7.262950257289878664e+01
7.258490566037735903e+01
7.252658662092623842e+01
7.248027444253858675e+01
7.242024013722127052e+01
7.236020583190395428e+01
7.230017152658662383e+01
7.224013722126929338e+01
7.218010291595197714e+01
7.216123499142366882e+01
7.214236706689537471e+01
7.212692967409950029e+01
7.211149228130359745e+01
7.206861063464836548e+01
7.202572898799313350e+01
7.198456260720411137e+01
7.194339622641508925e+01
7.188507718696398285e+01
7.186620926243567453e+01
7.180789022298455393e+01
7.178730703259004997e+01
7.176672384219554601e+01
7.179416809605488936e+01
7.178559176672384012e+01
7.177015437392796571e+01
7.173927958833618845e+01
7.170840480274442541e+01
7.167753001715266237e+01
7.167238421955403282e+01
7.165351629502572450e+01
7.167409948542024267e+01
7.168610634648369739e+01
7.169639794168095648e+01
7.166723842195540328e+01
7.159005145797598857e+01
7.157804459691251964e+01
7.156603773584905070e+01
7.155403087478559598e+01
7.154030874785593141e+01
7.153344768439107781e+01
7.153344768439107781e+01
7.157632933104630979e+01
7.158319039451114918e+01
7.159005145797598857e+01
7.159691252144081375e+01
7.159005145797597436e+01
7.158319039451114918e+01
7.158833619210977872e+01
7.157975986277872948e+01
7.161406518010291222e+01
7.160205831903944329e+01
7.163636363636364024e+01
7.167924528301887221e+01
7.168953687821611709e+01
7.173070325900513922e+01
7.175128644939965739e+01
7.177186963979416134e+01
7.179073756432245546e+01
7.175300171526586723e+01
7.177358490566037119e+01
7.180102915951972875e+01
7.185591766723841545e+01
7.183190394511149179e+01
7.184905660377359027e+01
7.181646655231560317e+01
7.188507718696398285e+01
7.191080617495711635e+01
7.184905660377359027e+01
7.178902229845625982e+01
7.181646655231560317e+01
7.185077186963978590e+01
7.185077186963980012e+01
7.185077186963980012e+01
7.185248713550600996e+01
7.186620926243567453e+01
7.186792452830188438e+01
7.188679245283019270e+01
7.186449399656946468e+01
7.180617495711834408e+01
7.174785591766723769e+01
7.171355060034304074e+01
7.169468267581474663e+01
7.166209262435677374e+01
7.163121783876501070e+01
7.160891938250428268e+01
7.166380789022298359e+01
7.170668953687820135e+01
7.174957118353344754e+01
7.172384219554031404e+01
7.170840480274442541e+01
7.169296740994853678e+01
7.167753001715266237e+01
7.164322469982847963e+01
7.161063464837049253e+01
7.156432246998284086e+01
7.153001715265865812e+01
7.153173241852488218e+01
7.147169811320753752e+01
7.142710120068610991e+01
7.139794168096055671e+01
7.130531732418525337e+01
7.122298456260720911e+01
7.120240137221270516e+01
7.119725557461407561e+01
7.120754716981132049e+01
7.121783876500857957e+01
7.121612349914236972e+01
7.119725557461407561e+01
7.112692967409948608e+01
7.120240137221270516e+01
7.127958833619211987e+01
7.134648370497427550e+01
7.141337907375643113e+01
7.148198970840481081e+01
7.149571183533447538e+01
7.151801029159520340e+01
7.152144082332762309e+01
7.152658662092625264e+01
7.153344768439109203e+01
7.153859348198970736e+01
7.154373927958833690e+01
7.154716981132074238e+01
7.155060034305317629e+01
7.154888507718695223e+01
7.157804459691251964e+01
7.160548885077187720e+01
7.163293310463122054e+01
7.166037735849056389e+01
7.172212692967411840e+01
7.178387650085764449e+01
7.177358490566038540e+01
7.175300171526586723e+01
7.173756432246997861e+01
7.172041166380789434e+01
7.171698113207548886e+01
7.171183533447684511e+01
7.170668953687821556e+01
7.174614065180102784e+01
7.172212692967410419e+01
7.176500857632933617e+01
7.180789022298456814e+01
7.184048027444254103e+01
7.186963979416809423e+01
7.189022298456261240e+01
7.191080617495711635e+01
7.193138936535163452e+01
7.189022298456259819e+01
7.185934819897084935e+01
7.183018867924529616e+01
7.179759862778730906e+01
7.176329331046312632e+01
7.173756432246997861e+01
7.171869639794168449e+01
7.171526586620926480e+01
7.174614065180102784e+01
7.175300171526586723e+01
7.177015437392796571e+01
7.174785591766723769e+01
7.175300171526586723e+01
7.181303602058319768e+01
7.183018867924528195e+01
7.176843910806175586e+01
7.170668953687821556e+01
7.164493996569467527e+01
7.158319039451114918e+01
7.162435677530017131e+01
7.161406518010291222e+01
7.157804459691251964e+01
7.152487135506002858e+01
7.147169811320753752e+01
7.144425385934819417e+01
7.143224699828472524e+01
7.139279588336191296e+01
7.135506003430531052e+01
7.130874785591767306e+01
7.125900514579760170e+01
7.126929674099486078e+01
7.121440823327615988e+01
7.115780445969124912e+01
7.111149228130361166e+01
7.107718696397941471e+01
7.101715265866209847e+01
7.098627787307032122e+01
7.095540308747857239e+01
7.091252144082332620e+01
7.086963979416810844e+01
7.082332761578044256e+01
7.082161234991423271e+01
7.081475128644939332e+01
7.080617495711834408e+01
7.079759862778729484e+01
7.082675814751286225e+01
7.084048027444254103e+01
7.084048027444254103e+01
7.085420240137220560e+01
7.084905660377359027e+01
7.086449399656946468e+01
7.086449399656947890e+01
7.086449399656947890e+01
7.089365351629503209e+01
7.092452830188679513e+01
7.096397941680962163e+01
7.097941680960548183e+01
7.101715265866209847e+01
7.100857632933104924e+01
7.094682675814752315e+01
7.095025728987994285e+01
7.100343053173241969e+01
7.100343053173241969e+01
7.105660377358489654e+01
7.103773584905660243e+01
7.099313893653516061e+01
7.092795883361921483e+01
7.093825042881647391e+01
7.096740994854202711e+01
7.101029159519725908e+01
7.105317324185249106e+01
7.111835334476845105e+01
7.116123499142366882e+01
7.119382504288165592e+01
7.122641509433962881e+01
7.129331046312179865e+01
7.127958833619211987e+01
7.130017152658662383e+01
7.134648370497427550e+01
7.139279588336192717e+01
7.142367066895369021e+01
7.139794168096055671e+01
7.137392795883363306e+01
7.134819897084048534e+01
7.132590051457975733e+01
7.128473413379073520e+01
7.125900514579760170e+01
7.125557461406518200e+01
7.120583190394511064e+01
7.117495711835334760e+01
7.112006861063464669e+01
7.105317324185249106e+01
7.098456260720411137e+01
7.091595197255574590e+01
7.084734133790738042e+01
7.078044596912521058e+01
7.077015437392796571e+01
7.076672384219554601e+01
7.076500857632933617e+01
7.076329331046312632e+01
7.079245283018869372e+01
7.082332761578044256e+01
7.085934819897084935e+01
7.085248713550600996e+01
7.085934819897084935e+01
7.086792452830189859e+01
7.087650085763294783e+01
7.088679245283019270e+01
7.094168096054889361e+01
7.091595197255574590e+01
7.089879931389364742e+01
7.088164665523157737e+01
7.087650085763294783e+01
7.086277873070325484e+01
7.084391080617496073e+01
7.082675814751286225e+01
7.080789022298455393e+01
7.080102915951972875e+01
7.080789022298455393e+01
7.081475128644939332e+01
7.077186963979416134e+01
7.071012006861062105e+01
7.073070325900513922e+01
7.068439108061748755e+01
7.063979416809604572e+01
7.061063464837047832e+01
7.066723842195540328e+01
7.067066895368782298e+01
7.073070325900513922e+01
7.080102915951972875e+01
7.083190394511149179e+01
7.088507718696398285e+01
7.088850771869638834e+01
7.096912521440822275e+01
7.106174957118352609e+01
7.106861063464836548e+01
7.109262435677530334e+01
7.106174957118352609e+01
7.103087478559176304e+01
7.102572898799313350e+01
7.099485420240137046e+01
7.095025728987994285e+01
7.092109777015437544e+01
7.089193825042882224e+01
7.086277873070326905e+01
7.083361921097770164e+01
7.080445969125213423e+01
7.077530017152658104e+01
7.080274442538592439e+01
7.085248713550599575e+01
7.087993138936535331e+01
7.087478559176673798e+01
7.090909090909092072e+01
7.094339622641510346e+01
7.097770154373928619e+01
7.105660377358491075e+01
7.113722126929674516e+01
7.122298456260720911e+01
7.124871355060034261e+01
7.132933104631219123e+01
7.134991423670669519e+01
7.142538593481990006e+01
7.150085763293310492e+01
7.157461406518009994e+01
7.163464837049741618e+01
7.163979416809604572e+01
7.166552315608919344e+01
7.168953687821613130e+01
7.174957118353344754e+01
7.174785591766723769e+01
7.173070325900513922e+01
7.171183533447683089e+01
7.169296740994855099e+01
7.167409948542024267e+01
7.164493996569468948e+01
7.162778730703259100e+01
7.159691252144082796e+01
7.157632933104630979e+01
7.159862778730703781e+01
7.156775300171526055e+01
7.154888507718696644e+01
7.149399656946826553e+01
7.147512864493995721e+01
7.145626072041166310e+01
7.143739279588336899e+01
7.141852487135506067e+01
7.139965694682675235e+01
7.136363636363635976e+01
7.132761578044596718e+01
7.126586620926244109e+01
7.120240137221270516e+01
7.113893653516295501e+01
7.112521440823329044e+01
7.108404802744425410e+01
7.104288164665523198e+01
7.110463121783877227e+01
7.112692967409948608e+01
7.114579759862778019e+01
7.112864493996569593e+01
7.111320754716980730e+01
7.109433962264151319e+01
7.107718696397941471e+01
7.102058319039450396e+01
7.096569468267581726e+01
7.094511149228131330e+01
7.094339622641508925e+01
7.096054888507718772e+01
7.097598627787306214e+01
7.098970840480274092e+01
7.098456260720411137e+01
7.097770154373927198e+01
7.096912521440823696e+01
7.097598627787306214e+01
7.101543739279588863e+01
7.104802744425386152e+01
7.108061749571183441e+01
7.106689536878215563e+01
7.108747855917667380e+01
7.109605488850772304e+01
7.110463121783877227e+01
7.117152658662092790e+01
7.120583190394511064e+01
7.123842195540308353e+01
7.130531732418523916e+01
7.133790737564322626e+01
7.141509433962264097e+01
7.148027444253858675e+01
7.154716981132074238e+01
7.161406518010291222e+01
7.157632933104630979e+01
7.153859348198970736e+01
7.159348198970840826e+01
7.166037735849056389e+01
7.172727272727271952e+01
7.178044596912521058e+01
7.183361921097770164e+01
7.188679245283019270e+01
7.190566037735848681e+01
7.194682675814750894e+01
7.198799313893653107e+01
7.200686106346483939e+01
7.206003430531731624e+01
7.211320754716980730e+01
7.218353344768439683e+01
7.225385934819897216e+01
7.231217838765007855e+01
7.236878216123498930e+01
7.242538593481990006e+01
7.245797598627787295e+01
7.251457975986278370e+01
7.253344768439106360e+01
7.248713550600342614e+01
7.244253859348199853e+01
7.250257289879931477e+01
7.256946826758147040e+01
7.263636363636364024e+01
7.265694682675814420e+01
7.269982847341339038e+01
7.270668953687822977e+01
7.275986277873070662e+01
7.280960548885077799e+01
7.275643224699828693e+01
7.269982847341339038e+01
7.268267581475129191e+01
7.265523156089193435e+01
7.268096054888506785e+01
7.272555746140652388e+01
7.272384219554031404e+01
7.269811320754718054e+01
7.264150943396225557e+01
7.263464837049741618e+01
7.260548885077186299e+01
7.262435677530017131e+01
7.263464837049741618e+01
7.268267581475129191e+01
7.271869639794167028e+01
7.276672384219554601e+01
7.281646655231560317e+01
7.286963979416808002e+01
7.292281303602058529e+01
7.297598627787306214e+01
7.301200686106346893e+01
7.304974271012007137e+01
7.308747855917667380e+01
7.312521440823326202e+01
7.317667238421954323e+01
7.322984562607203429e+01
7.328130360205831551e+01
7.333619210977701641e+01
7.330360205831902931e+01
7.328130360205831551e+01
7.324871355060034261e+01
7.320583190394511064e+01
7.321269296740995003e+01
7.315780445969124912e+01
7.313893653516295501e+01
7.309262435677530334e+01
7.310977701543740181e+01
7.311492281303601715e+01
7.310120068610635258e+01
7.302229845626072802e+01
7.298284734133790153e+01
