2.450377358490566166e+02
2.450343053173241969e+02
2.450308747855917773e+02
2.450274442538593576e+02
2.450051457975986295e+02
2.450017152658661814e+02
2.449982847341337902e+02
2.449948542024013420e+02
2.449811320754716917e+02
2.449674099485420129e+02
2.449536878216123057e+02
2.449399656946826553e+02
2.449262435677529766e+02
2.449125214408232978e+02
2.448987993138936190e+02
2.448953687821611993e+02
2.448919382504287796e+02
2.448885077186963599e+02
2.448662092624356603e+02
2.448439108061749323e+02
2.448216123499142327e+02
2.447993138936535047e+02
2.447770154373927767e+02
2.447735849056603854e+02
2.447615780445968880e+02
2.447495711835334475e+02
2.447375643224700070e+02
2.447255574614065381e+02
2.447135506003430692e+02
2.447015437392796002e+02
2.446895368782161313e+02
2.446775300171526624e+02
2.446655231560891934e+02
2.446535162950257245e+02
2.446518010291595147e+02
2.446500857632933048e+02
2.447101200686106495e+02
2.446895368782161313e+02
2.447478559176672377e+02
2.447461406518009994e+02
2.447358490566037688e+02
2.447255574614065097e+02
2.447152658662092506e+02
2.447255574614064813e+02
2.447358490566037688e+02
2.447461406518009994e+02
2.447564322469982585e+02
2.447564322469982585e+02
2.447667238421955176e+02
2.447770154373927767e+02
2.448010291595197145e+02
2.448130360205831835e+02
2.448250428816466524e+02
2.448267581475128623e+02
2.448387650085763312e+02
2.448730703259005281e+02
2.448867924528301785e+02
2.449005145797598573e+02
2.449142367066895360e+02
2.449279588336192148e+02
2.449331046312178444e+02
2.449382504288164739e+02
2.449433962264151035e+02
2.449485420240137330e+02
2.449536878216123625e+02
2.449588336192109637e+02
2.450428816466552178e+02
2.451269296740994719e+02
2.452092624356775161e+02
2.451766723842195290e+02
2.452607204116637831e+02
2.452195540308747468e+02
2.451783876500857389e+02
2.451372212692967310e+02
2.450960548885076946e+02
2.451029159519725340e+02
2.451097770154373734e+02
2.451166380789022128e+02
2.451234991423670522e+02
2.451303602058318916e+02
2.451372212692967310e+02
2.451440823327615703e+02
2.451509433962264097e+02
2.451475128644939900e+02
2.451337907375643113e+02
2.451303602058318916e+02
2.451269296740994719e+02
2.452109777015437260e+02
2.452950257289879801e+02
2.453790737564322626e+02
2.454631217838764883e+02
2.455471698113207708e+02
2.455523156089194003e+02
2.455574614065180299e+02
2.455626072041166594e+02
2.455660377358490791e+02
2.455694682675814988e+02
2.455728987993139185e+02
2.455763293310463382e+02
2.455900514579760170e+02
2.456037735849056673e+02
2.456174957118353461e+02
2.456192109777015560e+02
2.456312178387649965e+02
2.456432246998284654e+02
2.456552315608919344e+02
2.456552315608919344e+02
2.456552315608919344e+02
2.456552315608919344e+02
2.456655231560891934e+02
2.456655231560891934e+02
2.456638078902229836e+02
2.456620926243567737e+02
2.456603773584905639e+02
2.456586620926243540e+02
2.456569468267581442e+02
2.456552315608919344e+02
2.456535162950257245e+02
2.456620926243567737e+02
2.456706689536878230e+02
2.456792452830188722e+02
2.456878216123499215e+02
2.456963979416809707e+02
2.456946826758147608e+02
2.456809605488850821e+02
2.456672384219554317e+02
2.456449399656947037e+02
2.456226415094339757e+02
2.455986277873070378e+02
2.455831903945111492e+02
2.456432246998284654e+02
2.456277873070325768e+02
2.456123499142366882e+02
2.455969125214408280e+02
2.455814751286449109e+02
2.455660377358490507e+02
2.455506003430531621e+02
2.455351629502572450e+02
2.455197255574613848e+02
2.455042881646654962e+02
2.454888507718696076e+02
2.454734133790737474e+02
2.454579759862778587e+02
2.454425385934819701e+02
2.454185248713550607e+02
2.453945111492280944e+02
2.453704974271011849e+02
2.453464837049742755e+02
2.453224699828473376e+02
2.452984562607203998e+02
2.452744425385934903e+02
2.452504288164665525e+02
2.452264150943396146e+02
2.452024013722127052e+02
2.451783876500857673e+02
2.451543739279588294e+02
2.451303602058318916e+02
2.451063464837049537e+02
2.450943396226414848e+02
2.450823327615780443e+02
2.450703259005145753e+02
2.450583190394511064e+02
2.450463121783876659e+02
2.449725557461406424e+02
2.449708404802744326e+02
2.449691252144082227e+02
2.449674099485420129e+02
2.449656946826758031e+02
2.449639794168095932e+02
2.449433962264150750e+02
2.449313893653516061e+02
2.449108061749570879e+02
2.448902229845625698e+02
2.448885077186963599e+02
2.448782161234991293e+02
2.448679245283018702e+02
2.448576329331046395e+02
2.448473413379073520e+02
2.448370497427100929e+02
2.447564322469982585e+02
2.447564322469982585e+02
2.447564322469982869e+02
2.446740994854202143e+02
2.446740994854202427e+02
2.446740994854202427e+02
2.446740994854202427e+02
2.446740994854202427e+02
2.446740994854202427e+02
2.446740994854202427e+02
2.446861063464837116e+02
2.446981132075471805e+02
2.447101200686106495e+02
2.447118353344768593e+02
2.447135506003430692e+02
2.447152658662092790e+02
2.446963979416809707e+02
2.446998284734133904e+02
2.446929674099485226e+02
2.446878216123498930e+02
2.446826758147512919e+02
2.446775300171526624e+02
2.446723842195540328e+02
2.446672384219554033e+02
2.446740994854202427e+02
2.447598627787306782e+02
2.447564322469982585e+02
2.448421955403087509e+02
2.448387650085763312e+02
2.447735849056603570e+02
2.448782161234991577e+02
2.449828473413379015e+02
2.450874785591767022e+02
2.451921097770154461e+02
2.452109777015437544e+02
2.453156089193824982e+02
2.453344768439108066e+02
2.453533447684391149e+02
2.453722126929674232e+02
2.453910806174957315e+02
2.454957118353344754e+02
2.454391080617495788e+02
2.453722126929674232e+02
2.453053173241852392e+02
2.452384219554030835e+02
2.452006861063464953e+02
2.452144082332761741e+02
2.452572898799313919e+02
2.452795883361920914e+02
2.453018867924528195e+02
2.453241852487135475e+02
2.453670668953687652e+02
2.453173241852487081e+02
2.452675814751286225e+02
2.452761578044596718e+02
2.452744425385934619e+02
2.452727272727272521e+02
2.452915951972555604e+02
2.453190394511149179e+02
2.453481989708404569e+02
2.453756432246998145e+02
2.454545454545454390e+02
2.454493996569468379e+02
2.454528301886792292e+02
2.454562607204116489e+02
2.454819897084047966e+02
2.454785591766723769e+02
2.454699828473413277e+02
2.454614065180103069e+02
2.454528301886792576e+02
2.454442538593482084e+02
2.454356775300171591e+02
2.454271012006861099e+02
2.454271012006861383e+02
2.454168096054888508e+02
2.454065180102915917e+02
2.453962264150943327e+02
2.453859348198970736e+02
2.453756432246998145e+02
2.453653516295025554e+02
2.454202401372212421e+02
2.454751286449399572e+02
2.455300171526586723e+02
2.455660377358490507e+02
2.456020583190394291e+02
2.456586620926243256e+02
2.456586620926243540e+02
2.456586620926243256e+02
2.456380789022298359e+02
2.456174957118353177e+02
2.455969125214407995e+02
2.455574614065180015e+02
2.455385934819896647e+02
2.455197255574613848e+02
2.455008576329331049e+02
2.454734133790737474e+02
2.454339622641509493e+02
2.454168096054888792e+02
2.453996569468267523e+02
2.453962264150943611e+02
2.453567753001715346e+02
2.452675814751286509e+02
2.452521440823327907e+02
2.452367066895369021e+02
2.452212692967410135e+02
2.451955403087478658e+02
2.451698113207547181e+02
2.451543739279588578e+02
2.451389365351629408e+02
2.451234991423670522e+02
2.450977701543739045e+02
2.450840480274442541e+02
2.450703259005145469e+02
2.450566037735848965e+02
2.450428816466552178e+02
2.450291595197255390e+02
2.450291595197255390e+02
2.450325900514579587e+02
2.450360205831903784e+02
2.450394511149227981e+02
2.450428816466552178e+02
2.450463121783876090e+02
2.450360205831903784e+02
2.450257289879931477e+02
2.450154373927958886e+02
2.450188679245283083e+02
2.450240137221269379e+02
2.450291595197255674e+02
2.450308747855917773e+02
2.450205831903945182e+02
2.450102915951972591e+02
2.450000000000000000e+02
2.449897084048027409e+02
2.450051457975986295e+02
2.449931389365351606e+02
2.449845626072041114e+02
2.449879931389365311e+02
2.449759862778730621e+02
2.449811320754716917e+02
2.449845626072041114e+02
2.449897084048027409e+02
2.450068610634648394e+02
2.450240137221269379e+02
2.450411663807890079e+02
2.450480274442538473e+02
2.450411663807890079e+02
2.450463121783876090e+02
2.450514579759862386e+02
2.450566037735848681e+02
2.450617495711834977e+02
2.451475128644939900e+02
2.451646655231560601e+02
2.451698113207547181e+02
2.451972555746140756e+02
2.452246998284734048e+02
2.452418524871355032e+02
2.452590051457976017e+02
2.452761578044596718e+02
2.452933104631217702e+02
2.453104631217838687e+02
2.453396226415094361e+02
2.453687821612350035e+02
2.453876500857633118e+02
2.454819897084047966e+02
2.455763293310463098e+02
2.455849056603773590e+02
2.456895368782161313e+02
2.457169811320754604e+02
2.457444253859348180e+02
2.457718696397941756e+02
2.457873070325900642e+02
2.458130360205831835e+02
2.458387650085763312e+02
2.458644939965694789e+02
2.458902229845625982e+02
2.458919382504288080e+02
2.458936535162950179e+02
2.458953687821611993e+02
2.458970840480274092e+02
2.459108061749570879e+02
2.459245283018867667e+02
2.459382504288164455e+02
2.459519725557461243e+02
2.459828473413379015e+02
2.460137221269296788e+02
2.460325900514579587e+02
2.460514579759862670e+02
2.460703259005145753e+02
2.460891938250428552e+02
2.461080617495711635e+02
2.461080617495711920e+02
2.461269296740995003e+02
2.461457975986277802e+02
2.461646655231560885e+02
2.461835334476843968e+02
2.462126929674099642e+02
2.462315608919382726e+02
2.462298456260720627e+02
2.462504288164665809e+02
2.462710120068610991e+02
2.462915951972555604e+02
2.463121783876501070e+02
2.463121783876500785e+02
2.463138936535162884e+02
2.463156089193824982e+02
2.463173241852487081e+02
2.463190394511148895e+02
2.463207547169810994e+02
2.462967409948541899e+02
2.462727272727272521e+02
2.462504288164665240e+02
2.462813036020583013e+02
2.462590051457975733e+02
2.462367066895368453e+02
2.462144082332761457e+02
2.461921097770154176e+02
2.461698113207546896e+02
2.461475128644939900e+02
2.461252144082332620e+02
2.460909090909090651e+02
2.460566037735848965e+02
2.460222984562606996e+02
2.459879931389365311e+02
2.459536878216123625e+02
2.459193825042881940e+02
2.458850771869639971e+02
2.458421955403087509e+02
2.457993138936535615e+02
2.457564322469983153e+02
2.457238421955403282e+02
2.456912521440823411e+02
2.456586620926243540e+02
2.456140651801029264e+02
2.455694682675814988e+02
2.455248713550600428e+02
2.454802744425386152e+02
2.454356775300171591e+02
2.453910806174957315e+02
2.453464837049742755e+02
2.453001715265866096e+02
2.452538593481989437e+02
2.452075471698113347e+02
2.451612349914236688e+02
2.451252144082332620e+02
2.450891938250428552e+02
2.450531732418524484e+02
2.450171526586620701e+02
2.449931389365351322e+02
2.449691252144081943e+02
2.449451114922812849e+02
2.449210977701543470e+02
2.448713550600342899e+02
2.448216123499142327e+02
2.447993138936535047e+02
2.447770154373928051e+02
2.447547169811320771e+02
2.447324185248713491e+02
2.447101200686106495e+02
2.446998284734133904e+02
2.446895368782161313e+02
2.446792452830188722e+02
2.446689536878216131e+02
2.446586620926243825e+02
2.446603773584905923e+02
2.446500857632933332e+02
2.446518010291595431e+02
2.446535162950257245e+02
2.446552315608919628e+02
2.446449399656946753e+02
2.446483704974271234e+02
2.446518010291595147e+02
2.446552315608919344e+02
2.446586620926243540e+02
2.446346483704974162e+02
2.446380789022298359e+02
2.446312178387649965e+02
2.446329331046312063e+02
2.446346483704974162e+02
2.446277873070325768e+02
2.446106346483704783e+02
2.446037735849056389e+02
2.445969125214407995e+02
2.445900514579759886e+02
2.445831903945111492e+02
2.445986277873070378e+02
2.446483704974270950e+02
2.446552315608919344e+02
2.446500857632933048e+02
2.446569468267581442e+02
2.446603773584905639e+02
2.446946826758147608e+02
2.446998284734133904e+02
2.447049742710120199e+02
2.447221269296741184e+02
2.447804459691252532e+02
2.448267581475128907e+02
2.448336192109777016e+02
2.448404802744425410e+02
2.448593481989708494e+02
2.449554030874785724e+02
2.450497427101200856e+02
2.451440823327615988e+02
2.452384219554031120e+02
2.452555746140652104e+02
2.452641509433962597e+02
2.452830188679245396e+02
2.453619210977701641e+02
2.453910806174957315e+02
2.454202401372212989e+02
2.454493996569468379e+02
2.454699828473413561e+02
2.454905660377358458e+02
2.454991423670668951e+02
2.455077186963979443e+02
2.455265866209262526e+02
2.455557461406518200e+02
2.455746140651801284e+02
2.455934819897083798e+02
2.456123499142367166e+02
2.456209262435677374e+02
2.456174957118353461e+02
2.456243567753001571e+02
2.456312178387650249e+02
2.456466552315608851e+02
2.455986277873070662e+02
2.456140651801029264e+02
2.456295025728988151e+02
2.456346483704974446e+02
2.456312178387649965e+02
2.456243567753001855e+02
2.456552315608919344e+02
2.456569468267581442e+02
2.457255574614065381e+02
2.457169811320754889e+02
2.457084048027444396e+02
2.456312178387650249e+02
2.456432246998284654e+02
2.456432246998284654e+02
2.456329331046312063e+02
2.456329331046312063e+02
2.456552315608919344e+02
2.456775300171526624e+02
2.457289879931389294e+02
2.456483704974270950e+02
2.455780445969125481e+02
2.455077186963979443e+02
2.454373927958833406e+02
2.453447684391080656e+02
2.452521440823327623e+02
2.451595197255574590e+02
2.450891938250429121e+02
2.449948542024013705e+02
2.449691252144082227e+02
2.449433962264151035e+02
2.449176672384219557e+02
2.448816466552315774e+02
2.448456260720411706e+02
2.448198970840480229e+02
2.448044596912521342e+02
2.447770154373928051e+02
2.447186963979416987e+02
2.446723842195540612e+02
2.446260720411663954e+02
2.446003430531732761e+02
2.445025728987993148e+02
2.444768439108061955e+02
2.444511149228130478e+02
2.444048027444254103e+02
2.443584905660377444e+02
2.443121783876501070e+02
2.442658662092624695e+02
2.442195540308748036e+02
2.441732418524871377e+02
2.441269296740995287e+02
2.441029159519725908e+02
2.440789022298456530e+02
2.440548885077187151e+02
2.440308747855917773e+02
2.439725557461406424e+02
2.439485420240137330e+02
2.439262435677530050e+02
2.439039451114923054e+02
2.438816466552315774e+02
2.438593481989708494e+02
2.438473413379074088e+02
2.438456260720411706e+02
2.438439108061749607e+02
2.437667238421955460e+02
2.437547169811321055e+02
2.437427101200686366e+02
2.437307032590051676e+02
2.437186963979416987e+02
2.437066895368782298e+02
2.436758147512864809e+02
2.436569468267581442e+02
2.436380789022298643e+02
2.436192109777015844e+02
2.436826758147512919e+02
2.436740994854202711e+02
2.436655231560892219e+02
2.436569468267581726e+02
2.436483704974271234e+02
2.436397941680960741e+02
2.436312178387650249e+02
2.436226415094340041e+02
2.436140651801029549e+02
2.436054888507719056e+02
2.435969125214408564e+02
2.436072041166380870e+02
2.435986277873070378e+02
2.435900514579759886e+02
2.435814751286449678e+02
2.435831903945111776e+02
2.435849056603773590e+02
2.435866209262435689e+02
2.435883361921097787e+02
2.435900514579759886e+02
2.435917667238421984e+02
2.435934819897084083e+02
2.435951972555745897e+02
2.435969125214408280e+02
2.435986277873070378e+02
2.436312178387649965e+02
2.437255574614065381e+02
2.438198970840480229e+02
2.438319039451114918e+02
2.438439108061749607e+02
2.438473413379073804e+02
2.438696397941681084e+02
2.439176672384219842e+02
2.439639794168096216e+02
2.440102915951972875e+02
2.440240137221269379e+02
2.440480274442538757e+02
2.440943396226415416e+02
2.441406518010291791e+02
2.441560891938250677e+02
2.441818181818181870e+02
2.442178387650085938e+02
2.442332761578044824e+02
2.442555746140652104e+02
2.442813036020583297e+02
2.443053173241852676e+02
2.443893653516295217e+02
2.444819897084047966e+02
2.444888507718696360e+02
2.444957118353344754e+02
2.444819897084047966e+02
2.445540308747856102e+02
2.446260720411663669e+02
2.446312178387649965e+02
2.447135506003430407e+02
2.447855917667238259e+02
2.448576329331046395e+02
2.449056603773584868e+02
2.449759862778730906e+02
2.450463121783876659e+02
2.451269296740995003e+02
2.451972555746140756e+02
2.452452830188679513e+02
2.453138936535163452e+02
2.453825042881646823e+02
2.454030874785592289e+02
2.454236706689537186e+02
2.454322469982847679e+02
2.454408233276158171e+02
2.454493996569468379e+02
2.454579759862779156e+02
2.454665523156089364e+02
2.454957118353345322e+02
2.454459691252144466e+02
2.453962264150943611e+02
2.453481989708404853e+02
2.454150943396226694e+02
2.453430531732418842e+02
2.453962264150943611e+02
2.454493996569468379e+02
2.455025728987993148e+02
2.455797598627787579e+02
2.456089193825042969e+02
2.456380789022298359e+02
2.456672384219554033e+02
2.456963979416809707e+02
2.457255574614065381e+02
2.457547169811320771e+02
2.457838765008576161e+02
2.458130360205831835e+02
2.458267581475128623e+02
2.458404802744425410e+02
2.458542024013722198e+02
2.458679245283018986e+02
2.458542024013722198e+02
2.458404802744425410e+02
2.457667238421955744e+02
2.456929674099485510e+02
2.456192109777015844e+02
2.456843910806175018e+02
2.457512864493996858e+02
2.457564322469983153e+02
2.457632933104631547e+02
2.457701543739279941e+02
2.457770154373928335e+02
2.457718696397942040e+02
2.457564322469983153e+02
2.457409948542024267e+02
2.457255574614065381e+02
2.457221269296741184e+02
2.457084048027444396e+02
2.456946826758147608e+02
2.456706689536878230e+02
2.456586620926243540e+02
2.456466552315608851e+02
2.456346483704974162e+02
2.456123499142366882e+02
2.455900514579759886e+02
2.455797598627787011e+02
2.455694682675814704e+02
2.455591766723841829e+02
2.455488850771869522e+02
2.455385934819897216e+02
2.455283018867924341e+02
2.455180102915952034e+02
2.454974271012006852e+02
2.455471698113207708e+02
2.455162950257289936e+02
2.455180102915952034e+02
2.455197255574614132e+02
2.455077186963979443e+02
2.455077186963979443e+02
2.455077186963979443e+02
2.455162950257289936e+02
2.455248713550600428e+02
2.455334476843910920e+02
2.455334476843910920e+02
2.454579759862778872e+02
2.454579759862778872e+02
2.454579759862778872e+02
2.454373927958833690e+02
2.454373927958833406e+02
2.454373927958833406e+02
2.454373927958833406e+02
2.454271012006860815e+02
2.454168096054888224e+02
2.454065180102915633e+02
2.454065180102915917e+02
2.453962264150943042e+02
2.453962264150943042e+02
2.453859348198970451e+02
2.453842195540308637e+02
2.453825042881646255e+02
2.453807890222984440e+02
2.453790737564322342e+02
2.453773584905660243e+02
2.453756432246998429e+02
2.453739279588336046e+02
2.453842195540308921e+02
2.453945111492281228e+02
2.453945111492281512e+02
2.453945111492281512e+02
2.453945111492281512e+02
2.453945111492281512e+02
2.453945111492281512e+02
2.453945111492281512e+02
2.453945111492281512e+02
2.453945111492281796e+02
2.453962264150943611e+02
2.453979416809605709e+02
2.453893653516295217e+02
2.453910806174957315e+02
2.454734133790737758e+02
2.454768439108061955e+02
2.455025728987993148e+02
2.455180102915952034e+02
2.455437392795883227e+02
2.455694682675814420e+02
2.455951972555745897e+02
2.456209262435677374e+02
2.456466552315608851e+02
2.457512864493996290e+02
2.458559176672384297e+02
2.458833619210977588e+02
2.459879931389365311e+02
2.460154373927958602e+02
2.461200686106346325e+02
2.462246998284733763e+02
2.463293310463121770e+02
2.464339622641509493e+02
2.465385934819897216e+02
2.465763293310463382e+02
2.466140651801029549e+02
2.466518010291595431e+02
2.466895368782161597e+02
2.467272727272727479e+02
2.467530017152659241e+02
2.467787307032590434e+02
2.468044596912521911e+02
2.468404802744425979e+02
2.468765008576329762e+02
2.469125214408233546e+02
2.469485420240137614e+02
2.470000000000000284e+02
2.470514579759862954e+02
2.471012006861063526e+02
2.471509433962264097e+02
2.472006861063464953e+02
2.472212692967409851e+02
2.472710120068610422e+02
2.472795883361920914e+02
2.472092624356775161e+02
2.472590051457975733e+02
2.472195540308747468e+02
2.472692967409948324e+02
2.472864493996569308e+02
2.472161234991423839e+02
2.472178387650085938e+02
2.471475128644939900e+02
2.470771869639794147e+02
2.470926243567752749e+02
2.470222984562607280e+02
2.470583190394511348e+02
2.470943396226415416e+02
2.471303602058319200e+02
2.471663807890223268e+02
2.470943396226415416e+02
2.470891938250429121e+02
2.470943396226415416e+02
2.470994854202401712e+02
2.471046312178388007e+02
2.470806174957118628e+02
2.470771869639794431e+02
2.470531732418525053e+02
2.470377358490566166e+02
2.470222984562607280e+02
2.470068610634648394e+02
2.469708404802744610e+02
2.469348198970840542e+02
2.469725557461406709e+02
2.469588336192109637e+02
2.469348198970840542e+02
2.469108061749571164e+02
2.468662092624356603e+02
2.468421955403087225e+02
2.468164665523156032e+02
2.467804459691251964e+02
2.466929674099485226e+02
2.466792452830188438e+02
2.466552315608919344e+02
2.466312178387649965e+02
2.465849056603773306e+02
2.465385934819897216e+02
2.465162950257289936e+02
2.464939965694682655e+02
2.464716981132075659e+02
2.464493996569468663e+02
2.464373927958833974e+02
2.464253859348199285e+02
2.464133790737564595e+02
2.464030874785592005e+02
2.463927958833619414e+02
2.463825042881646823e+02
2.463722126929674516e+02
2.463619210977701641e+02
2.463533447684391149e+02
2.462778730703259100e+02
2.462024013722127052e+02
2.461286449399656817e+02
2.460531732418525053e+02
2.459794168096054818e+02
2.459056603773584868e+02
2.458970840480274376e+02
2.458885077186963883e+02
2.458919382504288080e+02
2.458953687821612277e+02
2.458987993138936190e+02
2.459022298456260671e+02
2.459056603773584584e+02
2.459090909090909065e+02
2.459125214408232978e+02
2.458919382504288080e+02
2.458833619210977872e+02
2.458747855917667096e+02
2.458662092624356887e+02
2.458439108061749607e+02
2.458353344768439115e+02
2.458267581475128623e+02
2.458181818181818130e+02
2.458096054888507638e+02
2.458010291595197430e+02
2.458044596912521342e+02
2.458096054888507922e+02
2.458147512864494217e+02
2.458198970840480229e+02
2.458250428816466524e+02
2.458198970840480513e+02
2.458147512864494217e+02
2.458198970840480229e+02
2.458370497427101213e+02
2.458439108061749607e+02
2.458507718696398001e+02
2.458439108061749607e+02
2.458353344768439115e+02
2.458267581475128623e+02
2.458301886792452819e+02
2.458336192109777016e+02
2.458267581475128623e+02
2.458765008576329194e+02
2.459262435677530050e+02
2.459554030874785440e+02
2.459605488850771735e+02
2.459639794168095932e+02
2.459674099485420413e+02
2.459725557461406709e+02
2.459914236706689508e+02
2.460874785591767022e+02
2.461835334476843968e+02
2.462024013722127052e+02
2.462212692967410135e+02
2.463173241852487081e+02
2.464253859348199001e+02
2.465214408233276231e+02
2.466174957118353461e+02
2.467118353344768593e+02
2.467392795883362169e+02
2.467787307032590434e+02
2.468061749571183725e+02
2.468250428816466524e+02
2.468524871355060100e+02
2.468902229845625982e+02
2.469193825042881656e+02
2.469365351629502356e+02
2.469536878216123341e+02
2.469794168096054818e+02
2.470051457975986295e+02
2.469502572898799144e+02
2.469639794168095932e+02
2.469879931389365311e+02
2.469897084048027409e+02
2.469914236706689508e+02
2.470034305317323913e+02
2.470154373927958886e+02
2.470274442538593291e+02
2.470394511149228265e+02
2.470514579759862670e+02
2.470514579759862954e+02
2.470514579759862954e+02
2.471286449399657101e+02
2.470514579759862954e+02
2.469828473413379299e+02
2.469142367066895645e+02
2.468456260720411990e+02
2.468439108061749607e+02
2.468421955403087509e+02
2.468404802744425410e+02
2.468387650085763312e+02
2.468370497427101213e+02
2.468353344768439115e+02
2.468336192109777016e+02
2.468319039451115202e+02
2.468507718696398001e+02
2.468696397941681084e+02
2.468662092624356887e+02
2.468627787307032690e+02
2.468593481989708494e+02
2.468559176672384297e+02
2.468524871355060100e+02
2.468490566037735903e+02
2.468284734133790721e+02
2.468078902229845539e+02
2.467753001715265668e+02
2.467427101200686081e+02
2.467101200686106210e+02
2.466775300171526624e+02
2.466552315608919344e+02
2.466397941680960741e+02
2.466054888507718772e+02
2.465711835334477087e+02
2.465368782161235117e+02
2.464922813036020841e+02
2.464476843910806281e+02
2.464030874785592005e+02
2.463790737564322626e+02
2.463413379073756460e+02
2.463036020583190577e+02
2.462555746140652104e+02
2.462075471698113347e+02
2.461595197255574590e+02
2.461097770154374018e+02
2.460703259005146037e+02
2.460445969125214560e+02
2.460034305317324197e+02
2.459622641509433834e+02
2.459468267581475232e+02
2.459313893653516345e+02
2.459159519725557459e+02
2.458473413379073804e+02
2.458319039451114918e+02
2.458164665523156032e+02
2.458010291595197145e+02
2.457855917667238259e+02
2.457701543739279941e+02
2.457547169811321055e+02
2.457392795883362169e+02
2.457358490566037972e+02
2.457324185248713775e+02
2.457289879931389578e+02
2.457255574614065381e+02
2.457221269296741184e+02
2.457186963979416987e+02
2.457152658662092790e+02
2.457221269296741184e+02
2.457289879931389578e+02
2.457358490566037972e+02
2.457324185248713775e+02
2.457289879931389578e+02
2.457255574614065097e+02
2.457341337907375589e+02
2.457427101200686081e+02
2.457512864493996858e+02
2.457598627787307066e+02
2.457684391080617274e+02
2.457770154373928051e+02
2.457855917667238543e+02
2.457941680960548752e+02
2.458027444253859244e+02
2.458250428816466524e+02
2.458250428816466524e+02
2.458250428816466524e+02
2.458147512864493933e+02
2.458147512864493933e+02
2.458147512864493933e+02
2.458181818181818130e+02
2.458216123499142327e+02
2.458250428816466524e+02
2.458387650085763312e+02
2.458524871355060100e+02
2.458576329331046395e+02
2.458627787307032690e+02
2.458679245283018986e+02
2.458730703259005281e+02
2.459228130360206137e+02
2.459502572898799428e+02
2.459554030874785440e+02
2.459605488850771735e+02
2.459982847341337902e+02
2.460360205831904068e+02
2.460428816466552178e+02
2.461303602058318916e+02
2.461372212692967310e+02
2.461457975986277802e+02
2.462332761578044256e+02
2.463190394511149179e+02
2.464048027444253819e+02
2.464133790737564311e+02
2.464991423670668951e+02
2.465849056603773306e+02
2.466706689536878230e+02
2.467667238421955176e+02
2.468524871355060100e+02
2.468730703259005281e+02
2.468833619210977872e+02
2.468850771869639971e+02
2.468953687821612561e+02
2.469159519725557459e+02
2.469262435677530050e+02
2.469365351629502641e+02
2.469468267581474947e+02
2.469571183533447538e+02
2.469571183533447538e+02
2.469228130360205569e+02
2.469313893653516345e+02
2.469399656946826553e+02
2.469485420240137330e+02
2.469468267581474947e+02
2.469142367066895645e+02
2.469108061749571448e+02
2.469073756432247251e+02
2.469622641509433834e+02
2.469759862778730621e+02
2.469313893653516061e+02
2.469262435677529766e+02
2.469210977701543754e+02
2.469039451114922485e+02
2.469039451114922770e+02
2.469056603773584584e+02
2.468216123499142327e+02
2.468250428816466524e+02
2.468936535162950179e+02
2.469708404802744326e+02
2.470480274442538473e+02
2.470754716981131764e+02
2.471526586620926196e+02
2.472195540308747752e+02
2.472367066895368737e+02
2.472624356775300214e+02
2.472675814751286225e+02
2.472624356775299930e+02
2.472881646655231407e+02
2.473138936535162884e+02
2.473396226415094361e+02
2.473653516295025838e+02
2.473687821612350035e+02
2.473619210977701641e+02
2.473447684391080656e+02
2.473481989708404853e+02
2.473756432246998429e+02
2.474030874785592005e+02
2.473962264150943611e+02
2.473893653516294933e+02
2.473619210977701641e+02
2.473344768439108066e+02
2.473173241852487081e+02
2.472984562607203998e+02
2.472813036020583013e+02
2.472349914236706923e+02
2.472178387650085654e+02
2.471234991423670522e+02
2.471063464837049537e+02
2.470891938250428836e+02
2.471423670668953605e+02
2.471046312178387439e+02
2.470686106346483655e+02
2.470531732418524768e+02
2.470360205831903784e+02
2.469965694682675519e+02
2.469571183533447538e+02
2.468885077186963599e+02
2.468833619210977588e+02
2.468473413379073804e+02
2.468319039451114634e+02
2.468164665523156032e+02
2.468130360205831835e+02
2.468096054888507638e+02
2.468164665523156032e+02
2.468010291595197145e+02
2.468096054888507922e+02
2.468181818181818130e+02
2.468267581475128623e+02
2.468336192109777016e+02
2.468507718696398001e+02
2.468679245283018986e+02
2.468747855917667380e+02
2.468713550600343183e+02
2.468799313893653675e+02
2.468885077186964168e+02
2.468850771869639971e+02
2.468936535162950179e+02
2.469176672384219557e+02
2.469416809605488936e+02
2.469656946826758031e+02
2.469759862778730621e+02
2.469982847341337902e+02
2.470205831903945182e+02
2.470428816466552178e+02
2.470651801029159458e+02
2.470874785591766738e+02
2.471097770154373734e+02
2.471320754716981014e+02
2.471543739279588010e+02
2.471766723842195290e+02
2.471989708404802570e+02
2.472195540308747752e+02
2.472298456260720627e+02
2.472504288164665809e+02
2.472710120068610422e+02
2.472813036020583013e+02
2.472915951972555604e+02
2.473018867924528195e+02
2.473121783876501070e+02
2.473121783876501070e+02
2.473121783876501070e+02
2.473121783876500785e+02
2.473036020583190862e+02
2.472950257289880369e+02
2.472864493996569593e+02
2.472967409948541899e+02
2.473722126929674232e+02
2.473927958833619414e+02
2.474133790737564311e+02
2.474339622641509209e+02
2.474648370497426981e+02
2.474391080617495504e+02
2.474854202401372163e+02
2.475077186963979443e+02
2.475300171526586155e+02
2.475746140651800715e+02
2.476192109777015276e+02
2.476638078902229836e+02
2.477084048027444112e+02
2.477530017152658388e+02
2.477684391080617274e+02
2.477838765008576161e+02
2.478799313893653107e+02
2.478970840480274092e+02
2.479142367066895076e+02
2.480102915951972591e+02
2.481046312178387723e+02
2.481989708404802855e+02
2.482264150943396430e+02
2.483207547169811278e+02
2.484150943396226694e+02
2.485094339622641542e+02
2.485283018867924625e+02
2.485368782161235117e+02
2.485454545454545610e+02
2.485540308747856102e+02
2.485420240137221413e+02
2.484682675814751462e+02
2.483945111492281228e+02
2.484030874785591720e+02
2.484202401372212421e+02
2.484185248713550322e+02
2.484065180102915633e+02
2.483687821612350035e+02
2.483327615780445967e+02
2.482967409948541899e+02
2.482933104631217702e+02
2.482881646655231407e+02
2.482607204116638115e+02
2.482332761578044540e+02
2.483121783876500785e+02
2.483807890222984724e+02
2.483619210977701357e+02
2.484322469982847394e+02
2.484339622641509209e+02
2.485128644939965739e+02
2.485145797598627837e+02
2.485162950257289936e+02
2.484391080617495788e+02
2.484476843910806281e+02
2.484854202401372163e+02
2.485025728987993148e+02
2.484236706689536902e+02
2.483550600343053247e+02
2.483430531732418558e+02
2.482744425385934903e+02
2.482281303602058529e+02
2.481818181818181870e+02
2.481355060034305211e+02
2.480548885077187151e+02
2.479742710120068523e+02
2.479039451114922770e+02
2.478336192109777016e+02
2.477512864493996574e+02
2.476586620926243540e+02
2.475660377358490507e+02
2.475214408233276231e+02
2.474768439108061671e+02
2.474631217838764883e+02
2.474596912521440686e+02
2.474442538593481800e+02
2.474185248713550322e+02
2.473927958833619130e+02
2.473464837049742755e+02
2.473001715265866096e+02
2.472538593481989437e+02
2.471972555746140756e+02
2.471509433962264097e+02
2.471269296740994719e+02
2.471029159519725340e+02
2.470789022298456246e+02
2.470548885077187151e+02
2.470171526586620985e+02
2.469794168096054818e+02
2.469416809605488652e+02
2.469039451114922770e+02
2.468644939965694789e+02
2.468147512864494217e+02
2.467650085763293646e+02
2.467152658662092790e+02
2.466655231560892219e+02
2.466415094339622840e+02
2.466174957118353461e+02
2.465934819897084367e+02
2.465694682675814988e+02
2.464854202401372447e+02
2.464013722126929906e+02
2.463876500857633118e+02
2.463739279588336331e+02
2.463722126929674232e+02
2.463121783876501070e+02
2.462487135506003426e+02
2.462469982847341612e+02
2.462229845626071949e+02
2.461989708404802855e+02
2.461749571183533476e+02
2.461629502572898787e+02
2.461612349914236688e+02
2.461595197255574590e+02
2.461475128644939900e+02
2.461355060034305211e+02
2.461234991423670522e+02
2.461114922813035832e+02
2.461097770154374018e+02
2.461080617495711635e+02
2.461063464837049821e+02
2.461046312178387439e+02
2.461234991423670522e+02
2.461423670668953605e+02
2.461612349914236688e+02
2.461801029159519771e+02
2.461989708404802855e+02
2.462075471698113347e+02
2.462161234991423839e+02
2.462246998284734332e+02
2.462332761578044824e+02
2.462418524871355032e+02
2.461801029159519771e+02
2.461989708404802570e+02
2.461852487135506067e+02
2.461715265866209279e+02
2.461715265866209279e+02
2.461835334476843968e+02
2.461955403087478658e+02
2.461869639794168165e+02
2.461783876500857673e+02
2.461698113207547181e+02
2.461715265866209279e+02
2.461732418524871377e+02
2.461869639794168165e+02
2.462607204116638115e+02
2.462847341337907210e+02
2.462881646655231691e+02
2.463036020583190577e+02
2.463087478559176873e+02
2.463241852487135475e+02
2.463516295025729050e+02
2.463790737564322626e+02
2.463962264150943327e+02
2.464133790737564027e+02
2.464202401372212421e+02
2.464391080617495504e+02
2.464579759862778587e+02
2.465540308747856102e+02
2.466500857632933048e+02
2.467084048027444396e+02
2.467289879931389578e+02
2.467495711835334760e+02
2.467701543739279657e+02
2.467787307032590149e+02
2.467787307032590149e+02
2.467890222984562740e+02
2.467993138936535047e+02
2.468284734133790721e+02
2.468576329331046395e+02
2.468867924528302069e+02
2.469159519725557459e+02
2.469451114922812849e+02
2.469742710120068523e+02
2.470017152658662098e+02
2.470291595197255390e+02
2.470566037735849250e+02
2.470840480274442541e+02
2.470308747855917773e+02
2.470566037735849250e+02
2.470600343053173447e+02
2.470994854202401427e+02
2.471029159519725624e+02
2.471063464837049537e+02
2.471183533447684511e+02
2.471972555746140756e+02
2.472761578044597002e+02
2.472778730703258816e+02
2.472795883361921199e+02
2.473584905660377444e+02
2.472898799313893790e+02
2.472984562607204282e+02
2.472487135506003426e+02
2.471989708404802855e+02
2.471492281303601999e+02
2.470994854202401427e+02
2.470497427101200856e+02
2.470668953687821556e+02
2.470857632933104924e+02
2.471046312178388007e+02
2.471234991423671090e+02
2.471183533447684511e+02
2.471029159519725908e+02
2.471234991423670806e+02
2.471166380789022412e+02
2.471097770154373734e+02
2.470926243567753033e+02
2.470754716981132049e+02
2.470583190394511348e+02
2.470137221269296788e+02
2.469691252144082227e+02
2.469142367066895645e+02
2.468593481989708494e+02
2.468250428816466524e+02
2.468078902229845539e+02
2.467615780445969165e+02
2.467444253859348180e+02
2.467272727272727195e+02
2.466792452830188722e+02
2.466312178387649965e+02
2.465728987993138901e+02
2.465471698113207708e+02
2.465437392795883511e+02
2.464682675814751178e+02
2.464648370497426981e+02
2.464476843910805997e+02
2.464305317324185296e+02
2.464133790737564027e+02
2.463756432246998429e+02
2.463379073756432263e+02
2.463001715265866096e+02
2.462624356775300214e+02
2.462469982847341612e+02
2.462315608919382726e+02
2.462161234991423839e+02
2.462006861063464953e+02
2.461852487135506067e+02
2.461698113207547181e+02
2.461543739279588294e+02
2.461389365351629692e+02
2.461475128644939900e+02
2.461560891938250393e+02
2.461526586620926196e+02
2.461492281303601999e+02
2.461457975986278086e+02
2.460686106346483939e+02
2.460651801029159742e+02
2.460720411663808136e+02
2.460909090909091219e+02
2.461097770154374018e+02
2.460874785591767022e+02
2.460651801029159458e+02
2.460548885077187151e+02
2.460445969125214560e+02
2.460343053173241969e+02
2.460548885077186867e+02
2.460548885077186867e+02
2.460634648370497359e+02
2.460840480274442257e+02
2.461046312178387439e+02
2.461046312178387439e+02
2.461252144082332620e+02
2.461457975986277802e+02
2.461560891938250393e+02
2.461663807890222984e+02
2.461766723842195574e+02
2.461869639794168165e+02
2.461972555746140756e+02
2.461972555746140756e+02
2.461972555746140756e+02
2.461972555746140756e+02
2.461955403087478658e+02
2.461955403087478658e+02
2.461955403087478658e+02
2.461938250428816559e+02
2.462692967409948608e+02
2.462675814751286509e+02
2.462658662092624695e+02
2.462555746140652104e+02
2.462452830188679513e+02
2.462452830188679229e+02
2.462452830188679229e+02
2.462452830188679229e+02
2.462572898799313919e+02
2.462692967409948608e+02
2.462830188679245396e+02
2.462967409948542183e+02
2.463121783876500785e+02
2.463276157804459672e+02
2.463430531732418558e+02
2.463704974271012134e+02
2.463876500857633118e+02
2.464048027444253819e+02
2.464339622641509493e+02
2.464528301886792576e+02
2.464716981132075375e+02
2.464905660377358743e+02
2.465094339622641542e+02
2.465385934819897216e+02
2.465300171526586723e+02
2.465214408233276231e+02
2.465403087478559314e+02
2.465694682675814988e+02
2.465986277873070662e+02
2.466174957118353461e+02
2.466243567753001855e+02
2.466415094339622556e+02
2.466586620926243540e+02
2.466758147512864525e+02
2.466929674099485510e+02
2.467101200686106495e+02
2.467152658662092790e+02
2.467118353344768593e+02
2.467186963979416987e+02
2.466826758147512635e+02
2.466466552315608851e+02
2.466397941680960457e+02
2.466432246998284654e+02
2.466466552315608851e+02
2.466500857632933048e+02
2.466638078902229836e+02
2.467409948542023983e+02
2.466552315608919344e+02
2.465694682675814988e+02
2.465694682675814988e+02
2.466466552315608851e+02
2.466466552315608851e+02
2.466466552315608851e+02
2.465694682675814704e+02
2.465025728987993148e+02
2.465042881646655246e+02
2.464922813036020557e+02
2.464802744425385868e+02
2.464682675814751178e+02
2.464751286449399856e+02
2.464734133790737758e+02
2.464939965694682655e+02
2.465231560891938329e+02
2.465283018867924909e+02
2.465231560891938329e+02
2.465197255574614417e+02
2.465162950257289936e+02
2.465008576329331333e+02
2.464854202401372163e+02
2.464596912521440970e+02
2.464339622641509493e+02
2.464082332761578300e+02
2.464030874785591720e+02
2.463979416809605425e+02
2.463807890222984440e+02
2.463533447684391149e+02
2.463259005145797573e+02
2.462984562607203998e+02
2.462607204116638115e+02
2.461560891938250393e+02
2.461286449399656817e+02
2.461252144082332620e+02
2.461080617495712204e+02
2.460909090909091219e+02
2.460737564322470234e+02
2.460566037735849250e+02
2.460291595197255674e+02
2.460017152658662098e+02
2.459742710120068807e+02
2.459468267581475516e+02
2.459433962264151319e+02
2.459262435677530334e+02
2.459022298456260955e+02
2.458782161234991577e+02
2.458610634648370592e+02
2.458439108061749891e+02
2.458267581475129191e+02
2.458096054888508206e+02
2.457924528301887221e+02
2.457753001715266237e+02
2.457581475128645252e+02
2.457409948542024267e+02
2.457358490566037972e+02
2.457307032590051676e+02
2.457255574614065381e+02
2.457204116638079086e+02
2.457049742710120199e+02
2.457015437392796002e+02
2.456981132075471805e+02
2.456946826758147608e+02
2.456912521440823411e+02
2.457101200686106495e+02
2.457169811320754889e+02
2.457238421955403282e+02
2.457307032590051676e+02
2.457289879931389578e+02
2.457392795883362169e+02
2.457392795883362169e+02
2.457392795883362169e+02
2.457392795883362169e+02
2.457392795883361885e+02
2.457289879931389578e+02
2.457255574614065381e+02
2.457272727272727479e+02
2.457289879931389578e+02
2.457307032590051676e+02
2.457324185248713775e+02
2.457341337907375873e+02
2.457358490566037972e+02
2.457375643224700070e+02
2.457392795883362169e+02
2.457409948542024267e+02
2.457427101200686366e+02
2.458216123499142611e+02
2.459005145797598857e+02
2.459142367066895360e+02
2.459073756432247251e+02
2.459005145797598857e+02
2.458936535162950463e+02
2.458867924528302069e+02
2.458902229845625982e+02
2.458936535162950179e+02
2.458970840480274376e+02
2.459005145797598573e+02
2.459759862778730621e+02
2.459914236706689508e+02
2.459965694682675803e+02
2.460377358490566166e+02
2.460548885077187151e+02
2.460720411663808136e+02
2.460891938250428836e+02
2.460960548885076946e+02
2.461355060034305211e+02
2.461543739279588294e+02
2.461732418524871377e+02
2.462624356775300214e+02
2.462710120068610706e+02
2.462915951972555888e+02
2.463670668953687937e+02
2.464631217838765167e+02
2.465488850771869807e+02
2.466449399656946753e+02
2.467307032590051676e+02
2.468164665523156032e+02
2.468353344768439115e+02
2.468542024013722198e+02
2.468730703259005281e+02
2.468816466552315774e+02
2.468902229845626266e+02
2.469073756432247251e+02
2.469245283018867951e+02
2.469416809605488652e+02
2.469588336192109921e+02
2.469313893653516345e+02
2.469262435677530050e+02
2.469228130360205853e+02
2.469193825042881656e+02
2.468833619210977872e+02
2.468473413379073804e+02
2.468421955403087509e+02
2.468147512864493933e+02
2.468936535162950463e+02
2.469708404802744326e+02
2.469691252144082227e+02
2.469691252144082227e+02
2.469691252144082227e+02
2.470463121783876659e+02
2.470480274442538757e+02
2.470497427101200856e+02
2.470514579759862954e+02
2.470531732418525053e+02
2.470548885077187151e+02
2.471320754716981014e+02
2.471698113207547181e+02
2.472161234991423839e+02
2.472504288164665809e+02
2.472847341337907494e+02
2.473190394511149179e+02
2.473533447684391149e+02
2.473876500857633118e+02
2.474219554030875088e+02
2.474562607204116773e+02
2.474922813036020557e+02
2.475283018867924625e+02
2.475403087478559314e+02
2.475763293310463382e+02
2.476123499142366882e+02
2.476500857632933048e+02
2.476603773584905639e+02
2.476706689536878230e+02
2.476226415094339472e+02
2.475643224699828409e+02
2.475454545454545325e+02
2.475454545454545325e+02
2.475351629502573019e+02
2.475248713550600428e+02
2.474202401372212421e+02
2.473156089193824982e+02
2.472967409948541899e+02
2.472212692967410135e+02
2.471337907375643397e+02
2.470463121783876659e+02
2.469588336192109921e+02
2.468713550600343183e+02
2.467632933104631263e+02
2.466758147512864525e+02
2.466380789022298359e+02
2.466003430531732477e+02
2.465831903945111492e+02
2.465763293310463382e+02
2.465385934819897216e+02
2.465008576329331049e+02
2.464631217838765167e+02
2.464253859348199285e+02
2.464099485420240399e+02
2.464048027444254103e+02
2.464099485420240399e+02
2.463945111492281512e+02
2.463550600343053247e+02
2.463156089193824982e+02
2.463018867924528195e+02
2.462881646655231691e+02
2.462950257289879801e+02
2.463018867924528195e+02
2.462984562607203998e+02
2.463156089193824982e+02
2.463224699828473376e+02
2.463207547169811278e+02
2.463190394511149179e+02
2.463276157804459672e+02
2.463361921097770164e+02
2.463447684391080656e+02
2.462830188679245396e+02
2.463018867924528195e+02
2.463018867924528195e+02
2.462915951972555604e+02
2.462727272727272805e+02
2.462538593481990006e+02
2.462349914236706638e+02
2.462264150943396430e+02
2.462178387650085938e+02
2.462298456260720627e+02
2.462212692967410135e+02
2.462126929674099642e+02
2.462144082332761741e+02
2.462161234991423839e+02
2.462075471698113347e+02
2.462847341337907494e+02
2.462761578044596718e+02
2.463533447684391149e+02
2.463447684391080656e+02
2.463481989708404853e+02
2.463516295025729050e+02
2.463550600343053247e+02
2.463584905660377444e+02
2.463619210977701641e+02
2.463653516295025838e+02
2.463687821612350035e+02
2.463722126929674232e+02
2.463756432246998429e+02
2.463636363636363740e+02
2.464253859348199001e+02
2.464871355060034261e+02
2.465248713550600428e+02
2.465506003430531905e+02
2.465523156089194003e+02
2.465540308747856102e+02
2.465557461406518200e+02
2.465814751286449678e+02
2.466072041166381155e+02
2.466312178387650249e+02
2.466552315608919344e+02
2.466792452830188722e+02
2.466826758147512919e+02
2.467084048027444396e+02
2.467358490566037972e+02
2.467427101200686081e+02
2.467495711835334475e+02
2.467667238421955460e+02
2.468542024013722198e+02
2.469416809605488936e+02
2.470291595197255674e+02
2.471166380789022128e+02
2.472024013722127052e+02
2.472898799313893505e+02
2.473842195540308353e+02
2.474785591766723769e+02
2.475728987993138617e+02
2.476483704974270950e+02
2.476586620926243540e+02
2.477427101200686081e+02
2.478267581475128623e+02
2.479108061749571164e+02
2.479845626072041114e+02
2.480325900514579871e+02
2.480806174957118344e+02
2.481526586620926196e+02
2.482246998284734048e+02
2.482744425385934619e+02
2.483241852487135475e+02
2.483756432246998429e+02
2.484271012006861099e+02
2.484785591766723769e+02
2.485591766723842113e+02
2.486397941680960457e+02
2.486397941680960457e+02
2.487186963979416987e+02
2.487975986277873233e+02
2.487975986277872948e+02
2.487993138936535331e+02
2.488010291595197145e+02
2.488181818181818130e+02
2.487495711835334475e+02
2.486620926243567737e+02
2.485934819897083798e+02
2.486209262435677374e+02
2.486483704974270950e+02
2.486758147512864525e+02
2.486809605488850821e+02
2.486946826758147608e+02
2.486981132075471805e+02
2.486912521440823411e+02
2.486946826758147608e+02
2.486895368782161029e+02
2.487032590051457817e+02
2.487169811320754604e+02
2.487084048027444112e+02
2.486998284734133620e+02
2.486809605488850821e+02
2.486723842195540328e+02
2.486552315608919344e+02
2.486586620926243540e+02
2.486500857632933048e+02
2.485454545454545610e+02
2.484408233276158171e+02
2.484030874785592005e+02
2.483070325900514774e+02
2.482109777015437544e+02
2.481149228130360314e+02
2.480188679245283083e+02
2.479228130360206137e+02
2.479159519725557459e+02
2.478867924528302069e+02
2.478284734133790721e+02
2.477907375643224839e+02
2.477838765008576445e+02
2.477667238421955460e+02
2.477495711835334191e+02
2.477324185248713206e+02
2.476929674099485226e+02
2.476535162950257245e+02
2.476140651801028980e+02
2.476089193825042685e+02
2.476037735849056389e+02
2.475883361921097503e+02
2.475711835334476518e+02
2.475660377358490223e+02
2.475711835334476518e+02
2.475917667238421700e+02
2.475969125214407995e+02
2.476157804459691079e+02
2.476020583190394291e+02
2.475780445969125481e+02
2.475763293310463382e+02
2.475849056603773590e+02
2.475934819897084367e+02
2.476020583190394575e+02
2.476106346483705352e+02
2.476192109777015560e+02
2.476380789022298359e+02
2.476466552315608851e+02
2.476552315608919344e+02
2.476638078902229836e+02
2.476723842195540328e+02
2.476809605488850821e+02
2.476792452830188722e+02
2.476689536878216131e+02
2.476586620926243540e+02
2.476483704974270950e+02
2.476586620926243540e+02
2.476792452830188722e+02
2.476998284734133904e+02
2.477204116638078801e+02
2.477409948542023699e+02
2.477615780445968880e+02
2.477821612349914062e+02
2.478027444253859244e+02
2.478233276157804426e+02
2.478439108061749607e+02
2.478644939965694789e+02
2.478747855917667380e+02
2.478850771869639971e+02
2.478833619210977872e+02
2.478799313893653675e+02
2.478782161234991577e+02
2.478765008576329478e+02
2.478885077186964168e+02
2.479005145797598857e+02
2.479125214408233546e+02
2.479245283018868236e+02
2.479365351629502925e+02
2.479485420240137614e+02
2.479948542024013989e+02
2.480411663807890363e+02
2.480874785591767022e+02
2.481114922813035832e+02
2.481578044596912491e+02
2.482041166380789150e+02
2.482504288164665525e+02
2.482967409948541899e+02
2.483224699828473376e+02
2.483481989708404853e+02
2.483739279588336046e+02
2.483807890222984724e+02
2.483876500857632834e+02
2.484048027444253535e+02
2.484408233276157603e+02
2.484493996569468095e+02
2.484579759862778587e+02
2.485454545454545610e+02
2.485540308747856102e+02
2.486397941680960457e+02
2.486397941680960457e+02
2.487272727272727195e+02
2.488130360205831835e+02
2.488867924528302069e+02
2.489605488850771735e+02
2.490548885077187151e+02
2.491492281303601999e+02
2.492435677530017415e+02
2.493293310463122054e+02
2.494133790737564595e+02
2.494854202401372447e+02
2.494974271012006852e+02
2.495814751286449678e+02
2.495883361921098071e+02
2.496603773584905639e+02
2.497427101200686366e+02
2.498250428816466524e+02
2.498953687821612561e+02
2.499656946826758031e+02
2.500360205831904068e+02
2.501166380789022128e+02
2.501972555746140472e+02
2.502761578044596718e+02
2.503550600343052963e+02
2.503567753001714777e+02
2.503584905660377160e+02
2.503190394511149179e+02
2.503173241852487081e+02
2.503053173241852392e+02
2.503036020583190293e+02
2.503310463121783869e+02
2.503670668953687652e+02
2.503825042881646823e+02
2.503876500857632834e+02
2.503739279588336331e+02
2.503499142367066952e+02
2.503687821612350035e+02
2.503636363636363740e+02
2.503584905660377444e+02
2.503327615780446251e+02
2.503070325900514490e+02
2.502813036020583297e+02
2.502555746140651820e+02
2.502504288164665525e+02
2.502452830188679513e+02
2.502384219554031120e+02
2.502006861063464953e+02
2.501475128644940185e+02
2.501303602058319200e+02
2.501132075471698215e+02
2.500960548885077230e+02
2.500017152658662098e+02
2.498970840480274660e+02
2.497907375643224555e+02
2.496843910806175018e+02
2.495780445969124912e+02
2.495420240137221128e+02
2.495162950257289936e+02
2.494802744425385868e+02
2.494442538593482084e+02
2.494082332761578300e+02
2.493842195540308921e+02
2.493276157804459672e+02
2.493036020583190293e+02
2.492641509433962312e+02
2.492246998284734332e+02
2.491852487135506067e+02
2.491818181818181870e+02
2.491886792452830264e+02
2.491595197255574590e+02
2.491578044596912775e+02
2.491578044596912491e+02
2.491663807890222984e+02
2.491749571183533476e+02
2.491835334476843968e+02
2.491921097770154461e+02
2.491989708404802855e+02
2.492161234991423839e+02
2.492332761578044824e+02
2.492298456260720627e+02
2.492384219554031120e+02
2.492469982847341612e+02
2.492555746140651820e+02
2.492641509433962597e+02
2.492727272727272805e+02
2.492813036020583297e+02
2.493001715265866380e+02
2.493190394511149179e+02
2.493156089193824982e+02
2.493121783876500785e+02
2.493087478559176589e+02
2.493018867924528195e+02
2.493224699828473376e+02
2.493430531732418558e+02
2.493636363636363740e+02
2.493842195540308637e+02
2.494048027444253819e+02
2.494253859348199001e+02
2.494459691252144182e+02
2.494665523156089080e+02
2.494871355060034261e+02
2.495077186963979443e+02
2.495283018867924625e+02
2.495488850771869807e+02
2.495608919382504496e+02
2.495728987993139185e+02
2.495728987993139185e+02
2.495814751286449678e+02
2.495849056603773874e+02
2.495883361921097787e+02
2.496260720411663954e+02
2.496397941680960457e+02
2.496535162950257245e+02
2.496672384219554033e+02
2.496929674099485226e+02
2.497186963979416703e+02
2.497650085763293362e+02
2.498113207547169736e+02
2.498576329331046111e+02
2.499039451114922770e+02
2.499502572898799428e+02
2.499759862778730621e+02
2.500222984562607280e+02
2.500600343053173447e+02
2.500668953687821556e+02
2.500634648370497644e+02
2.500806174957118344e+02
2.500891938250428836e+02
2.500874785591767022e+02
2.501629502572898787e+02
2.502384219554031120e+02
2.503138936535163168e+02
2.503893653516295217e+02
2.504648370497427265e+02
2.505506003430531905e+02
2.506363636363636545e+02
2.507221269296741184e+02
2.507324185248713775e+02
2.508181818181818130e+02
2.508284734133790721e+02
2.508387650085763312e+02
2.507735849056603570e+02
2.507838765008576445e+02
2.507941680960548752e+02
2.508130360205832119e+02
2.508319039451114918e+02
2.508404802744425410e+02
2.508490566037735903e+02
2.508576329331046111e+02
2.508542024013722198e+02
2.509262435677529766e+02
2.509965694682675803e+02
2.510686106346483655e+02
2.510445969125214276e+02
2.511269296740994719e+02
2.512092624356775161e+02
2.512795883361920914e+02
2.513602058319039543e+02
2.514408233276157603e+02
2.515094339622641542e+02
2.515883361921097503e+02
2.515883361921097503e+02
2.515883361921097503e+02
2.515780445969125196e+02
2.515557461406518200e+02
2.515711835334477087e+02
2.516277873070326052e+02
2.516346483704974162e+02
2.516312178387649965e+02
2.516174957118353177e+02
2.516037735849056389e+02
2.516106346483704783e+02
2.516415094339622556e+02
2.516466552315608851e+02
2.516312178387650249e+02
2.516157804459691363e+02
2.516003430531732477e+02
2.515849056603773590e+02
2.515780445969125196e+02
2.515694682675814704e+02
2.515608919382504212e+02
2.515523156089193719e+02
2.515248713550600428e+02
2.515077186963979443e+02
2.514905660377358458e+02
2.514819897084047966e+02
2.514425385934819701e+02
2.513379073756432263e+02
2.514013722126929622e+02
2.513825042881646823e+02
2.513653516295025838e+02
2.512795883361920914e+02
2.511938250428816559e+02
2.510977701543739329e+02
2.510891938250428836e+02
2.510840480274442825e+02
2.509862778730703496e+02
2.509777015437393004e+02
2.509691252144082512e+02
2.509605488850772019e+02
2.509416809605488652e+02
2.509228130360205569e+02
2.508816466552315489e+02
2.508404802744425410e+02
2.508216123499142327e+02
2.508130360205831835e+02
2.507941680960548752e+02
2.507753001715265668e+02
2.507684391080617559e+02
2.507615780445969165e+02
2.507650085763293362e+02
2.507821612349914062e+02
2.507975986277872948e+02
2.507941680960548752e+02
2.507890222984562456e+02
2.507958833619210850e+02
2.508130360205831835e+02
2.508301886792452819e+02
2.508473413379073804e+02
2.508747855917667380e+02
2.509022298456260955e+02
2.509296740994854531e+02
2.509245283018868236e+02
2.509331046312178728e+02
2.509416809605488936e+02
2.509502572898799428e+02
2.509588336192109921e+02
2.509777015437392720e+02
2.510068610634648394e+02
2.510360205831904068e+02
2.510651801029159742e+02
2.510703259005145753e+02
2.510806174957118344e+02
2.510771869639794147e+02
2.510651801029159742e+02
2.510686106346483371e+02
2.510720411663807567e+02
2.510754716981131764e+02
2.510789022298455961e+02
2.511149228130360029e+02
2.511509433962264097e+02
2.511732418524871377e+02
2.511869639794168165e+02
2.512006861063464953e+02
2.512229845626072233e+02
2.512281303602058529e+02
2.512641509433962312e+02
2.512692967409948608e+02
2.512847341337907494e+02
2.513207547169811278e+02
2.513584905660377444e+02
2.513962264150943327e+02
2.514013722126929622e+02
2.514185248713550891e+02
2.514562607204116773e+02
2.514734133790737474e+02
2.515111492281303640e+02
2.515180102915952034e+02
2.515454545454545325e+02
2.515626072041166026e+02
2.515797598627787011e+02
2.515969125214407995e+02
2.516260720411663669e+02
2.517032590051457817e+02
2.517890222984562456e+02
2.518747855917666811e+02
2.518833619210977588e+02
2.518919382504287796e+02
2.519005145797598573e+02
2.519090909090908781e+02
2.519948542024013705e+02
2.520806174957118060e+02
2.520806174957118060e+02
2.521663807890222699e+02
2.521749571183533476e+02
2.520977701543739045e+02
2.520857632933104640e+02
2.520943396226415132e+02
2.521029159519725340e+02
2.521114922813036117e+02
2.521200686106346325e+02
2.521183533447684511e+02
2.521166380789022412e+02
2.522024013722127052e+02
2.522881646655231691e+02
2.523018867924528195e+02
2.523756432246998429e+02
2.523619210977701641e+02
2.524099485420240114e+02
2.523653516295025554e+02
2.523584905660377444e+02
2.523516295025729050e+02
2.523550600343053247e+02
2.523156089193824982e+02
2.522967409948541899e+02
2.522881646655231407e+02
2.521989708404802570e+02
2.521903945111492362e+02
2.521801029159519771e+02
2.521320754716981014e+02
2.520634648370497359e+02
2.519845626072041114e+02
2.518953687821612277e+02
2.518061749571183441e+02
2.517375643224699502e+02
2.517444253859348180e+02
2.517289879931389294e+02
2.517032590051457817e+02
2.516878216123499215e+02
2.516723842195540044e+02
2.516569468267581442e+02
2.516295025728987866e+02
2.516963979416809707e+02
2.516689536878216131e+02
2.516415094339622840e+02
2.516243567753001571e+02
2.515951972555746181e+02
2.515866209262435689e+02
2.515660377358490507e+02
2.515454545454545610e+02
2.516072041166380586e+02
2.516106346483705067e+02
2.515060034305317345e+02
2.514013722126929622e+02
2.513070325900514490e+02
2.512126929674099358e+02
2.511063464837049821e+02
2.510222984562607280e+02
2.509142367066895360e+02
2.508061749571183441e+02
2.507084048027444396e+02
2.506106346483704783e+02
2.505231560891938045e+02
2.504356775300171307e+02
2.503876500857632834e+02
2.503396226415094077e+02
2.503018867924528195e+02
2.502641509433962028e+02
2.502264150943395862e+02
2.501886792452829980e+02
2.501509433962264097e+02
2.501132075471697931e+02
2.500754716981132049e+02
2.500360205831903784e+02
2.500102915951972591e+02
2.500085763293310492e+02
2.499811320754716917e+02
2.499536878216123625e+02
2.499245283018867951e+02
2.499228130360206137e+02
2.499210977701543754e+02
2.499193825042881940e+02
2.499262435677530050e+02
2.499519725557461527e+02
2.499588336192109921e+02
2.499759862778730906e+02
2.499931389365351606e+02
2.500205831903945182e+02
2.500480274442538757e+02
2.500754716981132049e+02
2.500720411663807852e+02
2.500806174957118344e+02
2.500994854202401427e+02
2.501183533447684511e+02
2.501286449399656817e+02
2.501595197255574590e+02
2.501783876500857673e+02
2.502144082332761457e+02
2.502487135506003142e+02
2.502830188679245111e+02
2.503173241852487081e+02
2.503516295025729050e+02
2.503859348198971020e+02
2.504202401372212705e+02
2.504545454545454390e+02
2.504751286449399856e+02
2.504957118353344754e+02
2.505283018867924625e+02
2.505608919382504496e+02
2.505934819897084083e+02
2.506260720411663954e+02
2.506586620926243540e+02
2.506723842195540328e+02
2.507066895368782298e+02
2.507409948542024267e+02
2.507855917667238259e+02
2.508198970840480229e+02
2.508542024013722198e+02
2.508885077186964168e+02
2.509039451114922770e+02
2.509193825042881656e+02
2.509348198970840542e+02
2.509502572898799144e+02
2.509656946826758031e+02
2.510017152658662098e+02
2.510566037735848681e+02
2.510926243567752749e+02
2.511286449399656817e+02
2.511646655231560885e+02
2.512006861063464953e+02
2.512264150943396430e+02
2.512521440823327623e+02
2.512778730703258816e+02
2.513053173241852392e+02
2.513224699828473376e+02
2.513396226415094361e+02
2.513567753001715346e+02
2.513739279588336331e+02
2.513053173241852676e+02
2.514013722126929906e+02
2.513327615780445967e+02
2.514288164665523482e+02
2.514356775300171591e+02
2.514425385934819985e+02
2.514493996569468095e+02
2.514562607204116489e+02
2.514631217838764883e+02
2.514699828473413277e+02
2.514768439108061671e+02
2.514837049742710064e+02
2.514905660377358458e+02
2.514871355060034261e+02
2.514202401372212705e+02
2.513825042881646823e+02
2.513825042881646823e+02
2.514339622641509493e+02
2.514271012006861099e+02
2.514202401372212705e+02
2.514236706689536902e+02
2.513825042881646539e+02
2.513619210977701357e+02
2.513430531732418558e+02
2.513464837049742755e+02
2.513499142367066952e+02
2.513756432246998429e+02
2.513825042881646823e+02
2.513704974271012134e+02
2.513481989708404853e+02
2.513259005145797573e+02
2.513241852487135191e+02
2.512521440823327623e+02
2.511475128644939900e+02
2.510428816466552462e+02
2.510308747855917773e+02
2.509382504288164455e+02
2.508439108061749607e+02
2.507307032590051676e+02
2.506380789022298359e+02
2.505454545454545325e+02
2.504408233276157887e+02
2.503361921097770164e+02
2.502315608919382441e+02
2.501269296740994719e+02
2.500222984562607280e+02
2.499176672384219557e+02
2.498130360205831835e+02
2.497084048027444396e+02
2.496140651801029549e+02
2.495197255574614132e+02
2.494253859348199001e+02
2.493310463121783869e+02
2.491869639794168165e+02
2.490789022298455961e+02
2.489708404802744326e+02
2.488627787307032690e+02
2.487547169811320771e+02
2.486466552315608851e+02
2.485591766723842397e+02
2.484614065180102784e+02
2.483739279588336331e+02
2.482761578044596718e+02
2.481783876500857673e+02
2.481320754716981014e+02
2.481149228130360029e+02
2.481166380789022412e+02
2.480994854202401143e+02
2.480600343053173162e+02
2.480360205831904068e+02
2.480102915951972591e+02
2.479931389365351606e+02
2.479759862778730621e+02
2.479691252144082227e+02
2.479845626072041114e+02
2.479691252144082227e+02
2.479536878216123625e+02
2.479485420240137046e+02
2.479433962264151035e+02
2.479399656946826838e+02
2.479554030874785440e+02
2.479811320754716917e+02
2.479965694682675803e+02
2.480120068610634689e+02
2.480068610634648394e+02
2.480137221269296788e+02
2.480411663807890363e+02
2.480686106346483939e+02
2.481063464837050105e+02
2.481063464837049821e+02
2.481337907375643113e+02
2.481612349914236688e+02
2.481886792452830264e+02
2.482075471698113347e+02
2.482075471698113347e+02
2.482298456260720343e+02
2.482692967409948324e+02
2.483087478559176589e+02
2.483276157804459672e+02
2.483619210977701641e+02
2.483910806174957315e+02
2.484648370497427265e+02
2.484974271012006852e+02
2.485300171526586439e+02
2.485626072041166310e+02
2.485934819897084083e+02
2.486054888507718488e+02
2.486174957118353177e+02
2.486500857632933048e+02
2.486826758147512919e+02
2.487564322469982869e+02
2.488113207547169736e+02
2.488610634648370592e+02
2.488953687821612561e+02
2.489519725557461527e+02
2.490085763293310492e+02
2.490548885077187151e+02
2.491012006861063526e+02
2.491166380789022128e+02
2.491629502572898787e+02
2.491783876500857673e+02
2.492246998284734332e+02
2.492710120068610991e+02
2.493173241852487081e+02
2.493636363636363740e+02
2.493807890222984440e+02
2.493979416809605141e+02
2.494150943396226410e+02
2.494322469982847110e+02
2.494579759862778872e+02
2.494837049742710064e+02
2.495094339622641542e+02
2.495162950257289936e+02
2.495145797598627837e+02
2.495128644939965454e+02
2.495111492281303640e+02
2.495094339622641257e+02
2.495077186963979443e+02
2.495849056603773590e+02
2.496620926243567737e+02
2.497392795883361885e+02
2.498164665523156032e+02
2.498936535162950463e+02
2.498919382504288080e+02
2.499296740994854247e+02
2.499365351629502356e+02
2.499433962264151035e+02
2.499502572898799144e+02
2.499571183533447538e+02
2.499725557461406424e+02
2.500068610634648394e+02
2.500411663807890363e+02
2.500754716981132049e+02
2.500994854202401712e+02
2.501234991423670806e+02
2.501029159519725624e+02
2.500823327615780443e+02
2.500617495711835261e+02
2.500857632933104640e+02
2.500651801029159458e+02
2.500686106346483655e+02
2.500720411663807852e+02
2.500754716981132049e+02
2.500531732418525053e+02
2.500205831903945182e+02
2.499879931389365311e+02
2.499639794168095932e+02
2.499605488850771735e+02
2.499571183533447538e+02
2.499348198970840258e+02
2.499279588336191864e+02
2.499108061749571164e+02
2.498147512864493933e+02
2.497975986277872948e+02
2.497032590051457817e+02
2.496843910806175018e+02
2.495780445969125196e+02
2.494734133790737474e+02
2.493790737564322626e+02
2.492847341337907494e+02
2.491903945111492362e+02
2.490960548885077230e+02
2.490017152658662098e+02
2.489056603773584868e+02
2.488113207547169736e+02
2.487049742710120199e+02
2.485986277873070378e+02
2.484905660377358743e+02
2.484596912521440686e+02
2.483516295025729050e+02
2.482435677530017415e+02
2.481578044596912491e+02
2.480840480274442825e+02
2.479965694682675803e+02
2.479090909090909349e+02
2.478216123499142611e+02
2.477238421955402998e+02
2.476260720411663669e+02
2.475283018867924625e+02
2.474305317324185296e+02
2.473430531732418558e+02
2.473344768439108066e+02
2.473379073756432263e+02
2.473516295025729050e+02
2.473413379073756460e+02
2.473156089193824982e+02
2.472881646655231407e+02
2.472813036020583013e+02
2.472847341337907494e+02
2.472881646655231407e+02
2.472813036020583297e+02
2.472315608919382726e+02
2.472264150943396146e+02
2.472212692967410135e+02
2.472349914236706638e+02
2.472298456260720627e+02
2.472435677530017415e+02
2.472572898799314203e+02
2.472504288164665809e+02
2.472435677530017415e+02
2.472384219554031120e+02
2.472641509433962312e+02
2.472795883361921199e+02
2.472950257289880085e+02
2.473104631217838971e+02
2.473173241852487365e+02
2.473259005145797573e+02
2.473636363636363740e+02
2.474013722126929906e+02
2.474391080617495788e+02
2.474768439108061671e+02
2.475145797598627837e+02
2.475334476843910920e+02
2.475437392795883511e+02
2.476174957118353461e+02
2.476277873070326052e+02
2.476260720411663954e+02
2.476655231560891934e+02
2.476723842195540328e+02
2.476929674099485226e+02
2.477255574614065097e+02
2.477564322469982585e+02
2.477753001715265668e+02
2.477941680960548752e+02
2.477958833619210850e+02
2.478593481989708494e+02
2.479193825042881656e+02
2.479536878216123625e+02
2.479879931389365311e+02
2.480222984562607280e+02
2.480548885077187151e+02
2.480891938250428836e+02
2.481217838765008992e+02
2.481560891938250677e+02
2.481903945111492362e+02
2.482246998284734332e+02
2.482590051457976301e+02
2.482915951972555888e+02
2.483241852487135475e+02
2.483567753001715346e+02
2.483893653516295217e+02
2.484219554030875088e+02
2.484545454545454390e+02
2.484871355060034261e+02
2.485197255574614132e+02
2.485969125214408280e+02
2.486912521440823411e+02
2.487581475128644684e+02
2.488250428816466524e+02
2.488919382504287796e+02
2.489588336192109637e+02
2.490257289879931193e+02
2.490926243567752749e+02
2.491595197255574590e+02
2.491835334476843968e+02
2.492075471698113063e+02
2.492315608919382726e+02
2.492555746140651820e+02
2.492795883361921199e+02
2.493567753001715346e+02
2.493636363636363740e+02
2.493704974271012134e+02
2.493687821612350035e+02
2.494116638078902213e+02
2.494562607204116489e+02
2.494665523156089080e+02
2.495008576329331049e+02
2.495368782161235117e+02
2.495591766723842397e+02
2.495574614065180015e+02
2.495574614065180015e+02
2.495574614065180015e+02
2.495574614065180015e+02
2.495574614065180015e+02
2.495574614065180015e+02
2.495591766723842397e+02
2.495608919382504212e+02
2.495283018867924341e+02
2.494957118353344754e+02
2.494819897084047966e+02
2.494785591766723769e+02
2.494854202401372163e+02
2.494802744425385868e+02
2.494854202401372163e+02
2.494013722126929338e+02
2.493070325900514490e+02
2.492126929674099358e+02
2.491080617495711635e+02
2.490034305317324197e+02
2.488987993138936474e+02
2.488044596912521342e+02
2.487101200686106495e+02
2.486912521440823411e+02
2.485969125214407995e+02
2.485780445969124912e+02
2.485591766723842113e+02
2.485403087478559030e+02
2.485214408233275947e+02
2.484905660377358458e+02
2.484596912521440686e+02
2.484288164665522913e+02
2.483979416809605425e+02
2.483670668953687937e+02
2.483361921097770164e+02
2.483053173241852392e+02
2.481989708404802855e+02
2.480926243567753033e+02
2.479845626072041114e+02
2.479828473413379015e+02
2.478747855917667096e+02
2.477667238421955176e+02
2.476586620926243540e+02
2.475506003430531621e+02
2.474425385934819985e+02
2.473344768439108066e+02
2.472264150943396146e+02
2.471972555746140472e+02
2.471680960548884798e+02
2.471492281303601999e+02
2.471303602058318916e+02
2.471114922813035832e+02
2.470514579759862670e+02
2.470137221269296504e+02
2.469862778730702928e+02
2.470034305317323913e+02
2.469982847341337617e+02
2.469725557461406424e+02
2.469228130360205569e+02
2.468987993138936474e+02
2.468953687821612277e+02
2.468919382504288365e+02
2.468885077186964168e+02
2.468747855917667380e+02
2.468902229845626266e+02
2.468885077186964168e+02
2.468765008576329478e+02
2.468644939965694789e+02
2.468730703259005281e+02
2.468713550600343183e+02
2.468696397941681084e+02
2.468593481989708494e+02
2.468799313893653391e+02
2.469005145797598288e+02
2.468387650085763312e+02
2.468593481989708209e+02
2.468696397941680800e+02
2.469451114922812849e+02
2.469468267581474947e+02
2.470308747855917488e+02
2.470617495711835261e+02
2.470789022298456246e+02
2.471629502572898787e+02
2.472384219554030551e+02
2.472710120068610422e+02
2.473018867924528195e+02
2.473156089193824982e+02
2.473293310463121770e+02
2.473602058319039543e+02
2.474356775300171591e+02
2.475128644939965739e+02
2.475883361921097787e+02
2.476329331046312063e+02
2.476809605488850821e+02
2.477547169811320771e+02
2.477975986277872948e+02
2.478404802744425410e+02
2.478713550600343183e+02
2.479022298456260671e+02
2.479313893653516345e+02
2.479622641509433834e+02
2.479931389365351606e+02
2.480240137221269094e+02
2.480548885077187151e+02
2.480857632933104640e+02
2.481629502572898787e+02
2.482401372212692934e+02
2.483173241852487081e+02
2.483945111492281512e+02
2.484716981132075375e+02
2.485488850771869807e+02
2.486260720411663669e+02
2.487032590051458101e+02
2.487804459691251964e+02
2.488473413379073804e+02
2.489142367066895076e+02
2.489811320754716917e+02
2.490497427101200287e+02
2.491252144082332620e+02
2.492006861063464669e+02
2.492864493996569308e+02
2.493722126929673948e+02
2.494579759862778587e+02
2.494991423670668667e+02
2.495403087478559030e+02
2.495488850771869238e+02
2.495591766723842113e+02
2.495831903945111492e+02
2.496157804459691079e+02
2.496500857632933048e+02
2.496758147512864525e+02
2.496878216123499215e+02
2.496689536878216131e+02
2.496809605488850821e+02
2.497015437392796002e+02
2.496826758147512919e+02
2.496620926243567737e+02
2.496415094339622556e+02
2.496415094339622556e+02
2.496415094339622556e+02
2.496209262435677374e+02
2.496209262435677374e+02
2.495883361921097503e+02
2.495746140651800715e+02
2.495506003430531621e+02
2.495368782161234833e+02
2.495231560891938329e+02
2.495197255574614132e+02
2.495042881646655246e+02
2.494099485420240114e+02
2.493053173241852392e+02
2.492006861063464953e+02
2.491732418524871377e+02
2.491457975986277802e+02
2.491286449399657101e+02
2.491114922813035832e+02
2.490171526586620985e+02
2.489228130360205853e+02
2.489022298456260671e+02
2.487958833619210850e+02
2.486895368782161313e+02
2.486689536878216131e+02
2.486483704974270950e+02
2.486277873070325768e+02
2.486089193825042685e+02
2.485900514579759601e+02
2.485711835334476518e+02
2.485523156089193435e+02
2.485334476843910636e+02
2.484271012006860815e+02
2.483207547169811278e+02
2.482144082332761741e+02
2.481080617495711920e+02
2.480994854202401143e+02
2.479931389365351606e+02
2.480034305317324197e+02
2.479759862778730621e+02
2.479485420240137046e+02
2.479210977701543470e+02
2.479039451114922485e+02
2.478867924528302069e+02
2.478593481989708494e+02
2.478421955403087509e+02
2.478250428816466524e+02
2.477975986277872948e+02
2.477392795883361600e+02
2.477032590051457817e+02
2.476775300171526624e+02
2.476518010291595147e+02
2.477186963979416703e+02
2.476826758147512635e+02
2.476466552315608851e+02
2.477152658662092506e+02
2.477118353344768309e+02
2.476981132075471521e+02
2.476843910806174449e+02
2.476826758147512635e+02
2.476929674099485226e+02
2.476089193825042685e+02
2.476192109777015276e+02
2.476295025728987866e+02
2.476295025728987866e+02
2.476500857632933048e+02
2.476500857632933048e+02
2.477289879931389294e+02
2.477307032590051392e+02
2.476500857632933048e+02
2.475797598627787295e+02
2.475917667238421984e+02
2.476037735849056673e+02
2.476054888507718488e+02
2.476072041166380586e+02
2.476312178387649965e+02
2.476329331046312063e+02
2.477272727272727195e+02
2.477804459691251964e+02
2.478216123499142327e+02
2.479056603773584584e+02
2.479794168096054818e+02
2.480531732418524768e+02
2.480651801029159174e+02
2.481389365351629408e+02
2.482144082332761457e+02
2.482898799313893505e+02
2.483653516295025554e+02
2.484391080617495504e+02
2.485128644939965454e+02
2.485557461406517916e+02
2.485969125214407995e+02
2.486380789022298359e+02
2.486655231560891934e+02
2.486929674099485226e+02
2.487221269296740900e+02
2.487512864493996574e+02
2.487804459691251964e+02
2.488096054888507922e+02
2.488387650085763312e+02
2.488679245283018986e+02
2.488987993138936758e+02
2.489296740994854247e+02
2.489605488850772019e+02
2.489914236706689508e+02
2.490222984562607280e+02
2.490531732418525053e+02
2.490840480274442825e+02
2.491149228130360029e+02
2.491457975986277802e+02
2.491766723842195574e+02
2.491972555746140756e+02
2.492178387650085938e+02
2.492469982847341328e+02
2.492761578044596718e+02
2.492967409948541899e+02
2.493481989708404853e+02
2.494013722126929338e+02
2.494082332761577732e+02
2.494150943396226126e+02
2.494219554030874519e+02
2.494288164665522913e+02
2.494356775300171307e+02
2.494442538593481800e+02
2.494665523156089080e+02
2.494888507718696360e+02
2.495008576329331049e+02
2.495128644939965454e+02
2.495248713550600144e+02
2.495385934819896931e+02
2.495197255574614132e+02
2.495763293310462814e+02
2.496123499142366882e+02
2.495917667238421700e+02
2.495711835334476802e+02
2.495506003430531621e+02
2.495300171526586723e+02
2.495094339622641542e+02
2.495077186963979443e+02
2.495060034305317345e+02
2.494922813036020557e+02
2.494785591766723769e+02
2.494648370497426981e+02
2.494305317324185296e+02
2.493859348198970736e+02
2.493602058319039259e+02
2.493344768439108066e+02
2.493087478559176589e+02
2.492830188679245111e+02
2.492572898799313634e+02
2.492315608919382441e+02
2.492058319039450964e+02
2.491783876500857389e+02
2.491492281303601999e+02
2.491320754716981014e+02
2.491149228130360029e+02
2.490977701543739045e+02
2.490806174957118060e+02
2.489845626072041114e+02
2.489674099485420129e+02
2.488576329331046111e+02
2.488404802744425410e+02
2.488113207547169736e+02
2.487821612349914346e+02
2.487530017152658957e+02
2.487238421955403282e+02
2.486946826758147608e+02
2.486655231560892219e+02
2.486363636363636545e+02
2.486072041166380870e+02
2.485883361921097787e+02
2.485591766723842397e+02
2.485008576329331049e+02
2.484442538593481800e+02
2.483361921097770164e+02
2.483104631217838687e+02
2.482847341337907210e+02
2.482487135506003426e+02
2.482332761578044540e+02
2.481972555746140756e+02
2.481612349914236688e+02
2.481029159519725624e+02
2.480445969125214560e+02
2.479845626072041114e+02
2.479228130360205569e+02
2.478885077186963883e+02
2.478644939965694789e+02
2.478404802744425410e+02
2.477958833619210850e+02
2.477615780445968880e+02
2.477598627787307066e+02
2.477581475128644968e+02
2.476638078902229836e+02
2.476655231560891934e+02
2.476552315608919344e+02
2.476552315608919344e+02
2.477238421955403282e+02
2.477238421955402998e+02
2.478044596912521342e+02
2.478061749571183441e+02
2.478078902229845539e+02
2.478885077186963883e+02
2.479674099485420129e+02
2.479691252144082227e+02
2.479811320754716917e+02
2.480360205831904068e+02
2.480806174957118344e+02
2.481234991423670522e+02
2.481663807890222984e+02
2.482092624356775161e+02
2.483001715265866096e+02
2.483533447684391149e+02
2.483773584905660243e+02
2.484013722126929622e+02
2.484253859348198716e+02
2.484493996569468095e+02
2.485231560891938329e+02
2.486072041166380870e+02
2.486809605488850821e+02
2.487650085763293077e+02
2.488490566037735903e+02
2.489313893653516345e+02
2.490034305317324197e+02
2.490754716981132049e+02
2.491183533447684511e+02
2.491921097770154461e+02
2.492178387650085938e+02
2.492452830188679229e+02
2.492864493996569593e+02
2.493276157804459956e+02
2.493687821612350035e+02
2.493979416809605709e+02
2.494476843910806281e+02
2.494974271012006852e+02
2.495265866209262526e+02
2.495557461406518200e+02
2.496054888507718772e+02
2.496363636363636260e+02
2.496672384219554033e+02
2.496981132075471805e+02
2.497753001715265668e+02
2.498524871355060100e+02
2.499296740994853963e+02
2.500068610634648394e+02
2.500857632933104355e+02
2.501543739279588294e+02
2.502504288164665240e+02
2.503190394511149179e+02
2.503876500857633118e+02
2.504562607204116489e+02
2.505334476843910920e+02
2.505711835334476518e+02
2.506089193825042685e+02
2.506295025728987866e+02
2.506500857632933048e+02
2.506706689536878230e+02
2.506758147512864525e+02
2.506963979416809707e+02
2.506620926243567737e+02
2.506689536878216131e+02
2.506758147512864525e+02
2.506826758147512919e+02
2.506929674099485510e+02
2.507221269296741184e+02
2.507530017152658672e+02
2.507667238421955176e+02
2.507821612349914346e+02
2.507547169811320771e+02
2.507598627787306782e+02
2.507855917667238259e+02
2.508147512864493933e+02
2.508421955403087509e+02
2.508078902229845539e+02
2.507735849056603570e+02
2.507392795883361600e+02
2.507993138936535047e+02
2.507547169811320487e+02
2.507409948542023699e+02
2.507066895368782014e+02
2.506723842195540044e+02
2.506380789022298359e+02
2.506689536878216131e+02
2.506518010291595147e+02
2.506346483704974162e+02
2.506072041166380586e+02
2.505797598627787579e+02
2.505523156089194003e+02
2.505248713550600428e+02
2.504974271012006852e+02
2.504699828473413277e+02
2.504511149228130193e+02
2.504322469982847110e+02
2.504133790737564311e+02
2.503945111492281228e+02
2.503756432246998145e+02
2.502778730703258816e+02
2.501680960548885082e+02
2.500583190394510780e+02
2.499485420240137046e+02
2.498387650085763028e+02
2.498078902229845539e+02
2.497375643224699786e+02
2.496981132075471521e+02
2.496586620926243540e+02
2.496192109777015276e+02
2.495797598627787011e+02
2.495403087478559030e+02
2.494837049742710064e+02
2.494271012006860815e+02
2.493704974271012134e+02
2.493138936535162884e+02
2.492572898799313919e+02
2.492212692967409851e+02
2.491852487135506067e+02
2.491509433962264097e+02
2.490943396226415132e+02
2.490600343053173162e+02
2.490017152658662098e+02
2.489433962264150750e+02
2.488850771869639971e+02
2.488524871355059815e+02
2.488301886792452819e+02
2.488902229845625982e+02
2.488782161234991577e+02
2.488353344768439115e+02
2.487924528301886653e+02
2.487598627787306782e+02
2.487392795883361885e+02
2.487289879931389578e+02
2.487186963979416703e+02
2.487101200686106210e+02
2.487015437392796002e+02
2.487032590051458101e+02
2.486946826758147608e+02
2.486861063464837116e+02
2.486775300171526624e+02
2.487615780445969165e+02
2.488456260720411422e+02
2.488370497427101213e+02
2.488404802744425410e+02
2.488439108061749607e+02
2.488473413379073520e+02
2.488627787307032690e+02
2.488782161234991577e+02
2.488936535162950179e+02
2.489090909090909065e+02
2.489245283018867667e+02
2.489399656946826553e+02
2.489331046312178159e+02
2.489142367066895360e+02
2.489193825042881656e+02
2.489931389365351606e+02
2.490668953687821841e+02
2.491509433962264382e+02
2.492349914236706923e+02
2.493190394511149464e+02
2.494030874785592005e+02
2.494768439108061955e+02
2.495488850771869807e+02
2.495797598627787579e+02
2.496089193825042969e+02
2.496518010291595147e+02
2.496792452830188722e+02
2.497084048027444396e+02
2.497375643224700070e+02
2.497667238421955176e+02
2.497958833619210850e+02
2.498456260720411706e+02
2.498953687821611993e+02
2.499245283018867951e+02
2.499519725557461243e+02
2.499811320754716917e+02
2.500291595197255390e+02
2.501063464837049537e+02
2.501835334476843684e+02
2.502607204116638115e+02
2.503379073756432263e+02
2.504150943396226410e+02
2.504922813036020557e+02
2.505694682675814420e+02
2.506466552315608851e+02
2.507255574614065097e+02
2.508044596912521342e+02
2.508919382504288365e+02
2.509605488850771735e+02
2.510291595197255674e+02
2.510977701543739329e+02
2.511663807890222984e+02
2.512349914236706923e+02
2.513121783876500785e+02
2.513893653516295217e+02
2.514030874785591720e+02
2.514802744425385868e+02
2.515574614065180299e+02
2.515763293310463382e+02
2.515951972555746181e+02
2.516140651801028980e+02
2.516209262435677374e+02
2.516295025728987866e+02
2.516397941680960457e+02
2.516500857632933048e+02
2.516775300171526624e+02
2.516432246998284654e+02
2.516106346483705067e+02
2.516054888507718488e+02
2.516037735849056673e+02
2.516020583190394575e+02
2.516037735849056958e+02
2.516072041166380870e+02
2.516397941680960457e+02
2.516089193825042969e+02
2.515780445969125196e+02
2.515471698113207708e+02
2.515162950257289936e+02
2.514871355060034261e+02
2.515231560891938329e+02
2.514837049742710064e+02
2.514545454545454675e+02
2.514253859348199001e+02
2.513962264150943611e+02
2.513464837049742755e+02
2.513053173241852676e+02
2.512195540308748036e+02
2.511337907375643397e+02
2.510497427101200856e+02
2.509536878216123625e+02
2.508576329331046395e+02
2.507615780445969165e+02
2.506655231560891934e+02
2.505694682675814704e+02
2.504734133790737474e+02
2.504202401372212421e+02
2.503550600343053247e+02
2.502898799313893505e+02
2.502246998284734048e+02
2.501595197255574590e+02
2.500497427101200572e+02
2.500102915951972591e+02
2.499708404802744326e+02
2.499313893653516061e+02
2.498644939965694789e+02
2.497958833619211134e+02
2.497289879931389578e+02
2.496620926243567737e+02
2.495934819897084083e+02
2.495385934819897216e+02
2.494837049742710064e+02
2.494271012006861099e+02
2.493722126929674232e+02
2.493156089193824982e+02
2.492607204116637831e+02
2.492058319039451248e+02
2.491492281303601999e+02
2.490926243567753033e+02
2.490703259005145753e+02
2.490480274442538757e+02
2.490257289879931477e+02
2.490034305317324197e+02
2.489708404802744326e+02
2.489382504288164739e+02
2.489073756432246967e+02
2.488885077186963883e+02
2.488679245283018986e+02
2.488473413379073804e+02
2.488370497427101213e+02
2.488387650085763312e+02
2.488404802744425410e+02
2.488319039451114918e+02
2.488233276157804426e+02
2.488147512864493933e+02
2.488061749571183441e+02
2.487975986277872948e+02
2.488816466552315489e+02
2.488730703259005281e+02
2.488644939965694789e+02
2.488679245283018986e+02
2.488850771869639971e+02
2.489022298456260955e+02
2.489193825042881656e+02
2.489245283018867667e+02
2.489416809605488652e+02
2.489588336192109637e+02
2.489862778730703212e+02
2.490137221269296788e+02
2.490411663807890363e+02
2.490686106346483939e+02
2.490960548885077230e+02
2.491234991423670522e+02
2.492178387650085938e+02
2.493104631217838971e+02
2.494048027444254103e+02
2.494974271012006852e+02
2.495900514579760170e+02
2.496826758147512919e+02
2.497478559176672377e+02
2.498147512864493933e+02
2.498782161234991293e+02
2.499433962264150750e+02
2.500068610634648110e+02
2.500686106346483371e+02
2.501578044596912491e+02
2.501835334476843968e+02
2.502315608919382441e+02
2.502795883361920914e+02
2.503276157804459672e+02
2.503756432246998429e+02
2.504236706689536902e+02
2.504716981132075375e+02
2.505180102915952034e+02
2.505746140651800999e+02
2.506020583190394291e+02
2.506963979416809707e+02
2.507530017152658957e+02
2.508096054888507922e+02
2.509039451114922770e+02
2.509982847341337902e+02
2.510943396226415132e+02
2.511903945111492078e+02
2.512761578044597002e+02
2.513619210977701357e+02
2.514476843910805997e+02
2.514837049742710064e+02
2.515197255574613848e+02
2.514819897084047966e+02
2.515180102915952034e+02
2.514819897084048250e+02
2.514888507718696360e+02
2.514957118353344754e+02
2.514596912521440686e+02
2.514236706689536618e+02
2.514305317324185012e+02
2.514391080617495504e+02
2.514648370497426981e+02
2.514922813036020557e+02
2.515025728987993148e+02
2.514682675814751178e+02
2.514339622641509209e+02
2.514013722126929622e+02
2.513996569468267239e+02
2.513962264150943042e+02
2.513704974271011565e+02
2.513739279588336046e+02
2.513790737564322342e+02
2.514116638078902213e+02
2.514459691252143898e+02
2.514185248713550607e+02
2.513910806174957031e+02
2.514271012006861099e+02
2.513996569468267523e+02
2.513722126929674232e+02
2.513344768439108066e+02
2.512504288164665525e+02
2.511663807890222984e+02
2.510823327615780443e+02
2.510085763293310492e+02
2.509348198970840542e+02
2.508404802744425410e+02
2.507667238421955460e+02
2.506929674099485510e+02
2.506192109777015276e+02
2.505454545454545610e+02
2.504716981132075375e+02
2.503756432246998429e+02
2.502778730703258816e+02
2.501818181818181870e+02
2.500857632933104640e+02
2.499879931389365311e+02
2.498902229845625982e+02
2.498679245283018702e+02
2.498902229845625982e+02
2.498250428816466524e+02
2.497718696397941471e+02
2.497049742710119915e+02
2.496380789022298359e+02
2.495711835334476518e+02
2.495025728987992863e+02
2.494339622641509209e+02
2.493962264150943611e+02
2.493584905660377444e+02
2.493207547169811278e+02
2.492641509433962312e+02
2.492264150943396430e+02
2.491886792452830264e+02
2.491526586620926196e+02
2.491166380789022412e+02
2.490806174957118628e+02
2.490445969125214560e+02
2.490085763293310492e+02
2.489845626072041398e+02
2.489605488850772304e+02
2.489468267581475516e+02
2.489348198970840826e+02
2.489228130360206137e+02
2.489005145797598857e+02
2.488782161234991577e+02
2.488662092624356887e+02
2.488662092624356887e+02
2.488662092624356887e+02
2.488662092624356887e+02
2.488662092624356887e+02
2.488559176672384297e+02
2.488456260720411706e+02
2.488353344768439115e+02
2.488147512864493933e+02
2.488061749571183441e+02
2.488078902229845539e+02
2.488096054888507638e+02
2.488113207547169736e+02
2.488147512864493933e+02
2.488181818181818130e+02
2.488198970840480229e+02
2.488216123499142327e+02
2.488233276157804426e+02
2.488250428816466524e+02
2.488267581475128623e+02
2.488404802744425410e+02
2.488542024013722198e+02
2.488679245283018702e+02
2.488816466552315774e+02
2.488953687821612561e+02
2.489090909090909065e+02
2.489228130360205853e+02
2.489365351629502641e+02
2.489914236706689508e+02
2.490154373927958886e+02
2.490686106346483655e+02
2.491029159519725340e+02
2.491938250428816559e+02
2.492847341337907210e+02
2.493190394511149179e+02
2.493842195540308637e+02
2.494493996569468379e+02
2.495145797598627837e+02
2.495797598627787295e+02
2.496535162950257245e+02
2.496329331046312063e+02
2.496929674099485510e+02
2.497530017152658388e+02
2.497307032590051392e+02
2.497890222984562456e+02
2.498473413379073520e+02
2.499056603773584868e+02
2.499519725557461527e+02
2.499982847341337902e+02
2.500445969125214276e+02
2.501372212692967594e+02
2.502298456260720343e+02
2.503224699828473661e+02
2.504150943396226410e+02
2.505077186963979443e+02
2.505334476843910920e+02
2.506363636363636545e+02
2.507392795883362169e+02
2.508319039451114918e+02
2.509245283018868236e+02
2.510171526586620985e+02
2.511097770154374018e+02
2.512024013722127052e+02
2.512864493996569593e+02
2.513687821612350035e+02
2.513825042881646823e+02
2.514373927958833690e+02
2.514939965694682655e+02
2.515077186963979443e+02
2.515214408233276231e+02
2.514854202401372163e+02
2.515111492281303640e+02
2.514751286449399572e+02
2.514391080617495504e+02
2.514030874785591720e+02
2.513670668953687652e+02
2.513327615780445967e+02
2.512984562607203998e+02
2.512967409948541899e+02
2.512967409948541899e+02
2.512967409948541899e+02
2.513001715265866096e+02
2.513053173241852392e+02
2.513396226415094361e+02
2.513293310463121770e+02
2.513190394511149179e+02
2.513087478559176589e+02
2.513001715265866096e+02
2.512710120068610422e+02
2.512418524871355032e+02
2.512126929674099642e+02
2.511835334476843968e+02
2.511543739279588294e+02
2.511252144082332620e+02
2.510960548885077230e+02
2.510566037735849250e+02
2.510171526586620985e+02
2.509777015437392720e+02
2.509382504288164455e+02
2.508987993138936190e+02
2.508593481989708494e+02
2.508198970840480229e+02
2.507804459691251964e+02
2.507409948542023699e+02
2.506535162950257245e+02
2.505660377358490507e+02
2.505248713550600428e+02
2.504837049742710064e+02
2.504425385934819701e+02
2.504013722126929338e+02
2.503481989708404853e+02
2.503070325900514490e+02
2.502658662092624127e+02
2.502246998284733763e+02
2.501560891938250393e+02
2.500874785591766738e+02
2.500188679245283083e+02
2.499485420240137046e+02
2.499108061749571164e+02
2.498164665523156032e+02
2.497221269296741184e+02
2.496861063464837116e+02
2.496500857632933048e+02
2.496140651801029264e+02
2.495780445969125481e+02
2.495420240137221413e+02
2.495060034305317345e+02
2.494699828473413277e+02
2.494476843910806281e+02
2.494253859348199001e+02
2.494030874785592005e+02
2.493807890222984724e+02
2.493687821612350035e+02
2.493567753001715346e+02
2.493464837049742755e+02
2.493361921097770164e+02
2.493259005145797573e+02
2.493156089193824698e+02
2.493053173241852392e+02
2.492950257289879801e+02
2.492847341337907210e+02
2.492864493996569308e+02
2.492761578044596718e+02
2.492658662092624411e+02
2.492555746140651820e+02
2.492452830188679229e+02
2.492349914236706638e+02
2.492246998284734048e+02
2.492281303602058529e+02
2.492178387650085654e+02
2.492332761578044256e+02
2.492487135506003426e+02
2.492521440823327623e+02
2.492555746140651820e+02
2.492590051457975733e+02
2.492624356775300214e+02
2.492658662092624695e+02
2.492813036020583297e+02
2.492967409948542183e+02
2.493121783876500785e+02
2.493276157804459672e+02
2.493413379073756460e+02
2.493550600343052963e+02
2.493807890222984440e+02
2.494356775300171307e+02
2.494614065180102784e+02
2.495145797598627837e+02
2.495677530017152321e+02
2.496346483704974162e+02
2.496998284734133620e+02
2.497650085763293077e+02
2.498284734133790437e+02
2.498919382504287796e+02
2.499639794168095648e+02
2.500377358490565598e+02
2.501097770154373734e+02
2.501801029159519203e+02
2.502401372212692650e+02
2.503001715265866096e+02
2.504048027444253819e+02
2.504631217838764883e+02
2.505077186963979159e+02
2.505643224699828124e+02
2.506775300171526339e+02
2.507015437392795718e+02
2.507941680960548752e+02
2.508181818181818130e+02
2.509210977701543470e+02
2.510240137221269379e+02
2.510480274442538473e+02
2.510737564322469950e+02
2.511766723842195574e+02
2.512692967409948324e+02
2.513190394511149179e+02
2.513687821612349751e+02
2.514202401372212705e+02
2.514716981132075375e+02
2.515248713550600428e+02
2.515763293310463098e+02
2.516312178387649965e+02
2.517152658662092790e+02
2.517993138936535047e+02
2.518833619210977304e+02
2.519674099485419845e+02
2.519811320754716633e+02
2.519948542024013420e+02
2.520085763293310208e+02
2.520222984562606996e+02
2.519845626072040830e+02
2.519485420240137046e+02
2.519142367066895360e+02
2.518799313893653391e+02
2.518747855917667380e+02
2.518404802744425410e+02
2.518404802744425126e+02
2.518404802744425126e+02
2.518747855917667380e+02
2.519108061749571164e+02
2.519468267581474947e+02
2.519348198970840542e+02
2.519228130360205569e+02
2.519125214408232978e+02
2.518833619210977588e+02
2.518730703259004997e+02
2.518644939965694789e+02
2.518439108061749607e+02
2.518233276157804426e+02
2.518027444253859244e+02
2.517358490566037403e+02
2.516689536878216131e+02
2.515831903945111208e+02
2.515060034305317345e+02
2.514288164665522913e+02
2.513516295025729050e+02
2.512641509433962028e+02
2.511766723842195290e+02
2.510891938250428552e+02
2.510017152658661814e+02
2.509142367066895076e+02
2.508747855917666811e+02
2.508353344768438831e+02
2.507958833619210850e+02
2.507461406518010278e+02
2.506963979416809707e+02
2.506466552315608851e+02
2.505969125214407995e+02
2.505471698113207708e+02
2.504974271012006852e+02
2.504476843910805997e+02
2.503859348198970736e+02
2.503224699828473376e+02
2.502590051457976017e+02
2.501938250428816559e+02
2.501269296740994719e+02
2.500583190394511348e+02
2.499914236706689508e+02
2.498953687821612277e+02
2.497993138936535047e+02
2.497015437392796002e+02
2.496072041166380586e+02
2.495746140651800999e+02
2.495420240137220844e+02
2.495094339622641257e+02
2.494133790737564027e+02
2.493910806174956747e+02
2.493687821612349751e+02
2.493379073756432263e+02
2.493070325900514490e+02
2.492761578044596718e+02
2.491801029159519771e+02
2.491612349914236688e+02
2.491423670668953605e+02
2.491337907375643113e+02
2.491252144082332620e+02
2.491166380789022128e+02
2.491080617495711635e+02
2.490994854202401143e+02
2.490909090909090935e+02
2.490720411663807852e+02
2.491440823327615703e+02
2.492144082332761457e+02
2.492864493996569308e+02
2.492795883361921199e+02
2.492727272727272805e+02
2.492778730703259100e+02
2.492727272727272805e+02
2.492778730703258816e+02
2.492830188679245396e+02
2.492881646655231691e+02
2.492933104631217986e+02
2.493121783876500785e+02
2.493310463121783869e+02
2.493499142367066952e+02
2.493687821612349751e+02
2.493876500857632834e+02
2.494048027444253819e+02
2.494219554030874519e+02
2.494391080617495504e+02
2.494562607204116489e+02
2.494734133790737474e+02
2.495643224699828409e+02
2.496535162950257245e+02
2.497409948542023983e+02
2.498078902229845539e+02
2.498730703259005281e+02
2.499382504288164455e+02
2.499656946826758031e+02
2.499931389365351606e+02
2.500977701543739045e+02
2.502024013722126767e+02
2.502246998284733763e+02
2.502521440823327623e+02
2.503670668953687652e+02
2.504373927958833690e+02
2.504751286449399572e+02
2.505797598627787295e+02
2.506843910806175018e+02
2.507890222984562740e+02
2.508919382504288365e+02
2.509948542024013705e+02
2.510977701543739329e+02
2.512109777015437260e+02
2.513241852487135475e+02
2.514271012006860815e+02
2.514373927958833406e+02
2.514476843910805997e+02
2.515506003430531905e+02
2.516415094339622556e+02
2.517324185248713491e+02
2.518233276157804426e+02
2.519142367066895076e+02
2.520068610634648394e+02
2.520994854202401143e+02
2.521921097770154461e+02
2.522847341337907210e+02
2.523773584905660243e+02
2.524699828473413277e+02
2.525626072041166026e+02
2.526449399656946753e+02
2.526586620926243540e+02
2.526535162950257245e+02
2.526157804459691079e+02
2.525780445969124912e+02
2.525403087478559030e+02
2.525025728987993148e+02
2.524648370497426981e+02
2.524288164665522913e+02
2.524236706689536902e+02
2.524202401372212421e+02
2.524545454545454390e+02
2.524888507718696360e+02
2.525248713550600144e+02
2.525608919382504212e+02
2.525969125214407995e+02
2.526329331046312063e+02
2.526209262435677374e+02
2.526089193825042969e+02
2.525969125214407995e+02
2.525866209262435405e+02
2.525780445969124912e+02
2.525694682675814704e+02
2.525128644939965739e+02
2.525042881646655246e+02
2.524373927958833406e+02
2.523704974271011849e+02
2.523036020583190293e+02
2.522367066895368737e+02
2.521698113207547181e+02
2.520840480274442257e+02
2.519965694682675803e+02
2.519090909090908781e+02
2.518216123499142327e+02
2.517341337907375305e+02
2.516363636363636260e+02
2.515385934819896931e+02
2.514511149228130193e+02
2.513533447684391149e+02
2.512555746140651536e+02
2.511578044596912491e+02
2.510600343053173447e+02
2.509622641509433834e+02
2.508644939965694789e+02
2.508164665523156032e+02
2.507684391080617559e+02
2.507204116638078801e+02
2.506723842195540328e+02
2.506243567753001571e+02
2.505866209262435689e+02
2.505385934819897216e+02
2.504905660377358458e+02
2.504425385934819701e+02
2.503945111492281228e+02
2.503464837049742755e+02
2.502830188679245111e+02
2.502178387650085938e+02
2.501526586620926196e+02
2.500977701543739329e+02
2.500034305317324197e+02
2.499725557461406424e+02
2.499416809605488936e+02
2.499108061749571164e+02
2.498799313893653391e+02
2.498490566037735903e+02
