4.558147512864493933e+01
4.555574614065179162e+01
4.553001715265865812e+01
4.550428816466551751e+01
4.546826758147513203e+01
4.543224699828473234e+01
4.541852487135506067e+01
4.541337907375643113e+01
4.542024013722127052e+01
4.539279588336191296e+01
4.535849056603773022e+01
4.532246998284733763e+01
4.534819897084047824e+01
4.533104631217838687e+01
4.533619210977701641e+01
4.535334476843910778e+01
4.536020583190394717e+01
4.535677530017152748e+01
4.531903945111492504e+01
4.528130360205832261e+01
4.524356775300171307e+01
4.522984562607204140e+01
4.522641509433962170e+01
4.521269296740995003e+01
4.528644939965694505e+01
4.527272727272727337e+01
4.528301886792453246e+01
4.529502572898799428e+01
4.529502572898799428e+01
4.530874785591766596e+01
4.531046312178387581e+01
4.527615780445968596e+01
4.521097770154374018e+01
4.514579759862778729e+01
4.510463121783877227e+01
4.507375643224700212e+01
4.503087478559176304e+01
4.498799313893653817e+01
4.494511149228130620e+01
4.489193825042882224e+01
4.487307032590051392e+01
4.483018867924528905e+01
4.482161234991423981e+01
4.479073756432246967e+01
4.478216123499142043e+01
4.477530017152658104e+01
4.475643224699828693e+01
4.474785591766723769e+01
4.474099485420240541e+01
4.468782161234991435e+01
4.466895368782161313e+01
4.462778730703259100e+01
4.458662092624356887e+01
4.453516295025728766e+01
4.446998284734134188e+01
4.447855917667238401e+01
4.447512864493997142e+01
4.446140651801029264e+01
4.444596912521441112e+01
4.443053173241852960e+01
4.444082332761578868e+01
4.443739279588336899e+01
4.444768439108061386e+01
4.446826758147512493e+01
4.448713550600342614e+01
4.450600343053173447e+01
4.451286449399656675e+01
4.454202401372211995e+01
4.457289879931389009e+01
4.465008576329331191e+01
4.472727272727272663e+01
4.479245283018867951e+01
4.486963979416809423e+01
4.494682675814750894e+01
4.499828473413379015e+01
4.504974271012006426e+01
4.510120068610633837e+01
4.515265866209261958e+01
4.521612349914236972e+01
4.528816466552315489e+01
4.538250428816466808e+01
4.544082332761578158e+01
4.552658662092623842e+01
4.561234991423670948e+01
4.567238421955402572e+01
4.574099485420239830e+01
4.580445969125214845e+01
4.584219554030874377e+01
4.589879931389365453e+01
4.597598627787306924e+01
4.605317324185248395e+01
4.613036020583190577e+01
4.620754716981132049e+01
4.623327615780446109e+01
4.628301886792452535e+01
4.633447684391080656e+01
4.638593481989708778e+01
4.643739279588336899e+01
4.647855917667238401e+01
4.646655231560892219e+01
4.645454545454545325e+01
4.643224699828473945e+01
4.640994854202401143e+01
4.638765008576329052e+01
4.637564322469982159e+01
4.637735849056603143e+01
4.635506003430531052e+01
4.635334476843910068e+01
4.637564322469982869e+01
4.636363636363635976e+01
4.635162950257289793e+01
4.630531732418524626e+01
4.625900514579760170e+01
4.622641509433962170e+01
4.619210977701544607e+01
4.615780445969125623e+01
4.612349914236706638e+01
4.608919382504288365e+01
4.608919382504288365e+01
4.606689536878216984e+01
4.603259005145797289e+01
4.602229845626072802e+01
4.601200686106346893e+01
4.601886792452830832e+01
4.599485420240137046e+01
4.605488850771870091e+01
4.607890222984562456e+01
4.607890222984562456e+01
4.609090909090909349e+01
4.608919382504288365e+01
4.610120068610634547e+01
4.612521440823327623e+01
4.615608919382503927e+01
4.616809605488850821e+01
4.613379073756432547e+01
4.609948542024014273e+01
4.609262435677530334e+01
4.606346483704974304e+01
4.605317324185249106e+01
4.603259005145797289e+01
4.603259005145797289e+01
4.602744425385935045e+01
4.600686106346483939e+01
4.599656946826758031e+01
4.598627787307032833e+01
4.597598627787307635e+01
4.599656946826758031e+01
4.600686106346483939e+01
4.601715265866209137e+01
4.602744425385935045e+01
4.602744425385935045e+01
4.601715265866209137e+01
4.600000000000000000e+01
4.598284734133790153e+01
4.594339622641509635e+01
4.592624356775300498e+01
4.591080617495712346e+01
4.597941680960548894e+01
4.606174957118352609e+01
4.614751286449399714e+01
4.621612349914236262e+01
4.629845626072040687e+01
4.637564322469982869e+01
4.645283018867924341e+01
4.653001715265865812e+01
4.659519725557461101e+01
4.666209262435677374e+01
4.673584905660376876e+01
4.681475128644940042e+01
4.687993138936535331e+01
4.694511149228129909e+01
4.700857632933104213e+01
4.706518010291595289e+01
4.712178387650085654e+01
4.719039451114922912e+01
4.725900514579760170e+01
4.732761578044596718e+01
4.739451114922813701e+01
4.745454545454545325e+01
4.751457975986278370e+01
4.757461406518009994e+01
4.764837049742710207e+01
4.775643224699828693e+01
4.786449399656947179e+01
4.793996569468267666e+01
4.803430531732418274e+01
4.808747855917667380e+01
4.820240137221269805e+01
4.832590051457976443e+01
4.844425385934820127e+01
4.854373927958833690e+01
4.864322469982847252e+01
4.874271012006860815e+01
4.879073756432246967e+01
4.886449399656946468e+01
4.892967409948541757e+01
4.901715265866209137e+01
4.909090909090909349e+01
4.919897084048027125e+01
4.928473413379073520e+01
4.937221269296740900e+01
4.950085763293310492e+01
4.961749571183533192e+01
4.966723842195540328e+01
4.979416809605488936e+01
4.991080617495711635e+01
5.000343053173241969e+01
5.010634648370496791e+01
5.013207547169811562e+01
5.014065180102915775e+01
5.015265866209262668e+01
5.019382504288164881e+01
5.022813036020583155e+01
5.022984562607204140e+01
5.025385934819897216e+01
5.027787307032590292e+01
5.030188679245283367e+01
5.032418524871355459e+01
5.033447684391080656e+01
5.035677530017152748e+01
5.038078902229845824e+01
5.039108061749571732e+01
5.039794168096054960e+01
5.041852487135506067e+01
5.042881646655231265e+01
5.044939965694682371e+01
5.048198970840480371e+01
5.051629502572899355e+01
5.055917667238421842e+01
5.060377358490566735e+01
5.064837049742710207e+01
5.068096054888507496e+01
5.069639794168095648e+01
5.069811320754716633e+01
5.071183533447683800e+01
5.073413379073756602e+01
5.078044596912521058e+01
5.079073756432246967e+01
5.077358490566037830e+01
5.077358490566038540e+01
5.076843910806175586e+01
5.075643224699828693e+01
5.074271012006861525e+01
5.073927958833619556e+01
5.075471698113207708e+01
5.077701543739279799e+01
5.076500857632933617e+01
5.075986277873070662e+01
5.078559176672384723e+01
5.076329331046312632e+01
5.075128644939965739e+01
5.073927958833619556e+01
5.074614065180102784e+01
5.073413379073756602e+01
5.079245283018867951e+01
5.080789022298456814e+01
5.081475128644939332e+01
5.082332761578044256e+01
5.081646655231561027e+01
5.082332761578044256e+01
5.083190394511149179e+01
5.095025728987992863e+01
5.101200686106346893e+01
5.110291595197255532e+01
5.121097770154374018e+01
5.130874785591767306e+01
5.139279588336192006e+01
5.149056603773584584e+01
5.159005145797598857e+01
5.167924528301887221e+01
5.176500857632933617e+01
5.188850771869640255e+01
5.194682675814751605e+01
5.204802744425386152e+01
5.212006861063465379e+01
5.220583190394511064e+01
5.227615780445970017e+01
5.232075471698113489e+01
5.234133790737564595e+01
5.242538593481990006e+01
5.255746140651801568e+01
5.266037735849057100e+01
5.278730703259004997e+01
5.291423670668953605e+01
5.303087478559177015e+01
5.317495711835334760e+01
5.329159519725557459e+01
5.342538593481990006e+01
5.354030874785591720e+01
5.367066895368782298e+01
5.381132075471698073e+01
5.396226415094339757e+01
5.410120068610634547e+01
5.426415094339622414e+01
5.440480274442538189e+01
5.455746140651800857e+01
5.467409948542024267e+01
5.482504288164665240e+01
5.490394511149227696e+01
5.496226415094339757e+01
5.511663807890223410e+01
5.522298456260720911e+01
5.534648370497427550e+01
5.549399656946827264e+01
5.561921097770154887e+01
5.573927958833618845e+01
5.587307032590051392e+01
5.596569468267581726e+01
5.605831903945112060e+01
5.611492281303601715e+01
5.618181818181817988e+01
5.632418524871355459e+01
5.647855917667238401e+01
5.665008576329331191e+01
5.675300171526586723e+01
5.686620926243568164e+01
5.696569468267581726e+01
5.705317324185249106e+01
5.711835334476843684e+01
5.710977701543739471e+01
5.711320754716981440e+01
5.715780445969124912e+01
5.719210977701543186e+01
5.722813036020582445e+01
5.728473413379073520e+01
5.730188679245283367e+01
5.733447684391080656e+01
5.735506003430531763e+01
5.738421955403087082e+01
5.737392795883361885e+01
5.736535162950256961e+01
5.734305317324185580e+01
5.733276157804459672e+01
5.737564322469982869e+01
5.739108061749571732e+01
5.744253859348199143e+01
5.749742710120068523e+01
5.755403087478559598e+01
5.762264150943396146e+01
5.770840480274442541e+01
5.777358490566037119e+01
5.785763293310463240e+01
5.791080617495711635e+01
5.798456260720411848e+01
5.807547169811320487e+01
5.814065180102915775e+01
5.819382504288164881e+01
5.827787307032590292e+01
5.833104631217838687e+01
5.838765008576329762e+01
5.843053173241852249e+01
5.847341337907376158e+01
5.854888507718696644e+01
5.862778730703259100e+01
5.869982847341337617e+01
5.879073756432246967e+01
5.888164665523156316e+01
5.896226415094339757e+01
5.906346483704973593e+01
5.918867924528301927e+01
5.926415094339622414e+01
5.936535162950256961e+01
5.948027444253859386e+01
5.960377358490566024e+01
5.972898799313893647e+01
5.984905660377359027e+01
5.994682675814751605e+01
6.006003430531733045e+01
6.014751286449400425e+01
6.023499142367067805e+01
6.032075471698113489e+01
6.042710120068610991e+01
6.051801029159520340e+01
6.061578044596912918e+01
6.072384219554031404e+01
6.082161234991423981e+01
6.091595197255575300e+01
6.101029159519725908e+01
6.109262435677530334e+01
6.116295025728987866e+01
6.123327615780446109e+01
6.132761578044596718e+01
6.140994854202401143e+01
6.148713550600343325e+01
6.157804459691251964e+01
6.165694682675814420e+01
6.174785591766723769e+01
6.182847341337907210e+01
6.191080617495711635e+01
6.202058319039451106e+01
6.213893653516295501e+01
6.227101200686106353e+01
6.240308747855917204e+01
6.253344768439107781e+01
6.265351629502572450e+01
6.279759862778730906e+01
6.291595197255574590e+01
6.304802744425385441e+01
6.320411663807890079e+01
6.337049742710119915e+01
6.353687821612349751e+01
6.372727272727272663e+01
6.391766723842195574e+01
6.408747855917667380e+01
6.424356775300171307e+01
6.438765008576329762e+01
6.456603773584906492e+01
6.473241852487134906e+01
6.488850771869640255e+01
6.505317324185247685e+01
6.518696397941680232e+01
6.532075471698112779e+01
6.542881646655231975e+01
6.548027444253860097e+01
6.553173241852488218e+01
6.564837049742709496e+01
6.573927958833618845e+01
6.589879931389364742e+01
6.603602058319039259e+01
6.613550600343052110e+01
6.624528301886792292e+01
6.634305317324185580e+01
6.643053173241852960e+01
6.654030874785591720e+01
6.665008576329330481e+01
6.679416809605488936e+01
6.693825042881647391e+01
6.705660377358489654e+01
6.719897084048027125e+01
6.734133790737564595e+01
6.744596912521440402e+01
6.755231560891938614e+01
6.767066895368782298e+01
6.776672384219554601e+01
6.787307032590051392e+01
6.798627787307032122e+01
6.814579759862778019e+01
6.824528301886792292e+01
6.845283018867924341e+01
6.863979416809605993e+01
6.881132075471697362e+01
6.900171526586620985e+01
6.917838765008576729e+01
6.935849056603774443e+01
6.955917667238421132e+01
6.972384219554029983e+01
6.998284734133790153e+01
7.014922813036019988e+01
7.025557461406518200e+01
7.037221269296739479e+01
7.053687821612349751e+01
7.074614065180102784e+01
7.094168096054887940e+01
7.115780445969124912e+01
7.136192109777016412e+01
7.153344768439107781e+01
7.172212692967408998e+01
7.190737564322469666e+01
7.205660377358489654e+01
7.220240137221267673e+01
7.239279588336191296e+01
7.264150943396226978e+01
7.286620926243567453e+01
7.308919382504288365e+01
7.330874785591767306e+01
7.354716981132075659e+01
7.379073756432248388e+01
7.401200686106346893e+01
7.417152658662092790e+01
7.432933104631217702e+01
7.449056603773584584e+01
7.467753001715266237e+01
7.486106346483704499e+01
7.497427101200685229e+01
7.512692967409947187e+01
7.528987993138936474e+01
7.544939965694683792e+01
7.560720411663808704e+01
7.573413379073755891e+01
7.584219554030875088e+01
7.593825042881647391e+01
7.605488850771868670e+01
7.616809605488850821e+01
7.631560891938251245e+01
7.644939965694682371e+01
7.659862778730703781e+01
7.674785591766723769e+01
7.684734133790738042e+01
7.695025728987992863e+01
7.705317324185247685e+01
7.715608919382503927e+01
7.726929674099484657e+01
7.737049742710119915e+01
7.748370497427100645e+01
7.759519725557461811e+01
7.770668953687821556e+01
7.781989708404802286e+01
7.793310463121783016e+01
7.807032590051457532e+01
7.818696397941680232e+01
7.835849056603774443e+01
7.853001715265865812e+01
7.874442538593481800e+01
7.890566037735848681e+01
7.907890222984562456e+01
7.928644939965694505e+01
7.949399656946826553e+01
7.972384219554031404e+01
7.992452830188679513e+01
8.003259005145798710e+01
8.015951972555745897e+01
8.038078902229845824e+01
8.060377358490566735e+01
8.082675814751286225e+01
8.092452830188679513e+01
8.106518010291594578e+01
8.127101200686107063e+01
8.141852487135504646e+01
8.148713550600342614e+01
8.165523156089193435e+01
8.180617495711834408e+01
8.204802744425384731e+01
8.220411663807888658e+01
8.240137221269296219e+01
8.256946826758147040e+01
8.273413379073755891e+01
8.293996569468266955e+01
8.307890222984562456e+01
8.326758147512865094e+01
8.339108061749570311e+01
8.348198970840479660e+01
8.363636363636364024e+01
8.381475128644939332e+01
8.400343053173241969e+01
8.417324185248713775e+01
8.436363636363637397e+01
8.448885077186963599e+01
8.460548885077186299e+01
8.480445969125213423e+01
8.502572898799314771e+01
8.524528301886792292e+01
8.546655231560892219e+01
8.565523156089193435e+01
8.582675814751286225e+01
8.610806174957117776e+01
8.626243567753002139e+01
8.645454545454545325e+01
8.662778730703257679e+01
8.680102915951972875e+01
8.699142367066895076e+01
8.726243567753000718e+01
8.751457975986278370e+01
8.778044596912521058e+01
8.806518010291594578e+01
8.835506003430532473e+01
8.863464837049743039e+01
8.879759862778730906e+01
8.903945111492282649e+01
8.923842195540308353e+01
8.950600343053173447e+01
8.979245283018867951e+01
9.007547169811320487e+01
9.038765008576329762e+01
9.066895368782161313e+01
9.086449399656946468e+01
9.108404802744425410e+01
9.132075471698112779e+01
9.157461406518009994e+01
9.178559176672384012e+01
9.194339622641508925e+01
9.208576329331046395e+01
9.218524871355060668e+01
9.231560891938249824e+01
9.243396226415094930e+01
9.257804459691251964e+01
9.271183533447683089e+01
9.286620926243566032e+01
9.305660377358489654e+01
9.321783876500856536e+01
9.336363636363634555e+01
9.349056603773583163e+01
9.366723842195540328e+01
9.379759862778729484e+01
9.392109777015436123e+01
9.404802744425384731e+01
9.421783876500856536e+01
9.436706689536877946e+01
9.451972555746139903e+01
9.472555746140650967e+01
9.489022298456259819e+01
9.510291595197254821e+01
9.532761578044596718e+01
9.557632933104630979e+01
9.582161234991423271e+01
9.602572898799314771e+01
9.621440823327614567e+01
9.643567753001714493e+01
9.663464837049741618e+01
9.683190394511149179e+01
9.701886792452830832e+01
9.722813036020582445e+01
9.749056603773584584e+01
9.779931389365351890e+01
9.810806174957119197e+01
9.839108061749570311e+01
9.859691252144082796e+01
9.881303602058318347e+01
9.898970840480274092e+01
9.920754716981132049e+01
9.941166380789022128e+01
9.962607204116636694e+01
9.984048027444254103e+01
1.000651801029159458e+02
1.003018867924528195e+02
1.005368782161234833e+02
1.007804459691251964e+02
1.010480274442538473e+02
1.013156089193824982e+02
1.015471698113207424e+02
1.017753001715265668e+02
1.020857632933104640e+02
1.023464837049742613e+02
1.026157804459691221e+02
1.028867924528301785e+02
1.031560891938250393e+02
1.033893653516294933e+02
1.036586620926243540e+02
1.039331046312178444e+02
1.040994854202401427e+02
1.043979416809605425e+02
1.046603773584905639e+02
1.049210977701543754e+02
1.052161234991423839e+02
1.054768439108061671e+02
1.057701543739279657e+02
1.060514579759862670e+02
1.062761578044597002e+02
1.065437392795883369e+02
1.068113207547169736e+02
1.070789022298456246e+02
1.073584905660377302e+02
1.076620926243567737e+02
1.079622641509433834e+02
1.082504288164665525e+02
1.085180102915952034e+02
1.088044596912521342e+02
1.090720411663807852e+02
1.093516295025729050e+02
1.096432246998284654e+02
1.099331046312178444e+02
1.102109777015437260e+02
1.104768439108061671e+02
1.107084048027444112e+02
1.109554030874785582e+02
1.112006861063464811e+02
1.114425385934819843e+02
1.116843910806175018e+02
1.119433962264150892e+02
1.121989708404802712e+02
1.124734133790737474e+02
1.127478559176672377e+02
1.129948542024013705e+02
1.132178387650085654e+02
1.134185248713550607e+02
1.136192109777015418e+02
1.138524871355059958e+02
1.140651801029159458e+02
1.139656946826758173e+02
1.138662092624356745e+02
1.140943396226415132e+02
1.143636363636363598e+02
1.145900514579759886e+02
1.148370497427101213e+02
1.150703259005145753e+02
1.153036020583190293e+02
1.152075471698113063e+02
1.154614065180102784e+02
1.156655231560891934e+02
1.158559176672384154e+02
1.160463121783876517e+02
1.162624356775300214e+02
1.164528301886792434e+02
1.166963979416809565e+02
1.169125214408233262e+02
1.171663807890222984e+02
1.174356775300171307e+02
1.176878216123499215e+02
1.179279588336192006e+02
1.181801029159519771e+02
1.184734133790737474e+02
1.187495711835334475e+02
1.190257289879931477e+02
1.193087478559176589e+02
1.196054888507718630e+02
1.198833619210977588e+02
1.201612349914236688e+02
1.204373927958833690e+02
1.207152658662092506e+02
1.209948542024013705e+02
1.212761578044596860e+02
1.215969125214408137e+02
1.219691252144082227e+02
1.223036020583190293e+02
1.226295025728987866e+02
1.229416809605488652e+02
1.232624356775300072e+02
1.235643224699828409e+02
1.238970840480274376e+02
1.241629502572898787e+02
1.244699828473413277e+02
1.248044596912521342e+02
1.251526586620926196e+02
1.255197255574613848e+02
1.254476843910805997e+02
1.253636363636363455e+02
1.256998284734133762e+02
1.260583190394511206e+02
1.264150943396226410e+02
1.267718696397941613e+02
1.271269296740994719e+02
1.274922813036020557e+02
1.278542024013722056e+02
1.282144082332761741e+02
1.285763293310463098e+02
1.289382504288164739e+02
1.293207547169811278e+02
1.296792452830188722e+02
1.300651801029159458e+02
1.304150943396226126e+02
1.307667238421955176e+02
1.311080617495711635e+02
1.314596912521440686e+02
1.317993138936535047e+02
1.321372212692967310e+02
1.324802744425385868e+02
1.328164665523156032e+02
1.331663807890222984e+02
1.335368782161235117e+02
1.338816466552315489e+02
1.342058319039450964e+02
1.344408233276157603e+02
1.346620926243567737e+02
1.348970840480274092e+02
1.351698113207547181e+02
1.354305317324185012e+02
1.356912521440823411e+02
1.359536878216123341e+02
1.362024013722126767e+02
1.364391080617495788e+02
1.366706689536878230e+02
1.369485420240137046e+02
1.371989708404802570e+02
1.374631217838764883e+02
1.377392795883361885e+02
1.380154373927958886e+02
1.383070325900514490e+02
1.385986277873070094e+02
1.388936535162950179e+02
1.391989708404802570e+02
1.391063464837049537e+02
1.390154373927958886e+02
1.389245283018868236e+02
1.388336192109777016e+02
1.387427101200686081e+02
1.386277873070325768e+02
1.384682675814751178e+02
1.383190394511149179e+02
1.382161234991423555e+02
1.380823327615780158e+02
1.379777015437392720e+02
1.378301886792452819e+02
1.376706689536878230e+02
1.375111492281303640e+02
1.373499142367066952e+02
1.371886792452830264e+02
1.370274442538593291e+02
1.369176672384219273e+02
1.367581475128644968e+02
1.366072041166380586e+02
1.364562607204116489e+02
1.363190394511149179e+02
1.361818181818181870e+02
1.360445969125214560e+02
1.358953687821612277e+02
1.357461406518009994e+02
1.356089193825042685e+02
1.359005145797598573e+02
1.361612349914236688e+02
1.363842195540308921e+02
1.366586620926243540e+02
1.369331046312178159e+02
1.372624356775299930e+02
1.376174957118353177e+02
1.375728987993138901e+02
1.375214408233276231e+02
1.374682675814751178e+02
1.374493996569468095e+02
1.373945111492281228e+02
1.377186963979416703e+02
1.376638078902229836e+02
1.376243567753001571e+02
1.375917667238421700e+02
1.375471698113207140e+02
1.374922813036020557e+02
1.374511149228130193e+02
1.374013722126929338e+02
1.373499142367066952e+02
1.373087478559176589e+02
1.372572898799313634e+02
1.371938250428816559e+02
1.371389365351629408e+02
1.370840480274442257e+02
1.370188679245283083e+02
1.369536878216123341e+02
1.369005145797598573e+02
1.368439108061749607e+02
1.368010291595197145e+02
1.367358490566037688e+02
1.366809605488850821e+02
1.366226415094339472e+02
1.365643224699828409e+02
1.365214408233276231e+02
1.364802744425385868e+02
1.364391080617495504e+02
1.367993138936535047e+02
1.367444253859347896e+02
1.366895368782161029e+02
1.366037735849056389e+02
1.365197255574614132e+02
1.368559176672384012e+02
1.372212692967409566e+02
1.375557461406517916e+02
1.379176672384219273e+02
1.382795883361920914e+02
1.386569468267581442e+02
1.390325900514579587e+02
1.394065180102915633e+02
1.397392795883361885e+02
1.400857632933104640e+02
1.404322469982847394e+02
1.407753001715265668e+02
1.411097770154373734e+02
1.414408233276157603e+02
1.417838765008576161e+02
1.420171526586620985e+02
1.423070325900514490e+02
1.425780445969125196e+02
1.428370497427101213e+02
1.430943396226414848e+02
1.433653516295025838e+02
1.436226415094339472e+02
1.438782161234991293e+02
1.441629502572898787e+02
1.444305317324185296e+02
1.446706689536878230e+02
1.445523156089193719e+02
1.443790737564322342e+02
1.442469982847341043e+02
1.440891938250428552e+02
1.439365351629502356e+02
1.438198970840480229e+02
1.437152658662092506e+02
1.435471698113207424e+02
1.433310463121783869e+02
1.431440823327615703e+02
1.429451114922812849e+02
1.427461406518010278e+02
1.425694682675814420e+02
1.423653516295025554e+02
1.421886792452829980e+02
1.419982847341337617e+02
1.418233276157804426e+02
1.416329331046312063e+02
1.414322469982847394e+02
1.412435677530017131e+02
1.410651801029159458e+02
1.408627787307032690e+02
1.406620926243567737e+02
1.404614065180103069e+02
1.402830188679245396e+02
1.400926243567753033e+02
1.399845626072041114e+02
1.398765008576329194e+02
1.396861063464837116e+02
1.395385934819897216e+02
1.393636363636363740e+02
1.391749571183533476e+02
1.389862778730703212e+02
1.388147512864493933e+02
1.386277873070325768e+02
1.387975986277872948e+02
1.390051457975986295e+02
1.392109777015437544e+02
1.394476843910805997e+02
1.396432246998284654e+02
1.398284734133790721e+02
1.396449399656946753e+02
1.395094339622641542e+02
1.397581475128644684e+02
1.396363636363636260e+02
1.395265866209262242e+02
1.394288164665522913e+02
1.393602058319039543e+02
1.392795883361920914e+02
1.391886792452829980e+02
1.391080617495711635e+02
1.390257289879931477e+02
1.389228130360205853e+02
1.388181818181818130e+02
1.387118353344768309e+02
1.386174957118353177e+02
1.385420240137221128e+02
1.384665523156089080e+02
1.383893653516294933e+02
1.383259005145797573e+02
1.382504288164665525e+02
1.381629502572898787e+02
1.385077186963979443e+02
1.384219554030874519e+02
1.383241852487135475e+02
1.382246998284733763e+02
1.381252144082332620e+02
1.380154373927958602e+02
1.378919382504287796e+02
1.377684391080617274e+02
1.376432246998284654e+02
1.375197255574614132e+02
1.373790737564322342e+02
1.372761578044596718e+02
1.371749571183533476e+02
1.370617495711834977e+02
1.369605488850771735e+02
1.368336192109776732e+02
1.367066895368782014e+02
1.365797598627787011e+02
1.364545454545454390e+02
1.363156089193824698e+02
1.362058319039450680e+02
1.360686106346483371e+02
1.363567753001715062e+02
1.362178387650085654e+02
1.360686106346483371e+02
1.363310463121783869e+02
1.361972555746140472e+02
1.360377358490565882e+02
1.358765008576329194e+02
1.357169811320754604e+02
1.355454545454545325e+02
1.353893653516294933e+02
1.352452830188679229e+02
1.350874785591766738e+02
1.349433962264151035e+02
1.347993138936535047e+02
1.346569468267581442e+02
1.345145797598627837e+02
1.343876500857632834e+02
1.342435677530017131e+02
1.340994854202401143e+02
1.339554030874785440e+02
1.338147512864493933e+02
1.336740994854202427e+02
1.335454545454545325e+02
1.334065180102915917e+02
1.332675814751286225e+02
1.331166380789022128e+02
1.329656946826758031e+02
1.328319039451114634e+02
1.326843910806174733e+02
1.325368782161234549e+02
1.323773584905660243e+02
1.322384219554030551e+02
1.320874785591766454e+02
1.318970840480274092e+02
1.317101200686106210e+02
1.315094339622641257e+02
1.313087478559176589e+02
1.311097770154373734e+02
1.309090909090908781e+02
1.306963979416809423e+02
1.305077186963979159e+02
1.302933104631217702e+02
1.300891938250428552e+02
1.298747855917667380e+02
1.296603773584905639e+02
1.294322469982847110e+02
1.292041166380788866e+02
1.289759862778730621e+02
1.291080617495711635e+02
1.292521440823327339e+02
1.290360205831903784e+02
1.288198970840480229e+02
1.289399656946826553e+02
1.287255574614064813e+02
1.285334476843910636e+02
1.286878216123498930e+02
1.288679245283018986e+02
1.291149228130360029e+02
1.293619210977701357e+02
1.295557461406517916e+02
1.297495711835334191e+02
1.295711835334476518e+02
1.294065180102915917e+02
1.292778730703258816e+02
1.291492281303601999e+02
1.294305317324185012e+02
1.297118353344768309e+02
1.295814751286449109e+02
1.294511149228130193e+02
1.292658662092624127e+02
1.290806174957118060e+02
1.289090909090908781e+02
1.287118353344768025e+02
1.285248713550600144e+02
1.283756432246998145e+02
1.282246998284734048e+02
1.280617495711834977e+02
1.279090909090909065e+02
1.277598627787306782e+02
1.276037735849056389e+02
1.274013722126929622e+02
1.272469982847341043e+02
1.270085763293310350e+02
1.267907375643224555e+02
1.270102915951972449e+02
1.272109777015437260e+02
1.269897084048027409e+02
1.267667238421955176e+02
1.265231560891938045e+02
1.263259005145797431e+02
1.260360205831903784e+02
1.258404802744425126e+02
1.257049742710119915e+02
1.255694682675814704e+02
1.253859348198970736e+02
1.251372212692967310e+02
1.249022298456260671e+02
1.246672384219554033e+02
1.244339622641509351e+02
1.242024013722126909e+02
1.239862778730703212e+02
1.237735849056603570e+02
1.235454545454545325e+02
1.233190394511149179e+02
1.231149228130360029e+02
1.228164665523156032e+02
1.225420240137221128e+02
1.222692967409948466e+02
1.219897084048027267e+02
1.217015437392795860e+02
1.214185248713550465e+02
1.211372212692967310e+02
1.209468267581474947e+02
1.207324185248713491e+02
1.205403087478559030e+02
1.202967409948541899e+02
1.200943396226415132e+02
1.198850771869639686e+02
1.196775300171526482e+02
1.194837049742709922e+02
1.192795883361920914e+02
1.190771869639793863e+02
1.188953687821612135e+02
1.187324185248713349e+02
1.185711835334476802e+02
1.183893653516294933e+02
1.182109777015437260e+02
1.180188679245282799e+02
1.178404802744425268e+02
1.176380789022298359e+02
1.174459691252143898e+02
1.172469982847341328e+02
1.170222984562607138e+02
1.167855917667238259e+02
1.165488850771869522e+02
1.163018867924528195e+02
1.160668953687821556e+02
1.158301886792452819e+02
1.155951972555746039e+02
1.153602058319039401e+02
1.151234991423670522e+02
1.148867924528301785e+02
1.146260720411663669e+02
1.143859348198970736e+02
1.141475128644939900e+02
1.139090909090908923e+02
1.136174957118353177e+02
1.133790737564322342e+02
1.131389365351629408e+02
1.128644939965694505e+02
1.125900514579759744e+02
1.122933104631217702e+02
1.120257289879931193e+02
1.117924528301886653e+02
1.115403087478559030e+02
1.112504288164665240e+02
1.109485420240137046e+02
1.106466552315608851e+02
1.104150943396226268e+02
1.101732418524871235e+02
1.098902229845625982e+02
1.096535162950257245e+02
1.095368782161234833e+02
1.092898799313893505e+02
1.090703259005145753e+02
1.087993138936535047e+02
1.085746140651800857e+02
1.083361921097769880e+02
1.080977701543739045e+02
1.078833619210977588e+02
1.076174957118353177e+02
1.074082332761577874e+02
1.071715265866208995e+02
1.069656946826758031e+02
1.067907375643224555e+02
1.066072041166380586e+02
1.064099485420239972e+02
1.062109777015437260e+02
1.059999999999999716e+02
1.057890222984562314e+02
1.056329331046311921e+02
1.054665523156088938e+02
1.052178387650085369e+02
1.049571183533447538e+02
1.046843910806174733e+02
1.044185248713550322e+02
1.041852487135505783e+02
1.039656946826758031e+02
1.036363636363636118e+02
1.034339622641509209e+02
1.031921097770154176e+02
1.029811320754716917e+02
1.027444253859348038e+02
1.025025728987992863e+02
1.021698113207546896e+02
1.022401372212692934e+02
1.023224699828473376e+02
1.019965694682675661e+02
1.016843910806174733e+02
1.013739279588336046e+02
1.011732418524871235e+02
1.008919382504287938e+02
1.006689536878215847e+02
1.003722126929673948e+02
1.000668953687821414e+02
9.976329331046309790e+01
9.942024013722125630e+01
9.910977701543737339e+01
9.888507718696396864e+01
9.864837049742708075e+01
9.838250428816463966e+01
9.809948542024011431e+01
9.782675814751283383e+01
9.760891938250426847e+01
9.743739279588332636e+01
9.727615780445967175e+01
9.708404802744422568e+01
9.689193825042879382e+01
9.668953687821610288e+01
9.648542024013720209e+01
9.629331046312177023e+01
9.605317324185246264e+01
9.585248713550598154e+01
9.566723842195538907e+01
9.548198970840478239e+01
9.525557461406515358e+01
9.506689536878212721e+01
9.488507718696396864e+01
9.469982847341336196e+01
9.447169811320752331e+01
9.426415094339620282e+01
9.406346483704972172e+01
9.380960548885076378e+01
9.359691252144079954e+01
9.332761578044593875e+01
9.303430531732416853e+01
9.272898799313891516e+01
9.243396226415092087e+01
9.218181818181815856e+01
9.190566037735845839e+01
9.163979416809603151e+01
9.137392795883360463e+01
9.109777015437390446e+01
9.084219554030872246e+01
9.057461406518008573e+01
9.026415094339620282e+01
8.990737564322466824e+01
8.955060034305314787e+01
8.921955403087476100e+01
8.894339622641506082e+01
8.867924528301884379e+01
8.837907375643221997e+01
8.810120068610632416e+01
8.782504288164662398e+01
8.754888507718693802e+01
8.727272727272725206e+01
8.698456260720409716e+01
8.669639794168092806e+01
8.640994854202398301e+01
8.614579759862776598e+01
8.585763293310461108e+01
8.556946826758145619e+01
8.530703259005143479e+01
8.504802744425381889e+01
8.470840480274441120e+01
8.441680960548882240e+01
8.412692967409945766e+01
8.382504288164662398e+01
8.352487135506001437e+01
8.322641509433958618e+01
8.291423670668950763e+01
8.257461406518007152e+01
8.234133790737561753e+01
8.198799313893650265e+01
8.166037735849053547e+01
8.133276157804456830e+01
8.101715265866207005e+01
8.070154373927955760e+01
8.037564322469980027e+01
8.006174957118349766e+01
7.980274442538591018e+01
7.947855917667234849e+01
7.915437392795880100e+01
7.883018867924525352e+01
7.892624356775297656e+01
7.896054888507714509e+01
7.860548885077183456e+01
7.863979416809601730e+01
7.871183533447681668e+01
7.873756432246996440e+01
7.838936535162947905e+01
7.841337907375640270e+01
7.842538593481987164e+01
7.806861063464835127e+01
7.771355060034302653e+01
7.735677530017150616e+01
7.699999999999997158e+01
7.662778730703257679e+01
7.625728987993136343e+01
7.589022298456258397e+01
7.590566037735845839e+01
7.553516295025727345e+01
7.516809605488847978e+01
7.478216123499140622e+01
7.439622641509431844e+01
7.402572898799310508e+01
7.369296740994850836e+01
7.338250428816465387e+01
7.306003430531730203e+01
7.270325900514578166e+01
7.236706689536876524e+01
7.235849056603771601e+01
7.234991423670666677e+01
7.202915951972552477e+01
7.167409948542021425e+01
7.135162950257287662e+01
7.100857632933102082e+01
7.067924528301884379e+01
7.034991423670666677e+01
7.034991423670666677e+01
7.001886792452827990e+01
6.973584905660374034e+01
6.945454545454542483e+01
6.917324185248710933e+01
6.886620926243564611e+01
6.858490566037733061e+01
6.830360205831901510e+01
6.804974271012004294e+01
6.776843910806172744e+01
6.747169811320752331e+01
6.719210977701541765e+01
6.692452830188676671e+01
6.664493996569466105e+01
6.632418524871351906e+01
6.601029159519723066e+01
6.569639794168092806e+01
6.537564322469980027e+01
6.505317324185246264e+01
6.473756432246995018e+01
6.442195540308745194e+01
6.409433962264148477e+01
6.376672384219551759e+01
6.343739279588332636e+01
6.310634648370495370e+01
6.273584905660375455e+01
6.231389365351627418e+01
6.193138936535159900e+01
6.155574614065176320e+01
6.118181818181815856e+01
6.079931389365349048e+01
6.043053173241850118e+01
6.004974271012003584e+01
5.967753001715263395e+01
5.929674099485417571e+01
5.890051457975983595e+01
5.850257289879928635e+01
5.813207547169808720e+01
5.814236706689534628e+01
5.815265866209259826e+01
5.779245283018865109e+01
5.738250428816463966e+01
5.697427101200683808e+01
5.657975986277870106e+01
5.617324185248710933e+01
5.577530017152655972e+01
5.539622641509431844e+01
5.502915951972553898e+01
5.465180102915950044e+01
5.428644939965692373e+01
5.389708404802741626e+01
5.352144082332758757e+01
5.311835334476840842e+01
5.276329331046309790e+01
5.239451114922810149e+01
5.202401372212690234e+01
5.164322469982845121e+01
5.125042881646652404e+01
5.091938250428813717e+01
5.057461406518007863e+01
5.024356775300168465e+01
4.989879931389363321e+01
4.954030874785589589e+01
4.919554030874783734e+01
4.882504288164663819e+01
4.846998284734131346e+01
4.812521440823326202e+01
4.778044596912519637e+01
4.739794168096052829e+01
4.700343053173240548e+01
4.662435677530015710e+01
4.624356775300169886e+01
4.629674099485418992e+01
4.637221269296739479e+01
4.604288164665521776e+01
4.565694682675812999e+01
4.528644939965693084e+01
4.491595197255573169e+01
4.454373927958832269e+01
4.416295025728986445e+01
4.378044596912519637e+01
4.340823327615778737e+01
4.302058319039449685e+01
4.262264150943394725e+01
4.262264150943394725e+01
4.262264150943394725e+01
4.262264150943394725e+01
4.262264150943395435e+01
4.262264150943394725e+01
4.262264150943394725e+01
4.263293310463120633e+01
4.263293310463120633e+01
4.261921097770152755e+01
4.260720411663806573e+01
4.260720411663806573e+01
4.260720411663806573e+01
4.260720411663805862e+01
4.260720411663806573e+01
4.260720411663805862e+01
4.260720411663806573e+01
4.260720411663805862e+01
4.260720411663806573e+01
4.263121783876498938e+01
4.264322469982845121e+01
4.265523156089192014e+01
4.265523156089192014e+01
4.265523156089192724e+01
4.265523156089192014e+01
4.265523156089192014e+01
4.265523156089192724e+01
4.265523156089192724e+01
4.228473413379072099e+01
4.188679245283017849e+01
4.152658662092622421e+01
4.112864493996568171e+01
4.073070325900513211e+01
4.033447684391079235e+01
3.993825042881645970e+01
3.993825042881645970e+01
3.993653516295024986e+01
3.993481989708404001e+01
3.992109777015436123e+01
3.992109777015436123e+01
3.954202401372211284e+01
3.954202401372211284e+01
3.952830188679244117e+01
3.952830188679244117e+01
3.952830188679244117e+01
3.952830188679244117e+01
3.984734133790736621e+01
3.984734133790736621e+01
4.016638078902228415e+01
4.048542024013720919e+01
4.079073756432245546e+01
4.113893653516294080e+01
4.145797598627785874e+01
4.177701543739278378e+01
4.177701543739277668e+01
4.214751286449399004e+01
4.252144082332760178e+01
4.290737564322468955e+01
4.327958833619209855e+01
4.366209262435676663e+01
4.405831903945110639e+01
4.405831903945110639e+01
4.405831903945110639e+01
4.405831903945110639e+01
4.405831903945110639e+01
4.405831903945110639e+01
4.364150943396225557e+01
4.364150943396225557e+01
4.395711835334476092e+01
4.428473413379072809e+01
4.462607204116636694e+01
4.421783876500856536e+01
4.421097770154373308e+01
4.421440823327614567e+01
4.420583190394510353e+01
4.417152658662092080e+01
4.414751286449399004e+01
4.412692967409948608e+01
4.410463121783875806e+01
4.408576329331045685e+01
4.407718696397941471e+01
4.405488850771868670e+01
4.404459691252144182e+01
4.405831903945111350e+01
4.407547169811320487e+01
4.367581475128645252e+01
4.327615780445968596e+01
4.325042881646655246e+01
4.283876500857633118e+01
4.283876500857632408e+01
4.278559176672384012e+01
4.273241852487134906e+01
4.269125214408232694e+01
4.263979416809605283e+01
4.225214408233276231e+01
4.183876500857632408e+01
4.179588336192109210e+01
4.217838765008576019e+01
4.219210977701543186e+01
4.254030874785591720e+01
4.289708404802743758e+01
4.290737564322469666e+01
4.291938250428815849e+01
4.293481989708404001e+01
4.293481989708404001e+01
4.293481989708404711e+01
4.294854202401371879e+01
4.294854202401371879e+01
4.294854202401371879e+01
4.294854202401371879e+01
4.294854202401371879e+01
4.294854202401371879e+01
4.293310463121783727e+01
4.292109777015437544e+01
4.292109777015437544e+01
4.292109777015436833e+01
4.292109777015436833e+01
4.290909090909090651e+01
4.290737564322469666e+01
4.291595197255574590e+01
4.292795883361921483e+01
4.292795883361921483e+01
4.295540308747855818e+01
4.295540308747855818e+01
4.295540308747855818e+01
4.295540308747855818e+01
4.295540308747855818e+01
4.295540308747855818e+01
4.295540308747855818e+01
4.295540308747855818e+01
4.295540308747855818e+01
4.295540308747855818e+01
4.266209262435677374e+01
4.233104631217838687e+01
4.200171526586620985e+01
4.164150943396226268e+01
4.128301886792452535e+01
4.093481989708404711e+01
4.093481989708404001e+01
4.093481989708404001e+01
4.054888507718695934e+01
4.054888507718695934e+01
4.054888507718695934e+01
4.054888507718695934e+01
4.088336192109777301e+01
4.088336192109776590e+01
4.088336192109776590e+01
4.088336192109776590e+01
4.088336192109776590e+01
4.088336192109776590e+01
4.088336192109776590e+01
4.088336192109776590e+01
4.125557461406518200e+01
4.162950257289880085e+01
4.197427101200685229e+01
4.197427101200685939e+01
4.197427101200685939e+01
4.197427101200685229e+01
4.230874785591765885e+01
4.225728987993137764e+01
4.264837049742709496e+01
4.296740994854202000e+01
4.332933104631217702e+01
4.367924528301886511e+01
4.407375643224699502e+01
4.442710120068610280e+01
4.483190394511149179e+01
4.520754716981131338e+01
4.561063464837049253e+01
4.598799313893653107e+01
4.635334476843910068e+01
4.671869639794168449e+01
4.701029159519725198e+01
4.737564322469982869e+01
4.777873070325900073e+01
4.814922813036019988e+01
4.855231560891937903e+01
4.891766723842195574e+01
4.930874785591766596e+01
4.971183533447684511e+01
5.004459691252144182e+01
4.993653516295025696e+01
5.025728987993139185e+01
5.051972555746140614e+01
5.038250428816466808e+01
5.068953687821612419e+01
5.099656946826758031e+01
5.099656946826758031e+01
5.134476843910805854e+01
5.165866209262435405e+01
5.200686106346483228e+01
5.231217838765008565e+01
5.261921097770154176e+01
5.292452830188679513e+01
5.326072041166381155e+01
5.326072041166381155e+01
5.358147512864493933e+01
5.358147512864493933e+01
5.358147512864493933e+01
5.358147512864493933e+01
5.358147512864493933e+01
5.358147512864493933e+01
5.359519725557461811e+01
5.360891938250428268e+01
5.363464837049742329e+01
5.364665523156088511e+01
5.365866209262435405e+01
5.365866209262436115e+01
5.366895368782161313e+01
5.368096054888508206e+01
5.376157804459691647e+01
5.378730703259004997e+01
5.380274442538593860e+01
5.381646655231560317e+01
5.383190394511149179e+01
5.385591766723841545e+01
5.387993138936535331e+01
5.389365351629502499e+01
5.390909090909090651e+01
5.390909090909090651e+01
5.390909090909090651e+01
5.396054888507718772e+01
5.396054888507718772e+01
5.403430531732418274e+01
5.403430531732418274e+01
5.403430531732418274e+01
5.403430531732418274e+01
5.403430531732418274e+01
5.403430531732418984e+01
5.367409948542024267e+01
5.331389365351629550e+01
5.331389365351628840e+01
5.331389365351628840e+01
5.297770154373927909e+01
5.297770154373927909e+01
5.297770154373927909e+01
5.263121783876501070e+01
5.227272727272727337e+01
5.191423670668953605e+01
5.155574614065180583e+01
5.118353344768439683e+01
5.081132075471698784e+01
5.081132075471698073e+01
5.081132075471697362e+01
5.081132075471698073e+01
5.081132075471697362e+01
5.040137221269296219e+01
4.999142367066895076e+01
4.999142367066895076e+01
5.004288164665523198e+01
5.005317324185248395e+01
5.006346483704973593e+01
5.011320754716980730e+01
5.012349914236706638e+01
5.012349914236706638e+01
5.012349914236706638e+01
5.012349914236706638e+01
5.054030874785591720e+01
5.094682675814750894e+01
5.135334476843910068e+01
5.177530017152658104e+01
5.219554030874785155e+01
5.261749571183533192e+01
5.303945111492281228e+01
5.345797598627787295e+01
5.345626072041165600e+01
5.345454545454545325e+01
5.386106346483704499e+01
5.426758147512864383e+01
5.467409948542024267e+01
5.503259005145797289e+01
5.542367066895369021e+01
5.580445969125214134e+01
5.618524871355059958e+01
5.655574614065179873e+01
5.692624356775300498e+01
5.729674099485420413e+01
5.766723842195540328e+01
5.802401372212693076e+01
5.838078902229845824e+01
5.875300171526586723e+01
5.910291595197254821e+01
5.943396226415094219e+01
5.977358490566037119e+01
6.013036020583190577e+01
6.044596912521440402e+01
6.079588336192109921e+01
6.114579759862778019e+01
6.149399656946826553e+01
6.184734133790737332e+01
6.224699828473413277e+01
6.263121783876500359e+01
6.301029159519725198e+01
6.337049742710119915e+01
6.375128644939965739e+01
6.409948542024014273e+01
6.448370497427100645e+01
6.444596912521440402e+01
6.444596912521441823e+01
6.444596912521440402e+01
6.443224699828473945e+01
6.443224699828472524e+01
6.443224699828473945e+01
6.443224699828473945e+01
6.443224699828473945e+01
6.443224699828472524e+01
6.443224699828473945e+01
6.443224699828473945e+01
6.443224699828473945e+01
6.443224699828472524e+01
6.443224699828473945e+01
6.443224699828473945e+01
6.443224699828472524e+01
6.443224699828472524e+01
6.443224699828473945e+01
6.443224699828473945e+01
6.443224699828472524e+01
6.443224699828472524e+01
6.443224699828473945e+01
6.443224699828473945e+01
6.443396226415093508e+01
6.443396226415093508e+01
6.443396226415094930e+01
6.443396226415094930e+01
6.443396226415093508e+01
6.443396226415093508e+01
6.443396226415093508e+01
6.443396226415094930e+01
6.443396226415094930e+01
6.443396226415093508e+01
6.443396226415094930e+01
6.443396226415094930e+01
6.443396226415094930e+01
6.443396226415093508e+01
6.443396226415094930e+01
6.444596912521440402e+01
6.444596912521440402e+01
6.444768439108061386e+01
6.472555746140650967e+01
6.472555746140650967e+01
6.497084048027443259e+01
6.526929674099484657e+01
6.550428816466552462e+01
6.574785591766723769e+01
6.597255574614064244e+01
6.621440823327614567e+01
6.644253859348197011e+01
6.668267581475129191e+01
6.692281303602058529e+01
6.713893653516294080e+01
6.738078902229844402e+01
6.764493996569467527e+01
6.790051457975985727e+01
6.815608919382503927e+01
6.842710120068608148e+01
6.867066895368782298e+01
6.894168096054886519e+01
6.922298456260719490e+01
6.947855917667237691e+01
6.973413379073755891e+01
7.000514579759862954e+01
7.026243567753002139e+01
7.050771869639794431e+01
7.076672384219553180e+01
7.103602058319039259e+01
7.130531732418523916e+01
7.156432246998284086e+01
7.181132075471697362e+01
7.209605488850772304e+01
7.235334476843911489e+01
7.263807890222985009e+01
7.293825042881647391e+01
7.321097770154374018e+01
7.350771869639794431e+01
7.383876500857633118e+01
7.383876500857633118e+01
7.345283018867924341e+01
7.336363636363637397e+01
7.368267581475129191e+01
7.399142367066895076e+01
7.426758147512865094e+01
7.426758147512863673e+01
7.426758147512863673e+01
7.426758147512862251e+01
7.426758147512863673e+01
7.466723842195540328e+01
7.506689536878215563e+01
7.546483704974269813e+01
7.586277873070325484e+01
7.622813036020582445e+01
7.656775300171526055e+01
7.693310463121783016e+01
7.729845626072039977e+01
7.765523156089193435e+01
7.765523156089192014e+01
7.765523156089193435e+01
7.765523156089193435e+01
7.765523156089193435e+01
7.765523156089193435e+01
7.765523156089193435e+01
7.766723842195540328e+01
7.766723842195540328e+01
7.767924528301887221e+01
7.767924528301885800e+01
7.767924528301887221e+01
7.767924528301887221e+01
7.767924528301887221e+01
7.768953687821611709e+01
7.768953687821611709e+01
7.768953687821613130e+01
7.768953687821613130e+01
7.768953687821611709e+01
7.768953687821611709e+01
7.768953687821613130e+01
7.768953687821613130e+01
7.768953687821611709e+01
7.768953687821611709e+01
7.768953687821613130e+01
7.768953687821613130e+01
7.772212692967408998e+01
7.772212692967408998e+01
7.772212692967410419e+01
7.772212692967408998e+01
7.772212692967408998e+01
7.772212692967408998e+01
7.772212692967408998e+01
7.772212692967408998e+01
7.772212692967408998e+01
7.772212692967408998e+01
7.772212692967408998e+01
7.773413379073755891e+01
7.773413379073755891e+01
7.773413379073755891e+01
7.800000000000000000e+01
7.800000000000000000e+01
7.800000000000000000e+01
7.828301886792451114e+01
7.828301886792451114e+01
7.854545454545453254e+01
7.882161234991423271e+01
7.882161234991423271e+01
7.882161234991423271e+01
7.882161234991423271e+01
7.882161234991423271e+01
7.882161234991423271e+01
7.881989708404802286e+01
7.906689536878215563e+01
7.929845626072039977e+01
7.956089193825042116e+01
7.980445969125213423e+01
8.006689536878215563e+01
8.034305317324185580e+01
8.060891938250428268e+01
8.088507718696396864e+01
8.115437392795882943e+01
8.144425385934817996e+01
8.173413379073755891e+01
8.206346483704973593e+01
8.233447684391080656e+01
8.255060034305316208e+01
8.276672384219553180e+01
8.298284734133790153e+01
8.319897084048025704e+01
8.341680960548885082e+01
8.372041166380788013e+01
8.360205831903944329e+01
8.353516295025728766e+01
8.387821612349912925e+01
8.374271012006860815e+01
8.360205831903944329e+01
8.323156089193824414e+01
8.348885077186963599e+01
8.337564322469981448e+01
8.326072041166379734e+01
8.326072041166379734e+01
8.326072041166379734e+01
8.359005145797598857e+01
8.359005145797598857e+01
8.359005145797598857e+01
8.359005145797597436e+01
8.359005145797597436e+01
8.320754716981130628e+01
8.320754716981130628e+01
8.360891938250428268e+01
8.360891938250426847e+01
8.360891938250428268e+01
8.360891938250428268e+01
8.360891938250426847e+01
8.359691252144079954e+01
8.359691252144081375e+01
8.359691252144081375e+01
8.359691252144079954e+01
8.359691252144079954e+01
8.359691252144081375e+01
8.359691252144081375e+01
8.359691252144079954e+01
8.359691252144079954e+01
8.359691252144081375e+01
8.359691252144081375e+01
8.359691252144079954e+01
8.359691252144081375e+01
8.361921097770152755e+01
8.362950257289878664e+01
8.365008576329330481e+01
8.366037735849054968e+01
8.367238421955401861e+01
8.368610634648369739e+01
8.368610634648369739e+01
8.368610634648369739e+01
8.368610634648369739e+01
8.368610634648369739e+01
8.368610634648369739e+01
8.368610634648369739e+01
8.368610634648368318e+01
8.368610634648368318e+01
8.368610634648369739e+01
8.368610634648369739e+01
8.368610634648369739e+01
8.367409948542022846e+01
8.367409948542022846e+01
8.367409948542022846e+01
8.367409948542022846e+01
8.367409948542022846e+01
8.367409948542022846e+01
8.367238421955401861e+01
8.367409948542022846e+01
