2.462967409948542183e+02
2.463018867924528763e+02
2.462710120068610991e+02
2.462641509433962312e+02
2.462229845626072233e+02
2.461818181818181870e+02
2.461646655231560885e+02
2.461355060034305211e+02
2.461183533447684511e+02
2.460771869639793863e+02
2.460600343053173162e+02
2.460428816466552462e+02
2.460017152658662098e+02
2.459845626072041114e+02
2.459571183533447538e+02
2.459296740994853963e+02
2.459022298456260671e+02
2.458747855917667380e+02
2.458473413379073804e+02
2.458198970840480229e+02
2.457924528301886937e+02
2.457650085763293362e+02
2.457375643224699786e+02
2.457101200686106495e+02
2.456826758147512919e+02
2.456672384219554033e+02
2.456518010291595147e+02
2.456243567753002139e+02
2.455969125214408564e+02
2.455694682675814988e+02
2.455420240137221413e+02
2.455145797598627837e+02
2.454871355060034261e+02
2.454596912521440686e+02
2.454322469982847110e+02
2.454048027444253819e+02
2.453773584905660528e+02
2.453636363636363740e+02
2.453379073756432263e+02
2.453104631217838687e+02
2.452830188679245111e+02
2.452555746140651536e+02
2.452281303602058244e+02
2.452126929674099358e+02
2.451972555746140756e+02
2.451818181818181586e+02
2.451663807890222984e+02
2.451629502572898787e+02
2.451492281303601999e+02
2.451355060034305211e+02
2.451234991423670522e+02
2.451114922813036117e+02
2.451097770154373734e+02
2.451097770154373734e+02
2.451097770154373734e+02
2.451320754716981014e+02
2.451646655231560885e+02
2.451783876500857673e+02
2.451818181818181870e+02
2.451766723842195574e+02
2.451715265866209279e+02
2.451766723842195574e+02
2.451818181818181870e+02
2.452658662092624411e+02
2.452710120068610706e+02
2.453550600343053247e+02
2.454271012006860815e+02
2.454991423670668951e+02
2.455711835334476518e+02
2.455557461406517916e+02
2.455403087478559030e+02
2.455248713550599859e+02
2.455094339622641257e+02
2.454837049742710064e+02
2.454682675814751178e+02
2.454528301886792292e+02
2.454373927958833406e+02
2.454116638078901929e+02
2.454819897084047966e+02
2.455523156089193435e+02
2.456209262435677374e+02
2.456054888507718488e+02
2.456723842195540328e+02
2.457409948542023983e+02
2.458078902229845539e+02
2.457924528301886653e+02
2.457770154373927767e+02
2.457615780445969165e+02
2.457461406518010278e+02
2.457307032590051676e+02
2.457152658662092790e+02
2.456998284734133904e+02
2.456843910806175018e+02
2.456689536878216131e+02
2.456535162950257245e+02
2.456380789022298359e+02
2.456861063464837116e+02
2.457341337907375873e+02
2.458061749571183441e+02
2.458885077186964168e+02
2.459708404802744326e+02
2.459759862778730621e+02
2.460583190394511064e+02
2.461406518010291506e+02
2.462092624356775445e+02
2.462778730703258816e+02
2.463464837049742755e+02
2.464082332761578016e+02
2.464459691252143898e+02
2.465265866209262526e+02
2.465523156089193435e+02
2.466192109777015276e+02
2.466792452830188438e+02
2.466603773584905639e+02
2.466758147512864525e+02
2.466346483704974162e+02
2.465934819897084083e+02
2.465506003430531905e+02
2.465077186963979443e+02
2.464957118353344754e+02
2.465317324185248822e+02
2.465265866209262526e+02
2.465214408233276231e+02
2.465248713550600428e+02
2.465094339622641542e+02
2.465042881646655246e+02
2.464991423670668951e+02
2.465025728987993432e+02
2.465060034305317345e+02
2.465094339622641542e+02
2.465128644939965739e+02
2.465077186963979443e+02
2.465025728987993148e+02
2.464974271012006852e+02
2.464939965694682655e+02
2.464905660377358458e+02
2.464871355060034261e+02
2.464734133790737474e+02
2.464596912521440686e+02
2.464459691252143898e+02
2.464322469982847110e+02
2.464185248713550322e+02
2.464048027444253535e+02
2.463910806174956747e+02
2.463773584905660243e+02
2.463533447684390865e+02
2.463396226415094361e+02
2.463156089193824982e+02
2.463018867924528195e+02
2.462881646655231407e+02
2.462744425385934619e+02
2.462710120068610422e+02
2.462675814751286225e+02
2.462761578044596718e+02
2.462847341337907210e+02
2.462933104631217702e+02
2.463018867924528195e+02
2.463087478559176589e+02
2.463241852487135475e+02
2.463310463121783869e+02
2.463379073756432263e+02
2.463344768439108066e+02
2.463241852487135475e+02
2.463413379073756460e+02
2.463584905660377444e+02
2.463653516295025838e+02
2.463842195540308921e+02
2.464030874785592005e+02
2.464219554030875088e+02
2.464408233276157887e+02
2.464596912521440686e+02
2.464545454545454675e+02
2.464493996569468379e+02
2.464682675814751178e+02
2.464699828473413277e+02
2.464716981132075375e+02
2.464391080617495788e+02
2.464391080617495788e+02
2.464408233276157887e+02
2.465111492281303640e+02
2.465814751286449678e+02
2.464905660377358458e+02
2.465368782161235117e+02
2.465265866209262526e+02
2.465265866209262242e+02
2.465917667238421984e+02
2.465351629502573019e+02
2.464871355060034261e+02
2.464391080617495788e+02
2.463910806174957031e+02
2.463430531732418558e+02
2.464322469982847394e+02
2.463842195540308921e+02
2.463361921097770164e+02
2.463156089193824982e+02
2.462950257289879801e+02
2.462744425385934903e+02
2.462538593481989437e+02
2.462847341337907210e+02
2.463156089193824982e+02
2.464048027444253819e+02
2.464545454545454390e+02
2.464065180102915917e+02
2.463584905660377444e+02
2.463104631217838687e+02
2.463893653516294933e+02
2.464682675814751178e+02
2.465471698113207424e+02
2.466363636363636260e+02
2.466946826758147608e+02
2.467530017152658957e+02
2.468336192109777016e+02
2.468919382504288365e+02
2.468542024013722198e+02
2.468387650085763312e+02
2.468319039451114918e+02
2.468799313893653391e+02
2.468507718696398001e+02
2.468542024013722198e+02
2.468765008576329478e+02
2.469108061749571448e+02
2.469313893653516629e+02
2.469639794168096500e+02
2.469965694682675803e+02
2.470291595197255674e+02
2.470102915951972591e+02
2.470120068610634689e+02
2.470240137221269379e+02
2.470343053173241969e+02
2.470343053173241969e+02
2.470343053173241969e+02
2.470463121783876659e+02
2.470463121783876659e+02
2.470463121783876659e+02
2.470463121783876375e+02
2.470583190394511348e+02
2.470463121783876375e+02
2.470445969125214560e+02
2.470428816466552462e+02
2.470411663807890363e+02
2.470274442538593576e+02
2.470137221269296788e+02
2.469879931389365311e+02
2.469622641509433834e+02
2.469262435677530050e+02
2.468902229845626266e+02
2.468542024013722198e+02
2.468181818181818414e+02
2.467821612349914346e+02
2.467461406518010563e+02
2.467101200686106495e+02
2.466878216123499215e+02
2.466655231560891934e+02
2.466432246998284654e+02
2.466312178387650249e+02
2.466192109777015844e+02
2.466072041166381155e+02
2.465951972555746465e+02
2.465831903945111776e+02
2.465711835334477087e+02
2.465814751286449678e+02
2.465917667238422268e+02
2.465866209262435973e+02
2.465951972555746465e+02
2.465831903945111776e+02
2.465711835334476802e+02
2.466346483704974162e+02
2.466552315608919628e+02
2.466758147512864525e+02
2.466946826758147608e+02
2.466998284734133904e+02
2.467066895368782014e+02
2.467135506003430692e+02
2.467615780445968880e+02
2.467787307032590149e+02
2.467958833619210850e+02
2.468130360205831835e+02
2.468301886792452819e+02
2.468198970840480229e+02
2.468096054888507638e+02
2.468713550600343183e+02
2.468507718696398001e+02
2.468987993138936758e+02
2.469605488850772019e+02
2.470205831903945182e+02
2.470806174957118628e+02
2.471097770154374302e+02
2.471372212692967594e+02
2.471372212692967310e+02
2.471286449399656817e+02
2.471200686106346609e+02
2.470857632933104924e+02
2.471543739279588294e+02
2.472229845626072233e+02
2.472898799313893790e+02
2.472898799313893790e+02
2.472898799313893790e+02
2.472898799313893790e+02
2.472504288164665525e+02
2.472898799313893790e+02
2.473310463121783869e+02
2.473121783876500785e+02
2.473533447684391149e+02
2.473945111492281512e+02
2.474356775300171591e+02
2.474768439108061671e+02
2.474665523156089080e+02
2.474562607204116489e+02
2.474459691252143898e+02
2.475077186963979443e+02
2.475694682675814704e+02
2.476312178387649965e+02
2.476140651801029264e+02
2.476157804459691647e+02
2.475986277873070378e+02
2.475831903945111492e+02
2.476466552315608851e+02
2.476106346483705067e+02
2.475831903945111492e+02
2.475557461406518200e+02
2.475283018867924625e+02
2.475008576329331049e+02
2.474734133790737758e+02
2.474459691252144466e+02
2.474288164665523482e+02
2.474785591766724053e+02
2.474493996569468663e+02
2.474356775300171591e+02
2.474219554030875088e+02
2.474082332761578300e+02
2.474150943396226694e+02
2.474219554030875088e+02
2.474168096054888792e+02
2.474236706689537186e+02
2.474511149228130478e+02
2.474785591766724053e+02
2.474734133790737758e+02
2.474682675814751462e+02
2.474528301886792292e+02
2.474562607204116489e+02
2.474391080617495504e+02
2.474219554030874804e+02
2.474734133790737474e+02
2.474631217838765167e+02
2.474631217838764883e+02
2.474785591766724053e+02
2.474939965694682655e+02
2.474768439108061955e+02
2.474596912521440686e+02
2.474614065180102784e+02
2.474631217838764883e+02
2.474648370497426981e+02
2.474665523156089080e+02
2.474682675814751178e+02
2.475231560891938329e+02
2.475780445969125481e+02
2.475660377358490507e+02
2.475540308747856102e+02
2.475111492281303640e+02
2.474682675814751178e+02
2.474253859348199001e+02
2.473825042881646823e+02
2.473396226415094361e+02
2.472967409948541899e+02
2.472538593481990006e+02
2.472109777015437544e+02
2.471680960548885366e+02
2.471252144082333189e+02
2.470926243567753033e+02
2.470600343053173447e+02
2.470274442538593576e+02
2.469948542024013705e+02
2.469622641509434118e+02
2.469296740994854531e+02
2.469176672384219842e+02
2.468850771869639971e+02
2.468627787307032690e+02
2.469176672384219557e+02
2.469022298456260671e+02
2.468867924528301785e+02
2.468713550600343183e+02
2.468559176672384297e+02
2.468319039451114918e+02
2.468284734133790721e+02
2.468250428816466524e+02
2.468198970840480229e+02
2.468010291595197145e+02
2.468147512864493933e+02
2.467975986277872948e+02
2.467924528301886653e+02
2.467993138936535047e+02
2.468061749571183725e+02
2.467993138936535331e+02
2.468456260720411706e+02
2.468644939965694789e+02
2.468696397941681084e+02
2.468833619210977872e+02
2.468970840480274660e+02
2.468987993138936758e+02
2.469451114922813133e+02
2.469296740994854247e+02
2.469142367066895645e+02
2.469090909090909349e+02
2.469656946826758031e+02
2.470222984562607280e+02
2.470789022298456246e+02
2.470737564322469950e+02
2.470943396226414848e+02
2.470994854202401143e+02
2.470943396226414848e+02
2.471629502572898787e+02
2.472298456260720343e+02
2.472967409948541899e+02
2.473173241852487081e+02
2.473927958833619130e+02
2.474562607204116489e+02
2.475197255574614132e+02
2.475969125214408280e+02
2.476740994854202427e+02
2.477512864493996858e+02
2.478010291595197145e+02
2.478404802744425410e+02
2.478799313893653391e+02
2.478919382504288080e+02
2.478919382504288080e+02
2.478919382504288080e+02
2.479331046312178159e+02
2.479742710120068523e+02
2.479828473413379015e+02
2.479742710120068523e+02
2.480000000000000000e+02
2.479897084048027409e+02
2.480188679245283083e+02
2.480720411663808136e+02
2.481252144082332620e+02
2.481783876500857673e+02
2.482144082332761741e+02
2.482521440823327907e+02
2.482898799313893790e+02
2.483293310463122054e+02
2.483687821612350035e+02
2.484099485420240399e+02
2.484288164665523198e+02
2.484408233276157887e+02
2.484253859348199001e+02
2.484373927958833690e+02
2.484493996569468379e+02
2.484819897084047966e+02
2.485094339622641542e+02
2.485626072041166594e+02
2.486003430531732192e+02
2.485849056603773590e+02
2.486415094339622556e+02
2.486260720411663669e+02
2.486380789022298359e+02
2.486312178387649965e+02
2.486140651801029264e+02
2.485866209262435405e+02
2.485780445969125196e+02
2.485608919382504212e+02
2.485437392795883227e+02
2.485265866209262526e+02
2.485317324185248538e+02
2.485231560891938329e+02
2.485283018867924341e+02
2.485094339622641542e+02
2.484785591766723769e+02
2.484373927958833406e+02
2.484065180102915917e+02
2.483756432246998429e+02
2.483447684391080656e+02
2.483018867924528479e+02
2.482590051457976017e+02
2.482161234991423555e+02
2.481732418524871377e+02
2.481303602058318916e+02
2.480874785591766738e+02
2.480445969125214276e+02
2.480017152658662098e+02
2.479691252144082227e+02
2.479262435677530050e+02
2.478833619210977588e+02
2.478387650085763312e+02
2.478061749571183441e+02
2.477735849056603570e+02
2.477289879931389294e+02
2.476963979416809423e+02
2.476638078902229552e+02
2.476432246998284654e+02
2.476226415094339472e+02
2.476020583190394291e+02
2.475814751286449393e+02
2.475506003430531905e+02
2.475197255574614132e+02
2.474888507718696360e+02
2.474579759862778587e+02
2.474236706689536618e+02
2.474030874785591436e+02
2.473842195540308353e+02
2.473516295025728766e+02
2.473310463121783869e+02
2.473104631217838687e+02
2.473018867924528195e+02
2.472813036020583013e+02
2.472590051457975733e+02
2.472487135506003142e+02
2.472504288164665240e+02
2.472658662092624127e+02
2.472795883361920914e+02
2.472692967409948324e+02
2.472590051457975733e+02
2.472487135506003142e+02
2.472384219554030835e+02
2.472367066895368453e+02
2.472367066895368453e+02
2.472264150943395862e+02
2.472246998284734048e+02
2.472229845626071665e+02
2.472195540308747752e+02
2.472161234991423555e+02
2.472126929674099358e+02
2.472435677530016847e+02
2.472401372212692650e+02
2.472658662092624127e+02
2.472418524871355032e+02
2.472675814751286509e+02
2.472590051457975733e+02
2.473138936535162884e+02
2.473550600343053247e+02
2.473962264150943327e+02
2.474373927958833406e+02
2.474785591766723769e+02
2.474974271012006852e+02
2.475368782161235117e+02
2.475763293310463098e+02
2.476157804459691079e+02
2.476552315608919344e+02
2.476946826758147608e+02
2.477341337907375589e+02
2.477753001715265668e+02
2.478164665523156032e+02
2.478919382504287796e+02
2.479331046312178159e+02
2.479742710120068523e+02
2.479879931389365026e+02
2.480017152658662098e+02
2.480154373927958886e+02
2.480291595197255390e+02
2.480445969125214276e+02
2.480583190394511064e+02
2.480720411663807567e+02
2.480857632933104640e+02
2.480994854202401427e+02
2.481114922813035832e+02
2.481252144082332620e+02
2.481595197255574590e+02
2.481938250428816275e+02
2.482126929674099358e+02
2.482298456260720343e+02
2.482041166380788866e+02
2.481783876500857389e+02
2.481509433962264097e+02
2.481612349914236688e+02
2.481715265866209279e+02
2.481406518010291506e+02
2.482006861063464669e+02
2.482624356775299930e+02
2.482195540308747752e+02
2.482178387650085369e+02
2.482624356775299930e+02
2.482487135506003142e+02
2.482555746140651536e+02
2.482401372212692650e+02
2.481972555746140472e+02
2.481989708404802570e+02
2.481869639794167597e+02
2.481749571183533192e+02
2.481646655231560885e+02
2.481406518010291506e+02
2.481063464837049537e+02
2.480806174957118060e+02
2.480548885077186583e+02
2.480171526586620985e+02
2.479914236706689508e+02
2.479536878216123341e+02
2.479279588336191864e+02
2.479039451114922770e+02
2.478936535162950179e+02
2.479193825042881372e+02
2.478799313893653391e+02
2.478284734133790721e+02
2.478010291595197145e+02
2.478301886792452535e+02
2.477907375643224555e+02
2.478198970840480229e+02
2.477804459691252248e+02
2.477409948542023983e+02
2.477118353344768309e+02
2.476826758147512919e+02
2.476672384219554033e+02
2.476518010291595147e+02
2.476363636363636260e+02
2.476089193825042685e+02
2.475934819897083798e+02
2.475660377358490223e+02
2.475506003430531621e+02
2.475351629502573019e+02
2.475197255574614132e+02
2.474922813036020557e+02
2.474648370497426981e+02
2.474493996569468095e+02
2.475317324185248538e+02
2.475300171526586439e+02
2.475162950257289651e+02
2.475025728987992863e+02
2.474888507718696076e+02
2.475711835334476802e+02
2.475694682675814704e+02
2.475677530017152606e+02
2.476346483704974162e+02
2.476295025728987866e+02
2.476363636363636260e+02
2.476655231560891650e+02
2.476912521440823127e+02
2.477135506003430407e+02
2.477341337907375589e+02
2.477427101200686081e+02
2.477512864493996574e+02
2.477581475128644968e+02
2.477787307032590149e+02
2.477855917667238259e+02
2.478027444253859244e+02
2.478198970840480229e+02
2.478867924528302069e+02
2.479622641509433834e+02
2.480257289879931477e+02
2.480411663807890363e+02
2.481012006861063242e+02
2.481389365351629408e+02
2.481423670668953605e+02
2.481646655231560885e+02
2.482452830188679513e+02
2.483344768439108066e+02
2.484219554030875088e+02
2.484991423670668951e+02
2.485763293310463098e+02
2.485728987993138901e+02
2.486466552315608851e+02
2.486586620926243540e+02
2.486706689536878230e+02
2.486809605488850821e+02
2.486912521440823127e+02
2.487890222984562456e+02
2.488867924528301785e+02
2.489845626072041114e+02
2.490823327615780443e+02
2.491903945111492362e+02
2.492881646655231691e+02
2.493859348198970736e+02
2.494837049742710064e+02
2.495746140651800999e+02
2.495694682675814988e+02
2.495643224699828409e+02
2.495626072041166310e+02
2.496466552315608851e+02
2.496483704974270950e+02
2.496483704974270950e+02
2.496500857632933048e+02
2.497341337907375589e+02
2.498181818181818130e+02
2.499022298456260671e+02
2.499862778730703212e+02
2.500703259005145753e+02
2.501389365351629408e+02
2.502075471698113347e+02
2.502761578044596718e+02
2.503464837049742755e+02
2.504168096054888508e+02
2.504871355060034261e+02
2.504339622641509493e+02
2.503807890222984724e+02
2.503276157804459672e+02
2.503138936535162884e+02
2.502864493996569593e+02
2.503361921097770164e+02
2.503087478559176589e+02
2.502435677530017415e+02
2.501921097770154461e+02
2.501423670668953889e+02
2.501303602058318916e+02
2.500668953687821556e+02
2.500463121783876659e+02
2.499828473413379015e+02
2.499759862778730621e+02
2.499279588336192148e+02
2.499142367066895360e+02
2.499331046312178159e+02
2.499073756432246967e+02
2.498816466552315774e+02
2.498559176672384012e+02
2.498301886792452819e+02
2.497941680960548752e+02
2.497169811320754604e+02
2.496397941680960457e+02
2.496037735849056389e+02
2.495677530017152890e+02
2.495437392795883511e+02
2.495197255574614132e+02
2.494957118353344754e+02
2.494716981132075375e+02
2.494356775300171591e+02
2.493996569468267808e+02
2.493636363636363740e+02
2.493276157804459672e+02
2.492915951972555604e+02
2.492675814751286225e+02
2.492435677530016847e+02
2.492178387650085938e+02
2.491921097770154461e+02
2.491663807890222984e+02
2.491303602058318916e+02
2.491046312178387439e+02
2.490789022298455961e+02
2.490531732418524768e+02
2.490274442538593576e+02
2.490154373927958886e+02
2.490034305317324197e+02
2.489914236706689508e+02
2.489897084048027409e+02
2.489759862778730621e+02
2.489725557461406424e+02
2.489485420240137046e+02
2.489502572898799144e+02
2.489536878216123341e+02
2.489536878216123625e+02
2.489536878216123341e+02
2.489399656946826553e+02
2.489262435677529766e+02
2.489125214408232978e+02
2.488987993138936190e+02
2.488867924528302069e+02
2.488919382504288080e+02
2.488833619210977872e+02
2.488730703259005281e+02
2.488730703259005281e+02
2.488885077186964168e+02
2.488765008576329478e+02
2.489210977701543754e+02
2.489656946826758031e+02
2.489519725557461243e+02
2.489365351629502641e+02
2.489210977701543754e+02
2.489656946826758031e+02
2.489674099485420129e+02
2.489622641509434118e+02
2.489588336192109921e+02
2.489965694682675803e+02
2.490686106346483939e+02
2.490960548885077515e+02
2.490977701543739329e+02
2.490891938250429121e+02
2.490891938250428836e+02
2.490891938250428552e+02
2.490874785591766738e+02
2.491629502572899071e+02
2.491646655231560885e+02
2.491663807890222984e+02
2.492246998284734332e+02
2.491612349914236688e+02
2.492195540308748036e+02
2.492778730703258816e+02
2.493361921097770164e+02
2.493945111492281228e+02
2.494528301886792292e+02
2.493739279588336331e+02
2.494322469982847110e+02
2.494905660377358458e+02
2.495111492281303640e+02
2.495711835334477087e+02
2.496312178387649965e+02
2.497169811320754889e+02
2.497512864493996574e+02
2.497855917667238543e+02
2.497718696397941471e+02
2.498061749571183441e+02
2.499296740994854247e+02
2.500531732418525053e+02
2.501766723842195859e+02
2.501663807890223268e+02
2.501389365351629692e+02
2.501114922813036401e+02
2.500840480274442825e+02
2.500583190394511348e+02
2.500325900514579871e+02
2.500068610634648394e+02
2.499811320754717201e+02
2.500120068610634689e+02
2.500840480274442825e+02
2.501492281303602283e+02
2.501217838765008707e+02
2.501732418524871377e+02
2.502144082332761741e+02
2.502384219554031120e+02
2.502504288164665525e+02
2.502761578044597002e+02
2.502590051457975733e+02
2.502418524871355032e+02
2.502246998284734048e+02
2.502778730703258816e+02
2.503224699828473376e+02
2.503567753001715346e+02
2.503945111492281228e+02
2.504425385934819701e+02
2.504476843910805997e+02
2.504854202401372163e+02
2.505351629502573019e+02
2.505849056603773590e+02
2.505831903945111776e+02
2.506209262435677658e+02
2.506826758147512919e+02
2.507341337907375873e+02
2.507255574614065381e+02
2.507169811320754889e+02
2.507221269296740900e+02
2.507289879931389578e+02
2.507770154373928335e+02
2.508250428816466524e+02
2.508439108061749607e+02
2.508627787307032690e+02
2.508816466552315774e+02
2.509382504288164455e+02
2.509708404802744326e+02
2.509622641509434118e+02
2.509536878216123625e+02
2.509742710120068523e+02
2.510068610634648110e+02
2.510394511149228265e+02
2.510617495711835261e+02
2.511389365351629408e+02
2.512161234991423839e+02
2.512933104631217702e+02
2.513704974271012134e+02
2.514082332761577732e+02
2.514236706689536618e+02
2.514391080617495504e+02
2.514528301886792292e+02
2.514699828473413277e+02
2.514922813036020557e+02
2.514957118353344754e+02
2.514236706689536902e+02
2.514271012006861099e+02
2.514305317324185580e+02
2.514356775300171591e+02
2.514408233276157603e+02
2.514459691252143898e+02
2.514511149228130193e+02
2.514133790737564595e+02
2.514065180102915917e+02
2.513979416809605709e+02
2.513893653516295217e+02
2.513807890222984724e+02
2.514082332761578016e+02
2.514253859348199001e+02
2.513430531732418558e+02
2.513413379073756460e+02
2.512710120068610422e+02
2.512144082332761457e+02
2.511578044596912491e+02
2.511012006861063242e+02
2.510754716981132333e+02
2.510514579759862670e+02
2.510394511149228265e+02
2.511046312178387439e+02
2.511269296740994719e+02
2.511492281303601999e+02
2.511097770154374018e+02
2.510308747855917773e+02
2.510325900514579871e+02
2.510411663807890079e+02
2.511166380789022128e+02
2.511166380789022128e+02
2.511989708404802855e+02
2.511492281303601999e+02
2.510977701543739329e+02
2.510977701543739329e+02
2.511355060034305211e+02
2.510840480274442541e+02
2.510325900514579871e+02
2.509828473413379015e+02
2.510720411663808136e+02
2.510737564322469950e+02
2.510754716981132333e+02
2.509879931389365311e+02
2.508902229845626266e+02
2.508370497427101213e+02
2.508987993138936474e+02
2.509605488850772019e+02
2.510240137221269379e+02
2.510051457975986295e+02
2.509502572898799428e+02
2.510360205831904068e+02
2.511132075471698215e+02
2.511903945111492362e+02
2.512675814751286509e+02
2.513447684391080656e+02
2.513756432246998429e+02
2.514065180102916202e+02
2.514271012006861099e+02
2.513790737564322342e+02
2.513722126929674232e+02
2.514030874785591720e+02
2.514339622641509209e+02
2.514631217838764883e+02
2.515180102915952034e+02
2.515728987993138901e+02
2.516397941680960457e+02
2.516963979416809707e+02
2.517341337907375873e+02
2.517186963979416987e+02
2.517358490566037972e+02
2.517530017152658957e+02
2.517804459691251964e+02
2.517890222984562456e+02
2.518198970840480229e+02
2.518902229845626266e+02
2.518747855917667380e+02
2.518816466552315774e+02
2.518799313893653675e+02
2.518782161234991577e+02
2.518765008576329194e+02
2.519468267581475232e+02
2.519656946826758031e+02
2.519656946826758315e+02
2.519674099485420129e+02
2.520188679245283083e+02
2.520703259005145753e+02
2.520600343053173162e+02
2.519965694682675803e+02
2.519348198970840542e+02
2.519416809605488652e+02
2.519794168096054818e+02
2.520051457975986011e+02
2.520308747855917773e+02
2.520977701543739329e+02
2.521252144082332904e+02
2.521526586620926196e+02
2.521801029159519771e+02
2.522092624356775445e+02
2.522384219554031120e+02
2.522675814751286509e+02
2.522864493996569308e+02
2.523053173241852392e+02
2.523241852487135475e+02
2.523430531732418558e+02
2.523533447684391149e+02
2.523859348198971020e+02
2.524065180102915917e+02
2.524065180102916202e+02
2.524271012006861099e+02
2.524579759862778587e+02
2.524030874785592005e+02
2.524150943396226410e+02
2.524271012006861099e+02
2.524391080617495504e+02
2.524511149228130193e+02
2.524888507718696360e+02
2.525042881646655246e+02
2.525214408233276231e+02
2.525385934819897216e+02
2.525540308747856102e+02
2.525523156089194003e+02
2.525677530017152606e+02
2.525694682675814420e+02
2.525711835334476802e+02
2.525728987993138901e+02
2.525746140651800715e+02
2.525334476843910636e+02
2.525780445969124912e+02
2.525797598627787011e+02
2.525831903945111492e+02
2.525849056603773306e+02
2.525866209262435405e+02
2.525420240137221128e+02
2.525574614065180015e+02
2.526157804459691079e+02
2.526397941680960457e+02
2.525934819897083798e+02
2.525471698113207708e+02
2.525488850771869807e+02
2.526106346483705067e+02
2.526174957118353177e+02
2.526929674099485510e+02
2.527684391080617559e+02
2.527684391080617559e+02
2.526929674099485510e+02
2.526089193825042969e+02
2.526106346483705067e+02
2.526106346483705067e+02
2.526415094339622556e+02
2.526192109777015276e+02
2.526226415094339472e+02
2.526260720411663669e+02
2.526295025728987866e+02
2.526586620926243540e+02
2.526089193825042969e+02
2.525506003430531905e+02
2.525008576329331049e+02
2.524511149228130193e+02
2.524013722126929622e+02
2.523516295025729050e+02
2.523550600343053247e+02
2.523481989708404853e+02
2.523602058319039543e+02
2.523756432246998429e+02
2.523893653516294933e+02
2.524013722126929622e+02
2.523893653516294933e+02
2.523773584905660243e+02
2.523670668953687652e+02
2.523739279588336046e+02
2.523790737564322342e+02
2.523825042881646539e+02
2.522984562607203998e+02
2.522144082332761457e+02
2.521286449399656817e+02
2.520428816466552462e+02
2.520720411663808136e+02
2.521286449399656817e+02
2.521578044596912491e+02
2.521886792452830264e+02
2.522195540308747752e+02
2.522469982847341328e+02
2.522487135506003710e+02
2.522504288164665809e+02
2.522727272727272805e+02
2.522229845626072233e+02
2.522452830188679229e+02
2.522504288164665525e+02
2.522744425385934903e+02
2.523070325900514490e+02
2.523413379073756460e+02
2.523567753001715346e+02
2.524305317324185012e+02
2.524528301886792292e+02
2.524751286449399572e+02
2.524751286449399572e+02
2.524888507718696360e+02
2.525008576329331049e+02
2.525385934819896931e+02
2.525763293310463098e+02
2.526243567753001571e+02
2.526620926243567737e+02
2.527015437392796002e+02
2.527409948542023983e+02
2.527804459691251964e+02
2.528198970840480229e+02
2.528610634648370592e+02
2.528919382504288080e+02
2.529228130360205853e+02
2.529536878216123625e+02
2.529965694682675803e+02
2.530085763293310492e+02
2.530205831903945182e+02
2.530428816466552462e+02
2.530651801029159458e+02
2.530994854202401427e+02
2.531234991423670522e+02
2.531475128644939900e+02
2.531715265866209279e+02
2.532075471698113063e+02
2.532435677530017131e+02
2.532795883361920914e+02
2.533036020583190293e+02
2.533276157804459672e+02
2.533516295025729050e+02
2.533859348198970736e+02
2.534322469982847110e+02
2.534665523156089080e+02
2.535008576329331049e+02
2.535351629502572735e+02
2.535557461406517916e+02
2.535883361921097503e+02
2.536209262435677374e+02
2.536535162950257245e+02
2.537032590051458101e+02
2.537221269296741184e+02
2.537581475128644684e+02
2.537924528301886653e+02
2.538267581475128623e+02
2.538473413379073804e+02
2.538404802744425410e+02
2.538336192109777016e+02
2.538490566037735903e+02
2.538627787307032690e+02
2.538765008576329478e+02
2.539313893653516345e+02
2.539674099485420129e+02
2.539965694682675803e+02
2.540205831903945182e+02
2.540325900514579871e+02
2.540445969125214560e+02
2.540926243567752749e+02
2.541389365351629408e+02
2.541835334476843968e+02
2.542126929674099642e+02
2.542229845626072233e+02
2.542521440823327907e+02
2.542813036020583297e+02
2.543104631217838687e+02
2.543361921097770164e+02
2.543396226415094361e+02
2.543447684391080656e+02
2.543722126929674232e+02
2.543293310463121770e+02
2.542864493996569593e+02
2.542658662092624411e+02
2.542246998284734332e+02
2.541835334476843968e+02
2.541423670668953605e+02
2.541012006861063526e+02
2.540600343053173162e+02
2.540188679245283083e+02
2.539777015437392720e+02
2.539365351629502641e+02
2.538610634648370592e+02
2.538198970840480229e+02
2.537787307032589865e+02
2.537375643224699786e+02
2.536963979416809423e+02
2.536552315608919344e+02
2.536415094339622556e+02
2.536295025728987866e+02
2.536174957118353177e+02
2.536054888507718488e+02
2.536346483704974162e+02
2.536620926243567737e+02
2.536740994854202427e+02
2.536843910806175018e+02
2.536758147512864525e+02
2.536689536878216131e+02
2.536603773584905639e+02
2.536518010291595147e+02
2.536861063464837116e+02
2.537204116638079086e+02
2.537066895368782298e+02
2.536929674099485510e+02
2.536792452830188722e+02
2.536638078902229836e+02
2.536174957118353177e+02
2.535694682675814704e+02
2.535660377358490223e+02
2.535986277873070094e+02
2.535883361921097503e+02
2.535917667238421984e+02
2.536380789022298359e+02
2.536843910806175018e+02
2.537307032590051676e+02
2.537238421955402998e+02
2.537324185248713491e+02
2.537409948542023983e+02
2.537478559176672093e+02
2.537684391080617274e+02
2.538027444253859244e+02
2.538113207547169736e+02
2.538198970840480229e+02
2.538421955403087509e+02
2.538644939965694789e+02
2.538867924528302069e+02
2.538970840480274660e+02
2.539056603773584868e+02
2.539125214408233262e+02
2.538833619210977588e+02
2.539193825042881656e+02
2.539554030874785440e+02
2.539691252144082227e+02
2.539262435677530050e+02
2.539519725557461243e+02
2.539090909090909065e+02
2.539348198970840542e+02
2.539605488850771735e+02
2.540548885077186867e+02
2.541492281303601999e+02
2.541337907375643113e+02
2.541183533447684226e+02
2.541029159519725340e+02
2.541286449399656817e+02
2.542092624356775161e+02
2.542469982847341328e+02
2.542744425385934619e+02
2.543001715265866096e+02
2.543259005145797573e+02
2.543516295025729050e+02
2.543773584905660528e+02
2.544579759862778587e+02
2.543859348198970736e+02
2.543979416809605709e+02
2.544219554030874804e+02
2.544459691252144182e+02
2.544699828473413277e+02
2.543979416809605709e+02
2.544253859348199285e+02
2.544528301886792292e+02
2.544099485420240399e+02
2.544253859348198716e+02
2.544408233276157603e+02
2.544339622641509777e+02
2.544288164665523198e+02
2.544288164665523482e+02
2.544288164665523198e+02
2.544288164665523198e+02
2.544288164665522913e+02
2.544288164665523198e+02
2.544150943396226126e+02
2.544631217838764883e+02
2.544648370497426981e+02
2.544648370497426981e+02
2.544219554030874519e+02
2.543602058319039543e+02
2.543464837049742755e+02
2.543773584905660243e+02
2.543807890222984440e+02
2.543825042881646255e+02
2.544185248713550322e+02
2.544528301886792292e+02
2.544373927958833406e+02
2.543893653516294648e+02
2.543430531732418274e+02
2.542967409948541899e+02
2.542126929674099642e+02
2.542144082332761457e+02
2.542178387650085938e+02
2.542006861063464669e+02
2.541132075471697931e+02
2.540274442538593576e+02
2.539416809605488652e+02
2.538559176672384297e+02
2.537701543739279657e+02
2.536843910806175018e+02
2.535986277873070378e+02
2.535128644939965739e+02
2.534271012006861099e+02
2.533413379073756460e+02
2.532555746140651536e+02
2.532555746140651536e+02
2.532572898799313919e+02
2.532607204116637831e+02
2.532641509433962312e+02
2.532658662092624127e+02
2.532675814751286225e+02
2.532692967409948324e+02
2.532710120068610422e+02
2.532727272727272521e+02
2.532744425385934619e+02
2.532281303602057960e+02
2.531818181818181586e+02
2.531355060034305211e+02
2.531046312178387439e+02
2.531080617495711635e+02
2.531114922813035832e+02
2.531149228130360029e+02
2.531183533447684511e+02
2.530703259005146037e+02
2.530600343053173447e+02
2.530497427101200856e+02
2.530394511149228265e+02
2.529897084048027693e+02
2.529536878216123625e+02
2.529193825042881940e+02
2.528713550600343183e+02
2.528610634648370592e+02
2.528507718696398001e+02
2.528387650085763312e+02
2.527890222984562740e+02
2.527787307032590149e+02
2.527684391080617559e+02
2.527581475128644968e+02
2.527478559176672093e+02
2.527375643224699502e+02
2.526792452830188722e+02
2.526672384219553749e+02
2.526672384219554033e+02
2.526672384219554033e+02
2.526552315608919344e+02
2.526449399656946753e+02
2.526449399656946753e+02
2.526552315608919344e+02
2.526672384219554033e+02
2.526672384219554033e+02
2.526672384219554033e+02
2.526672384219554033e+02
2.527461406518010278e+02
2.527375643224699502e+02
2.527289879931389009e+02
2.527427101200685797e+02
2.527701543739279373e+02
2.528765008576329478e+02
2.529039451114922770e+02
2.529313893653516061e+02
2.529468267581474947e+02
2.529622641509433834e+02
2.529777015437392720e+02
2.529931389365351606e+02
2.530085763293310492e+02
2.530480274442538757e+02
2.530754716981132049e+02
2.531029159519725340e+02
2.531303602058318916e+02
2.531578044596912491e+02
2.531715265866209279e+02
2.532006861063464953e+02
2.532281303602057960e+02
2.532555746140651536e+02
2.532830188679245111e+02
2.533104631217838687e+02
2.533481989708404853e+02
2.533584905660377160e+02
2.533670668953687652e+02
2.533773584905659959e+02
2.533876500857632550e+02
2.534133790737564027e+02
2.534373927958833406e+02
2.534596912521440686e+02
2.534819897084047966e+02
2.535454545454545325e+02
2.535677530017152606e+02
2.536329331046312063e+02
2.536518010291595147e+02
2.537169811320754604e+02
2.537804459691251964e+02
2.538130360205831835e+02
2.537890222984562456e+02
2.537427101200685797e+02
2.537427101200685797e+02
2.538130360205831835e+02
2.538816466552315489e+02
2.538902229845626266e+02
2.539399656946826838e+02
2.539914236706689508e+02
2.540411663807890363e+02
2.540686106346483939e+02
2.540771869639793863e+02
2.541303602058318916e+02
2.542195540308747468e+02
2.543087478559176589e+02
2.543876500857632834e+02
2.543790737564322342e+02
2.543739279588336331e+02
2.543722126929673948e+02
2.544442538593482084e+02
2.545180102915951750e+02
2.545814751286449393e+02
2.546466552315608567e+02
2.547118353344768309e+02
2.547770154373927767e+02
2.548421955403087225e+02
2.548576329331046111e+02
2.548730703259004997e+02
2.548885077186963883e+02
2.549039451114922770e+02
2.549193825042881372e+02
2.549708404802744326e+02
2.549828473413379015e+02
2.549948542024013705e+02
2.549811320754716917e+02
2.549674099485420129e+02
2.549536878216123341e+02
2.548885077186963883e+02
2.548233276157804426e+02
2.547581475128644684e+02
2.546929674099485510e+02
2.546295025728987866e+02
2.545643224699828693e+02
2.545557461406518200e+02
2.545471698113207708e+02
2.544854202401372163e+02
2.544236706689536902e+02
2.543619210977701641e+02
2.543001715265866096e+02
2.542401372212692934e+02
2.542092624356775445e+02
2.541372212692967310e+02
2.540634648370497075e+02
2.540068610634648394e+02
2.539485420240137046e+02
2.539382504288164455e+02
2.538679245283018986e+02
2.537975986277872948e+02
2.537289879931389294e+02
2.536912521440823411e+02
2.536535162950256961e+02
2.536174957118353177e+02
2.535523156089193719e+02
2.534871355060034261e+02
2.534116638078901929e+02
2.533344768439108066e+02
2.532710120068610422e+02
2.532281303602058244e+02
2.531423670668953605e+02
2.531440823327615703e+02
2.530583190394511064e+02
2.530343053173241685e+02
2.529725557461406424e+02
2.529108061749571448e+02
2.528370497427101213e+02
2.528233276157804426e+02
2.528216123499142327e+02
2.528181818181818130e+02
2.528130360205831835e+02
2.527787307032589865e+02
2.527598627787307066e+02
2.527787307032590149e+02
2.527975986277872948e+02
2.528027444253859244e+02
2.527701543739279373e+02
2.527615780445968880e+02
2.528044596912521342e+02
2.528473413379073520e+02
2.528610634648370308e+02
2.528627787307032406e+02
2.528782161234991293e+02
2.528936535162950179e+02
2.528524871355060100e+02
2.528096054888507638e+02
2.527667238421955176e+02
2.527804459691251964e+02
2.527890222984562456e+02
2.527941680960548752e+02
2.528421955403087509e+02
2.529090909090909065e+02
2.529742710120068523e+02
2.530531732418525053e+02
2.531492281303601999e+02
2.532092624356775445e+02
2.532367066895369021e+02
2.533138936535162884e+02
2.533910806174957315e+02
2.534682675814751178e+02
2.535437392795883511e+02
2.536192109777015276e+02
2.536912521440823411e+02
2.537632933104631547e+02
2.538542024013722198e+02
2.539451114922812849e+02
2.540360205831904068e+02
2.541269296740994719e+02
2.542178387650085938e+02
2.543344768439108066e+02
2.544425385934819985e+02
2.545488850771869807e+02
2.546277873070325768e+02
2.547066895368782298e+02
2.547855917667238259e+02
2.548644939965694789e+02
2.549433962264150750e+02
2.549914236706689508e+02
2.550000000000000000e+02
2.550531732418525053e+02
2.551080617495712204e+02
2.551457975986278086e+02
2.552229845626072233e+02
2.552212692967410135e+02
2.552881646655231691e+02
2.552881646655231691e+02
2.553636363636363740e+02
2.552881646655231407e+02
2.552864493996569593e+02
2.552744425385935187e+02
2.553447684391080656e+02
2.553173241852487081e+02
2.553790737564322626e+02
2.554408233276157887e+02
2.555008576329331049e+02
2.554751286449399572e+02
2.554854202401372163e+02
2.554957118353344754e+02
2.555060034305317345e+02
2.555283018867924625e+02
2.555060034305317345e+02
2.554837049742710064e+02
2.554631217838764883e+02
2.554408233276157887e+02
2.554511149228130193e+02
2.554185248713550607e+02
2.553447684391080656e+02
2.552710120068610422e+02
2.551869639794167881e+02
2.551029159519725340e+02
2.550188679245282799e+02
2.549811320754716917e+02
2.549451114922812849e+02
2.549108061749571164e+02
2.548644939965694789e+02
2.548559176672384297e+02
2.548096054888507922e+02
2.547650085763293077e+02
2.547101200686106495e+02
2.546192109777015276e+02
2.545283018867924625e+02
2.544373927958833690e+02
2.543481989708404853e+02
2.542452830188679513e+02
2.541955403087478658e+02
2.541457975986278086e+02
2.540960548885077230e+02
2.540617495711835261e+02
2.540137221269296788e+02
2.539536878216123341e+02
2.538439108061749607e+02
2.537495711835334191e+02
2.538061749571183441e+02
2.537701543739279373e+02
2.537478559176672377e+02
2.537255574614065097e+02
2.536620926243567737e+02
2.536295025728987866e+02
2.536174957118353177e+02
2.536037735849056389e+02
2.535403087478559030e+02
2.534905660377358458e+02
2.535025728987993148e+02
2.535128644939965739e+02
2.535214408233276231e+02
2.535283018867924341e+02
2.535214408233276231e+02
2.535557461406517916e+02
2.535883361921097503e+02
2.535797598627787295e+02
2.536106346483704783e+02
2.536397941680960457e+02
2.536672384219554033e+02
2.536912521440823411e+02
2.537152658662092790e+02
2.537392795883361885e+02
2.537890222984562456e+02
2.538250428816466524e+02
2.538610634648370592e+02
2.538953687821612277e+02
2.539382504288164455e+02
2.540017152658662098e+02
2.540943396226414848e+02
2.541389365351629408e+02
2.542315608919382441e+02
2.543104631217838687e+02
2.543842195540308637e+02
2.544305317324185012e+02
2.544768439108061671e+02
2.544922813036020557e+02
2.545849056603773306e+02
2.546603773584905639e+02
2.547375643224699502e+02
2.547478559176672377e+02
2.547598627787307066e+02
2.547718696397941756e+02
2.547838765008576445e+02
2.547958833619211134e+02
2.548096054888507638e+02
2.549005145797598573e+02
2.549914236706689508e+02
2.550823327615780158e+02
2.551732418524871377e+02
2.551303602058318916e+02
2.552092624356775161e+02
2.552109777015437544e+02
2.552144082332761741e+02
2.552178387650085938e+02
2.552624356775300214e+02
2.553293310463122054e+02
2.553550600343053247e+02
2.554048027444254103e+02
2.553859348198970736e+02
2.553670668953687652e+02
2.553773584905660243e+02
2.553121783876500785e+02
2.553036020583190293e+02
2.552521440823327623e+02
2.552006861063464953e+02
2.551835334476843968e+02
2.552435677530017131e+02
2.553138936535162884e+02
2.552984562607203998e+02
2.552847341337907210e+02
2.552418524871355032e+02
2.552058319039451248e+02
2.551303602058318916e+02
2.550548885077187151e+02
2.549794168096054818e+02
2.549399656946827122e+02
2.549897084048027409e+02
2.550017152658662098e+02
2.550051457975986295e+02
2.549759862778730621e+02
2.549468267581474947e+02
2.549519725557461527e+02
2.549039451114922770e+02
2.548576329331046395e+02
2.547924528301886937e+02
2.547118353344768593e+02
2.546312178387650249e+02
2.545523156089193719e+02
2.544596912521440970e+02
2.543670668953687937e+02
2.542744425385934903e+02
2.541818181818181586e+02
2.540771869639794147e+02
2.539725557461406424e+02
2.539451114922812849e+02
2.539296740994853963e+02
2.539142367066895360e+02
2.538765008576329478e+02
2.537667238421955176e+02
2.536809605488850821e+02
2.535711835334476802e+02
2.534596912521440686e+02
2.533481989708404853e+02
2.532264150943396430e+02
2.531046312178387723e+02
2.529931389365351606e+02
2.529313893653516345e+02
2.528696397941681084e+02
2.528078902229845539e+02
2.527461406518010278e+02
2.526946826758147608e+02
2.526449399656946753e+02
2.526054888507718488e+02
2.525660377358490507e+02
2.524888507718696360e+02
2.524631217838764883e+02
2.524493996569468379e+02
2.524356775300171591e+02
2.524202401372212705e+02
2.524048027444253819e+02
2.523876500857633118e+02
2.523807890222984724e+02
2.523910806174957315e+02
2.523996569468267808e+02
2.524048027444254103e+02
2.524099485420240399e+02
2.524253859348199285e+02
2.524408233276157887e+02
2.524528301886792292e+02
2.524751286449399572e+02
2.525128644939965739e+02
2.525488850771869522e+02
2.525711835334477087e+02
2.526226415094339472e+02
2.526740994854202427e+02
2.527650085763293362e+02
2.528542024013722198e+02
2.529313893653516345e+02
2.530171526586620985e+02
2.531183533447684226e+02
2.532195540308748036e+02
2.533070325900514774e+02
2.533567753001715346e+02
2.533670668953687937e+02
2.534682675814751178e+02
2.535694682675814704e+02
2.536706689536877946e+02
2.537701543739279657e+02
2.537735849056603570e+02
2.537890222984562456e+02
2.539022298456260387e+02
2.540051457975986011e+02
2.541080617495711635e+02
2.542092624356775161e+02
2.543104631217838687e+02
2.544116638078902213e+02
2.544939965694682655e+02
2.545951972555746181e+02
2.546792452830188722e+02
2.547650085763293077e+02
2.548507718696397717e+02
2.549382504288164455e+02
2.550274442538593291e+02
2.551183533447684226e+02
2.552092624356775161e+02
2.553036020583190293e+02
2.553979416809605141e+02
2.554322469982847110e+02
2.554785591766723769e+02
2.555420240137221413e+02
2.556106346483705352e+02
2.556809605488850821e+02
2.557530017152658957e+02
2.557770154373928051e+02
2.558027444253859528e+02
2.557530017152658672e+02
2.556843910806175018e+02
2.556569468267581442e+02
2.556192109777015560e+02
2.556174957118353177e+02
2.556157804459691079e+02
2.556174957118353461e+02
2.556226415094340041e+02
2.555814751286449393e+02
2.555180102915952034e+02
2.555248713550600428e+02
2.555317324185248253e+02
2.555403087478559030e+02
2.555831903945111776e+02
2.556260720411664238e+02
2.556706689536878514e+02
2.556672384219554033e+02
2.556638078902230120e+02
2.556620926243568022e+02
2.556483704974270950e+02
2.556346483704974162e+02
2.556209262435677658e+02
2.556089193825042969e+02
2.556397941680960457e+02
2.556157804459691363e+02
2.555917667238421700e+02
2.555694682675814704e+02
2.555214408233276231e+02
2.554579759862778587e+02
2.553945111492281512e+02
2.553327615780445967e+02
2.552298456260720343e+02
2.551046312178387439e+02
2.549862778730703212e+02
2.548679245283018702e+02
2.547478559176672377e+02
2.546603773584905639e+02
2.545728987993138901e+02
2.544716981132075375e+02
2.543704974271011849e+02
2.542692967409948324e+02
2.542161234991423271e+02
2.541440823327615703e+02
2.541029159519725340e+02
2.540634648370497075e+02
2.540222984562607280e+02
2.539828473413379015e+02
2.539433962264150750e+02
2.538799313893653675e+02
2.538130360205831835e+02
2.538010291595197145e+02
2.537341337907375589e+02
2.536672384219554033e+02
2.536140651801028980e+02
2.536123499142366882e+02
2.536072041166380586e+02
2.536020583190394291e+02
2.535969125214408280e+02
2.535900514579759886e+02
2.536380789022298643e+02
2.536569468267581442e+02
2.536740994854202427e+02
2.536895368782161313e+02
2.536792452830188722e+02
2.536929674099485226e+02
2.537650085763293077e+02
2.538353344768439115e+02
2.539022298456260671e+02
2.539382504288164455e+02
2.540205831903945182e+02
2.541029159519725340e+02
2.541938250428816559e+02
2.542538593481989437e+02
2.542813036020583013e+02
2.543876500857632834e+02
2.544922813036020557e+02
2.545969125214408280e+02
2.546329331046312063e+02
2.546672384219554033e+02
2.547238421955402998e+02
2.547804459691251964e+02
2.549245283018867951e+02
2.549622641509433834e+02
2.549331046312178444e+02
2.550360205831904068e+02
2.551355060034305495e+02
2.552367066895368737e+02
2.553379073756432263e+02
2.554391080617495504e+02
2.555403087478559030e+02
2.555866209262435405e+02
2.556878216123499215e+02
2.557907375643224555e+02
2.558936535162950463e+02
2.559965694682675803e+02
2.560806174957118628e+02
2.561680960548885082e+02
2.562401372212692650e+02
2.563138936535162884e+02
2.563910806174957315e+02
2.564682675814751178e+02
2.565454545454545610e+02
2.565540308747855534e+02
2.565849056603773306e+02
2.566140651801028980e+02
2.566432246998284654e+02
2.566723842195540328e+02
2.567375643224700070e+02
2.568044596912520774e+02
2.568713550600342614e+02
2.568799313893653675e+02
2.569348198970840258e+02
2.569759862778730621e+02
2.569845626072041114e+02
2.569931389365351606e+02
2.569571183533447538e+02
2.569588336192109637e+02
2.569433962264150750e+02
2.569296740994853963e+02
2.568353344768439115e+02
2.567427101200686366e+02
2.566843910806175018e+02
2.566603773584905639e+02
2.566363636363636260e+02
2.566449399656946753e+02
2.566912521440823411e+02
2.566106346483704783e+02
2.565300171526586723e+02
2.564408233276157603e+02
2.564219554030875088e+02
2.564030874785592005e+02
2.563842195540308921e+02
2.563550600343053247e+02
2.563259005145797573e+02
2.562675814751286225e+02
2.562384219554030551e+02
2.562109777015436975e+02
2.561715265866208711e+02
2.561320754716980446e+02
2.560926243567752749e+02
2.559845626072040830e+02
2.558747855917667096e+02
2.557632933104631263e+02
2.556500857632933048e+02
2.555488850771869522e+02
2.554476843910805997e+02
2.553156089193824982e+02
2.551835334476843684e+02
2.551475128644939900e+02
2.550463121783876659e+02
2.550068610634648394e+02
2.549674099485420129e+02
2.549296740994854247e+02
2.548902229845625982e+02
2.548164665523156032e+02
2.547427101200686081e+02
2.546672384219554033e+02
2.545917667238421984e+02
2.545660377358490507e+02
2.545403087478559314e+02
2.545300171526586723e+02
2.545180102915952034e+02
2.545060034305317345e+02
2.544939965694682655e+02
2.544802744425385868e+02
2.544802744425385868e+02
2.544785591766723769e+02
2.544768439108061671e+02
2.544751286449399572e+02
2.544562607204116489e+02
2.544751286449399572e+02
2.545506003430531337e+02
2.545831903945111208e+02
2.546552315608919344e+02
2.547255574614065097e+02
2.548061749571183441e+02
2.548593481989708494e+02
2.548765008576329478e+02
2.549708404802744326e+02
2.550771869639794431e+02
2.551818181818181870e+02
2.552813036020583297e+02
2.553104631217838687e+02
2.554253859348198716e+02
2.555523156089193719e+02
2.556775300171526624e+02
2.558027444253859244e+02
2.558490566037735618e+02
2.559811320754716917e+02
2.561132075471697931e+02
2.562349914236706354e+02
2.563430531732418558e+02
2.563722126929674232e+02
2.564802744425386436e+02
2.565883361921097503e+02
2.566963979416809707e+02
2.568044596912521342e+02
2.569125214408232978e+02
2.570222984562607280e+02
2.571320754716981583e+02
2.572281303602058529e+02
2.573259005145797573e+02
2.573481989708404853e+02
2.574305317324185580e+02
2.575145797598627837e+02
2.575986277873070662e+02
2.576037735849056958e+02
2.576003430531732192e+02
2.576740994854202427e+02
2.577032590051457532e+02
2.577324185248713775e+02
2.577907375643225123e+02
2.578524871355060100e+02
2.579142367066895076e+02
2.579794168096054818e+02
2.579674099485420129e+02
2.579742710120068523e+02
2.580291595197255674e+02
2.580703259005146037e+02
2.581132075471698499e+02
2.580703259005146037e+02
2.580514579759862954e+02
2.579571183533447538e+02
2.579108061749570879e+02
2.578542024013721630e+02
2.578027444253859244e+02
2.577684391080617274e+02
2.577341337907375873e+02
2.577238421955402714e+02
2.577135506003430123e+02
2.576346483704974162e+02
2.575437392795882943e+02
2.574511149228130193e+02
2.573619210977701641e+02
2.572641509433962028e+02
2.571663807890222984e+02
2.570291595197255674e+02
2.568936535162950463e+02
2.567478559176672661e+02
2.566123499142366882e+02
2.564768439108061671e+02
2.563413379073756460e+02
2.562246998284733763e+02
2.561063464837050105e+02
2.559862778730703212e+02
2.558559176672384297e+02
2.557238421955403282e+02
2.555917667238421984e+02
2.554579759862778587e+02
2.553241852487135475e+02
2.551903945111492362e+02
2.550480274442538757e+02
2.550257289879931477e+02
2.549536878216123625e+02
2.548816466552315774e+02
2.547993138936535331e+02
2.547272727272727479e+02
2.546415094339622556e+02
2.545557461406518200e+02
2.544596912521440686e+02
2.543636363636363740e+02
2.542898799313893505e+02
2.542161234991423839e+02
2.541938250428816559e+02
2.541715265866209279e+02
2.541475128644939900e+02
2.541372212692967310e+02
2.541252144082332620e+02
2.541132075471697931e+02
2.540600343053173162e+02
2.540068610634648394e+02
2.540068610634648394e+02
2.540051457975986295e+02
2.540137221269296788e+02
2.540222984562606996e+02
2.540703259005145753e+02
2.541286449399656817e+02
2.542024013722127052e+02
2.542315608919382441e+02
2.542590051457976017e+02
2.543293310463121770e+02
2.543499142367066952e+02
2.544013722126929906e+02
2.544528301886792860e+02
2.544699828473413561e+02
2.545763293310463382e+02
2.546809605488850821e+02
2.547838765008576445e+02
2.548850771869639971e+02
2.549828473413379015e+02
2.551097770154374018e+02
2.552349914236706638e+02
2.553464837049742755e+02
2.554802744425385868e+02
2.556140651801028980e+02
2.556603773584905639e+02
2.557924528301886937e+02
2.559142367066895645e+02
2.560222984562607280e+02
2.561303602058318916e+02
2.562504288164665240e+02
2.563704974271012134e+02
2.564802744425385868e+02
2.565900514579760170e+02
2.566998284734133904e+02
2.568096054888508206e+02
2.568867924528302069e+02
2.569656946826758031e+02
2.570480274442538757e+02
2.571440823327615703e+02
2.572401372212693218e+02
2.573379073756432263e+02
2.574253859348199285e+02
2.574665523156089080e+02
2.575077186963979443e+02
2.575488850771869807e+02
2.575763293310462814e+02
2.576363636363636260e+02
2.576998284734133904e+02
2.577650085763293646e+02
2.578301886792453388e+02
2.577924528301886653e+02
2.578473413379073804e+02
2.579056603773584584e+02
2.579073756432246682e+02
2.578919382504287796e+02
2.578319039451114350e+02
2.577718696397941471e+02
2.577135506003430692e+02
2.576929674099485510e+02
2.576740994854202427e+02
2.575917667238421700e+02
2.575111492281303072e+02
2.574305317324185012e+02
2.573533447684391149e+02
2.572624356775299930e+02
2.571749571183532908e+02
2.570891938250428552e+02
2.569862778730703212e+02
2.568713550600343183e+02
2.567564322469983153e+02
2.566192109777015276e+02
2.564819897084047966e+02
2.563464837049742755e+02
2.561989708404802286e+02
2.560531732418525053e+02
2.559176672384219273e+02
2.557821612349914062e+02
2.556466552315608851e+02
2.555008576329331049e+02
2.553550600343053247e+02
2.552264150943396146e+02
2.550960548885077230e+02
2.549639794168095932e+02
2.548027444253859244e+02
2.546689536878216131e+02
2.545351629502573019e+02
2.544013722126929622e+02
2.542675814751286225e+02
2.541337907375643113e+02
2.540120068610634689e+02
2.539674099485420129e+02
2.539228130360205569e+02
2.538782161234991293e+02
2.537598627787306782e+02
2.536775300171526624e+02
2.535951972555746181e+02
2.535128644939965454e+02
2.534305317324185012e+02
2.533344768439108066e+02
2.532898799313893505e+02
2.532452830188679229e+02
2.532006861063464953e+02
2.531543739279588294e+02
2.531303602058318916e+02
2.530600343053173447e+02
2.529777015437392720e+02
2.528953687821612277e+02
2.528936535162950179e+02
2.529433962264150750e+02
2.529931389365351606e+02
2.530000000000000000e+02
2.530000000000000000e+02
2.530566037735848965e+02
2.531303602058318916e+02
2.531578044596912491e+02
2.532281303602058529e+02
2.532950257289880085e+02
2.533018867924528479e+02
2.533190394511149464e+02
2.534150943396226694e+02
2.535077186963979443e+02
2.536123499142367166e+02
2.537169811320754889e+02
2.538216123499142327e+02
2.539210977701543470e+02
2.540171526586620985e+02
2.541440823327615703e+02
2.542710120068610422e+02
2.543979416809605425e+02
2.545248713550600144e+02
2.546346483704974162e+02
2.546861063464837116e+02
2.548198970840480229e+02
2.549639794168095932e+02
2.551080617495711920e+02
2.551389365351629408e+02
2.552624356775300214e+02
2.553704974271012134e+02
2.554785591766723769e+02
2.555883361921097787e+02
2.557186963979416987e+02
2.558301886792452819e+02
2.559399656946826838e+02
2.560514579759862954e+02
2.561492281303601999e+02
2.562469982847341043e+02
2.563464837049742755e+02
2.564288164665522913e+02
2.565111492281303640e+02
2.565780445969124912e+02
2.566483704974270950e+02
2.567204116638079086e+02
2.567941680960548183e+02
2.568679245283018417e+02
2.569433962264150750e+02
2.569451114922812849e+02
2.569759862778730621e+02
2.570068610634648394e+02
2.570720411663808136e+02
2.571234991423671090e+02
2.571783876500857673e+02
2.571852487135506067e+02
2.571938250428815991e+02
2.572367066895368453e+02
2.572367066895368453e+02
2.572195540308748036e+02
2.572058319039450680e+02
2.571440823327615703e+02
2.570874785591766454e+02
2.570360205831904068e+02
2.570017152658662098e+02
2.569674099485420129e+02
2.569656946826758031e+02
2.568885077186964168e+02
2.567975986277873517e+02
2.567066895368782298e+02
2.566826758147512919e+02
2.566346483704974162e+02
2.566638078902229836e+02
2.566054888507719056e+02
2.565574614065179730e+02
2.565094339622641542e+02
2.563739279588336331e+02
2.562384219554030551e+02
2.560926243567752749e+02
2.559468267581474947e+02
2.558765008576329194e+02
2.557289879931389294e+02
2.556586620926243540e+02
2.555883361921097503e+02
2.555180102915951750e+02
2.554082332761578016e+02
2.552761578044597002e+02
2.551440823327615703e+02
2.550120068610634405e+02
2.549554030874785440e+02
2.548987993138936474e+02
2.547650085763293077e+02
2.547084048027443828e+02
2.546226415094339472e+02
2.545368782161234833e+02
2.544511149228130193e+02
2.543241852487135475e+02
2.542195540308748036e+02
2.541132075471698215e+02
2.540068610634648394e+02
2.539125214408233262e+02
2.538181818181818130e+02
2.537701543739279657e+02
2.537221269296740900e+02
2.536740994854202427e+02
2.536260720411663669e+02
2.535437392795883511e+02
2.534734133790737474e+02
2.534493996569468379e+02
2.534253859348198716e+02
2.534648370497426981e+02
2.534751286449399572e+02
2.534614065180102784e+02
2.534476843910805997e+02
2.534888507718696360e+02
2.535471698113207424e+02
2.536174957118353177e+02
2.536861063464837116e+02
2.537512864493996574e+02
2.537975986277872948e+02
2.538439108061749607e+02
2.539365351629502356e+02
2.540291595197255674e+02
2.541320754716981014e+02
2.542349914236706354e+02
2.543464837049742471e+02
2.544459691252143898e+02
2.545403087478559314e+02
2.546775300171526624e+02
2.548147512864493933e+02
2.549262435677529766e+02
2.550617495711835261e+02
2.551972555746140756e+02
2.553327615780445967e+02
2.554768439108061671e+02
2.556209262435677374e+02
2.557547169811320771e+02
2.558885077186963599e+02
2.560222984562607280e+02
2.561578044596911923e+02
2.562933104631217702e+02
2.564185248713550891e+02
2.565437392795882943e+02
2.566380789022298359e+02
2.567341337907375305e+02
2.568336192109776448e+02
2.569348198970840258e+02
2.570240137221269379e+02
2.571132075471697362e+02
2.572041166380788582e+02
2.572950257289879801e+02
2.573361921097769596e+02
2.573790737564322058e+02
2.574048027444254103e+02
2.574682675814751747e+02
2.575351629502573019e+02
2.576020583190394291e+02
2.576706689536878230e+02
2.576895368782161313e+02
2.577101200686106495e+02
2.577324185248713775e+02
2.577735849056604138e+02
2.578181818181818130e+02
2.578164665523156032e+02
2.578164665523156032e+02
2.578181818181817562e+02
2.577718696397941471e+02
2.577735849056603570e+02
2.577169811320754320e+02
2.576620926243567737e+02
2.575934819897083798e+02
2.575265866209261958e+02
2.574373927958833974e+02
2.573979416809605709e+02
2.573739279588336331e+02
2.572590051457975733e+02
2.571440823327615135e+02
2.570291595197255674e+02
2.569056603773584584e+02
2.568662092624356319e+02
2.568267581475128623e+02
2.566895368782161313e+02
2.565523156089193435e+02
2.564150943396226126e+02
2.562675814751286225e+02
2.561200686106346325e+02
2.559725557461406424e+02
2.558267581475128054e+02
2.556809605488850252e+02
2.555351629502572450e+02
2.553910806174957031e+02
2.552469982847341043e+02
2.551029159519725340e+02
2.549588336192109637e+02
2.548147512864493649e+02
2.546706689536877946e+02
2.545248713550600144e+02
2.543790737564322342e+02
2.542521440823327339e+02
2.541217838765008423e+02
2.539897084048027409e+02
2.538713550600342614e+02
2.537530017152658388e+02
2.536209262435677374e+02
2.535008576329330765e+02
2.533927958833618845e+02
2.533619210977701073e+02
2.533310463121783584e+02
2.533104631217838687e+02
2.532521440823327339e+02
2.531578044596912491e+02
2.530634648370497359e+02
2.529811320754716917e+02
2.528885077186963883e+02
2.528542024013721914e+02
2.528473413379073804e+02
2.528147512864493933e+02
2.528507718696398001e+02
2.528850771869639686e+02
2.528507718696397717e+02
2.528490566037735618e+02
2.528610634648370592e+02
2.529210977701543754e+02
2.529811320754716917e+02
2.530017152658662098e+02
2.530343053173241685e+02
2.530668953687821556e+02
2.531509433962264097e+02
2.532332761578044540e+02
2.532727272727272805e+02
2.533670668953687937e+02
2.534596912521440970e+02
2.535506003430531621e+02
2.536363636363636260e+02
2.537118353344768309e+02
2.538096054888507638e+02
2.539245283018867667e+02
2.540394511149227981e+02
2.541766723842195290e+02
2.543224699828473376e+02
2.544682675814751178e+02
2.546140651801028980e+02
2.547255574614065097e+02
2.548370497427100929e+02
2.549622641509433834e+02
2.550874785591766454e+02
2.552126929674099358e+02
2.553379073756432263e+02
2.554631217838764883e+02
2.555574614065180015e+02
2.556552315608919344e+02
2.557564322469982869e+02
2.558559176672384297e+02
2.559554030874785440e+02
2.560445969125214560e+02
2.561355060034305211e+02
2.561217838765008423e+02
2.561629502572898218e+02
2.562041166380788582e+02
2.562675814751286225e+02
2.563310463121783869e+02
2.563481989708404853e+02
2.563653516295025838e+02
2.564322469982847679e+02
2.564854202401372163e+02
2.564819897084047966e+02
2.564751286449399572e+02
2.564699828473413277e+02
2.564682675814751178e+02
2.564939965694682655e+02
2.564819897084047398e+02
2.564236706689536618e+02
2.563687821612349467e+02
2.563173241852487081e+02
2.562830188679245111e+02
2.562024013722126483e+02
2.561217838765008423e+02
2.560771869639793863e+02
2.560188679245283083e+02
2.559811320754716917e+02
2.558644939965694789e+02
2.557495711835334191e+02
2.556346483704974162e+02
2.555214408233275947e+02
2.553962264150943042e+02
2.553464837049742755e+02
2.552967409948541899e+02
2.551595197255574590e+02
2.551012006861063242e+02
2.550428816466552178e+02
2.548936535162949895e+02
2.547461406518010278e+02
2.545986277873070094e+02
2.544511149228130478e+02
2.543036020583190293e+02
2.541578044596912491e+02
2.540120068610634689e+02
2.538662092624356887e+02
2.537186963979416987e+02
2.535711835334476802e+02
2.534253859348199001e+02
2.532984562607203998e+02
2.531680960548885082e+02
2.530274442538593291e+02
2.528953687821612277e+02
2.527615780445968880e+02
2.526277873070325768e+02
2.524957118353344754e+02
2.524322469982847110e+02
2.523602058319039259e+02
2.523722126929673948e+02
2.523138936535162884e+02
2.522555746140651536e+02
2.522058319039450964e+02
2.521457975986277802e+02
2.520531732418524484e+02
2.519845626072041114e+02
2.519554030874785440e+02
2.519159519725557175e+02
2.519056603773584868e+02
2.519433962264150750e+02
2.519794168096054818e+02
2.519777015437392720e+02
2.519382504288164739e+02
2.519519725557461243e+02
2.520445969125214560e+02
2.521372212692967310e+02
2.521972555746140756e+02
2.522178387650085938e+02
2.522384219554030835e+02
2.522281303602057960e+02
2.522178387650085654e+02
2.522229845626071949e+02
2.522572898799313634e+02
2.523499142367066952e+02
2.524425385934819985e+02
2.525334476843910920e+02
2.526226415094339472e+02
2.526981132075471805e+02
2.528147512864493933e+02
2.529588336192109637e+02
2.530737564322469950e+02
2.531869639794168165e+02
2.532075471698113347e+02
2.532281303602057960e+02
2.533533447684390865e+02
2.534785591766723485e+02
2.535626072041166026e+02
2.536466552315608851e+02
2.537307032590051392e+02
2.538027444253859244e+02
2.538765008576328910e+02
2.539811320754716917e+02
2.541114922813035832e+02
2.541457975986277802e+02
2.542469982847341043e+02
2.543344768439108066e+02
2.544219554030874519e+02
2.544596912521440686e+02
2.544991423670668951e+02
2.545385934819896931e+02
2.546106346483704783e+02
2.546843910806175018e+02
2.547101200686106495e+02
2.547375643224699786e+02
2.547650085763293362e+02
2.547787307032589865e+02
2.548284734133790721e+02
2.548782161234991293e+02
2.548782161234991577e+02
2.548799313893653391e+02
2.548816466552315205e+02
2.548867924528301501e+02
2.549399656946826553e+02
2.549331046312178159e+02
2.549433962264150750e+02
2.549279588336191864e+02
2.549005145797598288e+02
2.548799313893653391e+02
2.548250428816466240e+02
2.547444253859347896e+02
2.546655231560891934e+02
2.546723842195540328e+02
2.546432246998284654e+02
2.545385934819896931e+02
2.544356775300171307e+02
2.543619210977701357e+02
2.542710120068610706e+02
2.542778730703258816e+02
2.541509433962264097e+02
2.540257289879931477e+02
2.538885077186964168e+02
2.537512864493996574e+02
2.536157804459691363e+02
2.534819897084047966e+02
2.533481989708404853e+02
2.532161234991423555e+02
2.530840480274442257e+02
2.529382504288164455e+02
2.527924528301886653e+02
2.526466552315608851e+02
2.525300171526586723e+02
2.523859348198970736e+02
2.522418524871354748e+02
2.520960548885076946e+02
2.519502572898799144e+02
2.518061749571183441e+02
2.516620926243567737e+02
2.515934819897084083e+02
2.514648370497426981e+02
2.513344768439107781e+02
2.511955403087478373e+02
2.511303602058318916e+02
2.511715265866209279e+02
2.511355060034305211e+02
2.510737564322469666e+02
2.510120068610634689e+02
2.509210977701543754e+02
2.508987993138936474e+02
2.508765008576329478e+02
2.508524871355060100e+02
2.509039451114923054e+02
2.509245283018867951e+02
2.508970840480274376e+02
2.509022298456260955e+02
2.509056603773585152e+02
2.509519725557461527e+02
2.509982847341337902e+02
2.510789022298456530e+02
2.511578044596912491e+02
2.511989708404802855e+02
2.512555746140652104e+02
2.513259005145797857e+02
2.513516295025729050e+02
2.513807890222984724e+02
2.514065180102916202e+02
2.514322469982847394e+02
2.514391080617495504e+02
2.514819897084047966e+02
2.515763293310463098e+02
2.516809605488850821e+02
2.517855917667238259e+02
2.519108061749570879e+02
2.520360205831903784e+02
2.521715265866208995e+02
2.522950257289879801e+02
2.524185248713550322e+02
2.525420240137221128e+02
2.526655231560891934e+02
2.527890222984562456e+02
2.529125214408232978e+02
2.530463121783876375e+02
2.531801029159519771e+02
2.533138936535162884e+02
2.534476843910806281e+02
2.535437392795883227e+02
2.536397941680960457e+02
2.537444253859348180e+02
2.537770154373927767e+02
2.539005145797598857e+02
2.540257289879931477e+02
2.541389365351629408e+02
2.542452830188679513e+02
2.543310463121783869e+02
2.544168096054888508e+02
2.545128644939965739e+02
2.546106346483705352e+02
2.546861063464837116e+02
2.547066895368782298e+02
2.547272727272727479e+02
2.547890222984562456e+02
2.548542024013722198e+02
2.549056603773584868e+02
2.549039451114922770e+02
2.549554030874785440e+02
2.550085763293310492e+02
2.550360205831904068e+02
2.550274442538593576e+02
2.550188679245283083e+02
2.550445969125213992e+02
2.550428816466552178e+02
2.550034305317324197e+02
2.549674099485420129e+02
2.549176672384219557e+02
2.549142367066895360e+02
2.548919382504288365e+02
2.548010291595197145e+02
2.547152658662092790e+02
2.546861063464837116e+02
2.546140651801028980e+02
2.545746140651800999e+02
2.544596912521440686e+02
2.543756432246998429e+02
2.542658662092624127e+02
2.541423670668953889e+02
2.540222984562607280e+02
2.538850771869639971e+02
2.537512864493996574e+02
2.536174957118353461e+02
2.534682675814751462e+02
2.533344768439108066e+02
2.531869639794168165e+02
2.530411663807890363e+02
2.528953687821612561e+02
2.527495711835334475e+02
2.526054888507718772e+02
2.524614065180102784e+02
2.523173241852487081e+02
2.521715265866209279e+02
2.520257289879931193e+02
2.518799313893653107e+02
2.517341337907375589e+02
2.516054888507718772e+02
2.514768439108061671e+02
2.513584905660377160e+02
2.512281303602058244e+02
2.511097770154374018e+02
2.509897084048027409e+02
2.508696397941681084e+02
2.508078902229845539e+02
2.507461406518010563e+02
2.507358490566037972e+02
2.507461406518010278e+02
2.507238421955403282e+02
2.506981132075471805e+02
2.506723842195540328e+02
2.506449399656947037e+02
2.506655231560891934e+02
2.506535162950257245e+02
2.506415094339622556e+02
2.506432246998284654e+02
2.506449399656946753e+02
2.506895368782161029e+02
2.507341337907375589e+02
2.507770154373927767e+02
2.508198970840480229e+02
2.508593481989708209e+02
2.509125214408232978e+02
2.509794168096054818e+02
2.510463121783876659e+02
2.511114922813036117e+02
2.511903945111492362e+02
2.512315608919382441e+02
2.512710120068610422e+02
2.512555746140651820e+02
2.513430531732418558e+02
2.514271012006860815e+02
2.515334476843910636e+02
2.516380789022298359e+02
2.517427101200685797e+02
2.518576329331046395e+02
2.519931389365351606e+02
2.521183533447684511e+02
2.522435677530017131e+02
2.523670668953687937e+02
2.525008576329331049e+02
2.526346483704974162e+02
2.527701543739279657e+02
2.529056603773585152e+02
2.530411663807890363e+02
2.532041166380789150e+02
2.533173241852487081e+02
2.534339622641509777e+02
2.535523156089194003e+02
2.536689536878216131e+02
2.537890222984562740e+02
2.538970840480274660e+02
2.540051457975986295e+02
2.541149228130360029e+02
2.542349914236706923e+02
2.543550600343053247e+02
2.544236706689536902e+02
2.544939965694682655e+02
2.545643224699828409e+02
2.546363636363636260e+02
2.547204116638079086e+02
2.548044596912521627e+02
2.548885077186964168e+02
2.549468267581474947e+02
2.550325900514579587e+02
2.550737564322469950e+02
2.551252144082332904e+02
2.551921097770154461e+02
2.552590051457976017e+02
2.552658662092624695e+02
2.552521440823327907e+02
2.552367066895369021e+02
2.552658662092624411e+02
2.553121783876500785e+02
2.553018867924528195e+02
2.552315608919382441e+02
2.551835334476843968e+02
2.550926243567753033e+02
2.549897084048027409e+02
2.549622641509433834e+02
2.549245283018867951e+02
2.548096054888507638e+02
2.546963979416809707e+02
2.545694682675814988e+02
2.544425385934819985e+02
2.543173241852487081e+02
2.541972555746140756e+02
2.540806174957118344e+02
2.539451114922812849e+02
2.538096054888507638e+02
2.536740994854202427e+02
2.535385934819897216e+02
2.533910806174957315e+02
2.533156089193824982e+02
2.531680960548885082e+02
2.530205831903945182e+02
2.528747855917667380e+02
2.527307032590051676e+02
2.525849056603773306e+02
2.524408233276157887e+02
2.523653516295025838e+02
2.522898799313893790e+02
2.521457975986277802e+02
2.520137221269296788e+02
2.518833619210977872e+02
2.517512864493996574e+02
2.517049742710120199e+02
2.516586620926243540e+02
2.516123499142367166e+02
2.515831903945111776e+02
2.515540308747856102e+02
2.515214408233276231e+02
2.514871355060034261e+02
2.514528301886792292e+02
2.514168096054888792e+02
2.513790737564322626e+02
2.513413379073756460e+02
2.513790737564322626e+02
2.514065180102916202e+02
2.514339622641509493e+02
2.514253859348199001e+02
2.514150943396226694e+02
2.514048027444254103e+02
2.514408233276157887e+02
2.514768439108061671e+02
2.514785591766723769e+02
2.514785591766723769e+02
2.514957118353344754e+02
2.515574614065180299e+02
2.516192109777015560e+02
2.516775300171526624e+02
2.517341337907375873e+02
2.518027444253859244e+02
2.518713550600343183e+02
2.519365351629502925e+02
2.520000000000000284e+02
2.520737564322470234e+02
2.521457975986277802e+02
2.522161234991423839e+02
2.523310463121783869e+02
2.523687821612350035e+02
2.524939965694682655e+02
2.526089193825042969e+02
2.527221269296741184e+02
2.528456260720411706e+02
2.529691252144082227e+02
2.531046312178387723e+02
2.532401372212692650e+02
2.533756432246998145e+02
2.535111492281303640e+02
2.536466552315608851e+02
2.537838765008576161e+02
2.539193825042881656e+02
2.540566037735848965e+02
2.541938250428816559e+02
2.543087478559176873e+02
2.544236706689537186e+02
2.545403087478559314e+02
2.546586620926243540e+02
2.547787307032590149e+02
2.549005145797598857e+02
2.549674099485420413e+02
2.550634648370497644e+02
2.551646655231561169e+02
2.552778730703259384e+02
2.553704974271012134e+02
2.554133790737564311e+02
2.555077186963979443e+02
2.555660377358490791e+02
2.556260720411663669e+02
2.556483704974270950e+02
2.556723842195540328e+02
2.557169811320754604e+02
2.557821612349914346e+02
2.558490566037735903e+02
2.558507718696398001e+02
2.558524871355059815e+02
2.558730703259004997e+02
2.558336192109777016e+02
2.558233276157804426e+02
2.558370497427101213e+02
2.558524871355060100e+02
2.557632933104631263e+02
2.556569468267581442e+02
2.555523156089194003e+02
2.554493996569468379e+02
2.553344768439108066e+02
2.552967409948541899e+02
2.552607204116637831e+02
2.551320754716981014e+02
2.550034305317324197e+02
2.548765008576329194e+02
2.547512864493996574e+02
2.546277873070326052e+02
2.545042881646655246e+02
2.543722126929674232e+02
2.542195540308748036e+02
2.540668953687821841e+02
2.539468267581474947e+02
2.537975986277872948e+02
2.536483704974270950e+02
2.534991423670668951e+02
2.533516295025729050e+02
2.532195540308748036e+02
2.530874785591767022e+02
2.529416809605488652e+02
2.528096054888507638e+02
2.526740994854202427e+02
2.526277873070326052e+02
2.524922813036020557e+02
2.523704974271011849e+02
2.522658662092624127e+02
2.522349914236706638e+02
2.522006861063464953e+02
2.521646655231560885e+02
2.521269296740995003e+02
2.520891938250428836e+02
2.520514579759862954e+02
2.520137221269296788e+02
2.520257289879931477e+02
2.520360205831904068e+02
2.520463121783876659e+02
2.520205831903945182e+02
2.519914236706689508e+02
2.519639794168095932e+02
2.519331046312178444e+02
2.519725557461406424e+02
2.520120068610634689e+02
2.520480274442538757e+02
2.520497427101200856e+02
2.520497427101200856e+02
2.520977701543739329e+02
2.521457975986277802e+02
2.521286449399657101e+02
2.521698113207547181e+02
2.521629502572898787e+02
2.522144082332761741e+02
2.522847341337907494e+02
2.523533447684391149e+02
2.524202401372212705e+02
2.525094339622641257e+02
2.525866209262435405e+02
2.526740994854202427e+02
2.527735849056603570e+02
2.528713550600343183e+02
2.529674099485420129e+02
2.530737564322469950e+02
2.531801029159519771e+02
2.532847341337907210e+02
2.533893653516294933e+02
2.535145797598627837e+02
2.536397941680960741e+02
2.537770154373928335e+02
2.538936535162950463e+02
2.540102915951972591e+02
2.541286449399657101e+02
2.542452830188678945e+02
2.543636363636363740e+02
2.544802744425386152e+02
2.545986277873070378e+02
2.547169811320754889e+02
2.548370497427101498e+02
2.549588336192110205e+02
2.550806174957118628e+02
2.552024013722127052e+02
2.553053173241852676e+02
2.554116638078902497e+02
2.555180102915952034e+02
2.556260720411663954e+02
2.557204116638079086e+02
2.558147512864494217e+02
2.558816466552315774e+02
2.559777015437392720e+02
2.560617495711835545e+02
2.561252144082332620e+02
2.561921097770153892e+02
2.562590051457975733e+02
2.562984562607203998e+02
2.563430531732418558e+02
2.564116638078902497e+02
2.564133790737564595e+02
2.564253859348198716e+02
2.564837049742710633e+02
2.565145797598628405e+02
2.565042881646655246e+02
2.564253859348198716e+02
2.563464837049742755e+02
2.563036020583190293e+02
2.562607204116638400e+02
2.562041166380789150e+02
2.560994854202401712e+02
2.559948542024013705e+02
2.559279588336192148e+02
2.558627787307032690e+02
2.558267581475128623e+02
2.557101200686106495e+02
2.555934819897084367e+02
2.555077186963979159e+02
2.554219554030874519e+02
2.553379073756431978e+02
2.552109777015437260e+02
2.550874785591766454e+02
2.549879931389365311e+02
2.548799313893653675e+02
2.547409948542023983e+02
2.546020583190394291e+02
2.544493996569468095e+02
2.543121783876500785e+02
2.541749571183533476e+02
2.540377358490566166e+02
2.539022298456260671e+02
2.537667238421955176e+02
2.537204116638078517e+02
2.536723842195540328e+02
2.535488850771869522e+02
2.534253859348198716e+02
2.533190394511149179e+02
2.532898799313893505e+02
2.531921097770154461e+02
2.531560891938250393e+02
2.531200686106346325e+02
2.530840480274442825e+02
2.530463121783876659e+02
2.530068610634648394e+02
2.530171526586620985e+02
2.530274442538593576e+02
2.530377358490566166e+02
2.530102915951972591e+02
2.530017152658662098e+02
2.530411663807890363e+02
2.530789022298456530e+02
2.530668953687821841e+02
2.530703259005146037e+02
2.530720411663808136e+02
2.531200686106346609e+02
2.531663807890222984e+02
2.532092624356775445e+02
2.532504288164665525e+02
2.533053173241852392e+02
2.533602058319039543e+02
2.534116638078902497e+02
2.534802744425385868e+02
2.535608919382504212e+02
2.536415094339622556e+02
2.537221269296741184e+02
2.537684391080617274e+02
2.538593481989708494e+02
2.539605488850771735e+02
2.540600343053173447e+02
2.541595197255574590e+02
2.542572898799313919e+02
2.543516295025729050e+02
2.544596912521440686e+02
2.545643224699828124e+02
2.546912521440823127e+02
2.548181818181818130e+02
2.549433962264150750e+02
2.550686106346483371e+02
2.552075471698113063e+02
2.553464837049742755e+02
2.554648370497426981e+02
2.555831903945111208e+02
2.557015437392795718e+02
2.558198970840480229e+02
2.559416809605488652e+02
2.560651801029159742e+02
2.561886792452829695e+02
2.563121783876500785e+02
2.564356775300171876e+02
2.565591766723842397e+02
2.566655231560891934e+02
2.567821612349914062e+02
2.568902229845625698e+02
2.569982847341337902e+02
2.571080617495711635e+02
2.571629502572898787e+02
2.572710120068610422e+02
2.573499142367066952e+02
2.573464837049742755e+02
2.573687821612349467e+02
2.574373927958833406e+02
2.574631217838764883e+02
2.574991423670668951e+02
2.575094339622642110e+02
2.574939965694683224e+02
2.574614065180102784e+02
2.574116638078902497e+02
2.573773584905660528e+02
2.572950257289879801e+02
2.572126929674099074e+02
2.571715265866209279e+02
2.571475128644939900e+02
2.570720411663808136e+02
2.569554030874785440e+02
2.568387650085763312e+02
2.567341337907375873e+02
2.566672384219554033e+02
2.566346483704974162e+02
2.565986277873070094e+02
2.565643224699828124e+02
2.565574614065179730e+02
2.565214408233275662e+02
2.564391080617495504e+02
2.563550600343053247e+02
2.562178387650085369e+02
2.561080617495711635e+02
2.560514579759862386e+02
2.559005145797598573e+02
2.557512864493996574e+02
2.557049742710120199e+02
2.555574614065180015e+02
2.555797598627787579e+02
2.555385934819897216e+02
2.553927958833619130e+02
2.553447684391080656e+02
2.552555746140651536e+02
2.552487135506003142e+02
2.552418524871355032e+02
2.552332761578044540e+02
2.552229845626072233e+02
2.551337907375643113e+02
2.550977701543739329e+02
2.550617495711835545e+02
2.550222984562607280e+02
2.549845626072041114e+02
2.549451114922813133e+02
2.549536878216123341e+02
2.549622641509433834e+02
2.549108061749571164e+02
2.549039451114923054e+02
2.548953687821612561e+02
2.549348198970840542e+02
2.549725557461406424e+02
2.550102915951972591e+02
2.550463121783876659e+02
2.550480274442538757e+02
2.550480274442538757e+02
2.550977701543739329e+02
2.551457975986277802e+02
2.551938250428816559e+02
2.552401372212693218e+02
2.552384219554031120e+02
2.552950257289880085e+02
2.553516295025729050e+02
2.554065180102915917e+02
2.554150943396226410e+02
2.554785591766724338e+02
2.555351629502573019e+02
2.556192109777015276e+02
2.557032590051458101e+02
2.557272727272727195e+02
2.558216123499142327e+02
2.559142367066895360e+02
2.560051457975986295e+02
2.560651801029159742e+02
2.561457975986277802e+02
2.561972555746140188e+02
2.562967409948541899e+02
2.563945111492281512e+02
2.565042881646655246e+02
2.566140651801028980e+02
2.567238421955403282e+02
2.568319039451114918e+02
2.569399656946826553e+02
2.570480274442538757e+02
2.571560891938250961e+02
2.572778730703258816e+02
2.573996569468267808e+02
2.575231560891938329e+02
2.576192109777015276e+02
2.577427101200686366e+02
2.578662092624356887e+02
2.579897084048027409e+02
2.581149228130360598e+02
2.582384219554031120e+02
2.583447684391080656e+02
2.584099485420240399e+02
2.585162950257289936e+02
2.586226415094339472e+02
2.587392795883362169e+02
2.588456260720412274e+02
2.587941680960549320e+02
2.587804459691251964e+02
2.588404802744425410e+02
2.589005145797598857e+02
2.589639794168095932e+02
2.589605488850771735e+02
2.589365351629502356e+02
2.589125214408232978e+02
2.588404802744425410e+02
2.587667238421955176e+02
2.586946826758147608e+02
2.586054888507718488e+02
2.585042881646655246e+02
2.584048027444253535e+02
2.583053173241852392e+02
2.582058319039450680e+02
2.581080617495712204e+02
2.580120068610634689e+02
2.579279588336191864e+02
2.578027444253859244e+02
2.577221269296741184e+02
2.576363636363636260e+02
2.575523156089194003e+02
2.574682675814751178e+02
2.574168096054888792e+02
2.573310463121783869e+02
2.571921097770154461e+02
2.570548885077187151e+02
2.569879931389365311e+02
2.569210977701543470e+02
2.567838765008576729e+02
2.566466552315608851e+02
2.565111492281304209e+02
2.563756432246998429e+02
2.562418524871355316e+02
2.561080617495711635e+02
2.559742710120068523e+02
2.558404802744425126e+02
2.557066895368782014e+02
2.555728987993138617e+02
2.554408233276157603e+02
2.553087478559176873e+02
2.552435677530017131e+02
2.551629502572898787e+02
2.550960548885077230e+02
2.550308747855917773e+02
2.549897084048027409e+02
2.549451114922812849e+02
2.549228130360205853e+02
2.548936535162950179e+02
2.548816466552315774e+02
2.548713550600343183e+02
2.548610634648370592e+02
2.548456260720411706e+02
2.548301886792452819e+02
2.548713550600342899e+02
2.549125214408233262e+02
2.549108061749571448e+02
2.549039451114922770e+02
2.548970840480274376e+02
2.549451114922813133e+02
2.549365351629502641e+02
2.549502572898799144e+02
2.549897084048027409e+02
2.550651801029159458e+02
2.551406518010291506e+02
2.551715265866209279e+02
2.552298456260720627e+02
2.552830188679245396e+02
2.553344768439108066e+02
2.553842195540308921e+02
2.554322469982847394e+02
2.554974271012006852e+02
2.555883361921097787e+02
2.556723842195540328e+02
2.557272727272727479e+02
2.558250428816466524e+02
2.559228130360205569e+02
2.560171526586620985e+02
2.560823327615780727e+02
2.561732418524871377e+02
2.562795883361920914e+02
2.563876500857633118e+02
2.564939965694682087e+02
2.565986277873070094e+02
2.567032590051458101e+02
2.568233276157803857e+02
2.569279588336191864e+02
2.570463121783876659e+02
2.571646655231560885e+02
2.572830188679245111e+02
2.574013722126929906e+02
2.575214408233276231e+02
2.576432246998284654e+02
2.577667238421955176e+02
2.578902229845625698e+02
2.580137221269296788e+02
2.581389365351629408e+02
2.582435677530016847e+02
2.583104631217838687e+02
2.584356775300171307e+02
2.585265866209261958e+02
2.586346483704974162e+02
2.587066895368782298e+02
2.588061749571182872e+02
2.588850771869639402e+02
2.589519725557461243e+02
2.590188679245283083e+02
2.590360205831903500e+02
2.590325900514579303e+02
2.590102915951972591e+02
2.589365351629502356e+02
2.588627787307032690e+02
2.587907375643223986e+02
2.587169811320754889e+02
2.587049742710120199e+02
2.586929674099485510e+02
2.585917667238421700e+02
2.584905660377358458e+02
2.583910806174957315e+02
2.582915951972555604e+02
2.581938250428815991e+02
2.580943396226414848e+02
2.579982847341337902e+02
2.579022298456260955e+02
2.577907375643225123e+02
2.576655231560891934e+02
2.575403087478559314e+02
2.574168096054888792e+02
2.573310463121783869e+02
2.572452830188678945e+02
2.572144082332761172e+02
2.570943396226414848e+02
2.569777015437392720e+02
2.568610634648370592e+02
2.567478559176672093e+02
2.566346483704974162e+02
2.565231560891937761e+02
2.563893653516294648e+02
2.562452830188678945e+02
2.561132075471697362e+02
2.560754716981131764e+02
2.559468267581474947e+02
2.558198970840480229e+02
2.556912521440823411e+02
2.555626072041166310e+02
2.555214408233275947e+02
2.554802744425385583e+02
2.554802744425385868e+02
2.554253859348198716e+02
2.554185248713550322e+02
2.554133790737564311e+02
2.554030874785592005e+02
2.553927958833619414e+02
2.553807890222984724e+02
2.553825042881646823e+02
2.553842195540308637e+02
2.553859348198971020e+02
2.554030874785591436e+02
2.554185248713550607e+02
2.554339622641509493e+02
2.554459691252144182e+02
2.554579759862778587e+02
2.554699828473413277e+02
2.554819897084047966e+02
2.555197255574614132e+02
2.555300171526586723e+02
2.555608919382504496e+02
2.555917667238421984e+02
2.556174957118353177e+02
2.556432246998284654e+02
2.556981132075471805e+02
2.557204116638078517e+02
2.557444253859347896e+02
2.557667238421955176e+02
2.557855917667238259e+02
2.558044596912521342e+02
2.558662092624356887e+02
2.559519725557461527e+02
2.560343053173241401e+02
2.561303602058318916e+02
2.562246998284733763e+02
2.563156089193824982e+02
2.564048027444254103e+02
2.564939965694682087e+02
2.565986277873070094e+02
2.567032590051458101e+02
2.568061749571182872e+02
2.569108061749570879e+02
2.570120068610634689e+02
2.571132075471698499e+02
2.572246998284734332e+02
2.573361921097770164e+02
2.574476843910806565e+02
2.575728987993138617e+02
2.576981132075471805e+02
2.578233276157804994e+02
2.579485420240137046e+02
2.580497427101200856e+02
2.581749571183533476e+02
2.582435677530016847e+02
2.583121783876500785e+02
2.583687821612350035e+02
2.584048027444254103e+02
2.585300171526586155e+02
2.586415094339622556e+02
2.587392795883362169e+02
2.588370497427101213e+02
2.588233276157804426e+02
2.588353344768439115e+02
2.588301886792452819e+02
2.588250428816465956e+02
2.588198970840480229e+02
2.587924528301886653e+02
2.587667238421955176e+02
2.587427101200686366e+02
2.587392795883361600e+02
2.587392795883361600e+02
2.587392795883361600e+02
2.587015437392796002e+02
2.586192109777015276e+02
2.585368782161235117e+02
2.584871355060034830e+02
2.584391080617496073e+02
2.583653516295025838e+02
2.582933104631217702e+02
2.582212692967409566e+02
2.581492281303602567e+02
2.580789022298456530e+02
2.579554030874785440e+02
2.578319039451114918e+02
2.577084048027444396e+02
2.575866209262435973e+02
2.574648370497427550e+02
2.573430531732418558e+02
2.572212692967410135e+02
2.571012006861063242e+02
2.570480274442538757e+02
2.569965694682675803e+02
2.569468267581474947e+02
2.568970840480274660e+02
2.568593481989708494e+02
2.568216123499142327e+02
2.567821612349914062e+02
2.567409948542023699e+02
2.567015437392796002e+02
2.566620926243567737e+02
2.565368782161235117e+02
2.564974271012006852e+02
2.564579759862779156e+02
2.564185248713550322e+02
2.563773584905660528e+02
2.563344768439108066e+02
2.562898799313893505e+02
2.562675814751286794e+02
2.562435677530016847e+02
2.561337907375643681e+02
2.561269296740995287e+02
2.561200686106346893e+02
2.561097770154374302e+02
2.560977701543739613e+02
2.560840480274442825e+02
2.560686106346483939e+02
2.561080617495712204e+02
2.561183533447684226e+02
2.561234991423670522e+02
2.561252144082332620e+02
2.561252144082333189e+02
2.561749571183533476e+02
2.561732418524871377e+02
2.561955403087478089e+02
2.562144082332761172e+02
2.562710120068610422e+02
2.563259005145797573e+02
2.563584905660377444e+02
2.563722126929673664e+02
2.564030874785591436e+02
2.564871355060034261e+02
2.565728987993138617e+02
2.566380789022298359e+02
2.567238421955402714e+02
2.568096054888507638e+02
2.568610634648370024e+02
2.569108061749570879e+02
2.570085763293309924e+02
2.571063464837049537e+02
2.572109777015436975e+02
2.573156089193824982e+02
2.574339622641509209e+02
2.574974271012006852e+02
2.575677530017152321e+02
2.576758147512864525e+02
2.577838765008576729e+02
2.579005145797598288e+02
2.580154373927958886e+02
2.581303602058319484e+02
2.582452830188678945e+02
2.583739279588336331e+02
2.585025728987993148e+02
2.586329331046312063e+02
2.587324185248713775e+02
2.588610634648370024e+02
2.589056603773584584e+02
2.590034305317324197e+02
2.591132075471698499e+02
2.592075471698112779e+02
2.593018867924528195e+02
2.594099485420239830e+02
2.594253859348199285e+02
2.595214408233275662e+02
2.595283018867924625e+02
2.596295025728987866e+02
2.597169811320754889e+02
2.597427101200686366e+02
2.596946826758147608e+02
2.596912521440822843e+02
2.597066895368782298e+02
2.597238421955402714e+02
2.596432246998284654e+02
2.595626072041166026e+02
2.595626072041166594e+02
2.595626072041166594e+02
2.594699828473413277e+02
2.593773584905660528e+02
2.592847341337907210e+02
2.591955403087478658e+02
2.591046312178388007e+02
2.590171526586620985e+02
2.589656946826758031e+02
2.589159519725557175e+02
2.588679245283018417e+02
2.588198970840480229e+02
2.587735849056604138e+02
2.587272727272727479e+02
2.586792452830188722e+02
2.587461406518010563e+02
2.587547169811321055e+02
2.587632933104631547e+02
2.587718696397942040e+02
2.587615780445969449e+02
2.586295025728987866e+02
2.586020583190394291e+02
2.585763293310463382e+02
2.585506003430531337e+02
2.585265866209262526e+02
2.585008576329331049e+02
2.584768439108061671e+02
2.584545454545454959e+02
2.583310463121783869e+02
2.582778730703258816e+02
2.582555746140651536e+02
2.582332761578044824e+02
2.581903945111492362e+02
2.581475128644939900e+02
2.581217838765008423e+02
2.581166380789022128e+02
2.581114922813036401e+02
2.581029159519725908e+02
2.580943396226415416e+02
2.580840480274442825e+02
2.580703259005146037e+02
2.580343053173241969e+02
2.579982847341337902e+02
2.579605488850772304e+02
2.579622641509433834e+02
2.579639794168095932e+02
2.579656946826758031e+02
2.579862778730703212e+02
2.580034305317324197e+02
2.580222984562606712e+02
2.580377358490566166e+02
2.580531732418524484e+02
