4.079588336192109210e+01
4.081475128644939332e+01
4.078730703259004997e+01
4.078387650085763028e+01
4.077873070325900073e+01
4.076329331046311921e+01
4.076157804459690936e+01
4.074785591766723769e+01
4.073584905660376876e+01
4.069982847341337617e+01
4.068782161234990724e+01
4.067581475128645252e+01
4.063979416809605993e+01
4.062778730703259100e+01
4.061578044596912207e+01
4.059348198970840826e+01
4.057118353344768025e+01
4.054888507718695934e+01
4.052658662092624553e+01
4.051457975986277660e+01
4.050257289879931477e+01
4.052487135506002858e+01
4.054716981132074949e+01
4.056946826758147040e+01
4.059176672384219842e+01
4.062607204116638115e+01
4.066037735849056389e+01
4.068267581475127770e+01
4.070497427101200572e+01
4.072727272727272663e+01
4.073927958833618845e+01
4.077186963979416845e+01
4.080445969125214134e+01
4.082675814751286225e+01
4.084905660377358316e+01
4.088164665523156316e+01
4.087993138936535331e+01
4.085763293310462529e+01
4.082332761578044256e+01
4.078730703259004997e+01
4.077530017152658104e+01
4.076329331046311921e+01
4.071698113207547465e+01
4.068267581475129191e+01
4.069296740994854389e+01
4.066723842195540328e+01
4.065180102915952176e+01
4.064837049742710207e+01
4.063464837049743039e+01
4.062092624356775161e+01
4.060891938250428268e+01
4.059691252144082796e+01
4.058147512864493933e+01
4.056775300171526055e+01
4.055403087478559598e+01
4.054030874785591720e+01
4.053687821612349751e+01
4.051457975986277660e+01
4.049228130360205569e+01
4.046140651801029264e+01
4.043053173241852249e+01
4.040994854202401143e+01
4.037735849056603854e+01
4.033790737564322626e+01
4.030531732418524626e+01
4.026586620926244109e+01
4.021440823327615988e+01
4.016295025728987866e+01
4.011149228130359745e+01
4.005831903945111350e+01
4.000514579759862954e+01
3.996569468267581726e+01
3.991252144082333331e+01
3.986106346483705920e+01
3.983361921097770164e+01
3.979245283018867951e+01
3.975128644939965739e+01
3.969982847341338328e+01
3.966037735849056389e+01
3.962092624356775161e+01
3.957975986277872948e+01
3.954030874785591720e+01
3.949742710120068523e+01
3.944253859348199143e+01
3.938593481989708778e+01
3.934648370497427550e+01
3.930703259005145611e+01
3.926758147512864383e+01
3.922813036020583155e+01
3.918867924528301216e+01
3.914922813036019988e+01
3.910977701543738760e+01
3.907032590051458243e+01
3.903087478559176304e+01
3.899142367066895076e+01
3.895197255574613848e+01
3.889365351629502499e+01
3.883533447684391149e+01
3.882161234991423271e+01
3.881818181818181301e+01
3.881475128644939332e+01
3.882847341337907210e+01
3.879073756432246967e+01
3.877358490566037830e+01
3.880617495711835119e+01
3.887307032590051392e+01
3.896226415094339757e+01
3.902058319039451106e+01
3.907032590051458243e+01
3.912006861063464669e+01
3.915780445969124912e+01
3.919554030874785866e+01
3.922984562607204140e+01
3.921097770154374018e+01
3.924871355060034261e+01
3.929502572898799428e+01
3.933104631217838687e+01
3.938765008576329052e+01
3.943396226415094219e+01
3.950085763293310492e+01
3.956089193825042827e+01
3.961406518010291222e+01
3.967238421955402572e+01
3.971355060034304785e+01
3.973584905660377586e+01
3.976843910806174875e+01
3.980102915951972165e+01
3.984219554030875088e+01
3.988336192109777301e+01
3.992452830188679513e+01
3.996569468267581726e+01
3.999828473413379015e+01
4.003087478559176304e+01
4.006346483704973593e+01
4.009777015437392578e+01
4.013207547169811562e+01
4.016638078902229836e+01
4.017838765008576729e+01
4.019039451114922912e+01
4.020240137221269094e+01
4.021612349914236972e+01
4.022984562607204850e+01
4.024356775300172018e+01
4.025728987993139185e+01
4.027101200686106353e+01
4.027444253859347612e+01
4.028644939965694505e+01
4.028816466552316200e+01
4.030017152658662383e+01
4.031217838765008565e+01
4.033619210977701641e+01
4.032590051457975733e+01
4.034819897084048534e+01
4.038250428816466808e+01
4.041680960548885082e+01
4.042881646655231975e+01
4.041509433962264097e+01
4.041509433962264097e+01
4.042367066895369021e+01
4.043224699828473234e+01
4.042881646655231265e+01
4.041509433962264097e+01
4.039451114922812991e+01
4.041166380789022128e+01
4.042881646655231975e+01
4.043567753001715914e+01
4.046826758147513203e+01
4.050085763293310492e+01
4.051972555746140614e+01
4.051629502572898645e+01
4.053516295025728766e+01
4.053001715265865812e+01
4.055917667238422553e+01
4.060034305317324055e+01
4.063464837049743039e+01
4.064493996569468237e+01
4.060034305317324055e+01
4.061921097770154176e+01
4.063979416809604572e+01
4.062264150943396146e+01
4.060548885077186299e+01
4.059519725557461101e+01
4.059519725557461101e+01
4.058490566037735192e+01
4.058490566037735903e+01
4.058147512864493933e+01
4.058147512864493933e+01
4.056946826758147040e+01
4.055746140651800857e+01
4.053516295025728766e+01
4.052315608919382584e+01
4.051286449399657386e+01
4.049056603773584584e+01
4.046826758147512493e+01
4.043739279588336899e+01
4.041852487135506777e+01
4.038765008576329762e+01
4.035677530017152748e+01
4.031903945111491794e+01
4.028130360205831551e+01
4.025557461406518200e+01
4.023670668953688079e+01
4.021440823327615988e+01
4.019210977701543897e+01
4.016981132075471805e+01
4.014408233276157034e+01
4.011835334476843684e+01
4.012178387650085654e+01
4.011492281303601715e+01
4.008747855917667380e+01
4.007547169811320487e+01
4.006003430531732334e+01
4.002229845626071381e+01
4.000343053173241969e+01
3.997598627787306924e+01
3.995711835334476802e+01
3.992795883361920772e+01
3.989708404802743758e+01
3.991080617495711635e+01
3.994339622641508925e+01
3.995540308747855818e+01
3.995368782161234833e+01
3.999656946826758031e+01
4.001543739279588152e+01
4.004631217838765167e+01
4.002744425385935045e+01
4.001715265866209847e+01
4.002915951972556030e+01
4.005145797598628121e+01
4.005145797598628121e+01
4.005317324185249106e+01
4.007718696397942182e+01
4.009948542024014273e+01
4.011149228130360456e+01
4.012349914236707349e+01
4.014751286449400425e+01
4.017152658662092790e+01
4.020583190394511064e+01
4.020583190394511064e+01
4.021783876500857957e+01
4.021783876500857957e+01
4.022813036020583866e+01
4.022641509433962881e+01
4.022469982847341186e+01
4.022469982847341186e+01
4.021440823327615988e+01
4.020411663807890079e+01
4.020411663807890079e+01
4.020411663807890079e+01
4.021440823327615988e+01
4.021269296740995003e+01
4.022469982847341896e+01
4.022641509433962881e+01
4.022813036020583866e+01
4.024013722126930048e+01
4.025214408233276231e+01
4.026415094339623124e+01
4.027615780445969307e+01
4.028816466552315489e+01
4.030017152658662383e+01
4.033447684391080656e+01
4.036878216123498930e+01
4.038765008576329762e+01
4.043053173241852249e+01
4.044082332761578158e+01
4.046312178387650249e+01
4.048542024013721630e+01
4.055060034305317629e+01
4.061578044596912207e+01
4.066895368782161313e+01
4.066380789022298359e+01
4.065008576329331191e+01
4.061749571183533192e+01
4.067753001715265526e+01
4.071698113207546754e+01
4.074614065180102784e+01
4.075300171526586723e+01
4.075986277873070662e+01
4.074957118353344754e+01
4.073927958833618845e+01
4.072898799313893647e+01
4.072212692967410419e+01
4.071526586620926480e+01
4.069639794168095648e+01
4.071012006861063526e+01
4.073413379073755891e+01
4.079588336192109921e+01
4.082332761578044256e+01
4.083533447684391149e+01
4.086277873070325484e+01
4.085420240137220560e+01
4.083018867924528195e+01
4.083533447684391149e+01
4.081989708404802286e+01
4.079245283018867951e+01
4.079245283018867951e+01
4.080445969125214134e+01
4.080445969125214845e+01
4.077701543739280510e+01
4.075986277873070662e+01
4.074442538593482510e+01
4.073756432246998571e+01
4.072212692967410419e+01
4.070668953687821556e+01
4.069125214408233404e+01
4.067581475128645252e+01
4.067753001715266237e+01
4.067924528301886511e+01
4.068096054888508206e+01
4.064322469982847252e+01
4.060548885077187009e+01
4.056775300171526766e+01
4.054202401372212705e+01
4.052487135506002858e+01
4.049914236706689508e+01
4.047512864493996432e+01
4.042538593481990006e+01
4.037907375643224839e+01
4.034133790737564595e+01
4.031389365351628840e+01
4.030703259005145611e+01
4.028987993138936474e+01
4.027272727272727337e+01
4.025557461406518200e+01
4.024871355060034261e+01
4.021097770154374018e+01
4.018181818181817988e+01
4.016809605488850821e+01
4.014236706689536760e+01
4.011663807890222699e+01
4.013379073756432547e+01
4.013036020583190577e+01
4.013550600343053532e+01
4.013036020583190577e+01
4.013550600343053532e+01
4.014065180102916486e+01
4.012178387650085654e+01
4.010291595197255532e+01
4.008747855917667380e+01
4.009090909090909349e+01
4.008576329331046395e+01
4.006861063464837258e+01
4.003430531732418274e+01
4.002401372212692365e+01
4.002401372212693076e+01
4.004974271012007137e+01
4.008747855917667380e+01
4.008233276157804426e+01
4.006689536878215563e+01
4.008919382504287654e+01
4.014579759862778729e+01
4.018181818181817988e+01
4.020754716981132049e+01
4.023327615780445399e+01
4.022813036020583155e+01
4.022298456260720201e+01
4.023670668953687368e+01
4.025042881646655246e+01
4.023327615780446109e+01
4.021612349914236262e+01
4.019897084048027125e+01
4.018181818181817988e+01
4.016466552315608851e+01
4.014751286449399714e+01
4.013036020583190577e+01
4.011320754716981440e+01
4.009605488850772304e+01
4.007890222984562456e+01
4.008233276157804426e+01
4.008576329331046395e+01
4.008919382504288365e+01
4.009262435677529623e+01
4.009605488850771593e+01
4.009948542024013562e+01
4.012349914236706638e+01
4.012692967409948608e+01
4.012864493996569593e+01
4.012521440823327623e+01
4.013379073756432547e+01
4.013207547169811562e+01
4.013036020583190577e+01
4.013893653516294791e+01
4.016123499142366882e+01
4.016123499142366882e+01
4.018181818181817988e+01
4.022298456260720201e+01
4.020583190394511064e+01
4.021097770154374018e+01
4.018524871355059958e+01
4.018181818181817988e+01
4.019039451114922912e+01
4.019897084048027125e+01
4.018181818181817988e+01
4.022813036020583155e+01
4.024699828473413277e+01
4.026586620926244109e+01
4.029331046312178444e+01
4.032075471698113489e+01
4.035849056603773732e+01
4.037392795883361885e+01
4.037049742710119915e+01
4.036706689536877946e+01
4.037392795883361885e+01
4.038078902229845824e+01
4.038765008576329052e+01
4.040480274442538899e+01
4.040994854202401143e+01
4.047684391080618127e+01
4.046998284734134188e+01
4.045283018867924341e+01
4.052144082332762309e+01
4.058833619210977872e+01
4.065523156089194146e+01
4.073070325900514632e+01
4.080617495711835829e+01
4.086963979416809423e+01
4.093310463121783727e+01
4.099656946826758031e+01
4.107375643224699502e+01
4.115094339622641684e+01
4.121269296740995003e+01
4.125214408233276231e+01
4.129159519725557459e+01
4.130360205831903642e+01
4.130360205831904352e+01
4.130360205831902931e+01
4.134476843910805854e+01
4.138593481989708067e+01
4.139451114922812280e+01
4.139622641509433265e+01
4.142195540308747326e+01
4.141166380789022128e+01
4.144082332761578158e+01
4.149399656946826553e+01
4.154716981132075659e+01
4.159862778730703070e+01
4.163293310463122054e+01
4.168953687821611709e+01
4.173584905660376876e+01
4.178387650085763738e+01
4.183190394511149179e+01
4.188164665523156316e+01
4.189879931389364742e+01
4.190909090909090651e+01
4.189193825042882224e+01
4.191423670668953605e+01
4.192452830188679513e+01
4.194511149228129909e+01
4.197084048027443970e+01
4.197084048027443970e+01
4.200686106346483228e+01
4.197941680960548183e+01
4.196226415094339757e+01
4.193481989708404711e+01
4.193310463121783727e+01
4.191252144082332620e+01
4.188164665523156316e+01
4.186620926243567453e+01
4.186963979416809423e+01
4.185248713550600996e+01
4.184734133790737332e+01
4.183018867924528195e+01
4.184734133790737332e+01
4.185077186963979301e+01
4.189022298456260529e+01
4.191766723842195574e+01
4.193310463121783727e+01
4.191595197255574590e+01
4.190909090909090651e+01
4.192452830188678803e+01
4.193996569468267666e+01
4.194339622641509635e+01
4.193653516295025696e+01
4.192967409948542468e+01
4.193310463121783016e+01
4.193653516295025696e+01
4.194168096054887940e+01
4.193653516295025696e+01
4.193138936535162031e+01
4.192624356775300498e+01
4.192109777015437544e+01
4.191423670668953605e+01
4.190566037735848681e+01
4.191938250428816559e+01
4.192281303602058529e+01
4.190394511149227696e+01
4.189708404802744468e+01
4.189022298456261240e+01
4.189536878216123483e+01
4.187650085763293362e+01
4.185763293310462529e+01
4.183876500857633118e+01
4.180960548885077088e+01
4.178044596912521769e+01
4.173927958833618845e+01
4.169811320754716633e+01
4.168782161234990724e+01
4.169125214408233404e+01
4.169639794168096358e+01
4.168782161234991435e+01
4.170154373927958602e+01
4.172555746140650967e+01
4.176157804459690936e+01
4.178559176672384012e+01
4.179759862778730195e+01
4.178730703259004997e+01
4.177873070325900784e+01
4.180617495711835119e+01
4.183190394511149179e+01
4.182161234991423271e+01
4.180102915951972875e+01
4.179073756432246967e+01
4.178044596912521058e+01
4.177873070325900784e+01
4.177873070325900073e+01
4.176843910806174875e+01
4.176672384219554601e+01
4.176500857632933617e+01
4.176157804459690936e+01
4.174614065180102784e+01
4.175128644939965739e+01
4.178216123499142043e+01
4.176843910806174165e+01
4.181475128644940042e+01
4.184562607204116347e+01
4.187993138936535331e+01
4.192624356775299788e+01
4.199142367066895076e+01
4.200857632933104924e+01
4.203773584905660243e+01
4.206689536878215563e+01
4.208404802744425410e+01
4.208919382504287654e+01
4.211492281303601715e+01
4.211835334476843684e+01
4.212178387650085654e+01
4.212521440823326913e+01
4.212864493996569593e+01
4.213207547169810852e+01
4.213722126929673806e+01
4.214236706689536760e+01
4.221440823327615988e+01
4.225214408233276231e+01
4.227958833619210566e+01
4.227958833619210566e+01
4.227958833619210566e+01
4.228987993138936474e+01
4.228987993138936474e+01
4.230188679245283367e+01
4.230188679245283367e+01
4.231217838765008565e+01
4.232246998284733763e+01
4.233276157804459672e+01
4.235334476843910068e+01
4.237564322469982869e+01
4.241852487135506067e+01
4.246140651801029264e+01
4.248885077186963599e+01
4.251457975986278370e+01
4.248713550600342614e+01
4.246998284734133478e+01
4.244082332761577447e+01
4.244939965694682371e+01
4.246998284734132767e+01
4.243910806174956463e+01
4.249914236706689508e+01
4.256089193825042827e+01
4.250600343053173447e+01
4.252487135506003568e+01
4.257975986277872948e+01
4.260034305317324055e+01
4.260720411663807283e+01
4.259176672384219131e+01
4.254888507718696644e+01
4.256260720411663812e+01
4.256432246998284086e+01
4.255231560891938614e+01
4.254202401372212705e+01
4.253001715265866522e+01
4.251972555746139903e+01
4.250771869639793721e+01
4.249571183533447538e+01
4.249399656946826553e+01
4.250428816466551751e+01
4.249228130360205569e+01
4.250257289879930767e+01
4.251457975986277660e+01
4.251801029159519629e+01
4.257975986277872948e+01
4.257632933104630979e+01
4.255060034305317629e+01
4.255917667238421842e+01
4.262435677530017131e+01
4.262092624356775161e+01
4.262778730703259100e+01
4.262435677530017131e+01
4.263121783876501070e+01
4.263807890222984298e+01
4.264493996569468237e+01
4.266552315608919344e+01
4.268610634648370450e+01
4.270668953687821556e+01
4.270497427101200572e+01
4.272555746140651678e+01
4.269982847341337617e+01
4.268610634648369739e+01
4.266037735849056389e+01
4.263464837049742329e+01
4.259691252144082085e+01
4.255917667238421842e+01
4.253344768439107781e+01
4.253516295025728766e+01
4.252315608919381873e+01
4.251972555746139903e+01
4.250600343053172736e+01
4.249228130360205569e+01
4.248198970840480371e+01
4.248027444253860097e+01
4.247855917667238401e+01
4.247341337907375447e+01
4.246826758147512493e+01
4.248542024013721630e+01
4.253516295025728766e+01
4.258147512864493933e+01
4.259176672384219842e+01
4.262092624356775161e+01
4.264837049742710207e+01
4.264493996569468237e+01
4.266209262435677374e+01
4.268267581475128480e+01
4.268953687821611709e+01
4.270668953687821556e+01
4.271012006861063526e+01
4.276329331046312632e+01
4.280617495711835119e+01
4.285248713550600286e+01
4.284391080617496073e+01
4.287993138936535331e+01
4.291595197255574590e+01
4.291766723842195574e+01
4.294854202401371879e+01
4.301543739279588863e+01
4.309090909090909349e+01
4.310977701543738760e+01
4.311835334476843684e+01
4.319382504288164171e+01
4.328644939965694505e+01
4.335849056603773732e+01
4.339794168096055671e+01
4.343739279588336899e+01
4.347512864493996432e+01
4.356775300171526055e+01
4.365180102915951466e+01
4.373584905660376876e+01
4.381989708404802286e+01
4.390394511149227696e+01
4.398627787307032122e+01
4.405831903945111350e+01
4.413036020583190577e+01
4.420240137221269094e+01
4.426758147512864383e+01
4.435849056603773022e+01
4.444939965694682371e+01
4.451972555746140614e+01
4.460205831903945750e+01
4.468782161234992145e+01
4.477186963979416845e+01
4.485763293310463240e+01
4.493996569468266955e+01
4.502229845626072091e+01
4.510463121783876517e+01
4.518696397941680942e+01
4.526929674099484657e+01
4.533619210977701641e+01
4.540308747855917204e+01
4.546998284734134188e+01
4.553859348198970736e+01
4.561921097770154176e+01
4.569982847341337617e+01
4.571869639794168449e+01
4.573756432246997861e+01
4.576672384219554601e+01
4.583533447684391149e+01
4.590222984562606712e+01
4.595197255574613848e+01
4.601886792452829411e+01
4.601715265866208426e+01
4.598799313893653817e+01
4.596054888507718772e+01
4.594854202401371879e+01
4.590051457975985727e+01
4.587993138936534621e+01
4.585934819897083514e+01
4.585248713550599575e+01
4.584562607204117057e+01
4.587993138936535331e+01
4.592281303602058529e+01
4.589879931389365453e+01
4.587478559176672377e+01
4.589536878216123483e+01
4.589536878216123483e+01
4.587135506003430407e+01
4.582847341337907210e+01
4.578559176672384723e+01
4.574957118353344754e+01
4.571526586620926480e+01
4.570325900514580297e+01
4.568096054888508206e+01
4.565866209262435405e+01
4.563636363636363313e+01
4.560205831903944329e+01
4.556775300171526055e+01
4.553344768439107781e+01
4.549914236706689508e+01
4.546483704974270523e+01
4.544253859348198432e+01
4.542024013722127052e+01
4.539622641509433265e+01
4.538250428816466098e+01
4.535677530017152037e+01
4.533276157804459672e+01
4.530703259005145611e+01
4.528130360205831551e+01
4.525385934819897216e+01
4.522641509433962170e+01
4.521269296740995003e+01
4.519897084048027125e+01
4.519554030874785155e+01
4.520240137221269094e+01
4.519897084048027125e+01
4.520583190394511064e+01
4.519210977701543186e+01
4.519210977701543897e+01
4.515951972555745897e+01
4.515780445969124912e+01
4.512349914236706638e+01
4.507547169811320487e+01
4.503773584905660243e+01
4.503430531732418274e+01
4.506689536878216273e+01
4.508576329331046395e+01
4.509948542024013562e+01
4.507890222984562456e+01
4.507890222984562456e+01
4.508919382504287654e+01
4.511492281303601715e+01
4.509090909090908639e+01
4.506689536878215563e+01
4.504288164665522487e+01
4.502915951972554609e+01
4.499999999999999289e+01
4.498456260720411137e+01
4.499142367066895076e+01
4.501543739279588152e+01
4.503259005145797289e+01
4.500514579759862244e+01
4.501886792452829411e+01
4.506689536878215563e+01
4.508404802744425410e+01
4.508576329331046395e+01
4.507718696397941471e+01
4.508747855917667380e+01
4.511835334476844395e+01
4.515608919382504638e+01
4.518353344768438973e+01
4.519382504288164881e+01
4.520411663807890079e+01
4.522469982847341186e+01
4.524871355060034261e+01
4.526929674099485368e+01
4.528987993138936474e+01
4.531046312178386870e+01
4.533104631217838687e+01
4.535162950257289083e+01
4.536020583190394007e+01
4.538078902229845824e+01
4.540137221269296219e+01
4.542024013722126341e+01
4.547855917667237691e+01
4.553687821612349751e+01
4.557461406518009994e+01
4.561921097770154176e+01
4.566380789022298359e+01
4.570668953687820846e+01
4.575128644939965739e+01
4.583704974271011423e+01
4.592281303602058529e+01
4.600857632933104213e+01
4.610120068610634547e+01
4.617667238421955034e+01
4.624356775300171307e+01
4.632246998284733763e+01
4.639279588336191296e+01
4.645283018867924341e+01
4.651286449399657386e+01
4.657289879931389009e+01
4.660377358490566024e+01
4.667581475128645252e+01
4.674099485420240541e+01
4.679931389365351890e+01
4.686277873070325484e+01
4.690394511149227696e+01
4.691766723842195574e+01
4.692967409948541757e+01
4.697770154373927909e+01
4.696054888507718772e+01
4.695711835334476802e+01
4.694168096054887940e+01
4.699485420240137046e+01
4.705145797598627411e+01
4.709777015437392578e+01
4.713550600343052821e+01
4.717324185248713064e+01
4.720068610634647399e+01
4.722813036020582445e+01
4.726758147512863673e+01
4.731732418524870809e+01
4.734991423670669519e+01
4.737049742710119915e+01
4.739108061749571732e+01
4.740137221269296219e+01
4.740480274442538189e+01
4.740823327615780158e+01
4.741509433962264097e+01
4.742367066895369021e+01
4.747341337907376158e+01
4.753344768439108492e+01
4.754202401372212705e+01
4.757118353344768735e+01
4.760034305317324765e+01
4.766723842195541039e+01
4.769982847341338328e+01
4.768096054888508206e+01
4.767409948542024267e+01
4.769639794168096358e+01
4.773070325900515343e+01
4.776500857632933617e+01
4.779931389365351890e+01
4.783361921097770164e+01
4.786792452830188438e+01
4.790222984562607422e+01
4.793653516295025696e+01
4.797427101200685939e+01
4.798970840480274092e+01
4.801543739279588152e+01
4.803945111492281228e+01
4.806689536878216273e+01
4.811149228130359745e+01
4.812521440823327623e+01
4.813893653516294791e+01
4.810806174957117776e+01
4.806689536878215563e+01
4.802744425385934335e+01
4.803259005145797289e+01
4.802744425385934335e+01
4.804116638078902213e+01
4.801372212692967878e+01
4.798456260720412558e+01
4.795368782161235544e+01
4.794511149228130620e+01
4.793653516295025696e+01
4.796397941680960031e+01
4.798113207547169878e+01
4.797084048027443970e+01
4.796912521440823696e+01
4.796740994854202711e+01
4.799313893653516061e+01
4.801886792452830832e+01
4.804459691252144182e+01
4.801886792452830832e+01
4.800686106346483939e+01
4.800686106346483939e+01
4.801886792452830122e+01
4.807718696397941471e+01
4.809948542024013562e+01
4.814408233276157745e+01
4.814922813036020699e+01
4.815265866209262668e+01
4.814065180102915775e+01
4.812178387650085654e+01
4.811149228130359745e+01
4.809948542024014273e+01
4.811835334476843684e+01
4.813550600343053532e+01
4.813550600343052821e+01
4.814751286449399714e+01
4.816466552315608851e+01
4.818181818181817988e+01
4.820068610634648820e+01
4.819554030874785155e+01
4.819725557461406140e+01
4.819897084048027125e+01
4.822298456260720201e+01
4.823670668953687368e+01
4.823499142367066383e+01
4.822298456260720911e+01
4.822298456260720911e+01
4.821440823327615988e+01
4.820583190394511064e+01
4.821440823327615988e+01
4.821955403087478942e+01
4.822641509433962170e+01
4.822298456260720201e+01
4.822126929674099927e+01
4.821955403087478942e+01
4.822126929674099927e+01
4.822298456260720201e+01
4.824356775300171307e+01
4.828301886792452535e+01
4.827615780445969307e+01
4.829674099485420413e+01
4.831732418524871520e+01
4.833619210977701641e+01
4.837907375643224839e+01
4.844253859348199143e+01
4.847855917667238401e+01
4.852315608919382584e+01
4.855917667238422553e+01
4.855403087478559598e+01
4.855917667238421842e+01
4.856432246998284086e+01
4.855574614065180583e+01
4.855060034305316918e+01
4.856775300171526766e+01
4.863636363636363313e+01
4.869296740994853678e+01
4.869982847341337617e+01
4.868610634648370450e+01
4.868439108061750176e+01
4.867066895368782298e+01
4.873927958833618845e+01
4.875643224699828693e+01
4.876672384219554601e+01
4.873413379073757312e+01
4.875128644939965739e+01
4.877873070325900784e+01
4.877873070325900784e+01
4.879931389365351890e+01
4.882161234991423271e+01
4.882675814751286225e+01
4.887478559176672377e+01
4.891080617495711635e+01
4.894682675814750894e+01
4.901372212692967167e+01
4.904116638078902213e+01
4.906861063464836548e+01
4.909605488850772304e+01
4.912521440823327623e+01
4.916466552315608851e+01
4.920411663807890079e+01
4.923327615780446109e+01
4.924013722126929338e+01
4.925900514579760170e+01
4.926586620926244109e+01
4.926415094339623124e+01
4.928473413379074231e+01
4.929331046312178444e+01
4.926929674099486078e+01
4.927787307032590292e+01
4.930874785591767306e+01
4.934648370497427550e+01
4.936878216123498930e+01
4.939108061749571732e+01
4.941337907375643113e+01
4.939108061749571732e+01
4.939451114922812991e+01
4.940823327615780869e+01
4.940308747855917204e+01
4.935677530017153458e+01
4.938250428816466808e+01
4.937049742710119915e+01
4.937564322469982869e+01
4.934648370497427550e+01
4.933619210977701641e+01
4.933790737564322626e+01
4.933962264150943611e+01
4.929845626072041398e+01
4.928473413379073520e+01
4.928644939965694505e+01
4.928987993138936474e+01
4.929159519725557459e+01
4.928130360205832261e+01
4.928130360205831551e+01
4.931046312178388291e+01
4.938078902229845824e+01
4.941680960548885082e+01
4.942195540308748036e+01
4.941680960548884372e+01
4.945969125214408280e+01
4.950257289879930767e+01
4.947341337907375447e+01
4.947341337907375447e+01
4.947341337907376158e+01
4.939794168096054960e+01
4.932418524871354748e+01
4.925214408233276231e+01
4.920754716981132049e+01
4.916123499142366882e+01
4.913379073756432547e+01
4.905317324185249106e+01
4.897427101200685939e+01
4.888164665523156316e+01
4.878902229845625982e+01
4.871012006861063526e+01
4.866037735849056389e+01
4.860205831903945040e+01
4.855231560891938614e+01
4.850257289879931477e+01
4.845283018867924341e+01
4.840308747855917204e+01
4.836020583190394007e+01
4.830703259005145611e+01
4.827101200686105642e+01
4.823842195540308353e+01
4.820411663807890079e+01
4.813722126929673806e+01
4.804631217838765167e+01
4.795540308747855818e+01
4.786620926243567453e+01
4.779416809605488936e+01
4.772041166380789434e+01
4.764322469982847252e+01
4.759691252144082796e+01
4.755060034305317629e+01
4.747855917667239112e+01
4.740651801029159174e+01
4.739965694682675235e+01
4.742024013722127052e+01
4.740137221269296930e+01
4.738421955403087793e+01
4.737735849056603854e+01
4.740651801029159884e+01
4.746140651801029264e+01
4.746483704974271234e+01
4.749914236706689508e+01
4.750085763293310492e+01
4.753516295025728766e+01
4.754030874785591720e+01
4.756432246998284796e+01
4.759691252144082796e+01
4.763121783876501070e+01
4.764665523156089222e+01
4.768267581475129191e+01
4.769296740994854389e+01
4.771526586620926480e+01
4.769125214408233404e+01
4.770325900514579587e+01
4.769125214408233404e+01
4.768267581475128480e+01
4.767409948542024267e+01
4.767753001715266237e+01
4.769125214408233404e+01
4.768439108061749465e+01
4.772212692967409708e+01
4.775986277873070662e+01
4.779759862778730906e+01
4.783704974271011423e+01
4.785591766723841545e+01
4.787478559176671666e+01
4.789193825042880803e+01
4.793138936535162742e+01
4.792967409948542468e+01
4.793825042881646681e+01
4.794682675814750894e+01
4.795711835334476802e+01
4.797941680960548894e+01
4.799142367066895076e+01
4.800343053173241969e+01
4.802572898799313350e+01
4.806003430531732334e+01
4.809433962264151319e+01
4.812864493996569593e+01
4.814065180102916486e+01
4.815265866209261958e+01
4.817495711835334760e+01
4.820754716981132049e+01
4.825214408233276231e+01
4.829674099485420413e+01
4.834133790737564595e+01
4.838593481989708778e+01
4.841680960548885082e+01
4.844768439108061386e+01
4.845626072041166310e+01
4.846483704974271234e+01
4.846998284734134188e+01
4.844425385934819417e+01
4.845626072041166310e+01
4.846655231560891508e+01
4.851114922813035690e+01
4.853001715265865812e+01
4.851114922813035690e+01
4.849228130360205569e+01
4.850771869639794431e+01
4.853173241852486797e+01
4.854545454545454675e+01
4.860034305317324055e+01
4.863636363636363313e+01
4.866552315608919344e+01
4.868953687821611709e+01
4.871526586620925769e+01
4.874099485420239830e+01
4.881132075471698073e+01
4.888164665523155605e+01
4.895025728987992863e+01
4.898456260720411137e+01
4.901715265866209137e+01
4.904802744425385441e+01
4.907890222984562456e+01
4.910977701543738760e+01
4.913722126929673806e+01
4.913036020583190577e+01
4.914922813036020699e+01
4.912349914236706638e+01
4.909262435677530334e+01
4.907375643224699502e+01
4.906689536878215563e+01
4.902744425385934335e+01
4.901029159519725908e+01
4.899313893653516772e+01
4.897598627787306924e+01
4.895883361921097787e+01
4.894168096054887940e+01
4.892452830188678803e+01
4.890737564322469666e+01
4.883361921097770164e+01
4.879416809605488936e+01
4.876500857632932906e+01
4.873584905660376876e+01
4.870668953687821556e+01
4.866723842195540328e+01
4.866552315608918633e+01
4.865523156089193435e+01
4.865523156089193435e+01
4.866723842195540328e+01
4.867924528301886511e+01
4.868953687821611709e+01
4.869296740994853678e+01
4.869468267581474663e+01
4.868782161234990724e+01
4.868267581475128480e+01
4.867581475128645252e+01
4.866895368782161313e+01
4.870497427101200572e+01
4.874099485420239830e+01
4.872898799313893647e+01
4.871698113207546754e+01
4.869296740994853678e+01
4.868953687821611709e+01
4.867924528301886511e+01
4.864322469982846542e+01
4.865180102915951466e+01
4.870840480274442541e+01
4.869811320754716633e+01
4.863636363636363313e+01
4.868267581475128480e+01
4.872898799313892937e+01
4.877530017152658104e+01
4.875643224699827982e+01
4.875128644939965739e+01
4.875814751286449678e+01
4.876500857632932906e+01
4.878559176672384012e+01
4.880789022298456103e+01
4.881475128644939332e+01
4.882161234991423271e+01
4.879759862778730195e+01
4.878387650085763028e+01
4.879245283018867951e+01
4.878902229845625982e+01
4.877358490566037119e+01
4.877873070325900784e+01
4.873584905660377586e+01
4.877015437392795860e+01
4.879245283018867951e+01
4.880445969125214845e+01
4.875986277873070662e+01
4.878387650085763028e+01
4.879759862778730906e+01
4.882161234991423981e+01
4.883533447684391149e+01
4.884391080617496073e+01
4.885248713550600286e+01
4.883533447684391149e+01
4.881818181818182012e+01
4.880102915951972875e+01
4.882504288164665951e+01
4.882675814751286225e+01
4.886277873070325484e+01
4.886620926243567453e+01
4.890222984562606712e+01
4.893825042881645970e+01
4.897427101200685229e+01
4.899828473413379015e+01
4.905488850771869380e+01
4.902915951972555320e+01
4.901715265866209137e+01
4.900686106346483228e+01
4.899656946826758031e+01
4.898627787307032122e+01
4.896226415094339757e+01
4.896569468267581726e+01
4.896912521440822985e+01
4.900857632933104924e+01
4.904459691252144182e+01
4.905831903945111350e+01
4.903945111492281228e+01
4.901200686106346183e+01
4.901200686106346893e+01
4.901200686106346893e+01
4.901200686106346183e+01
4.901200686106346893e+01
4.901200686106346183e+01
4.899828473413379015e+01
4.898627787307032122e+01
4.898799313893653107e+01
4.900171526586620985e+01
4.897255574614065665e+01
4.892967409948542468e+01
4.893310463121783727e+01
4.898799313893653107e+01
4.900343053173241259e+01
4.899656946826758031e+01
4.903259005145797289e+01
4.905660377358489654e+01
4.904288164665522487e+01
4.899656946826758031e+01
4.900686106346483228e+01
4.901715265866209137e+01
4.894511149228129909e+01
4.887821612349914346e+01
4.882504288164665240e+01
4.881646655231560317e+01
4.878559176672384012e+01
4.875643224699827982e+01
4.867238421955403282e+01
4.859862778730703070e+01
4.852487135506002858e+01
4.845111492281303356e+01
4.837735849056603854e+01
4.830360205831904352e+01
4.822984562607204140e+01
4.815608919382503927e+01
4.808233276157804426e+01
4.804631217838765167e+01
4.798799313893653107e+01
4.793138936535162742e+01
4.789879931389364742e+01
4.785248713550600286e+01
4.780617495711835829e+01
4.773241852487135617e+01
4.765866209262435405e+01
4.758490566037735903e+01
4.751286449399657386e+01
4.744939965694682371e+01
4.738593481989708067e+01
4.730360205831903642e+01
4.723670668953687368e+01
4.722298456260720911e+01
4.720068610634648820e+01
4.718696397941680942e+01
4.717152658662092080e+01
4.710463121783876517e+01
4.709605488850772304e+01
4.709777015437392578e+01
4.708919382504288365e+01
4.704116638078902213e+01
4.701715265866209137e+01
4.699485420240137046e+01
4.694854202401372589e+01
4.697427101200685939e+01
4.697770154373927198e+01
4.697941680960548894e+01
4.694339622641508925e+01
4.693310463121784437e+01
4.692281303602058529e+01
4.690222984562607422e+01
4.689193825042881514e+01
4.688336192109777301e+01
4.683704974271012134e+01
4.681475128644940042e+01
4.684905660377358316e+01
4.686106346483704499e+01
4.683876500857633118e+01
4.681646655231560317e+01
4.684048027444254103e+01
4.686277873070326194e+01
4.688679245283019270e+01
4.688850771869640255e+01
4.688850771869639544e+01
4.687821612349914346e+01
4.686792452830189148e+01
4.685934819897084225e+01
4.685077186963980012e+01
4.686449399656946468e+01
4.689193825042881514e+01
4.689365351629501788e+01
4.691938250428816559e+01
4.694511149228129909e+01
4.695883361921097787e+01
4.697255574614064955e+01
4.698627787307032122e+01
4.698970840480274802e+01
4.699313893653516061e+01
4.703087478559176304e+01
4.706861063464837258e+01
4.710634648370497501e+01
4.714408233276157745e+01
4.714751286449399714e+01
4.712692967409948608e+01
4.712178387650085654e+01
4.711492281303601715e+01
4.711835334476843684e+01
4.712178387650085654e+01
4.710291595197255532e+01
4.709433962264151319e+01
4.707032590051457532e+01
4.706689536878216273e+01
4.708576329331046395e+01
4.710463121783876517e+01
4.713893653516295501e+01
4.714922813036020699e+01
4.716981132075471805e+01
4.718010291595197714e+01
4.721783876500857957e+01
4.721440823327615988e+01
4.726415094339623124e+01
4.725728987993139185e+01
4.728473413379073520e+01
4.730017152658662383e+01
4.730703259005145611e+01
4.732418524871354748e+01
4.731903945111492504e+01
4.727958833619211276e+01
4.726929674099486078e+01
4.725728987993139185e+01
4.730017152658662383e+01
4.726758147512863673e+01
4.723670668953687368e+01
4.721612349914236972e+01
4.718524871355060668e+01
4.713550600343053532e+01
4.714065180102915775e+01
4.717152658662092790e+01
4.720240137221269094e+01
4.721269296740995003e+01
4.720240137221269094e+01
4.718696397941680942e+01
4.718524871355060668e+01
4.720068610634648110e+01
4.722813036020583866e+01
4.723670668953688079e+01
4.724699828473413277e+01
4.725728987993139185e+01
4.727787307032590292e+01
4.734305317324185580e+01
4.737049742710119915e+01
4.738765008576329052e+01
4.739451114922812991e+01
4.740137221269296930e+01
4.740823327615780158e+01
4.746140651801029264e+01
4.747512864493997142e+01
4.748885077186963599e+01
4.752315608919382584e+01
4.755746140651801568e+01
4.753344768439107781e+01
4.752830188679245538e+01
4.752315608919382584e+01
4.746140651801029264e+01
4.739965694682675235e+01
4.736192109777014991e+01
4.732246998284733763e+01
4.733962264150943611e+01
4.735677530017152037e+01
4.730874785591766596e+01
4.728473413379073520e+01
4.727101200686105642e+01
4.725728987993139185e+01
4.724528301886792292e+01
4.725214408233276231e+01
4.721783876500857957e+01
4.717152658662092790e+01
4.715265866209262668e+01
4.713207547169811562e+01
4.708233276157804426e+01
4.704974271012007137e+01
4.705145797598628121e+01
4.702229845626071381e+01
4.701200686106346893e+01
4.700000000000000000e+01
4.698970840480274802e+01
4.695025728987993574e+01
4.691080617495711635e+01
4.686106346483705209e+01
4.682161234991423981e+01
4.679416809605488936e+01
4.676500857632933617e+01
4.670325900514579587e+01
4.664322469982847963e+01
4.658147512864493933e+01
4.654716981132075659e+01
4.652658662092623842e+01
4.650600343053173447e+01
4.647341337907375447e+01
4.644768439108062097e+01
4.642195540308748036e+01
4.642710120068610991e+01
4.643053173241852960e+01
4.639279588336192717e+01
4.636020583190394717e+01
4.637564322469982869e+01
4.638078902229845824e+01
4.634991423670669519e+01
4.628130360205832261e+01
4.623670668953687368e+01
4.625385934819897216e+01
4.627101200686106353e+01
4.626929674099486078e+01
4.622469982847341896e+01
4.622469982847341186e+01
4.617324185248713775e+01
4.613893653516295501e+01
4.610291595197255532e+01
4.607718696397941471e+01
4.605145797598628121e+01
4.602229845626072802e+01
4.600171526586620985e+01
4.601372212692967878e+01
4.602744425385935045e+01
4.602058319039451106e+01
4.601715265866209847e+01
4.603945111492281228e+01
4.602572898799314061e+01
4.600343053173241969e+01
4.597598627787307635e+01
4.596740994854202711e+01
4.595883361921097787e+01
4.595711835334476802e+01
4.595540308747855818e+01
4.591938250428816559e+01
4.590566037735848681e+01
4.590909090909090651e+01
4.591252144082332620e+01
4.591595197255574590e+01
4.590909090909091361e+01
4.590222984562607422e+01
4.592109777015437544e+01
4.593138936535162742e+01
4.593996569468267666e+01
4.592109777015437544e+01
4.590222984562607422e+01
4.588507718696397575e+01
4.588164665523156316e+01
4.587821612349914346e+01
4.584391080617496073e+01
4.581132075471698073e+01
4.577015437392796571e+01
4.576672384219553891e+01
4.574614065180102784e+01
4.576500857632933617e+01
4.579759862778730906e+01
4.582847341337907210e+01
4.583704974271012134e+01
4.583704974271012134e+01
4.584562607204116347e+01
4.583361921097770164e+01
4.581132075471697362e+01
4.587135506003430407e+01
4.592795883361921483e+01
4.597084048027443970e+01
4.598799313893653107e+01
4.600343053173241969e+01
4.607375643224700212e+01
4.607547169811321197e+01
4.607718696397941471e+01
4.607890222984562456e+01
4.611492281303601715e+01
4.616638078902229836e+01
4.625214408233276231e+01
4.633790737564322626e+01
4.642195540308748036e+01
4.645626072041166310e+01
4.650085763293310492e+01
4.654545454545454675e+01
4.659005145797598857e+01
4.662435677530017131e+01
4.665694682675814420e+01
4.668953687821612419e+01
4.670840480274442541e+01
4.672898799313893647e+01
4.673241852487135617e+01
4.673584905660377586e+01
4.676672384219554601e+01
4.677015437392795860e+01
4.677530017152658104e+01
4.679416809605488936e+01
4.676672384219554601e+01
4.673927958833619556e+01
4.673070325900515343e+01
4.670497427101200572e+01
4.666552315608919344e+01
4.667924528301887221e+01
4.668267581475129191e+01
4.669639794168096358e+01
4.672555746140651678e+01
4.671869639794168449e+01
4.669982847341337617e+01
4.664150943396226978e+01
4.659862778730703781e+01
4.659348198970840826e+01
4.659519725557461811e+01
4.659862778730703070e+01
4.660205831903944329e+01
4.656432246998284086e+01
4.656775300171526055e+01
4.656946826758147040e+01
4.657975986277872948e+01
4.655060034305316918e+01
4.653516295025728766e+01
4.654716981132075659e+01
4.653344768439107781e+01
4.651801029159520340e+01
4.649056603773584584e+01
4.644768439108062097e+01
4.645626072041166310e+01
4.646312178387650249e+01
4.642710120068610991e+01
4.642024013722127052e+01
4.642195540308748036e+01
4.642195540308748036e+01
4.641852487135506067e+01
4.640480274442538899e+01
4.639108061749571732e+01
4.639108061749571732e+01
4.640137221269296930e+01
4.639965694682675945e+01
4.640823327615780158e+01
4.641166380789022128e+01
4.643567753001715204e+01
4.647169811320755173e+01
4.647684391080618127e+01
4.651801029159519629e+01
4.653344768439108492e+01
4.653344768439107781e+01
4.650600343053173447e+01
4.647855917667238401e+01
4.643053173241852249e+01
4.642710120068610280e+01
4.640651801029159174e+01
4.640651801029159174e+01
4.639794168096054960e+01
4.640994854202401143e+01
4.638078902229845824e+01
4.637221269296740900e+01
4.636363636363635976e+01
4.635506003430531763e+01
4.636020583190394717e+01
4.636535162950257671e+01
4.637049742710119915e+01
4.636535162950257671e+01
4.634133790737564595e+01
4.632418524871355459e+01
4.628644939965695215e+01
4.625042881646655246e+01
4.622641509433962170e+01
4.618524871355060668e+01
4.616638078902229836e+01
4.609948542024014273e+01
4.606861063464837258e+01
4.604631217838765167e+01
4.603430531732418274e+01
4.597598627787306924e+01
4.593996569468266955e+01
4.592109777015436833e+01
4.594682675814750894e+01
4.597255574614064955e+01
4.603259005145797289e+01
4.609262435677530334e+01
4.615265866209261958e+01
4.619725557461406140e+01
4.624356775300171307e+01
4.627272727272726627e+01
4.630874785591765885e+01
4.636706689536877946e+01
4.641337907375643113e+01
4.645969125214408280e+01
4.654202401372212705e+01
4.661749571183533192e+01
4.666723842195540328e+01
4.671012006861063526e+01
4.672041166380789434e+01
4.673070325900515343e+01
4.676329331046312632e+01
4.680102915951972875e+01
4.684048027444254103e+01
4.686277873070326905e+01
4.685934819897084225e+01
4.687821612349914346e+01
4.691938250428816559e+01
4.693653516295025696e+01
4.696397941680960741e+01
4.702572898799314061e+01
4.708747855917667380e+01
4.712692967409948608e+01
4.716809605488850821e+01
4.716809605488850821e+01
4.719210977701543186e+01
4.724013722126929338e+01
4.726586620926242688e+01
4.726929674099484657e+01
4.728644939965694505e+01
4.727958833619210566e+01
4.727101200686105642e+01
4.726243567753001429e+01
4.720411663807890079e+01
4.714579759862778019e+01
4.709777015437392578e+01
4.707718696397941471e+01
4.708919382504288365e+01
4.707890222984562456e+01
4.706861063464836548e+01
4.706861063464836548e+01
4.705831903945111350e+01
4.704459691252144182e+01
4.703087478559177015e+01
4.701715265866209137e+01
4.701715265866209137e+01
4.703945111492281228e+01
4.707375643224699502e+01
4.709433962264151319e+01
4.711492281303601715e+01
4.710977701543739471e+01
4.710463121783876517e+01
4.712521440823327623e+01
4.713379073756432547e+01
4.715951972555745897e+01
4.714065180102915775e+01
4.710977701543739471e+01
4.708919382504288365e+01
4.706518010291595289e+01
4.706174957118354030e+01
4.707375643224699502e+01
4.708404802744425410e+01
4.708061749571183441e+01
4.709433962264151319e+01
4.710806174957117776e+01
4.711149228130359745e+01
4.711492281303601715e+01
4.715265866209261958e+01
4.719897084048027125e+01
4.723842195540308353e+01
4.728816466552315489e+01
4.732418524871354748e+01
4.731046312178386870e+01
4.725728987993138475e+01
4.721955403087478231e+01
4.720068610634648110e+01
4.716981132075471805e+01
4.713722126929674516e+01
4.707718696397941471e+01
4.701715265866209847e+01
4.699656946826758741e+01
4.696569468267581726e+01
4.693481989708405422e+01
4.691423670668953605e+01
4.691595197255574590e+01
4.691766723842195574e+01
4.691080617495712346e+01
4.692281303602058529e+01
4.689708404802744468e+01
4.687307032590051392e+01
4.684905660377358316e+01
4.684905660377357606e+01
4.685077186963979301e+01
4.685420240137220560e+01
4.685763293310462529e+01
4.685420240137221271e+01
4.685077186963979301e+01
4.678730703259004997e+01
4.674785591766723769e+01
4.671526586620925769e+01
4.668782161234990724e+01
4.666209262435677374e+01
4.664837049742709496e+01
4.660034305317324055e+01
4.651457975986278370e+01
4.644082332761577447e+01
4.636706689536877946e+01
4.632761578044596718e+01
4.624185248713550322e+01
4.620411663807890079e+01
4.621440823327615277e+01
4.621783876500857957e+01
4.623499142367066383e+01
4.621783876500857957e+01
4.623327615780445399e+01
4.625385934819897216e+01
4.628644939965694505e+01
4.632246998284733763e+01
4.637049742710119915e+01
4.639451114922812991e+01
4.641852487135506067e+01
4.645454545454545325e+01
4.649056603773584584e+01
4.652830188679245538e+01
4.655403087478558888e+01
4.659176672384219842e+01
4.660891938250428268e+01
4.663807890222985009e+01
4.666723842195540328e+01
4.671869639794168449e+01
4.677015437392796571e+01
4.681303602058319768e+01
4.683018867924528195e+01
4.683190394511149179e+01
4.684562607204117057e+01
4.683876500857632408e+01
4.683190394511149179e+01
4.680274442538593149e+01
4.675986277873070662e+01
4.671698113207547465e+01
4.666209262435677374e+01
4.663979416809605283e+01
4.661749571183533192e+01
4.658147512864493933e+01
4.654545454545454675e+01
4.651972555746139903e+01
4.654202401372212705e+01
4.654545454545453964e+01
4.657975986277872948e+01
4.660377358490566024e+01
4.659005145797598857e+01
4.660205831903945040e+01
4.662435677530017131e+01
4.659862778730703070e+01
4.659348198970839405e+01
4.662950257289880085e+01
4.660034305317323344e+01
4.654888507718696644e+01
4.650085763293310492e+01
4.650428816466552462e+01
4.649399656946826553e+01
4.650257289879931477e+01
4.646826758147513203e+01
4.645111492281303356e+01
4.648885077186963599e+01
4.650771869639793721e+01
4.652487135506002858e+01
4.655060034305316918e+01
4.654030874785591720e+01
4.654202401372212705e+01
4.655574614065179873e+01
4.657975986277872948e+01
4.660891938250428268e+01
4.658490566037735903e+01
4.659519725557461811e+01
4.663807890222984298e+01
4.667753001715265526e+01
4.663807890222984298e+01
4.660205831903944329e+01
4.656603773584905070e+01
4.655060034305316918e+01
4.653516295025728766e+01
4.653344768439107781e+01
4.653001715265865812e+01
4.652144082332760888e+01
4.651286449399657386e+01
4.653516295025728766e+01
4.650771869639794431e+01
4.648027444253859386e+01
4.645111492281304066e+01
4.644082332761578158e+01
4.640994854202401143e+01
4.637907375643224839e+01
4.634819897084048534e+01
4.632933104631217702e+01
4.627787307032590292e+01
4.628130360205831551e+01
4.628644939965694505e+01
4.629159519725557459e+01
4.629674099485419703e+01
4.628301886792452535e+01
4.633962264150942900e+01
4.630531732418524626e+01
4.627272727272727337e+01
4.624356775300171307e+01
4.621440823327615988e+01
4.620754716981132049e+01
4.618867924528301216e+01
4.620240137221269094e+01
4.620411663807890079e+01
4.620583190394511064e+01
4.619725557461406140e+01
4.622469982847341186e+01
4.626586620926243398e+01
4.630703259005145611e+01
4.634991423670668809e+01
4.637907375643224839e+01
4.640651801029159174e+01
4.640137221269296930e+01
4.640994854202401143e+01
4.637392795883361885e+01
4.633962264150943611e+01
4.630017152658662383e+01
4.628301886792452535e+01
4.622641509433962170e+01
4.617152658662092790e+01
4.615094339622641684e+01
4.616466552315608851e+01
4.617838765008576019e+01
4.619210977701543186e+01
4.623327615780446109e+01
4.625042881646655246e+01
4.626758147512864383e+01
4.630188679245283367e+01
4.635849056603773022e+01
4.640480274442538189e+01
4.645111492281303356e+01
4.648713550600342614e+01
4.653516295025728766e+01
4.654373927958833690e+01
4.658147512864493223e+01
4.662092624356775161e+01
4.664837049742709496e+01
4.667581475128644541e+01
4.670325900514579587e+01
4.671012006861063526e+01
4.671526586620926480e+01
4.671869639794167739e+01
4.672041166380788724e+01
4.673413379073755891e+01
4.674785591766723769e+01
4.676843910806174165e+01
4.678902229845625982e+01
4.680789022298456103e+01
4.684562607204116347e+01
4.688850771869640255e+01
4.693138936535162742e+01
4.700514579759862954e+01
4.707718696397941471e+01
4.709605488850771593e+01
4.712349914236706638e+01
4.714065180102915065e+01
4.711320754716980730e+01
4.713550600343052821e+01
4.714751286449399004e+01
4.717495711835334049e+01
4.721097770154374018e+01
4.724699828473413277e+01
4.727272727272726627e+01
4.729674099485419703e+01
4.731046312178386870e+01
4.730874785591765885e+01
4.730703259005144901e+01
4.730531732418523916e+01
4.728644939965694505e+01
4.730531732418523916e+01
4.732418524871354748e+01
4.735334476843910068e+01
4.737049742710119915e+01
4.740308747855917204e+01
4.745626072041166310e+01
4.750600343053173447e+01
4.744939965694682371e+01
4.743567753001714493e+01
4.742024013722127052e+01
4.740308747855917204e+01
4.736878216123498930e+01
4.733276157804459672e+01
4.731389365351629550e+01
4.731560891938249824e+01
4.731560891938249824e+01
4.731560891938249824e+01
4.732590051457975733e+01
4.733276157804459672e+01
4.733962264150942900e+01
4.733619210977700931e+01
4.731903945111491794e+01
4.732761578044596718e+01
4.731217838765008565e+01
4.729674099485420413e+01
4.728130360205831551e+01
4.726586620926244109e+01
4.725042881646655246e+01
4.723670668953687368e+01
4.722298456260720201e+01
4.718696397941680942e+01
4.715265866209261958e+01
4.709948542024014273e+01
4.704974271012006426e+01
4.704631217838765167e+01
4.709948542024014273e+01
4.708576329331046395e+01
4.705317324185248395e+01
4.700000000000000000e+01
4.697941680960548183e+01
4.698113207547169168e+01
4.696740994854202711e+01
4.700171526586620985e+01
4.704802744425385441e+01
4.708747855917667380e+01
4.704974271012006426e+01
4.703087478559176304e+01
4.702572898799313350e+01
4.706518010291594578e+01
4.709433962264150608e+01
4.705145797598627411e+01
4.706689536878215563e+01
4.699828473413379015e+01
4.697770154373927198e+01
4.695883361921097077e+01
4.695540308747855818e+01
4.695883361921097787e+01
4.694168096054887940e+01
4.695883361921097787e+01
4.700000000000000000e+01
4.701715265866209137e+01
4.702229845626072091e+01
4.700514579759862954e+01
4.702572898799314061e+01
4.704974271012007137e+01
4.707375643224699502e+01
4.707032590051457532e+01
4.706861063464837258e+01
4.704631217838765167e+01
4.703430531732418274e+01
4.702229845626071381e+01
4.701029159519725908e+01
4.701715265866209137e+01
4.703259005145797289e+01
4.704631217838765167e+01
4.704974271012006426e+01
4.704116638078902213e+01
4.704116638078902213e+01
4.702915951972555320e+01
4.701715265866209137e+01
4.699485420240137046e+01
4.691938250428816559e+01
4.696226415094339046e+01
4.696569468267580305e+01
4.697941680960548183e+01
4.698284734133790153e+01
4.698456260720411137e+01
4.696226415094339046e+01
4.693996569468266955e+01
4.691766723842195574e+01
4.689536878216122773e+01
4.688336192109777301e+01
4.694168096054888650e+01
4.696912521440823696e+01
4.696397941680960741e+01
4.696740994854202711e+01
4.699485420240137046e+01
4.697770154373928619e+01
4.696054888507718772e+01
4.694511149228130620e+01
4.690566037735848681e+01
4.691938250428816559e+01
4.691766723842195574e+01
4.692624356775300498e+01
4.693481989708405422e+01
4.694168096054888650e+01
4.699828473413379015e+01
4.705488850771870091e+01
4.705831903945111350e+01
4.704974271012006426e+01
4.706174957118353319e+01
4.710977701543739471e+01
4.712178387650085654e+01
4.708919382504288365e+01
4.705317324185247685e+01
4.706174957118352609e+01
4.704631217838764456e+01
4.702915951972555320e+01
4.701029159519725198e+01
4.704288164665523198e+01
4.704802744425386152e+01
4.703945111492281228e+01
4.702915951972555320e+01
4.704116638078902213e+01
4.709777015437392578e+01
4.715265866209261958e+01
4.720754716981132049e+01
4.725214408233276231e+01
4.728301886792452535e+01
4.731389365351629550e+01
4.735677530017153458e+01
4.741166380789022128e+01
4.745626072041166310e+01
4.743396226415094930e+01
4.741166380789022128e+01
4.740137221269296930e+01
4.741509433962264097e+01
4.743053173241852249e+01
4.740308747855917204e+01
4.740308747855917204e+01
4.740308747855917204e+01
4.746998284734134188e+01
4.747169811320754462e+01
4.748370497427100645e+01
4.747512864493996432e+01
4.749742710120068523e+01
4.747512864493995721e+01
4.752658662092623842e+01
4.756260720411663101e+01
4.761234991423670238e+01
4.765180102915951466e+01
4.763464837049742329e+01
4.761749571183533192e+01
4.759176672384219131e+01
4.757975986277872948e+01
4.756775300171526055e+01
4.754202401372212705e+01
4.752830188679244827e+01
4.749571183533447538e+01
4.751286449399657386e+01
4.754202401372212705e+01
4.757289879931389009e+01
4.757632933104631690e+01
4.760205831903945750e+01
4.762264150943396146e+01
4.761921097770154887e+01
4.766380789022298359e+01
4.771012006861063526e+01
4.773070325900514632e+01
4.773927958833619556e+01
4.774785591766723769e+01
4.774614065180103495e+01
4.773413379073756602e+01
4.772384219554031404e+01
4.770154373927958602e+01
4.769125214408232694e+01
4.769125214408232694e+01
4.769296740994853678e+01
4.768267581475128480e+01
4.766209262435677374e+01
4.764150943396226268e+01
4.763807890222985009e+01
4.763293310463122054e+01
4.762607204116638115e+01
4.759005145797598857e+01
4.759176672384219842e+01
4.759176672384219131e+01
4.758147512864493933e+01
4.756946826758147040e+01
4.757632933104630979e+01
4.759519725557461101e+01
4.761578044596912207e+01
4.764665523156089222e+01
4.767753001715266237e+01
4.763464837049743039e+01
4.761578044596912207e+01
4.761578044596912207e+01
4.764150943396226268e+01
4.766723842195540328e+01
4.763293310463121344e+01
4.766037735849056389e+01
4.768782161234991435e+01
4.771526586620926480e+01
4.770668953687821556e+01
4.768782161234991435e+01
4.760377358490566024e+01
4.753687821612349751e+01
4.746998284734134188e+01
4.747169811320755173e+01
4.745454545454545325e+01
4.743739279588336188e+01
4.744425385934820127e+01
4.743224699828473945e+01
4.748885077186963599e+01
4.754545454545454675e+01
4.756946826758147040e+01
4.761406518010291222e+01
4.764493996569467527e+01
4.761406518010291222e+01
4.759176672384219131e+01
4.757118353344768025e+01
4.756775300171526055e+01
4.756089193825042827e+01
4.754373927958833690e+01
4.752658662092623842e+01
4.750428816466552462e+01
4.753516295025728766e+01
4.753859348198970736e+01
4.753001715265865812e+01
4.753173241852486797e+01
4.752315608919382584e+01
4.750600343053173447e+01
4.750257289879931477e+01
4.750943396226415416e+01
4.751629502572899355e+01
4.752315608919383294e+01
4.751629502572899355e+01
4.751457975986278370e+01
4.749742710120068523e+01
4.748027444253859386e+01
4.746483704974271234e+01
4.746998284734134188e+01
4.745626072041166310e+01
4.744082332761578158e+01
4.741680960548885082e+01
4.737907375643224839e+01
4.736192109777014991e+01
4.736192109777014991e+01
4.734476843910806565e+01
4.734819897084047824e+01
4.733619210977701641e+01
4.729845626072041398e+01
4.727272727272727337e+01
4.726072041166380444e+01
4.731732418524870809e+01
4.731732418524871520e+01
4.728130360205831551e+01
4.727444253859348322e+01
4.726758147512865094e+01
4.729502572898799428e+01
4.732075471698112779e+01
4.734991423670669519e+01
4.733104631217838687e+01
4.733790737564322626e+01
4.738078902229845824e+01
4.738078902229845824e+01
4.738078902229845824e+01
4.737907375643224839e+01
4.734305317324184870e+01
4.732418524871355459e+01
4.731046312178387581e+01
4.731389365351628840e+01
4.731732418524870809e+01
4.733276157804459672e+01
4.736192109777014991e+01
4.735677530017152037e+01
4.737564322469982869e+01
4.741509433962264097e+01
4.743053173241852249e+01
4.743910806174957173e+01
4.744596912521440402e+01
4.747512864493997142e+01
4.750600343053173447e+01
4.749399656946826553e+01
4.748198970840479660e+01
4.746998284734133478e+01
4.745969125214408280e+01
4.746826758147513203e+01
4.744596912521441112e+01
4.744425385934820127e+01
4.744253859348199143e+01
4.744082332761577447e+01
4.744596912521440402e+01
4.742881646655231975e+01
4.742024013722127052e+01
4.741166380789022128e+01
4.742367066895369021e+01
4.744425385934819417e+01
4.746312178387650249e+01
4.746140651801029264e+01
4.745111492281303356e+01
4.743053173241852960e+01
4.742024013722127052e+01
4.736878216123498930e+01
4.733962264150943611e+01
4.730703259005145611e+01
4.726243567753002139e+01
4.721955403087478942e+01
4.718696397941681653e+01
4.720068610634648110e+01
4.719039451114922201e+01
4.719210977701543897e+01
4.719382504288164881e+01
4.711663807890223410e+01
4.705145797598628121e+01
4.704116638078902213e+01
4.700686106346483939e+01
4.704631217838765167e+01
4.705660377358490365e+01
4.704288164665523198e+01
4.702915951972555320e+01
4.701372212692967878e+01
4.699828473413379015e+01
4.704288164665523198e+01
4.707375643224699502e+01
4.711149228130359745e+01
4.712864493996569593e+01
4.713550600343053532e+01
4.707718696397941471e+01
4.703945111492281228e+01
4.708919382504287654e+01
4.708061749571183441e+01
4.707032590051458243e+01
4.703602058319039259e+01
4.705317324185249106e+01
4.709262435677530334e+01
4.709433962264151319e+01
4.708061749571183441e+01
4.709090909090909349e+01
4.711149228130359745e+01
4.713207547169811562e+01
4.716123499142366882e+01
4.717838765008576729e+01
4.718524871355060668e+01
4.719210977701543897e+01
4.720068610634648820e+01
4.721097770154374018e+01
4.722126929674099216e+01
4.722126929674099927e+01
4.722298456260720201e+01
4.720411663807890079e+01
4.718696397941680942e+01
4.717495711835334760e+01
4.717667238421955744e+01
4.714408233276158455e+01
4.711149228130360456e+01
4.708233276157805136e+01
4.705317324185249106e+01
4.706518010291595289e+01
4.708919382504288365e+01
4.708576329331046395e+01
4.710977701543738760e+01
4.712692967409948608e+01
4.714408233276157745e+01
4.719725557461406140e+01
4.720068610634648110e+01
4.721783876500857957e+01
4.722641509433962170e+01
4.725385934819897216e+01
4.728473413379073520e+01
4.726929674099484657e+01
4.728130360205831551e+01
4.729502572898799428e+01
4.731046312178387581e+01
4.732590051457975733e+01
4.728301886792452535e+01
4.723156089193825125e+01
4.721097770154374018e+01
4.717152658662092790e+01
4.710977701543739471e+01
4.710977701543739471e+01
4.715951972555745897e+01
4.719382504288164171e+01
4.719897084048027125e+01
4.721783876500857957e+01
4.722813036020583155e+01
4.724356775300171307e+01
4.727101200686105642e+01
4.725900514579760170e+01
4.725728987993139185e+01
4.725557461406518200e+01
4.726758147512864383e+01
4.725728987993139185e+01
4.723670668953687368e+01
4.721783876500857247e+01
4.719897084048027125e+01
4.718010291595197003e+01
4.716295025728987866e+01
4.714579759862778729e+01
4.712864493996569593e+01
4.711149228130359745e+01
4.710463121783875806e+01
4.709605488850771593e+01
4.708576329331046395e+01
4.707547169811320487e+01
4.708404802744425410e+01
4.706689536878216273e+01
4.706861063464837258e+01
4.708404802744425410e+01
4.709948542024013562e+01
4.709090909090909349e+01
4.708233276157804426e+01
4.712349914236706638e+01
4.716638078902229836e+01
4.720926243567753033e+01
4.726243567753002139e+01
4.731389365351629550e+01
4.731732418524870809e+01
4.725042881646654536e+01
4.719554030874785155e+01
4.713036020583190577e+01
4.709948542024013562e+01
4.710634648370497501e+01
4.708747855917667380e+01
4.711320754716980730e+01
4.713550600343052821e+01
4.714579759862778019e+01
4.718867924528301216e+01
4.722469982847340475e+01
4.725900514579758749e+01
4.728130360205831551e+01
4.726415094339621703e+01
4.725900514579759459e+01
4.724185248713550322e+01
4.724871355060033551e+01
4.724356775300171307e+01
4.724699828473413277e+01
4.721783876500857247e+01
4.718696397941680232e+01
4.717324185248713775e+01
4.714408233276157745e+01
4.716638078902229836e+01
4.713550600343053532e+01
4.713207547169811562e+01
4.712864493996569593e+01
4.714751286449399714e+01
4.717495711835334760e+01
4.720068610634648110e+01
4.722641509433962170e+01
4.721783876500857247e+01
4.720926243567752323e+01
4.721440823327615277e+01
4.721955403087478231e+01
4.721612349914236262e+01
4.721269296740995003e+01
4.720926243567752323e+01
4.718524871355059247e+01
4.716466552315608141e+01
4.720068610634647399e+01
4.723499142367066383e+01
4.725900514579758749e+01
4.727272727272726627e+01
4.728816466552314779e+01
4.723499142367066383e+01
4.722469982847341186e+01
4.723670668953687368e+01
4.727101200686105642e+01
4.730531732418524626e+01
4.730360205831903642e+01
4.728301886792452535e+01
4.735334476843910778e+01
4.739108061749571021e+01
4.738421955403087082e+01
4.736363636363635976e+01
4.734476843910806565e+01
4.732933104631217702e+01
4.735334476843910778e+01
4.734133790737564595e+01
4.731732418524871520e+01
4.730703259005146322e+01
4.726929674099486078e+01
4.727101200686106353e+01
4.723842195540308353e+01
4.718524871355059958e+01
4.716809605488850821e+01
4.721955403087478942e+01
4.724528301886792292e+01
4.727101200686106353e+01
4.727615780445968596e+01
4.729331046312178444e+01
4.730360205831903642e+01
4.730188679245283367e+01
4.731903945111491794e+01
4.734648370497426839e+01
4.734476843910805144e+01
4.735506003430531763e+01
4.736535162950256961e+01
4.734133790737564595e+01
4.731903945111492504e+01
4.729674099485420413e+01
4.727444253859347612e+01
4.725214408233276231e+01
4.723156089193825125e+01
4.722126929674099927e+01
4.720068610634648110e+01
4.717838765008576019e+01
4.715608919382504638e+01
4.713550600343053532e+01
4.714408233276157745e+01
4.709090909090909349e+01
4.708233276157804426e+01
4.708233276157804426e+01
4.708061749571183441e+01
4.706174957118353319e+01
4.705145797598628121e+01
4.705317324185249106e+01
4.704631217838765167e+01
4.704288164665523198e+01
4.704802744425386152e+01
4.706346483704973593e+01
4.708747855917667380e+01
4.708919382504288365e+01
4.701372212692967167e+01
4.695197255574613848e+01
4.695025728987992863e+01
4.690394511149227696e+01
4.690737564322469666e+01
4.694682675814750894e+01
4.698456260720411848e+01
4.701886792452830122e+01
4.699313893653516061e+01
4.702058319039451106e+01
4.708747855917667380e+01
4.712349914236706638e+01
4.714579759862779440e+01
4.711835334476843684e+01
4.711149228130359745e+01
4.707547169811320487e+01
4.703945111492281228e+01
4.701543739279588152e+01
4.698970840480274092e+01
4.695883361921097787e+01
4.692795883361921483e+01
4.693481989708404711e+01
4.690909090909090651e+01
4.690051457975986438e+01
4.692109777015437544e+01
4.694682675814750894e+01
4.694339622641508925e+01
4.693825042881645970e+01
4.690394511149227696e+01
4.686963979416809423e+01
4.687650085763293362e+01
4.688336192109777301e+01
4.684905660377359027e+01
4.681475128644940042e+01
4.678044596912521058e+01
4.674442538593481800e+01
4.671012006861063526e+01
4.674957118353344754e+01
4.675300171526586723e+01
4.676843910806174165e+01
4.672898799313893647e+01
4.675128644939965739e+01
4.669982847341337617e+01
4.666209262435677374e+01
4.663807890222984298e+01
4.661406518010291222e+01
4.660205831903945040e+01
4.659176672384219842e+01
4.657804459691251964e+01
4.656603773584905781e+01
4.656432246998284796e+01
4.655060034305317629e+01
4.656260720411664522e+01
4.656432246998284796e+01
4.652658662092624553e+01
4.649056603773584584e+01
4.648885077186963599e+01
4.649228130360205569e+01
4.649571183533447538e+01
4.648885077186964310e+01
4.648713550600343325e+01
4.647169811320755173e+01
4.650085763293310492e+01
4.648370497427101355e+01
4.649571183533447538e+01
4.645283018867924341e+01
4.639108061749571021e+01
4.640137221269296219e+01
4.642367066895368310e+01
4.642710120068610280e+01
4.643396226415094219e+01
4.648198970840479660e+01
4.652487135506003568e+01
4.659691252144082796e+01
4.659348198970840826e+01
4.659348198970840826e+01
4.658147512864493933e+01
4.656946826758147040e+01
4.656946826758147040e+01
4.657118353344768025e+01
4.657289879931389009e+01
4.657804459691251964e+01
4.658319039451114918e+01
4.656432246998284086e+01
4.654545454545454675e+01
4.652658662092623842e+01
4.653687821612349751e+01
4.651972555746139903e+01
4.650257289879931477e+01
4.649228130360205569e+01
4.648198970840479660e+01
4.647169811320755173e+01
4.645111492281303356e+01
4.644939965694682371e+01
4.644425385934819417e+01
4.643739279588335478e+01
4.637564322469982869e+01
4.637564322469983580e+01
4.641509433962264097e+01
4.645283018867924341e+01
4.646483704974271234e+01
4.647684391080617416e+01
4.650428816466552462e+01
4.648542024013721630e+01
4.648027444253859386e+01
4.648370497427100645e+01
4.655060034305317629e+01
4.659691252144082796e+01
4.664150943396226978e+01
4.663121783876501070e+01
4.663464837049743039e+01
4.668096054888507496e+01
4.669296740994854389e+01
4.674785591766723769e+01
4.678902229845625982e+01
4.679245283018867951e+01
4.681132075471698073e+01
4.684391080617496073e+01
4.685248713550600996e+01
4.685420240137221981e+01
4.680102915951972875e+01
4.679759862778730906e+01
4.677530017152658814e+01
4.674442538593481800e+01
4.671355060034305495e+01
4.671355060034305495e+01
4.671355060034305495e+01
4.672041166380789434e+01
4.672727272727273373e+01
4.674442538593481800e+01
4.675986277873070662e+01
4.677530017152659525e+01
4.677873070325900784e+01
4.678216123499142753e+01
4.677530017152658814e+01
4.676843910806175586e+01
4.677186963979417555e+01
4.677530017152658814e+01
4.679073756432246967e+01
4.680617495711835119e+01
4.679416809605488936e+01
4.678216123499142043e+01
4.680102915951972165e+01
4.673756432246997861e+01
4.674442538593481800e+01
4.677358490566037119e+01
4.677186963979416845e+01
4.678559176672384012e+01
4.680617495711835119e+01
4.682675814751286225e+01
4.685934819897084225e+01
4.687307032590051392e+01
4.688679245283018560e+01
4.683361921097770164e+01
4.679245283018867951e+01
4.683704974271012134e+01
4.688507718696398285e+01
4.689879931389365453e+01
4.690222984562607422e+01
4.695883361921097787e+01
4.697427101200686650e+01
4.698799313893653817e+01
4.697941680960548894e+01
4.697084048027444680e+01
4.699656946826758031e+01
4.699485420240137046e+01
4.699656946826758031e+01
4.695197255574613848e+01
4.693138936535162742e+01
4.696569468267581726e+01
4.698113207547169168e+01
4.697255574614064955e+01
4.696054888507718772e+01
4.699485420240137046e+01
4.700857632933104213e+01
4.702229845626071381e+01
4.701715265866209137e+01
4.705488850771870091e+01
4.706689536878215563e+01
4.706518010291595289e+01
4.701200686106346893e+01
4.699828473413379015e+01
4.698799313893653817e+01
4.698799313893653817e+01
4.697255574614064955e+01
4.695197255574613848e+01
4.688507718696398285e+01
4.681989708404802997e+01
4.675471698113207708e+01
4.669982847341337617e+01
4.663636363636364024e+01
4.657289879931389720e+01
4.650943396226415416e+01
4.645283018867924341e+01
4.644082332761578158e+01
4.642881646655231975e+01
4.641680960548885082e+01
4.636535162950257671e+01
4.631389365351629550e+01
4.631903945111492504e+01
4.632075471698112779e+01
4.633276157804459672e+01
4.628816466552315489e+01
4.628816466552315489e+01
4.628987993138936474e+01
4.628987993138936474e+01
4.634133790737564595e+01
4.638078902229845824e+01
4.639794168096054960e+01
4.639965694682675945e+01
4.639965694682675235e+01
4.639794168096054250e+01
4.644253859348198432e+01
4.648713550600342614e+01
4.654545454545454675e+01
4.652487135506002858e+01
4.650428816466552462e+01
4.652487135506003568e+01
4.654373927958833690e+01
4.656089193825042827e+01
4.656603773584905070e+01
4.656775300171526055e+01
4.658319039451114918e+01
4.660377358490565314e+01
4.660205831903945040e+01
4.660891938250428268e+01
4.662950257289880085e+01
4.656775300171526055e+01
4.650428816466552462e+01
4.644768439108061386e+01
4.643224699828473234e+01
4.642367066895369021e+01
4.642538593481990006e+01
4.642367066895369021e+01
4.642195540308748036e+01
4.643053173241852960e+01
4.647169811320755173e+01
4.650257289879931477e+01
4.653173241852487507e+01
4.656946826758147040e+01
4.660548885077187009e+01
4.667238421955403282e+01
4.672041166380788724e+01
4.676843910806174875e+01
4.679588336192109921e+01
4.687135506003430407e+01
4.688679245283019270e+01
4.693825042881646681e+01
4.699142367066895076e+01
4.703087478559176304e+01
4.708404802744425410e+01
4.712521440823327623e+01
4.716638078902229836e+01
4.721097770154374018e+01
4.726586620926243398e+01
4.732075471698112779e+01
4.732590051457975733e+01
4.732246998284734474e+01
4.731903945111492504e+01
4.732933104631217702e+01
4.735162950257289793e+01
4.737392795883361885e+01
4.740823327615780158e+01
4.741680960548885082e+01
4.746483704974271234e+01
4.751286449399657386e+01
4.759176672384219842e+01
4.765694682675814420e+01
4.772212692967410419e+01
4.773927958833618845e+01
4.779245283018867951e+01
4.784391080617495362e+01
4.787135506003430407e+01
4.792795883361921483e+01
4.791938250428816559e+01
4.786792452830188438e+01
4.786963979416809423e+01
4.785077186963979301e+01
4.780960548885077799e+01
4.783361921097770164e+01
4.787135506003430407e+01
4.790909090909090651e+01
4.792795883361920772e+01
4.791423670668953605e+01
4.791080617495711635e+01
4.790909090909090651e+01
4.791252144082332620e+01
4.786277873070325484e+01
4.786277873070326194e+01
4.786277873070326194e+01
4.786277873070325484e+01
4.786449399656946468e+01
4.784562607204117057e+01
4.783704974271012134e+01
4.781818181818182012e+01
4.779931389365351890e+01
4.778216123499142043e+01
4.777530017152658104e+01
4.776672384219554601e+01
4.775986277873070662e+01
4.775814751286449678e+01
4.775643224699828693e+01
4.773927958833619556e+01
4.774442538593481800e+01
4.775128644939965739e+01
4.775643224699828693e+01
4.777015437392796571e+01
4.776329331046312632e+01
4.777530017152658104e+01
4.780445969125214845e+01
4.782332761578044966e+01
4.786963979416809423e+01
4.792281303602058529e+01
4.797598627787307635e+01
4.801543739279588152e+01
4.800514579759862954e+01
4.803087478559176304e+01
4.810634648370497501e+01
4.815437392795883653e+01
4.820583190394511064e+01
4.819897084048027125e+01
4.819039451114922912e+01
4.818010291595197714e+01
4.821612349914236972e+01
4.822813036020583866e+01
4.821783876500857247e+01
4.820583190394511064e+01
4.817152658662092790e+01
4.817152658662092790e+01
4.815608919382504638e+01
4.813722126929674516e+01
4.811663807890222699e+01
4.810634648370498212e+01
4.809605488850772304e+01
4.809090909090909349e+01
4.806174957118353319e+01
4.806346483704973593e+01
4.803087478559177015e+01
4.798456260720411137e+01
4.798284734133790863e+01
4.799828473413379015e+01
4.801543739279588152e+01
4.801029159519725198e+01
4.801372212692967167e+01
4.802744425385934335e+01
4.804116638078901502e+01
4.805660377358490365e+01
4.807032590051457532e+01
4.808404802744425410e+01
4.810977701543738760e+01
4.813550600343052821e+01
4.816295025728987866e+01
4.821269296740994292e+01
4.824185248713550322e+01
4.828301886792452535e+01
4.829159519725556748e+01
4.833962264150943611e+01
4.838936535162950037e+01
4.843224699828473234e+01
4.847684391080617416e+01
4.853344768439107781e+01
4.853516295025728766e+01
4.860205831903945040e+01
4.863979416809605283e+01
4.868953687821612419e+01
4.873070325900514632e+01
4.873584905660377586e+01
4.878044596912521058e+01
4.879931389365351890e+01
4.880960548885077088e+01
4.879588336192109921e+01
4.878387650085763028e+01
4.879245283018867951e+01
4.882161234991423271e+01
4.889708404802744468e+01
4.889708404802744468e+01
4.889879931389365453e+01
4.894168096054887940e+01
4.890394511149227696e+01
4.892967409948542468e+01
4.899142367066895076e+01
4.904288164665523198e+01
4.903602058319039259e+01
4.902915951972556030e+01
4.899828473413379015e+01
4.895883361921097787e+01
4.890737564322470377e+01
4.893481989708404711e+01
4.896397941680960741e+01
4.897770154373927909e+01
4.897084048027444680e+01
4.890909090909090651e+01
4.890737564322469666e+01
4.891766723842195574e+01
4.892967409948542468e+01
4.886620926243567453e+01
4.880274442538593149e+01
4.877701543739279089e+01
4.878387650085763028e+01
4.876157804459691647e+01
4.872898799313893647e+01
4.870497427101200572e+01
4.868267581475128480e+01
4.868782161234991435e+01
4.869296740994854389e+01
4.868439108061750176e+01
4.867753001715266237e+01
4.866723842195540328e+01
4.867066895368782298e+01
4.865866209262436115e+01
4.867066895368782298e+01
4.868953687821611709e+01
4.870668953687821556e+01
4.871869639794167739e+01
4.872898799313893647e+01
4.876843910806174875e+01
4.881818181818181301e+01
4.885420240137221271e+01
4.889022298456261240e+01
4.892967409948542468e+01
4.895540308747855818e+01
4.899142367066895076e+01
4.900343053173241969e+01
4.899828473413379015e+01
4.899485420240137046e+01
4.897598627787306924e+01
4.902744425385935045e+01
4.906689536878215563e+01
4.910291595197255532e+01
4.910463121783876517e+01
4.910463121783876517e+01
4.915265866209261958e+01
4.918696397941680942e+01
4.915608919382503927e+01
4.918353344768438973e+01
4.920926243567753033e+01
4.918524871355059958e+01
4.919039451114922912e+01
4.918181818181817988e+01
4.916981132075471805e+01
4.918010291595197003e+01
4.917838765008576729e+01
4.915094339622640973e+01
4.913550600343053532e+01
4.912864493996569593e+01
4.910806174957118486e+01
4.909777015437393288e+01
4.909777015437393288e+01
4.909605488850772304e+01
4.909433962264150608e+01
4.910291595197255532e+01
4.911149228130359745e+01
4.910806174957118486e+01
4.912692967409948608e+01
4.915608919382503927e+01
4.916809605488850821e+01
4.917838765008576729e+01
4.922813036020583155e+01
4.928816466552316200e+01
4.934991423670669519e+01
4.939108061749571732e+01
4.943396226415094930e+01
4.947855917667238401e+01
4.952487135506002858e+01
4.957118353344768735e+01
4.963464837049743039e+01
4.967753001715266237e+01
4.972041166380789434e+01
4.977701543739279089e+01
4.981989708404802286e+01
4.986277873070325484e+01
4.989022298456261240e+01
4.991766723842195574e+01
4.992281303602057818e+01
4.993825042881646681e+01
4.995711835334476092e+01
4.998799313893653107e+01
4.999142367066895076e+01
5.001200686106346183e+01
5.006861063464837258e+01
5.007890222984562456e+01
5.010120068610633837e+01
5.012349914236706638e+01
5.010806174957118486e+01
5.009948542024013562e+01
5.006861063464837258e+01
5.002744425385935045e+01
5.000000000000000000e+01
4.999656946826758031e+01
5.000171526586620985e+01
4.994854202401372589e+01
4.990737564322470377e+01
4.990394511149228407e+01
4.990222984562607422e+01
4.994168096054888650e+01
4.994854202401371879e+01
4.995540308747855818e+01
4.997427101200685939e+01
5.000343053173241969e+01
5.003430531732418274e+01
5.001372212692967878e+01
5.000686106346483939e+01
4.996226415094339757e+01
4.997255574614065665e+01
4.995197255574613848e+01
4.993138936535163452e+01
4.989708404802744468e+01
4.987821612349914346e+01
4.986106346483705209e+01
4.985420240137221271e+01
4.984905660377358316e+01
4.984391080617496073e+01
4.985248713550600286e+01
4.984734133790738042e+01
4.984048027444254103e+01
4.984391080617496073e+01
4.986449399656946468e+01
4.987478559176672377e+01
4.988164665523155605e+01
4.987650085763293362e+01
4.988164665523156316e+01
4.987478559176672377e+01
4.986620926243568164e+01
4.985420240137221271e+01
4.992281303602058529e+01
4.996054888507718772e+01
4.999828473413379015e+01
5.000857632933104924e+01
5.002401372212692365e+01
5.008747855917667380e+01
5.013722126929673806e+01
5.013722126929673806e+01
5.015265866209261958e+01
5.015437392795882943e+01
5.020240137221269094e+01
5.019725557461406140e+01
5.018867924528301216e+01
5.016638078902229836e+01
5.015437392795882943e+01
5.014408233276157745e+01
5.012864493996569593e+01
5.013036020583190577e+01
5.014408233276157745e+01
5.015780445969124912e+01
5.016809605488850821e+01
5.014408233276157034e+01
5.013036020583189867e+01
5.013722126929673806e+01
5.013036020583190577e+01
5.013550600343053532e+01
5.012521440823327623e+01
5.010977701543738760e+01
5.010806174957117776e+01
5.010291595197254821e+01
5.010977701543738760e+01
5.011492281303601715e+01
5.014236706689537471e+01
5.015780445969124912e+01
5.018696397941681653e+01
5.023842195540309064e+01
5.024871355060034261e+01
5.027958833619211276e+01
5.029159519725557459e+01
5.032246998284734474e+01
5.036535162950257671e+01
5.042024013722127052e+01
5.046655231560892219e+01
5.052315608919382584e+01
5.057975986277872948e+01
5.062607204116638115e+01
5.066895368782161313e+01
5.072212692967410419e+01
5.075643224699828693e+01
5.081303602058319058e+01
5.088850771869640255e+01
5.090394511149227696e+01
5.091938250428816559e+01
5.096054888507718772e+01
5.101029159519725908e+01
5.100686106346483939e+01
5.103945111492281228e+01
5.102915951972555320e+01
5.102915951972555320e+01
5.106003430531732334e+01
5.106518010291595289e+01
5.103259005145797289e+01
5.100514579759862954e+01
5.100686106346483939e+01
5.095025728987992863e+01
5.090566037735848681e+01
5.090394511149228407e+01
5.094168096054887940e+01
5.092795883361921483e+01
5.086277873070325484e+01
5.083018867924528195e+01
5.079073756432246967e+01
5.079931389365351890e+01
5.082161234991423271e+01
5.087135506003430407e+01
5.092281303602058529e+01
5.097084048027444680e+01
5.102058319039451106e+01
5.105317324185249106e+01
5.103430531732418274e+01
5.098284734133790863e+01
5.098970840480274802e+01
5.096740994854202711e+01
5.090222984562606712e+01
5.087135506003430407e+01
5.084391080617496073e+01
5.081475128644939332e+01
5.083876500857633118e+01
5.086277873070325484e+01
5.084562607204117057e+01
5.086106346483705209e+01
5.088850771869639544e+01
5.092967409948541757e+01
5.097084048027443970e+01
5.100171526586620985e+01
5.103087478559176304e+01
5.100514579759862954e+01
5.101200686106346893e+01
5.100857632933104924e+01
5.103773584905660243e+01
5.099142367066895076e+01
5.101715265866209847e+01
5.101543739279588152e+01
5.098970840480274092e+01
5.096569468267581726e+01
5.094511149228129909e+01
5.092281303602058529e+01
5.098627787307032833e+01
5.104802744425386152e+01
5.110977701543738760e+01
5.115780445969124912e+01
5.117152658662092790e+01
5.119382504288164881e+01
5.124356775300171307e+01
5.125042881646655246e+01
5.125728987993139185e+01
5.125042881646655246e+01
5.125557461406518200e+01
5.125557461406518200e+01
5.125728987993139185e+01
5.124528301886792292e+01
5.119725557461406140e+01
5.121440823327615988e+01
5.119039451114923622e+01
5.120411663807890079e+01
5.123842195540309064e+01
5.120240137221269094e+01
5.122469982847341896e+01
5.124528301886792292e+01
5.126415094339621703e+01
5.124013722126929338e+01
5.122469982847341896e+01
5.118010291595197714e+01
5.119382504288164881e+01
5.120411663807890079e+01
5.122641509433962170e+01
5.124871355060034261e+01
5.126072041166381155e+01
5.127101200686106353e+01
5.128130360205831551e+01
5.130188679245283367e+01
5.133276157804460382e+01
5.139794168096054960e+01
5.143224699828473945e+01
5.149914236706689508e+01
5.151801029159520340e+01
5.156432246998284796e+01
5.162092624356775161e+01
5.166895368782161313e+01
5.173070325900514632e+01
5.179073756432246967e+01
5.185591766723842255e+01
5.187993138936535331e+01
5.194511149228129909e+01
5.200000000000000000e+01
5.206346483704974304e+01
5.211663807890222699e+01
5.209433962264151319e+01
5.212178387650085654e+01
5.214579759862778729e+01
5.215951972555745897e+01
5.217667238421955744e+01
5.221955403087478942e+01
5.220583190394511064e+01
5.217152658662092790e+01
5.211149228130359745e+01
5.207375643224699502e+01
5.202744425385934335e+01
5.198113207547169878e+01
5.191938250428816559e+01
5.185934819897084225e+01
5.182161234991423271e+01
5.177358490566037830e+01
5.173927958833618845e+01
5.171869639794168449e+01
5.169982847341337617e+01
5.163979416809605283e+01
5.161406518010291222e+01
5.158319039451114918e+01
5.159348198970840826e+01
5.156432246998284086e+01
5.156775300171526055e+01
5.154716981132075659e+01
5.154716981132075659e+01
5.151629502572898645e+01
5.150257289879931477e+01
5.149056603773584584e+01
5.147169811320754462e+01
5.146312178387650249e+01
5.144596912521440402e+01
5.141852487135505356e+01
5.140480274442538189e+01
5.139108061749570311e+01
5.137735849056603854e+01
5.136363636363635976e+01
5.136020583190394007e+01
5.135677530017152037e+01
5.134305317324184870e+01
5.133962264150943611e+01
5.139108061749571021e+01
5.141680960548885082e+01
5.143396226415094930e+01
5.144082332761578158e+01
5.142195540308748036e+01
5.142710120068610991e+01
5.143396226415094930e+01
5.142367066895369021e+01
5.144082332761578158e+01
5.142024013722127052e+01
5.138765008576329762e+01
5.135849056603773732e+01
5.136878216123498930e+01
5.143567753001715914e+01
5.149056603773584584e+01
5.149056603773584584e+01
5.148542024013722340e+01
5.151457975986277660e+01
5.157632933104630979e+01
5.158147512864493933e+01
5.157632933104630979e+01
5.157461406518009994e+01
5.160548885077186299e+01
5.162435677530017131e+01
5.159862778730702360e+01
5.160034305317323344e+01
5.158662092624356177e+01
5.159176672384219131e+01
5.153687821612349751e+01
5.148885077186963599e+01
5.145797598627787295e+01
5.141852487135506067e+01
5.137221269296740900e+01
5.134305317324184870e+01
5.134476843910806565e+01
5.133790737564322626e+01
5.134819897084048534e+01
5.132761578044596718e+01
5.133276157804459672e+01
5.135162950257289793e+01
5.137221269296740900e+01
5.139108061749571021e+01
5.140823327615780869e+01
5.141509433962264097e+01
5.143739279588336188e+01
5.142024013722127052e+01
5.145969125214408280e+01
5.149914236706689508e+01
5.154888507718696644e+01
5.158833619210977872e+01
5.159519725557461101e+01
5.164837049742710207e+01
5.170325900514579587e+01
5.174099485420239830e+01
5.178902229845625982e+01
5.183876500857632408e+01
5.185934819897083514e+01
5.185248713550599575e+01
5.184562607204116347e+01
5.188507718696397575e+01
5.194168096054888650e+01
5.197770154373927198e+01
5.201372212692966457e+01
5.205660377358489654e+01
5.208747855917665959e+01
5.213036020583189867e+01
5.213550600343052110e+01
5.213207547169811562e+01
5.210977701543739471e+01
5.208233276157804426e+01
5.204459691252144182e+01
5.199828473413379015e+01
5.196226415094339757e+01
5.191938250428816559e+01
5.187307032590051392e+01
5.183533447684391149e+01
5.179759862778730906e+01
5.175128644939965739e+01
5.170497427101200572e+01
5.167238421955403282e+01
5.163807890222985009e+01
5.161749571183533902e+01
5.159691252144082085e+01
5.158147512864493933e+01
5.155231560891938614e+01
5.152315608919382584e+01
5.150600343053173447e+01
5.152658662092623842e+01
5.154716981132075659e+01
5.156089193825042116e+01
5.155746140651800147e+01
5.154716981132075659e+01
5.153516295025728766e+01
5.153859348198970736e+01
5.153173241852486797e+01
5.152658662092623842e+01
5.147684391080616706e+01
5.141680960548885082e+01
5.137907375643224128e+01
5.134991423670668809e+01
5.132761578044596718e+01
5.126415094339622414e+01
5.121955403087478231e+01
5.117495711835334049e+01
5.116123499142366882e+01
5.114236706689536760e+01
5.116295025728987866e+01
5.109777015437392578e+01
5.102915951972555320e+01
5.100857632933104924e+01
5.098284734133790863e+01
5.095711835334476802e+01
5.092967409948542468e+01
5.089365351629502499e+01
5.085763293310462529e+01
5.082161234991423271e+01
5.081132075471698073e+01
5.079931389365351890e+01
5.078730703259004997e+01
5.075986277873069952e+01
5.073241852487135617e+01
5.070497427101200572e+01
5.066552315608919344e+01
5.065008576329330481e+01
5.060720411663807283e+01
5.057289879931389009e+01
5.054888507718695934e+01
5.051972555746139903e+01
5.048885077186963599e+01
5.048713550600342614e+01
5.045283018867924341e+01
5.042024013722127052e+01
5.037392795883361885e+01
5.033619210977701641e+01
5.029502572898799428e+01
5.029674099485420413e+01
5.028816466552315489e+01
5.027615780445969307e+01
5.028816466552315489e+01
5.029845626072041398e+01
5.029331046312177733e+01
5.026072041166381155e+01
5.022984562607204140e+01
5.022469982847341896e+01
5.024356775300171307e+01
5.025900514579760170e+01
5.027787307032589581e+01
5.029159519725557459e+01
5.029502572898799428e+01
5.030874785591766596e+01
5.032418524871354748e+01
5.033790737564322626e+01
5.037564322469982869e+01
5.039451114922812280e+01
5.041509433962264097e+01
5.046483704974270523e+01
5.046312178387649539e+01
5.051457975986276949e+01
5.050943396226413995e+01
5.050428816466551041e+01
5.049399656946825843e+01
5.053173241852486797e+01
5.058490566037735903e+01
5.061406518010291222e+01
5.064322469982846542e+01
5.069125214408232694e+01
5.071698113207547465e+01
5.074271012006860815e+01
5.077701543739279089e+01
5.080102915951972875e+01
5.084734133790737332e+01
5.081989708404802286e+01
5.079416809605488936e+01
5.077015437392795860e+01
5.075814751286449678e+01
5.073756432246997861e+01
5.072898799313892937e+01
5.071698113207547465e+01
5.067753001715266237e+01
5.063464837049743039e+01
5.064665523156089222e+01
5.067238421955403282e+01
5.066209262435677374e+01
5.061406518010291222e+01
5.056603773584905070e+01
5.051801029159519629e+01
5.047169811320754462e+01
5.044082332761577447e+01
5.042024013722126341e+01
5.042024013722127052e+01
5.042195540308747326e+01
5.042367066895368310e+01
5.042710120068610280e+01
5.041166380789022128e+01
5.039965694682675235e+01
5.039794168096054250e+01
5.039794168096054250e+01
5.039965694682675235e+01
5.038593481989708778e+01
5.038250428816466808e+01
5.038078902229845113e+01
5.040480274442538189e+01
5.041166380789022128e+01
5.039622641509433976e+01
5.040308747855917204e+01
5.039622641509433976e+01
5.040137221269296930e+01
5.040651801029159174e+01
5.041166380789022128e+01
5.041166380789022128e+01
5.036535162950256961e+01
5.031732418524870809e+01
5.029845626072041398e+01
5.030017152658662383e+01
5.025728987993139185e+01
5.031560891938250535e+01
5.028301886792452535e+01
5.024699828473413277e+01
5.020926243567753033e+01
5.016123499142366882e+01
5.011149228130359745e+01
5.011663807890222699e+01
5.005660377358490365e+01
5.001372212692967167e+01
4.996740994854202000e+01
4.990566037735848681e+01
4.994339622641508925e+01
4.989022298456260529e+01
4.986106346483704499e+01
4.982847341337907210e+01
4.981989708404802286e+01
4.980960548885076378e+01
4.977701543739279089e+01
4.972555746140650967e+01
4.969125214408232694e+01
4.972041166380788724e+01
4.971698113207546754e+01
4.971698113207547465e+01
4.974785591766723769e+01
4.973070325900513922e+01
4.967924528301885800e+01
4.962607204116638115e+01
4.963121783876501070e+01
4.964837049742710207e+01
4.966037735849056389e+01
4.967238421955402572e+01
4.969811320754716633e+01
4.966723842195540328e+01
4.964322469982847963e+01
4.965694682675814420e+01
4.967066895368782298e+01
4.967238421955403282e+01
4.967409948542024267e+01
4.967581475128645252e+01
4.967753001715265526e+01
4.970325900514579587e+01
4.973070325900513922e+01
4.975986277873070662e+01
4.975986277873070662e+01
4.978902229845625982e+01
4.979073756432246967e+01
4.983704974271012134e+01
4.989536878216123483e+01
4.993825042881646681e+01
4.998113207547169878e+01
5.005145797598628121e+01
5.001715265866209137e+01
5.002058319039451817e+01
5.001029159519725198e+01
5.002058319039451106e+01
5.001715265866209137e+01
4.999656946826758031e+01
4.996912521440823696e+01
4.999656946826758031e+01
4.996226415094339757e+01
4.989708404802744468e+01
4.984048027444253393e+01
4.979588336192109921e+01
4.975128644939965739e+01
4.967924528301886511e+01
4.962435677530017131e+01
4.956946826758147040e+01
4.950257289879931477e+01
4.945283018867924341e+01
4.940137221269296219e+01
4.935334476843910778e+01
4.928473413379073520e+01
4.921783876500857957e+01
4.915265866209262668e+01
4.908747855917667380e+01
4.902401372212693076e+01
4.895883361921097787e+01
4.889193825042882224e+01
4.888164665523156316e+01
4.881303602058318347e+01
4.874442538593481800e+01
4.873756432246997861e+01
4.871183533447684511e+01
4.867238421955403282e+01
4.867581475128645252e+01
4.869296740994854389e+01
4.868782161234991435e+01
4.868439108061749465e+01
4.867924528301887221e+01
4.867581475128645252e+01
4.867409948542024267e+01
4.865523156089193435e+01
4.863121783876501070e+01
4.861749571183533192e+01
4.860548885077186299e+01
4.857289879931389009e+01
4.855746140651800857e+01
4.855917667238421842e+01
4.851972555746140614e+01
4.848027444253859386e+01
4.845797598627787295e+01
4.847341337907374736e+01
4.844939965694682371e+01
4.839965694682675235e+01
4.832761578044596718e+01
4.827615780445968596e+01
4.823327615780446109e+01
4.820926243567753033e+01
4.818353344768438262e+01
4.815951972555745897e+01
4.812864493996569593e+01
4.811835334476843684e+01
4.812006861063464669e+01
4.809605488850771593e+01
4.804116638078902213e+01
