2.368027444253859244e+02
2.368662092624356603e+02
2.369108061749571164e+02
2.369725557461406424e+02
2.370343053173241685e+02
2.369982847341337902e+02
2.370720411663807852e+02
2.371423670668953605e+02
2.372041166380789150e+02
2.372881646655231407e+02
2.373207547169811278e+02
2.373379073756432263e+02
2.374219554030874519e+02
2.375094339622641542e+02
2.375831903945111492e+02
2.377084048027444396e+02
2.378044596912521342e+02
2.377975986277872948e+02
2.378473413379073804e+02
2.379862778730703212e+02
2.379914236706689508e+02
2.381029159519725340e+02
2.381526586620926196e+02
2.382915951972555604e+02
2.384305317324185012e+02
2.385711835334476518e+02
2.386672384219554033e+02
2.387924528301886653e+02
2.388696397941680800e+02
2.388370497427100929e+02
2.388490566037735903e+02
2.389759862778730621e+02
2.389879931389365311e+02
2.389879931389365311e+02
2.389879931389365311e+02
2.389862778730703212e+02
2.389725557461406424e+02
2.389948542024013705e+02
2.389331046312178159e+02
2.390068610634648394e+02
2.390806174957118344e+02
2.390531732418525053e+02
2.393224699828473376e+02
2.395060034305317345e+02
2.397324185248713491e+02
2.396912521440823127e+02
2.395934819897083798e+02
2.396826758147512919e+02
2.397873070325900358e+02
2.396878216123499215e+02
2.396740994854202427e+02
2.395746140651800715e+02
2.394596912521440686e+02
2.393910806174956747e+02
2.392778730703258816e+02
2.392555746140651536e+02
2.392384219554030551e+02
2.391698113207547181e+02
2.390874785591766454e+02
2.390308747855917488e+02
2.389039451114922485e+02
2.388216123499142327e+02
2.387392795883361885e+02
2.386569468267581442e+02
2.387204116638078801e+02
2.386243567753001571e+02
2.384837049742710064e+02
2.383876500857633118e+02
2.382915951972555604e+02
2.382367066895368737e+02
2.382538593481989722e+02
2.381989708404802855e+02
2.382161234991423839e+02
2.382229845626072233e+02
2.381680960548885082e+02
2.381852487135506067e+02
2.382024013722127052e+02
2.382195540308747752e+02
2.382367066895368737e+02
2.381921097770154461e+02
2.381801029159519771e+02
2.381372212692967310e+02
2.382521440823327339e+02
2.383670668953687652e+02
2.384819897084047966e+02
2.384511149228130193e+02
2.384202401372212421e+02
2.384099485420239830e+02
2.385128644939965454e+02
2.384716981132075375e+02
2.384305317324185012e+02
2.384236706689536618e+02
2.384305317324185012e+02
2.383687821612350035e+02
2.383516295025728766e+02
2.383379073756432263e+02
2.384408233276157603e+02
2.385248713550600428e+02
2.386998284734133904e+02
2.386895368782161313e+02
2.386912521440823127e+02
2.387066895368782298e+02
2.388490566037735903e+02
2.390051457975986295e+02
2.391612349914236688e+02
2.393293310463121770e+02
2.394974271012006852e+02
2.395934819897084083e+02
2.398130360205831835e+02
2.400445969125214276e+02
2.402761578044596718e+02
2.404854202401372163e+02
2.406723842195540328e+02
2.409296740994853963e+02
2.411509433962264097e+02
2.413945111492281228e+02
2.416020583190394291e+02
2.417650085763293077e+02
2.420222984562606996e+02
2.422024013722126767e+02
2.423825042881646255e+02
2.425626072041166026e+02
2.426861063464837116e+02
2.428216123499142327e+02
2.429965694682675803e+02
2.431749571183533192e+02
2.432967409948541899e+02
2.434202401372212421e+02
2.435334476843910920e+02
2.436483704974270950e+02
2.437632933104630979e+02
2.438782161234991577e+02
2.439605488850771735e+02
2.439674099485420413e+02
2.439862778730703212e+02
2.440840480274442541e+02
2.440137221269296788e+02
2.439982847341337902e+02
2.439639794168095932e+02
2.439365351629502641e+02
2.438559176672384297e+02
2.437975986277873233e+02
2.437221269296741184e+02
2.436672384219554033e+02
2.435797598627787295e+02
2.435145797598627837e+02
2.433910806174957031e+02
2.433104631217838687e+02
2.431938250428816559e+02
2.430771869639793863e+02
2.429811320754716917e+02
2.428850771869639686e+02
2.427753001715265668e+02
2.426672384219554033e+02
2.425403087478559314e+02
2.424133790737564311e+02
2.422692967409948324e+02
2.421234991423670522e+02
2.419794168096054818e+02
2.418353344768439115e+02
2.416912521440823411e+02
2.415471698113207708e+02
2.414322469982847394e+02
2.412933104631217702e+02
2.411355060034305211e+02
2.410205831903945182e+02
2.409811320754716917e+02
2.408250428816466524e+02
2.406689536878216131e+02
2.405300171526586723e+02
2.403653516295025838e+02
2.402006861063464953e+02
2.401440823327615703e+02
2.400874785591767022e+02
2.399245283018867951e+02
2.397615780445968880e+02
2.396003430531732192e+02
2.394391080617495504e+02
2.392795883361921199e+02
2.391200686106346325e+02
2.389605488850771735e+02
2.388181818181818130e+02
2.386603773584905639e+02
2.385248713550600428e+02
2.383773584905660243e+02
2.384819897084047966e+02
2.385814751286449393e+02
2.386929674099485510e+02
2.388696397941681084e+02
2.389931389365351606e+02
2.391183533447684511e+02
2.393087478559176589e+02
2.395025728987993148e+02
2.397084048027444396e+02
2.398713550600343183e+02
2.400771869639794431e+02
2.402967409948541899e+02
2.405283018867924625e+02
2.407718696397941756e+02
2.410154373927958886e+02
2.412607204116638115e+02
2.415162950257289936e+02
2.417718696397941471e+02
2.420291595197255674e+02
2.422744425385934619e+02
2.425437392795883227e+02
2.427135506003430407e+02
2.429588336192109637e+02
2.432041166380789150e+02
2.434785591766723769e+02
2.437358490566037688e+02
2.439056603773584584e+02
2.440754716981132049e+02
2.442332761578044540e+02
2.444048027444253535e+02
2.445763293310463098e+02
2.447478559176672093e+02
2.449039451114922770e+02
2.450600343053173162e+02
2.452161234991423839e+02
2.453602058319039543e+02
2.455042881646655246e+02
2.457358490566037688e+02
2.458799313893653391e+02
2.460977701543739045e+02
2.463156089193824982e+02
2.465454545454545325e+02
2.467753001715265668e+02
2.470051457975986295e+02
2.472349914236706923e+02
2.474648370497426981e+02
2.476826758147512919e+02
2.478610634648370592e+02
2.480394511149228265e+02
2.482435677530017131e+02
2.484099485420240114e+02
2.485506003430531621e+02
2.486912521440823411e+02
2.488181818181818130e+02
2.489588336192109637e+02
2.490874785591766738e+02
2.492881646655231407e+02
2.494168096054888508e+02
2.494819897084047966e+02
2.495866209262435689e+02
2.496483704974270950e+02
2.497186963979416987e+02
2.497461406518010278e+02
2.497598627787306782e+02
2.497581475128644684e+02
2.497581475128644684e+02
2.497581475128644684e+02
2.498747855917667096e+02
2.499914236706689508e+02
2.501080617495711635e+02
2.502126929674099642e+02
2.501989708404802855e+02
2.501989708404802855e+02
2.503173241852487081e+02
2.504356775300171591e+02
2.505540308747856102e+02
2.506723842195540328e+02
2.507907375643224839e+02
2.509090909090909349e+02
2.510394511149228265e+02
2.510291595197255674e+02
2.511595197255574590e+02
2.512898799313893790e+02
2.514065180102915917e+02
2.515231560891938329e+02
2.516397941680960457e+02
2.516020583190394575e+02
2.517015437392796002e+02
2.518010291595197145e+02
2.519005145797598573e+02
2.519897084048027693e+02
2.520891938250428836e+02
2.521886792452830264e+02
2.523156089193824982e+02
2.524545454545454390e+02
2.525574614065179730e+02
2.527324185248713206e+02
2.529073756432246967e+02
2.531252144082332620e+02
2.533567753001715346e+02
2.535883361921097787e+02
2.537907375643224555e+02
2.540120068610634689e+02
2.542332761578044256e+02
2.544545454545454390e+02
2.546878216123498930e+02
2.548027444253859244e+02
2.549313893653516345e+02
2.550754716981132049e+02
2.553207547169811278e+02
2.555231560891938329e+02
2.557684391080617843e+02
2.560257289879931477e+02
2.562813036020583013e+02
2.565248713550600428e+02
2.567804459691252532e+02
2.570360205831904068e+02
2.572898799313893505e+02
2.575557461406517632e+02
2.577169811320754320e+02
2.579005145797598288e+02
2.580840480274442257e+02
2.583259005145797573e+02
2.585677530017152321e+02
2.588284734133790721e+02
2.590686106346483939e+02
2.593190394511149179e+02
2.594305317324185012e+02
2.596809605488850821e+02
2.599313893653516061e+02
2.601132075471697931e+02
2.603499142367066952e+02
2.605197255574613564e+02
2.606878216123499215e+02
2.608559176672383728e+02
2.610120068610634689e+02
2.612487135506003142e+02
2.614065180102915633e+02
2.615420240137220844e+02
2.617444253859348464e+02
2.618662092624356887e+02
2.619742710120068523e+02
2.622881646655231407e+02
2.623842195540308921e+02
2.624922813036019988e+02
2.626586620926243540e+02
2.628130360205831266e+02
2.629554030874785440e+02
2.630325900514579871e+02
2.631234991423671090e+02
2.632161234991423271e+02
2.633087478559176589e+02
2.633996569468267239e+02
2.634905660377358458e+02
2.635814751286449109e+02
2.636981132075471805e+02
2.638027444253859244e+02
2.638113207547169736e+02
2.638198970840480229e+02
2.637873070325900358e+02
2.638542024013722198e+02
2.639210977701543470e+02
2.639879931389365311e+02
2.640548885077187151e+02
2.640960548885076946e+02
2.641389365351629976e+02
2.641801029159519771e+02
2.642212692967409566e+02
2.642624356775299930e+02
2.642504288164665240e+02
2.642624356775299930e+02
2.643207547169811278e+02
2.643516295025729050e+02
2.643825042881646823e+02
2.644133790737564595e+02
2.644974271012007421e+02
2.645523156089193435e+02
2.644785591766723769e+02
2.643893653516295217e+02
2.643018867924528195e+02
2.642144082332761172e+02
2.641663807890222984e+02
2.640771869639794431e+02
2.640034305317324197e+02
2.640840480274442825e+02
2.640102915951972591e+02
2.639348198970840826e+02
2.638576329331046395e+02
2.638096054888507638e+02
2.639142367066895645e+02
2.640188679245283083e+02
2.641320754716981014e+02
2.640806174957118628e+02
2.641423670668953605e+02
2.642161234991423271e+02
2.644048027444254103e+02
2.646329331046312063e+02
2.648867924528301501e+02
2.650977701543739613e+02
2.653224699828473376e+02
2.655351629502573019e+02
2.657478559176672661e+02
2.659622641509433834e+02
2.661766723842195574e+02
2.663910806174957315e+02
2.663481989708404853e+02
2.663722126929674232e+02
2.664048027444253535e+02
2.664614065180103353e+02
2.665180102915951466e+02
2.665951972555746465e+02
2.666723842195540328e+02
2.665934819897083798e+02
2.665728987993138617e+02
2.666329331046312063e+02
2.666929674099485510e+02
2.667530017152658388e+02
2.668113207547169736e+02
2.668713550600342614e+02
2.669193825042881940e+02
2.669656946826758031e+02
2.670120068610634689e+02
2.670017152658662098e+02
2.670051457975986295e+02
2.670222984562607280e+02
2.670017152658662098e+02
2.669811320754716917e+02
2.672281303602058529e+02
2.674082332761578300e+02
2.676466552315608851e+02
2.678850771869639971e+02
2.681217838765008992e+02
2.683464837049742755e+02
2.685831903945111208e+02
2.688061749571184009e+02
2.689639794168095932e+02
2.691200686106346893e+02
2.692761578044596718e+02
2.694888507718696928e+02
2.697152658662092790e+02
2.698559176672384865e+02
2.699982847341338470e+02
2.702109777015437544e+02
2.703602058319039543e+02
2.705094339622641542e+02
2.706466552315608851e+02
2.706843910806175018e+02
2.707890222984563025e+02
2.709399656946826553e+02
2.710360205831904068e+02
2.711749571183533476e+02
2.713156089193824982e+02
2.714476843910806565e+02
2.715334476843910920e+02
2.716740994854202427e+02
2.717409948542024267e+02
2.718078902229846108e+02
2.718730703259005281e+02
2.718233276157804426e+02
2.717735849056604138e+02
2.717238421955403282e+02
2.716500857632933048e+02
2.717186963979416987e+02
2.717324185248713775e+02
2.718610634648370592e+02
2.719536878216123341e+02
2.720411663807890363e+02
2.721200686106346325e+02
2.722006861063464385e+02
2.722109777015437544e+02
2.722058319039451248e+02
2.721818181818181301e+02
2.721200686106346893e+02
2.721183533447684795e+02
2.721166380789022696e+02
2.721526586620925627e+02
2.722692967409948324e+02
2.723190394511149179e+02
2.723807890222984724e+02
2.724648370497426981e+02
2.725488850771869238e+02
2.727032590051458101e+02
2.728576329331046395e+02
2.730360205831904068e+02
2.732246998284733763e+02
2.734133790737564027e+02
2.736020583190394291e+02
2.738044596912521342e+02
2.740445969125214560e+02
2.742847341337907210e+02
2.744373927958833406e+02
2.746003430531732192e+02
2.747924528301886653e+02
2.749142367066895076e+02
2.750360205831904068e+02
2.752607204116637831e+02
2.754957118353344754e+02
2.757512864493996858e+02
2.758799313893653675e+02
2.760085763293310492e+02
2.762864493996569877e+02
2.764854202401372163e+02
2.766603773584905639e+02
2.768130360205831835e+02
2.770343053173241969e+02
2.772109777015437544e+02
2.774631217838765451e+02
2.776466552315608851e+02
2.778147512864493365e+02
2.780120068610634689e+02
2.781886792452829695e+02
2.783704974271012134e+02
2.786089193825042685e+02
2.788576329331046395e+02
2.790943396226414848e+02
2.793310463121783869e+02
2.795677530017152321e+02
2.797375643224699502e+02
2.799176672384219273e+02
2.800977701543739045e+02
2.803224699828473376e+02
2.804356775300171307e+02
2.805248713550599859e+02
2.807015437392796002e+02
2.808662092624356887e+02
2.810325900514579871e+02
2.812555746140651536e+02
2.814082332761578300e+02
2.815780445969124912e+02
2.817478559176672093e+02
2.818885077186964168e+02
2.820994854202401712e+02
2.822572898799313634e+02
2.823533447684391149e+02
2.825797598627787011e+02
2.827341337907375873e+02
2.828353344768439115e+02
2.829451114922812849e+02
2.831457975986278370e+02
2.833293310463121770e+02
2.835145797598628405e+02
2.837169811320754889e+02
2.838027444253859244e+02
2.838559176672384297e+02
2.840411663807890363e+02
2.842881646655231407e+02
2.844751286449399572e+02
2.846483704974270950e+02
2.848216123499142896e+02
2.849948542024013705e+02
2.851578044596912491e+02
2.853344768439108066e+02
2.855111492281304209e+02
2.855574614065179730e+02
2.856037735849056389e+02
2.857804459691251964e+02
2.859571183533447538e+02
2.861355060034304643e+02
2.862315608919382157e+02
2.863259005145797573e+02
2.864202401372212989e+02
2.865145797598627837e+02
2.866089193825042685e+02
2.867238421955403282e+02
2.868799313893653107e+02
2.870360205831904068e+02
2.871921097770153892e+02
2.873481989708404853e+02
2.875523156089193435e+02
2.876586620926243540e+02
2.877650085763293077e+02
2.878713550600342614e+02
2.881046312178388007e+02
2.883379073756432263e+02
2.885334476843910920e+02
2.887289879931389578e+02
2.888473413379073236e+02
2.890686106346483371e+02
2.892246998284733763e+02
2.894425385934819701e+02
2.896603773584905639e+02
2.898284734133790153e+02
2.900445969125214560e+02
2.902144082332761172e+02
2.904425385934819701e+02
2.906140651801028980e+02
2.908439108061749039e+02
2.911560891938249824e+02
2.912795883361920914e+02
2.916003430531732192e+02
2.917512864493996290e+02
2.920308747855917773e+02
2.923533447684391149e+02
2.925591766723842397e+02
2.928627787307032690e+02
2.930754716981132333e+02
2.933036020583190293e+02
2.934888507718696360e+02
2.937375643224700070e+02
2.939228130360205569e+02
2.941269296740994719e+02
2.943138936535162884e+02
2.945008576329331049e+02
2.947787307032590434e+02
2.949468267581474947e+02
2.951183533447684795e+02
2.952984562607203998e+02
2.954562607204117057e+02
2.956209262435677374e+02
2.958010291595197714e+02
2.959142367066895076e+02
2.960823327615780727e+02
2.962641509433962028e+02
2.963945111492281512e+02
2.965094339622641542e+02
2.967272727272727479e+02
2.969365351629502356e+02
2.968542024013722198e+02
2.968610634648370592e+02
2.968679245283018986e+02
2.970548885077187151e+02
2.971629502572898218e+02
2.972727272727272521e+02
2.973825042881646255e+02
2.974785591766723201e+02
2.975660377358490223e+02
2.977015437392796002e+02
2.978850771869639402e+02
2.980720411663808136e+02
2.981457975986278370e+02
2.983173241852487081e+02
2.985060034305317345e+02
2.986740994854202427e+02
2.988507718696398570e+02
2.990531732418525053e+02
2.991423670668953605e+02
2.992933104631217702e+02
2.993636363636363740e+02
2.994133790737564027e+02
2.995900514579759601e+02
2.994939965694682655e+02
2.993996569468267239e+02
2.993087478559176589e+02
2.994614065180102784e+02
2.996363636363636260e+02
2.997101200686106495e+02
2.997564322469983153e+02
2.999210977701543470e+02
3.000874785591766454e+02
3.002538593481989437e+02
3.003859348198970451e+02
3.005162950257289367e+02
3.006586620926243540e+02
3.007941680960548752e+02
3.009056603773584584e+02
3.010600343053173447e+02
3.012281303602058529e+02
3.013036020583190293e+02
3.014493996569468095e+02
3.015934819897083798e+02
3.018130360205831835e+02
3.019828473413379015e+02
3.020051457975986295e+02
3.021869639794168165e+02
3.023464837049742755e+02
3.025060034305316776e+02
3.027392795883362169e+02
3.029948542024013705e+02
3.032178387650085369e+02
3.034116638078902497e+02
3.036346483704974162e+02
3.038267581475128054e+02
3.040205831903945182e+02
3.042555746140651536e+02
3.045128644939965739e+02
3.047701543739279941e+02
3.050274442538593576e+02
3.052727272727272521e+02
3.054631217838765451e+02
3.057307032590051676e+02
3.058421955403087509e+02
3.059056603773584584e+02
3.060291595197255674e+02
3.063001715265866096e+02
3.065969125214408564e+02
3.068113207547170305e+02
3.069142367066895076e+02
3.071749571183533476e+02
3.074716981132075944e+02
3.077358490566037403e+02
3.080102915951972591e+02
3.082864493996569308e+02
3.085849056603773306e+02
3.088816466552315774e+02
3.090600343053173447e+02
3.093447684391080656e+02
3.093018867924528195e+02
3.093704974271012134e+02
3.094271012006860815e+02
3.094854202401371595e+02
3.094356775300171307e+02
3.093722126929673664e+02
3.093087478559176589e+02
3.092332761578044256e+02
3.091612349914236688e+02
3.091492281303601999e+02
3.090154373927958886e+02
3.088696397941681084e+02
3.087238421955403282e+02
3.085797598627787011e+02
3.084579759862778587e+02
3.084734133790738042e+02
3.085248713550600428e+02
3.085403087478559314e+02
3.085917667238421700e+02
3.086449399656946753e+02
3.086603773584905639e+02
3.087530017152658957e+02
3.086329331046312063e+02
3.085128644939965739e+02
3.083910806174957315e+02
3.083259005145797573e+02
3.084562607204117057e+02
3.085831903945111208e+02
3.086432246998284654e+02
3.087650085763293646e+02
3.088439108061749039e+02
3.089794168096054818e+02
3.089554030874785440e+02
3.089313893653516061e+02
3.090274442538593576e+02
3.090994854202401143e+02
3.091132075471697931e+02
3.091475128644939332e+02
3.092332761578044256e+02
3.092675814751286225e+02
3.094288164665522913e+02
3.094854202401371595e+02
3.096449399656946753e+02
3.098010291595197714e+02
3.099622641509433834e+02
3.101166380789022696e+02
3.103138936535162884e+02
3.104493996569468095e+02
3.106706689536878230e+02
3.106758147512864525e+02
3.108765008576329478e+02
3.109176672384219273e+02
3.110308747855917773e+02
3.110548885077186583e+02
3.110617495711835545e+02
3.110668953687821841e+02
3.110926243567753318e+02
3.112915951972555604e+02
3.113859348198971020e+02
3.114819897084048534e+02
3.116740994854202427e+02
3.118181818181818699e+02
3.119622641509433834e+02
3.120583190394511348e+02
3.121732418524870809e+02
3.123516295025729050e+02
3.125094339622640973e+02
3.126243567753001571e+02
3.128387650085762743e+02
3.129451114922812849e+02
3.130514579759862386e+02
3.131406518010291506e+02
3.133190394511149179e+02
3.135368782161234549e+02
3.137804459691251964e+02
3.140017152658662098e+02
3.142298456260720059e+02
3.144734133790737474e+02
3.147135506003430123e+02
3.149708404802744326e+02
3.151818181818181301e+02
3.154493996569468095e+02
3.157324185248713206e+02
3.160137221269296788e+02
3.163087478559176589e+02
3.165934819897083798e+02
3.168353344768439115e+02
3.170000000000000000e+02
3.171132075471697931e+02
3.171663807890222984e+02
3.172675814751286225e+02
3.173825042881646255e+02
3.174974271012006284e+02
3.176003430531732192e+02
3.176895368782161313e+02
3.177632933104630979e+02
3.178010291595196577e+02
3.178387650085762743e+02
3.178765008576328910e+02
3.179022298456260387e+02
3.179159519725557175e+02
3.179296740994853963e+02
3.179416809605488652e+02
3.179433962264150750e+02
3.179451114922812849e+02
3.179451114922812849e+02
3.179571183533447538e+02
3.179108061749570879e+02
3.178644939965694221e+02
3.178301886792452251e+02
3.176603773584905639e+02
3.174905660377357890e+02
3.173087478559176589e+02
3.171269296740994719e+02
3.170806174957118060e+02
3.170463121783876090e+02
3.170343053173241969e+02
3.168267581475128054e+02
3.166192109777015276e+02
3.165849056603773306e+02
3.165523156089193435e+02
3.165197255574613564e+02
3.164837049742710064e+02
3.164476843910805997e+02
3.164133790737564595e+02
3.163653516295025838e+02
3.162933104631217702e+02
3.162229845626071665e+02
3.161646655231560885e+02
3.160257289879930909e+02
3.160343053173241401e+02
3.159365351629502356e+02
3.158387650085762743e+02
3.157289879931389009e+02
3.156569468267581442e+02
3.155849056603773306e+02
3.154751286449399004e+02
3.154030874785591436e+02
3.153567753001715346e+02
3.153241852487135475e+02
3.152915951972555604e+02
3.152452830188678945e+02
3.151715265866208711e+02
3.151509433962264097e+02
3.151063464837049537e+02
3.151097770154373734e+02
3.149845626072040545e+02
3.148627787307032122e+02
3.147307032590051108e+02
3.146586620926243540e+02
3.145197255574614132e+02
3.143842195540308921e+02
3.142452830188678945e+02
3.141080617495711635e+02
3.139331046312178159e+02
3.137581475128644684e+02
3.135849056603773306e+02
3.134253859348198716e+02
3.132658662092624127e+02
3.131783876500857104e+02
3.130909090909090651e+02
3.130034305317324197e+02
3.129159519725557175e+02
3.128284734133790153e+02
3.127409948542023699e+02
3.126346483704973593e+02
3.124957118353344185e+02
3.125763293310462814e+02
3.125283018867924056e+02
3.124802744425385299e+02
3.125403087478558746e+02
3.126003430531732192e+02
3.126603773584905639e+02
3.128576329331046395e+02
3.129176672384219273e+02
3.128679245283018986e+02
3.129536878216123341e+02
3.130377358490566166e+02
3.131097770154374302e+02
3.131818181818181870e+02
3.132401372212692650e+02
3.132761578044596718e+02
3.133756432246998429e+02
3.134373927958833974e+02
3.134614065180103353e+02
3.135248713550599859e+02
3.135626072041166026e+02
3.136277873070325768e+02
3.136758147512864525e+02
3.137238421955403282e+02
3.137838765008576161e+02
3.138439108061749607e+02
3.138919382504288365e+02
3.139536878216123341e+02
3.140017152658662098e+02
3.140497427101200287e+02
3.140840480274442257e+02
3.141355060034304643e+02
3.141852487135505498e+02
3.142212692967409566e+02
3.142452830188678945e+02
3.142795883361920914e+02
3.143001715265866096e+02
3.143207547169811278e+02
3.142144082332761172e+02
3.140960548885076378e+02
3.139897084048027409e+02
3.138833619210977304e+02
3.137770154373927198e+02
3.137975986277872380e+02
3.136878216123498646e+02
3.136740994854202427e+02
3.136603773584905639e+02
3.134288164665522913e+02
3.132092624356774877e+02
3.129777015437392720e+02
3.128456260720411137e+02
3.127221269296741184e+02
3.127221269296741184e+02
3.126106346483704783e+02
3.126209262435677374e+02
3.124802744425385299e+02
3.124545454545454390e+02
3.123121783876500785e+02
3.121680960548885082e+02
3.120497427101200856e+02
3.119245283018867667e+02
3.118233276157804426e+02
3.117375643224700070e+02
3.116277873070325768e+02
3.115540308747855534e+02
3.114682675814751178e+02
3.113945111492281512e+02
3.112795883361920914e+02
3.111646655231560885e+02
3.111166380789022128e+02
3.110360205831904068e+02
3.109571183533447538e+02
3.108799313893653107e+02
3.107718696397942040e+02
3.106655231560891934e+02
3.105608919382503927e+02
3.104596912521440117e+02
3.103121783876500785e+02
3.101972555746140188e+02
3.101132075471697931e+02
3.100051457975986295e+02
3.098987993138936190e+02
3.097924528301886653e+02
3.096895368782161313e+02
3.095883361921097503e+02
3.094751286449399572e+02
3.093619210977701641e+02
3.092795883361920914e+02
3.092041166380788582e+02
3.091286449399656817e+02
3.090394511149228265e+02
3.089296740994853963e+02
3.088181818181818130e+02
3.087341337907375873e+02
3.086518010291595147e+02
3.085677530017152321e+02
3.084442538593482368e+02
3.083996569468267808e+02
3.083567753001715346e+02
3.082744425385934619e+02
3.082418524871354748e+02
3.082075471698113347e+02
3.080703259005146037e+02
3.081097770154373734e+02
3.080703259005146037e+02
3.081595197255574590e+02
3.082367066895368453e+02
3.083156089193824982e+02
3.083807890222984724e+02
3.084305317324185012e+02
3.084802744425385868e+02
3.085437392795882943e+02
3.086209262435677374e+02
3.087392795883362169e+02
3.087169811320754320e+02
3.087461406518010563e+02
3.087855917667238259e+02
3.087753001715265668e+02
3.088147512864493933e+02
3.088198970840480229e+02
3.088456260720411137e+02
3.088250428816466524e+02
3.088627787307032690e+02
3.089210977701543470e+02
3.089451114922812849e+02
3.089365351629502925e+02
3.090960548885077515e+02
3.093464837049742755e+02
3.095385934819897216e+02
3.097169811320754889e+02
3.098833619210978441e+02
3.100480274442538757e+02
3.102126929674099642e+02
3.104459691252144466e+02
3.106243567753001571e+02
3.108027444253859812e+02
3.109811320754716917e+02
3.111457975986277802e+02
3.113241852487135475e+02
3.114768439108061671e+02
3.115934819897083798e+02
3.117461406518009994e+02
3.118987993138936190e+02
3.120257289879931477e+02
3.121303602058318916e+02
3.121972555746140188e+02
3.123001715265866096e+02
3.123910806174957315e+02
3.122933104631217702e+02
3.122178387650085369e+02
3.121046312178388007e+02
3.119931389365351606e+02
3.118696397941681084e+02
3.117598627787307350e+02
3.116346483704974730e+02
3.115248713550600428e+02
3.113996569468267808e+02
3.112761578044596718e+02
3.111389365351629408e+02
3.110017152658662098e+02
3.108524871355060668e+02
3.107341337907375873e+02
3.105986277873070094e+02
3.104751286449399572e+02
3.104150943396226694e+02
3.103018867924528195e+02
3.102024013722126483e+02
3.101029159519725908e+02
3.099571183533447538e+02
3.098593481989708494e+02
3.097615780445969449e+02
3.096620926243567737e+02
3.095608919382503927e+02
3.094150943396226126e+02
3.093156089193824982e+02
3.092161234991423271e+02
3.091903945111491794e+02
3.091509433962264097e+02
3.091114922813035832e+02
3.090857632933104355e+02
3.090600343053173447e+02
3.090343053173241969e+02
3.090205831903945182e+02
3.089948542024013705e+02
3.089811320754716917e+02
3.089674099485420129e+02
3.089296740994853963e+02
3.088284734133790721e+02
3.088164665523156600e+02
3.088284734133791289e+02
3.088130360205832403e+02
3.088439108061749607e+02
3.088747855917667380e+02
3.088610634648370592e+02
3.087873070325900926e+02
3.087272727272727479e+02
3.087975986277872948e+02
3.088370497427101213e+02
3.089056603773584584e+02
3.090137221269296788e+02
3.090068610634648394e+02
3.089982847341337902e+02
3.090137221269296788e+02
3.090291595197255674e+02
3.090171526586620985e+02
3.090188679245283083e+02
3.090325900514579871e+02
3.090600343053173447e+02
3.090857632933104355e+02
3.090617495711834977e+02
3.090497427101200856e+02
3.090188679245283083e+02
3.090051457975986295e+02
3.089605488850771735e+02
3.089313893653516061e+02
3.089022298456260387e+02
3.088456260720412274e+02
3.088147512864493933e+02
3.087787307032589865e+02
3.087409948542024267e+02
3.087032590051458101e+02
3.086295025728987866e+02
3.085660377358490223e+02
3.084819897084047966e+02
3.084202401372212989e+02
3.083361921097770164e+02
3.082521440823327339e+02
3.081680960548885082e+02
3.080840480274442825e+02
3.079982847341337902e+02
3.079125214408232978e+02
3.078267581475128054e+02
3.077427101200686366e+02
3.076586620926243540e+02
3.075643224699828124e+02
3.074579759862778587e+02
3.073773584905660528e+02
3.072555746140651536e+02
3.071457975986277802e+02
3.070085763293310492e+02
3.068747855917666811e+02
3.067530017152658957e+02
3.066329331046312063e+02
3.065214408233275662e+02
3.063910806174957315e+02
3.062435677530016847e+02
3.061114922813036401e+02
3.059656946826758031e+02
3.058216123499142327e+02
3.056603773584905639e+02
3.054854202401372163e+02
3.053396226415094361e+02
3.051938250428816559e+02
3.050463121783876659e+02
3.049605488850771735e+02
3.047890222984562456e+02
3.047152658662092222e+02
3.046226415094339472e+02
3.044665523156089080e+02
3.043070325900514490e+02
3.041663807890222984e+02
3.040085763293310492e+02
3.038336192109776448e+02
3.036603773584905639e+02
3.035385934819897216e+02
3.033842195540308921e+02
3.032401372212692650e+02
3.030806174957118628e+02
3.029348198970840258e+02
3.027907375643223986e+02
3.026466552315608851e+02
3.025128644939965170e+02
3.023790737564322626e+02
3.022161234991423271e+02
3.020531732418525053e+02
3.018902229845625698e+02
3.017272727272727479e+02
3.015643224699828124e+02
3.013996569468267808e+02
3.013602058319039543e+02
3.013224699828473376e+02
3.012830188679245111e+02
3.012590051457975733e+02
3.012349914236706354e+02
3.012349914236706354e+02
3.011852487135505498e+02
3.011355060034305211e+02
3.010583190394511348e+02
3.010583190394511348e+02
3.010102915951972591e+02
3.010600343053172878e+02
3.011097770154373734e+02
3.011732418524870809e+02
3.011097770154374302e+02
3.010480274442538757e+02
3.010240137221269379e+02
3.010120068610634689e+02
3.010891938250429121e+02
3.010531732418525053e+02
3.010823327615780727e+02
3.010720411663808136e+02
3.010480274442538189e+02
3.011132075471697931e+02
3.011183533447684795e+02
3.011698113207547181e+02
3.012109777015436975e+02
3.012607204116637831e+02
3.012778730703258816e+02
3.012332761578044824e+02
3.012024013722127052e+02
3.011698113207547181e+02
3.011234991423671090e+02
3.010789022298456530e+02
3.010343053173241969e+02
3.009759862778730621e+02
3.009176672384219273e+02
3.008353344768439115e+02
3.007650085763293646e+02
3.006843910806175018e+02
3.006037735849056389e+02
3.005231560891938329e+02
3.004425385934819701e+02
3.003636363636363740e+02
3.002847341337907210e+02
3.002126929674099074e+02
3.001406518010290938e+02
3.000686106346483939e+02
2.999965694682675803e+02
2.999245283018867667e+02
2.998370497427101213e+02
2.997512864493996858e+02
2.996397941680960457e+02
2.995403087478558746e+02
2.994408233276157603e+02
2.993276157804459672e+02
2.992144082332761172e+02
2.991029159519725908e+02
2.989742710120068523e+02
2.990480274442538757e+02
2.991217838765008992e+02
2.991818181818181301e+02
2.990754716981132333e+02
2.989331046312178159e+02
2.987890222984562456e+02
2.986432246998284654e+02
2.984974271012006284e+02
2.983756432246998429e+02
2.982418524871354748e+02
2.981234991423671090e+02
2.979914236706689508e+02
2.978576329331046395e+02
2.977409948542024267e+02
2.976054888507718488e+02
2.974528301886792860e+02
2.972933104631217702e+02
2.971698113207547181e+02
2.970771869639794431e+02
2.970051457975986295e+02
2.968747855917667380e+02
2.967650085763293646e+02
2.966295025728987866e+02
2.965128644939965739e+02
2.963945111492281512e+02
2.962744425385934619e+02
2.962126929674099642e+02
2.961046312178388007e+02
2.959965694682675803e+02
2.959005145797598288e+02
2.958044596912521342e+02
2.957066895368782298e+02
2.956089193825042685e+02
2.955591766723841829e+02
2.955111492281303640e+02
2.954511149228130762e+02
2.953516295025729050e+02
2.952710120068610991e+02
2.951989708404803423e+02
2.951269296740995287e+02
2.950668953687821841e+02
2.949897084048027409e+02
2.949296740994853963e+02
2.948078902229844971e+02
2.947358490566037972e+02
2.946655231560891934e+02
2.945934819897083798e+02
2.945934819897083798e+02
2.945934819897083798e+02
2.945197255574614132e+02
2.944339622641509209e+02
2.943704974271012134e+02
2.943481989708404853e+02
2.942984562607203998e+02
2.942795883361920914e+02
2.942572898799313634e+02
2.941972555746141325e+02
2.941149228130360598e+02
2.940651801029159742e+02
2.939965694682675803e+02
2.939382504288164455e+02
2.939022298456260387e+02
2.938439108061749607e+02
2.937581475128644684e+02
2.937341337907375873e+02
2.936500857632933048e+02
2.935643224699828693e+02
2.934528301886792860e+02
2.934168096054888792e+02
2.933790737564322626e+02
2.933276157804459672e+02
2.932401372212692650e+02
2.931526586620926196e+02
2.930291595197255674e+02
2.929159519725557175e+02
2.927907375643225123e+02
2.926655231560891934e+02
2.925523156089193435e+02
2.924253859348199285e+02
2.925231560891938329e+02
2.926209262435677374e+02
2.927186963979416987e+02
2.928010291595197714e+02
2.928644939965694221e+02
2.929296740994853963e+02
2.929794168096054818e+02
2.930291595197255674e+02
2.930634648370497644e+02
2.930977701543739613e+02
2.931303602058319484e+02
2.931629502572898787e+02
2.931955403087478658e+02
2.932144082332761172e+02
2.932332761578044256e+02
2.930806174957118060e+02
2.929279588336191864e+02
2.927615780445969449e+02
2.925437392795883511e+02
2.923790737564322626e+02
2.922144082332761741e+02
2.920497427101200856e+02
2.920840480274442825e+02
2.921183533447684795e+02
2.921663807890222984e+02
2.921886792452830264e+02
2.919759862778730621e+02
2.917084048027443828e+02
2.915934819897083798e+02
2.914150943396226126e+02
2.912246998284733763e+02
2.909777015437392720e+02
2.908747855917666811e+02
2.907735849056603570e+02
2.905694682675814988e+02
2.904665523156089648e+02
2.903464837049742755e+02
2.902264150943396430e+02
2.901372212692967878e+02
2.900308747855917773e+02
2.898301886792452819e+02
2.897427101200686366e+02
2.895711835334477087e+02
2.893636363636363740e+02
2.891698113207547749e+02
2.889777015437392720e+02
2.887598627787307350e+02
2.885814751286449109e+02
2.883739279588336331e+02
2.883396226415094361e+02
2.881457975986277233e+02
2.881114922813035832e+02
2.880000000000000000e+02
2.879777015437392720e+02
2.879571183533447538e+02
2.879519725557461243e+02
2.878987993138936190e+02
2.877307032590051676e+02
2.876843910806175018e+02
2.876363636363636260e+02
2.875042881646654678e+02
2.874185248713550322e+02
2.873464837049742755e+02
2.873207547169811278e+02
2.872624356775299930e+02
2.871629502572898787e+02
2.871166380789022696e+02
2.870840480274442825e+02
2.869914236706689508e+02
2.871783876500858241e+02
2.872418524871355316e+02
2.873036020583190862e+02
2.873173241852487649e+02
2.873190394511149179e+02
2.872744425385934619e+02
2.872813036020583013e+02
2.872384219554031120e+02
2.872109777015437544e+02
2.871440823327616272e+02
2.870600343053173447e+02
2.870583190394511348e+02
2.870154373927958886e+02
2.869571183533447538e+02
2.869828473413379015e+02
2.869948542024013705e+02
2.868936535162949895e+02
2.868644939965694789e+02
2.867461406518009994e+02
2.866415094339622556e+02
2.866174957118353177e+02
2.865008576329330481e+02
2.863704974271012134e+02
2.862384219554030551e+02
2.861063464837050105e+02
2.859759862778730621e+02
2.858507718696398001e+02
2.857478559176672661e+02
2.856449399656946753e+02
2.855283018867925193e+02
2.854116638078902497e+02
2.852950257289879801e+02
2.851801029159519203e+02
2.850651801029159742e+02
2.849502572898799144e+02
2.848370497427100645e+02
2.847238421955403282e+02
2.846106346483704783e+02
2.845317324185248253e+02
2.844648370497426981e+02
2.843704974271012134e+02
2.844133790737564595e+02
2.844562607204117057e+02
2.844991423670668951e+02
2.845060034305317913e+02
2.843996569468267808e+02
2.842950257289880369e+02
2.841560891938250393e+02
2.841989708404802286e+02
2.842075471698113347e+02
2.840583190394511348e+02
2.838782161234991577e+02
2.836981132075471805e+02
2.835831903945111208e+02
2.834099485420240399e+02
2.832469982847341612e+02
2.830977701543739613e+02
2.829725557461406424e+02
2.828473413379073804e+02
2.827427101200686366e+02
2.826638078902229836e+02
2.824219554030875088e+02
2.822864493996569877e+02
2.821526586620926764e+02
2.820428816466552462e+02
2.819536878216123341e+02
2.818644939965694789e+02
2.817873070325900926e+02
2.817358490566037972e+02
2.816843910806175586e+02
2.816192109777015844e+02
2.815111492281304209e+02
2.814013722126929906e+02
2.813447684391080656e+02
2.812349914236706923e+02
2.811646655231560885e+02
2.810445969125214560e+02
2.810771869639794431e+02
2.811046312178388007e+02
2.811475128644940469e+02
2.811269296740995287e+02
2.812675814751286225e+02
2.814322469982847679e+02
2.816106346483704783e+02
2.817873070325900926e+02
2.819777015437392720e+02
2.822058319039450680e+02
2.823224699828473376e+02
2.824957118353344754e+02
2.826963979416809707e+02
2.827975986277872948e+02
2.829382504288164455e+02
2.831749571183532908e+02
2.833293310463121770e+02
2.835197255574614132e+02
2.836449399656946753e+02
2.837890222984563025e+02
2.839794168096054818e+02
2.840909090909091219e+02
2.841886792452830832e+02
2.842864493996569308e+02
2.843893653516295217e+02
2.844905660377357890e+02
2.845934819897083798e+02
2.846826758147512919e+02
2.847718696397942040e+02
2.849708404802744326e+02
2.850343053173241969e+02
2.850994854202401143e+02
2.851766723842196143e+02
2.852144082332761741e+02
2.852418524871354748e+02
2.852778730703258816e+02
2.852881646655231407e+02
2.852761578044596718e+02
2.852864493996569308e+02
2.852984562607203998e+02
2.852830188679245111e+02
2.852401372212692650e+02
2.851406518010291506e+02
2.850411663807889795e+02
2.849296740994853963e+02
2.848919382504287796e+02
2.848387650085763312e+02
2.847718696397941471e+02
2.847049742710120199e+02
2.845797598627787579e+02
2.844562607204116489e+02
2.843499142367066952e+02
2.842452830188679513e+02
2.840789022298456530e+02
2.839159519725557743e+02
2.837547169811321055e+02
2.835025728987993148e+02
2.832298456260720059e+02
2.831818181818181301e+02
2.831372212692967310e+02
2.830926243567752749e+02
2.829296740994853963e+02
2.828730703259004713e+02
2.826895368782161313e+02
2.826363636363636260e+02
2.824871355060033693e+02
2.823379073756432263e+02
2.823962264150943611e+02
2.825145797598627269e+02
2.826346483704974162e+02
2.825951972555745897e+02
2.824922813036019988e+02
2.822795883361920914e+02
2.821766723842195006e+02
2.819536878216123341e+02
2.818816466552315205e+02
2.817066895368782298e+02
2.816483704974270950e+02
2.815763293310462814e+02
2.815797598627787011e+02
2.816174957118353177e+02
2.815660377358490223e+02
2.815128644939965170e+02
2.815214408233275662e+02
2.815180102915951466e+02
2.815162950257289367e+02
2.815128644939965170e+02
2.815643224699828124e+02
2.816260720411663669e+02
2.815969125214407995e+02
2.816792452830188722e+02
2.817598627787307350e+02
2.817753001715265668e+02
2.818867924528301501e+02
2.820308747855917773e+02
2.821526586620926196e+02
2.822435677530016847e+02
2.824202401372212989e+02
2.826003430531732192e+02
2.827753001715266237e+02
2.829365351629502356e+02
2.830343053173241969e+02
2.831903945111492362e+02
2.832984562607203998e+02
2.834048027444254103e+02
2.836054888507718488e+02
2.838747855917666811e+02
2.840737564322469666e+02
2.842813036020583013e+02
2.845111492281303072e+02
2.847324185248713775e+02
2.849742710120068523e+02
2.852367066895368453e+02
2.854991423670668951e+02
2.857993138936535615e+02
2.860634648370497075e+02
2.863121783876500785e+02
2.865728987993138617e+02
2.868404802744425410e+02
2.871646655231560317e+02
2.874373927958833974e+02
2.877118353344768593e+02
2.880497427101200856e+02
2.881886792452829695e+02
2.884168096054888792e+02
2.885162950257289936e+02
2.886277873070325768e+02
2.887272727272727479e+02
2.888421955403088077e+02
2.889433962264151319e+02
2.890463121783876659e+02
2.891217838765008423e+02
2.891852487135505498e+02
2.891938250428815991e+02
2.892298456260720627e+02
2.892041166380789150e+02
2.891509433962264097e+02
2.891492281303601999e+02
2.890617495711835545e+02
2.889948542024013705e+02
2.888610634648370592e+02
2.888061749571183441e+02
2.887066895368782298e+02
2.885849056603773306e+02
2.884854202401372163e+02
2.884185248713550322e+02
2.883636363636363740e+02
2.882384219554030551e+02
2.880703259005146037e+02
2.879039451114923054e+02
2.877512864493996290e+02
2.876003430531732192e+02
2.874356775300171307e+02
2.872727272727272521e+02
2.871097770154373734e+02
2.869485420240137046e+02
2.867753001715266237e+02
2.866260720411663669e+02
2.864528301886792292e+02
2.862641509433962028e+02
2.861114922813035832e+02
2.859228130360205569e+02
2.857221269296741184e+02
2.855969125214407995e+02
2.854271012006861383e+02
2.852710120068610422e+02
2.851818181818181301e+02
2.850566037735849250e+02
2.848902229845625698e+02
2.847787307032589865e+02
2.846672384219554033e+02
2.845540308747856102e+02
2.844545454545454390e+02
2.843533447684391149e+02
2.842675814751286225e+02
2.841663807890222415e+02
2.840926243567752181e+02
2.839897084048027409e+02
2.839005145797598288e+02
2.838250428816466524e+02
2.837478559176672661e+02
2.836981132075471805e+02
2.836638078902229836e+02
2.835849056603773306e+02
2.835849056603773306e+02
2.835883361921097503e+02
2.835900514579759601e+02
2.836535162950257245e+02
2.837049742710120199e+02
2.837564322469983153e+02
2.838078902229845539e+02
2.838850771869639402e+02
2.839879931389365311e+02
2.840891938250429121e+02
2.841921097770154461e+02
2.843293310463121770e+02
2.844579759862778587e+02
2.845986277873070094e+02
2.847632933104631547e+02
2.848902229845626266e+02
2.850308747855917773e+02
2.851578044596913060e+02
2.853327615780445967e+02
2.854854202401372163e+02
2.856380789022298359e+02
2.857907375643225123e+02
2.859433962264150750e+02
2.860531732418525053e+02
2.862195540308748036e+02
2.863602058319039543e+02
2.865283018867924056e+02
2.866809605488850821e+02
2.868336192109777016e+02
2.869742710120068523e+02
2.871149228130360029e+02
2.872418524871354748e+02
2.873156089193824982e+02
2.873927958833619414e+02
2.875077186963978875e+02
2.875711835334476518e+02
2.876329331046312063e+02
2.877084048027444396e+02
2.877204116638079086e+02
2.878319039451114918e+02
2.879588336192109637e+02
2.880085763293309924e+02
2.880960548885076946e+02
2.881423670668953605e+02
2.881783876500857104e+02
2.882246998284733763e+02
2.882607204116637831e+02
2.882830188679245111e+02
2.883036020583190293e+02
2.883001715265866096e+02
2.882692967409948324e+02
2.882367066895368453e+02
2.882178387650085369e+02
2.882024013722126483e+02
2.881595197255574590e+02
2.881166380789022128e+02
2.880737564322470234e+02
2.880445969125214560e+02
2.880154373927958886e+02
2.879725557461406424e+02
2.879433962264150750e+02
2.879005145797598288e+02
2.878576329331045827e+02
2.877907375643224555e+02
2.877238421955403282e+02
2.876689536878216131e+02
2.875883361921097503e+02
2.875077186963978875e+02
2.874271012006861383e+02
2.873481989708404853e+02
2.872555746140651536e+02
2.871749571183532908e+02
2.870686106346483939e+02
2.870034305317324197e+02
2.869262435677529766e+02
2.868765008576328910e+02
2.868250428816465956e+02
2.867735849056603570e+02
2.867204116638078517e+02
2.866826758147512919e+02
2.866295025728987866e+02
2.866157804459691079e+02
2.865883361921097503e+02
2.865643224699828124e+02
2.865523156089193435e+02
2.865403087478558746e+02
2.865180102915951466e+02
2.864957118353344754e+02
2.864939965694682655e+02
2.864939965694682655e+02
2.864939965694683224e+02
2.865094339622641542e+02
2.864991423670668951e+02
2.864459691252143898e+02
2.865248713550600428e+02
2.865780445969125481e+02
2.866295025728987866e+02
2.866963979416809707e+02
2.867890222984562456e+02
2.868679245283019554e+02
2.869468267581474947e+02
2.870600343053173447e+02
2.871509433962264097e+02
2.872555746140651536e+02
2.873859348198971020e+02
2.875008576329331049e+02
2.875866209262435405e+02
2.877392795883362169e+02
2.878404802744424842e+02
2.879845626072041114e+02
2.881286449399656817e+02
2.882727272727272521e+02
2.884305317324185580e+02
2.885883361921097503e+02
2.887581475128644684e+02
2.888850771869639402e+02
2.890120068610634689e+02
2.891560891938250393e+02
2.891818181818181301e+02
2.893104631217838687e+02
2.894150943396226694e+02
2.895197255574614132e+02
2.895934819897083798e+02
2.896946826758147608e+02
2.897186963979416987e+02
2.897581475128645252e+02
2.897975986277873517e+02
2.898370497427101213e+02
2.898782161234991577e+02
2.899159519725557175e+02
2.899382504288164455e+02
2.899622641509433834e+02
2.899742710120068523e+02
2.900017152658662098e+02
2.899862778730703212e+02
2.899845626072041114e+02
2.899982847341337902e+02
2.899708404802744326e+02
2.898524871355060100e+02
2.898250428816466524e+02
2.897855917667238259e+02
2.896981132075471805e+02
2.896466552315608851e+02
2.895951972555745897e+02
2.895042881646655246e+02
2.893516295025729050e+02
2.891869639794168165e+02
2.890840480274442825e+02
2.889811320754716917e+02
2.888799313893653107e+02
2.887907375643225123e+02
2.886998284734133904e+02
2.885437392795883511e+02
2.884408233276158171e+02
2.883259005145797573e+02
2.882109777015437544e+02
2.881080617495712204e+02
2.880051457975986295e+02
2.878473413379074373e+02
2.876895368782161313e+02
2.876106346483704783e+02
2.875042881646655246e+02
2.873499142367066952e+02
2.871766723842195574e+02
2.870051457975986295e+02
2.869656946826758031e+02
2.868867924528302069e+02
2.867581475128645252e+02
2.866037735849056389e+02
2.864493996569468095e+02
2.863207547169811278e+02
2.861921097770153892e+02
2.860617495711835545e+02
2.859125214408232978e+02
2.857632933104630979e+02
2.856466552315608851e+02
2.855300171526586155e+02
2.853996569468267808e+02
2.852933104631217702e+02
2.851869639794168165e+02
2.850806174957118628e+02
2.850034305317323629e+02
2.849262435677529766e+02
2.848610634648370592e+02
2.847958833619210850e+02
2.846843910806174449e+02
2.846277873070325768e+02
2.845711835334476518e+02
2.845831903945111208e+02
2.846329331046312063e+02
2.846826758147512919e+02
2.846826758147512919e+02
2.846843910806175018e+02
2.846861063464837116e+02
2.847358490566037972e+02
2.847855917667238828e+02
2.848336192109777016e+02
2.848799313893653107e+02
2.848627787307032122e+02
2.850634648370497644e+02
2.851029159519725908e+02
2.851783876500857673e+02
2.851629502572898787e+02
2.852298456260720059e+02
2.852967409948541899e+02
2.854322469982847679e+02
2.855300171526586723e+02
2.857015437392796002e+02
2.857650085763293077e+02
2.858987993138936190e+02
2.860085763293310492e+02
2.861183533447684226e+02
2.863053173241852392e+02
2.863036020583190293e+02
2.863722126929674232e+02
2.864579759862778587e+02
2.865506003430531337e+02
2.866295025728987866e+02
2.867084048027444396e+02
2.867890222984563025e+02
2.868713550600342614e+02
2.869056603773584584e+02
2.869416809605488652e+02
2.870034305317324197e+02
2.870222984562607280e+02
2.870754716981132333e+02
2.871269296740995287e+02
2.871526586620926196e+02
2.871715265866209279e+02
2.871921097770154461e+02
2.872006861063464953e+02
2.871938250428815991e+02
2.871560891938250393e+02
2.871372212692967310e+02
2.871200686106346325e+02
2.871029159519725340e+02
2.870634648370497075e+02
2.869811320754716917e+02
2.869348198970840258e+02
2.868902229845625698e+02
2.868456260720411137e+02
2.867409948542023699e+02
2.865986277873070094e+02
2.864442538593481800e+02
2.862915951972555604e+02
2.862281303602058529e+02
2.860600343053173447e+02
2.859897084048027409e+02
2.859382504288164455e+02
2.858078902229845539e+02
2.857564322469983153e+02
2.856140651801028980e+02
2.854339622641509209e+02
2.853224699828473376e+02
2.852281303602057960e+02
2.850428816466552462e+02
2.849022298456260387e+02
2.847615780445969449e+02
2.846192109777015276e+02
2.845283018867924056e+02
2.844219554030874519e+02
2.843121783876500785e+02
2.841818181818181301e+02
2.840891938250428552e+02
2.839965694682675803e+02
2.838867924528301501e+02
2.837924528301886653e+02
2.836981132075471805e+02
2.836020583190394291e+02
2.835077186963978875e+02
2.834271012006860815e+02
2.833979416809605141e+02
2.833156089193824982e+02
2.832315608919382157e+02
2.831492281303601430e+02
2.830806174957118060e+02
2.830102915951972591e+02
2.830343053173241969e+02
2.830720411663808136e+02
2.830428816466552462e+02
2.831217838765008423e+02
2.831715265866209847e+02
2.832212692967409566e+02
2.832847341337907210e+02
2.833464837049742755e+02
2.834373927958833974e+02
2.835248713550600428e+02
2.836277873070325768e+02
2.837135506003430692e+02
2.840051457975986295e+02
2.842967409948541899e+02
2.842813036020583013e+02
2.844099485420240399e+02
2.845231560891938329e+02
2.846192109777015276e+02
2.847632933104631547e+02
2.848730703259005850e+02
2.850308747855917773e+02
2.851886792452830264e+02
2.853001715265866096e+02
2.856003430531732192e+02
2.856380789022298359e+02
2.857530017152658957e+02
2.860548885077187151e+02
2.861698113207547181e+02
2.862847341337907210e+02
2.865694682675814420e+02
2.868696397941680516e+02
2.871543739279588294e+02
2.874854202401372163e+02
2.875866209262435405e+02
2.878439108061749039e+02
2.879468267581474947e+02
2.880377358490566166e+02
2.882864493996569308e+02
2.884202401372212989e+02
2.885111492281303640e+02
2.887186963979416987e+02
2.888250428816466524e+02
2.889176672384219273e+02
2.889982847341337902e+02
2.890806174957118628e+02
2.889914236706689508e+02
2.890257289879931477e+02
2.890463121783876659e+02
2.890514579759862954e+02
2.890154373927958886e+02
2.890085763293310492e+02
2.890034305317324197e+02
2.890000000000000000e+02
2.889502572898799144e+02
2.889451114922812849e+02
2.889399656946826553e+02
2.888987993138936190e+02
2.887787307032589865e+02
2.887238421955402714e+02
2.885060034305317345e+02
2.883670668953687937e+02
2.883173241852487081e+02
2.882675814751286225e+02
2.881423670668953605e+02
2.880771869639794431e+02
2.879313893653516061e+02
2.878833619210977872e+02
2.877701543739279941e+02
2.877221269296741184e+02
2.876740994854202427e+02
2.876243567753002139e+02
2.874665523156089080e+02
2.873104631217838687e+02
2.872590051457975733e+02
2.871560891938250393e+02
2.870531732418525053e+02
2.869519725557461811e+02
2.868507718696398001e+02
2.867495711835334191e+02
2.865917667238421700e+02
2.864734133790737474e+02
2.863413379073756460e+02
2.862075471698113347e+02
2.860737564322470234e+02
2.859296740994853963e+02
2.858130360205831835e+02
2.856946826758147608e+02
2.855763293310462814e+02
2.854579759862778587e+02
2.853773584905660528e+02
2.852744425385934619e+02
2.851835334476843968e+02
2.850789022298456530e+02
2.849879931389365311e+02
2.849313893653516061e+02
2.848679245283018986e+02
2.848644939965694789e+02
2.848473413379073236e+02
2.847804459691251964e+02
2.847975986277872948e+02
2.847684391080617274e+02
2.847598627787306782e+02
2.847941680960548183e+02
2.847735849056603570e+02
2.847186963979416987e+02
2.847186963979416987e+02
2.847495711835334760e+02
2.847958833619210850e+02
2.848404802744425410e+02
2.848833619210977304e+02
2.849073756432246682e+02
2.849948542024013705e+02
2.850823327615780158e+02
2.850617495711834977e+02
2.851372212692967878e+02
2.852126929674099642e+02
2.853447684391080656e+02
2.854768439108062239e+02
2.856226415094340041e+02
2.857821612349914631e+02
2.859262435677529766e+02
2.860325900514579871e+02
2.861406518010291506e+02
2.862504288164665809e+02
2.863464837049742755e+02
2.864459691252144466e+02
2.864648370497426981e+02
2.864562607204116489e+02
2.863979416809605709e+02
2.863790737564322626e+02
2.863447684391080656e+02
2.863276157804459672e+02
2.864065180102916202e+02
2.864288164665523482e+02
2.864236706689536618e+02
2.864322469982847110e+02
2.865523156089193435e+02
2.864065180102916202e+02
2.863636363636363740e+02
2.862641509433962028e+02
2.862298456260720627e+02
2.862178387650085369e+02
2.862058319039451248e+02
2.861938250428815991e+02
2.861698113207546612e+02
2.861457975986277802e+02
2.860102915951972591e+02
2.858765008576328910e+02
2.857272727272727479e+02
2.855780445969124912e+02
2.854288164665522913e+02
2.852246998284733763e+02
2.850771869639794431e+02
2.849296740994853963e+02
2.847307032590051676e+02
2.845523156089193435e+02
2.843636363636363740e+02
2.842418524871355316e+02
2.841183533447684795e+02
2.839931389365351606e+02
2.838833619210977872e+02
2.836826758147512919e+02
2.835591766723842397e+02
2.834356775300171876e+02
2.833344768439108066e+02
2.832332761578044256e+02
2.831320754716981014e+02
2.829571183533447538e+02
2.827975986277873517e+02
2.826380789022298359e+02
2.824785591766723769e+02
2.823773584905660528e+02
2.822761578044596718e+02
2.821406518010291506e+02
2.820051457975986295e+02
2.819331046312178159e+02
2.818576329331045827e+02
2.817821612349914062e+02
2.817993138936535047e+02
2.818370497427101213e+02
2.817770154373928335e+02
2.817135506003430123e+02
2.816363636363636260e+02
2.816775300171526624e+02
2.816123499142366882e+02
2.815608919382503927e+02
2.815094339622641542e+02
2.814579759862779156e+02
2.814065180102916202e+02
2.814082332761577732e+02
2.813499142367066383e+02
2.812898799313893505e+02
2.812898799313893505e+02
2.813447684391080656e+02
2.813979416809605709e+02
2.814511149228130762e+02
2.815025728987993716e+02
2.815540308747856670e+02
2.816037735849056389e+02
2.816672384219554601e+02
2.817598627787307350e+02
2.817873070325900926e+02
2.817478559176672093e+02
2.818113207547170305e+02
2.818730703259004713e+02
2.818696397941681084e+02
2.818765008576329478e+02
2.819005145797598857e+02
2.819382504288164455e+02
2.819605488850771735e+02
2.819725557461406424e+02
2.821029159519725340e+02
2.821234991423671090e+02
2.821423670668953605e+02
2.822229845626071665e+02
2.822401372212692650e+02
2.822229845626071665e+02
2.822246998284733763e+02
2.822761578044596718e+02
2.822710120068610422e+02
2.822795883361920914e+02
2.822915951972555604e+02
2.823413379073756460e+02
2.824528301886792860e+02
2.824785591766724338e+02
2.825488850771869807e+02
2.826209262435677374e+02
2.826363636363636260e+02
2.825831903945111208e+02
2.825831903945111208e+02
2.825403087478559314e+02
2.824751286449399572e+02
2.824202401372212421e+02
2.823653516295025838e+02
2.823036020583190293e+02
2.822281303602057960e+02
2.821132075471697931e+02
2.820497427101200856e+02
2.819862778730703212e+02
2.818627787307032122e+02
2.817272727272727479e+02
2.815883361921098071e+02
2.814391080617495504e+02
2.812881646655231407e+02
2.811492281303601999e+02
2.810617495711834977e+02
2.808970840480274660e+02
2.807324185248713775e+02
2.805677530017152321e+02
2.804150943396226126e+02
2.802641509433962597e+02
2.801114922813036401e+02
2.799588336192109637e+02
2.798198970840480797e+02
2.796792452830188722e+02
2.795540308747856102e+02
2.794288164665523482e+02
2.793036020583190293e+02
2.791938250428816559e+02
2.791320754716981583e+02
2.790205831903945182e+02
2.789228130360205569e+02
2.788576329331046395e+02
2.787598627787307350e+02
2.786603773584905639e+02
2.785608919382504496e+02
2.785111492281303640e+02
2.784614065180103353e+02
2.783224699828473945e+02
2.782487135506003142e+02
2.781903945111492362e+02
2.781303602058318916e+02
2.780703259005145469e+02
2.780102915951972591e+02
2.779982847341337902e+02
2.779365351629502356e+02
2.779245283018867667e+02
2.778747855917667380e+02
2.778747855917667380e+02
2.778747855917667380e+02
2.778730703259005281e+02
2.779108061749570879e+02
2.779502572898799144e+02
2.780017152658662098e+02
2.780651801029159174e+02
2.780668953687821272e+02
2.781355060034305211e+02
2.782264150943395862e+02
2.782281303602058529e+02
2.782778730703259384e+02
2.784099485420240399e+02
2.784631217838764883e+02
2.785643224699828124e+02
2.786500857632933048e+02
2.787255574614065381e+02
2.788010291595197145e+02
2.788765008576328910e+02
2.789519725557461243e+02
2.790394511149227696e+02
2.791560891938250393e+02
2.792967409948541899e+02
2.794373927958833974e+02
2.795780445969125481e+02
2.796895368782161313e+02
2.798010291595197145e+02
2.799193825042881372e+02
2.799828473413379015e+02
2.800720411663808136e+02
2.801732418524870809e+02
2.801886792452829695e+02
2.802126929674099074e+02
2.802367066895368453e+02
2.802624356775299930e+02
2.802761578044596718e+02
2.802607204116637831e+02
2.802469982847341612e+02
2.802315608919382726e+02
2.801698113207547749e+02
2.801166380789022696e+02
2.800668953687821841e+02
2.799708404802744326e+02
2.799210977701543470e+02
2.798576329331045827e+02
2.798078902229845539e+02
2.797221269296741184e+02
2.796586620926243540e+02
2.795969125214407995e+02
2.794888507718696360e+02
2.794271012006861383e+02
2.794219554030874519e+02
2.792898799313893505e+02
2.791595197255574590e+02
2.790308747855917773e+02
2.788782161234991008e+02
2.787341337907375305e+02
2.786054888507718488e+02
2.784768439108061102e+02
2.783619210977701073e+02
2.782864493996569308e+02
2.781423670668953605e+02
2.779982847341337902e+02
2.778542024013721630e+02
2.776895368782161313e+02
2.775111492281303640e+02
2.774082332761578300e+02
2.770960548885077515e+02
2.768765008576329478e+02
2.767221269296741184e+02
2.765180102915951466e+02
2.763396226415094361e+02
2.761595197255574590e+02
2.759965694682675803e+02
2.757855917667238259e+02
2.755763293310462814e+02
2.753687821612350035e+02
2.752109777015436975e+02
2.750308747855917773e+02
2.748936535162949895e+02
2.746912521440823411e+02
2.745797598627787011e+02
2.744665523156089080e+02
2.742984562607203429e+02
2.742658662092624127e+02
2.741132075471697931e+02
2.739433962264150750e+02
2.739228130360205569e+02
2.739005145797598288e+02
2.737478559176672661e+02
2.737015437392796002e+02
2.735711835334476518e+02
2.735608919382503927e+02
2.735368782161234549e+02
2.735523156089194003e+02
2.735677530017152890e+02
2.735831903945111776e+02
2.736089193825043253e+02
2.736483704974270950e+02
2.736878216123499215e+02
2.737409948542024267e+02
2.738061749571183441e+02
2.738953687821611993e+02
2.739862778730703212e+02
2.740634648370497644e+02
2.741406518010292075e+02
2.742178387650085938e+02
2.742950257289879801e+02
2.743722126929674232e+02
2.744391080617496073e+02
2.745042881646655246e+02
2.745608919382503927e+02
2.746329331046312063e+02
2.747049742710120199e+02
2.748010291595197145e+02
2.748953687821611993e+02
2.749674099485420129e+02
2.750377358490566166e+02
2.750771869639794431e+02
2.751715265866209279e+02
2.752349914236706354e+02
2.753413379073756460e+02
2.753687821612350035e+02
2.753945111492281512e+02
2.753704974271012134e+02
2.753962264150943042e+02
2.754356775300171876e+02
2.754871355060034261e+02
2.755591766723841829e+02
2.755626072041166594e+02
2.755626072041166026e+02
2.756089193825042685e+02
2.755849056603773306e+02
2.755608919382503927e+02
2.755797598627787011e+02
2.755317324185248253e+02
2.755197255574613564e+02
2.755128644939965739e+02
2.755094339622640973e+02
2.754888507718696360e+02
2.754596912521440686e+02
2.754133790737564027e+02
2.753310463121783869e+02
2.752727272727272521e+02
2.752178387650085369e+02
2.751475128644939900e+02
2.751972555746140756e+02
2.751440823327616272e+02
2.750445969125214560e+02
2.749468267581474947e+02
2.749245283018868236e+02
2.748610634648370024e+02
2.747821612349914062e+02
2.746895368782161313e+02
2.745986277873070094e+02
2.744785591766724338e+02
2.743739279588335762e+02
2.742658662092624127e+02
2.741749571183533476e+02
2.740823327615780727e+02
2.739914236706689508e+02
2.738730703259004713e+02
2.737958833619210282e+02
2.737049742710119631e+02
2.735694682675814420e+02
2.734888507718695791e+02
2.734768439108061102e+02
2.733859348198970451e+02
2.732418524871354748e+02
2.730874785591766454e+02
2.729331046312178159e+02
2.727530017152658388e+02
2.727015437392796002e+02
2.725951972555745897e+02
2.724888507718696360e+02
2.723722126929674232e+02
2.723190394511149179e+02
2.722658662092624127e+02
2.721955403087478658e+02
2.721835334476843400e+02
2.722607204116637831e+02
2.722195540308747468e+02
2.721698113207547181e+02
2.721183533447684795e+02
2.720291595197255674e+02
2.719862778730703212e+02
2.719897084048027409e+02
2.720291595197255674e+02
2.720051457975986295e+02
2.720068610634648394e+02
2.720548885077186583e+02
2.720754716981131764e+02
2.721389365351629408e+02
2.720857632933104924e+02
2.720703259005146037e+02
2.721286449399656817e+02
2.722006861063464385e+02
2.722881646655231407e+02
2.723636363636363740e+02
2.724373927958833406e+02
2.725265866209262526e+02
2.726483704974270950e+02
2.727701543739279373e+02
2.728730703259005281e+02
2.729897084048027409e+02
2.731063464837050105e+02
2.732246998284733763e+02
2.733430531732418558e+02
2.734614065180103353e+02
2.735626072041166026e+02
2.736638078902229836e+02
2.737650085763293077e+02
2.738662092624356319e+02
2.740257289879931477e+02
2.741303602058318916e+02
2.742349914236706354e+02
2.742847341337907210e+02
2.743344768439108066e+02
2.743842195540308353e+02
2.744339622641509209e+02
2.744837049742710064e+02
2.745334476843910920e+02
2.745437392795882943e+02
2.745814751286449109e+02
2.745934819897083798e+02
2.746329331046312063e+02
2.747238421955403282e+02
2.745969125214407995e+02
2.745969125214407995e+02
2.745951972555745897e+02
2.746723842195540328e+02
2.746672384219554033e+02
2.746603773584905639e+02
2.745728987993138617e+02
2.745231560891937761e+02
2.743996569468267808e+02
2.743670668953687937e+02
2.742658662092624695e+02
2.741886792452829695e+02
2.741114922813036401e+02
2.739245283018867667e+02
2.739279588336192433e+02
2.738747855917666811e+02
2.738044596912521342e+02
2.737135506003430692e+02
2.736260720411663669e+02
2.735197255574614132e+02
2.734150943396226694e+02
2.733138936535162884e+02
2.732109777015437544e+02
2.730891938250429121e+02
2.729433962264150750e+02
2.728439108061749607e+02
2.727101200686106495e+02
2.725780445969124912e+02
2.724408233276158171e+02
2.723241852487135475e+02
2.722092624356774877e+02
2.720926243567753318e+02
2.719914236706689508e+02
2.718885077186964168e+02
2.718010291595197714e+02
2.717135506003430692e+02
2.715385934819897216e+02
2.713619210977701641e+02
2.713396226415094361e+02
2.712675814751286225e+02
2.711801029159519203e+02
2.711063464837050105e+02
2.710926243567753318e+02
2.711046312178387439e+02
2.711166380789022128e+02
2.711269296740994719e+02
2.710480274442538757e+02
2.711012006861063242e+02
2.710686106346483939e+02
2.710171526586620985e+02
2.710428816466552462e+02
2.710445969125214560e+02
2.711252144082333189e+02
2.712435677530016847e+02
2.713053173241852392e+02
2.713499142367066952e+02
2.714837049742710064e+02
2.715574614065180299e+02
2.716449399656946753e+02
2.717324185248713775e+02
2.717821612349914062e+02
2.718473413379073236e+02
2.719262435677529766e+02
2.720257289879931477e+02
2.720840480274442257e+02
2.721578044596912491e+02
2.722487135506003142e+02
2.723516295025729050e+02
2.724339622641509209e+02
2.725351629502573019e+02
2.726329331046312063e+02
2.727289879931389009e+02
2.728439108061749607e+02
2.729742710120068523e+02
2.731063464837050105e+02
2.732367066895368453e+02
2.733670668953687937e+02
2.734991423670668951e+02
2.735231560891937761e+02
2.735591766723841829e+02
2.736620926243567737e+02
2.737118353344768593e+02
2.737615780445969449e+02
2.737735849056604138e+02
2.737873070325900926e+02
2.738027444253859812e+02
2.738044596912521911e+02
2.738078902229846108e+02
2.738456260720412274e+02
2.738456260720411706e+02
2.736586620926243540e+02
2.734768439108061671e+02
2.735471698113207140e+02
2.735300171526586155e+02
2.735145797598627269e+02
2.735025728987992579e+02
2.734768439108061671e+02
2.734716981132075944e+02
2.734202401372212989e+02
2.733687821612350035e+02
2.733464837049742755e+02
2.731372212692967878e+02
2.732075471698113347e+02
2.731852487135506067e+02
2.729931389365351606e+02
2.729742710120068523e+02
2.729691252144082227e+02
2.727512864493996858e+02
2.725077186963979443e+02
2.722898799313893505e+02
2.720583190394511348e+02
2.719982847341337902e+02
2.717838765008576729e+02
2.717066895368782298e+02
2.716295025728987866e+02
2.713996569468267808e+02
2.712710120068610991e+02
2.711715265866209279e+02
2.709399656946826553e+02
2.708130360205831835e+02
2.706861063464837116e+02
2.705746140651800715e+02
2.704631217838765451e+02
2.703070325900514490e+02
2.701955403087478089e+02
2.700994854202401143e+02
2.700034305317324197e+02
2.699193825042881372e+02
2.698181818181817562e+02
2.696861063464837116e+02
2.695849056603773306e+02
2.695317324185248253e+02
2.694751286449399572e+02
2.693361921097770164e+02
2.692778730703258816e+02
2.692813036020583013e+02
2.692195540308747468e+02
2.692349914236706354e+02
2.691680960548885082e+02
2.691132075471697931e+02
2.691303602058318347e+02
2.692246998284733763e+02
2.692469982847341043e+02
2.693293310463121770e+02
2.693327615780445967e+02
2.694288164665522913e+02
2.694596912521440686e+02
2.694768439108061671e+02
2.694939965694682655e+02
2.695951972555746465e+02
2.697427101200686366e+02
2.696843910806175018e+02
2.697650085763293077e+02
2.698456260720411706e+02
2.699228130360205569e+02
2.700394511149228265e+02
2.701560891938250961e+02
2.703293310463121770e+02
2.704493996569468663e+02
2.705814751286449109e+02
2.707152658662092790e+02
2.708490566037735903e+02
2.709794168096054818e+02
2.711097770154374302e+02
2.712401372212693218e+02
2.713704974271012134e+02
2.715008576329330481e+02
2.716277873070325768e+02
2.717547169811320487e+02
2.718679245283018417e+02
2.719948542024013705e+02
2.721372212692967310e+02
2.722658662092624127e+02
2.723996569468267808e+02
2.725008576329331618e+02
2.726157804459691079e+02
2.726878216123499215e+02
2.727375643224700070e+02
2.728644939965694789e+02
2.729708404802744326e+02
2.729931389365351606e+02
2.730703259005146037e+02
2.731715265866209279e+02
2.732538593481990006e+02
2.733241852487135475e+02
2.733807890222984724e+02
2.733807890222984724e+02
2.734253859348199285e+02
2.734716981132075944e+02
2.734373927958833406e+02
2.734065180102916202e+02
2.734596912521440686e+02
2.734168096054888792e+02
2.733396226415094361e+02
2.733138936535162884e+02
2.732452830188678945e+02
2.732075471698112779e+02
2.730977701543739045e+02
2.729914236706689508e+02
2.729262435677529766e+02
2.728593481989707925e+02
2.727753001715265668e+02
2.726912521440823411e+02
2.725917667238421700e+02
2.724922813036019988e+02
2.723773584905660528e+02
2.723036020583190293e+02
2.721903945111492362e+02
2.721337907375643113e+02
2.719879931389365311e+02
2.718576329331046395e+02
2.717598627787306782e+02
2.716638078902229836e+02
2.715677530017152321e+02
2.713207547169811278e+02
2.712435677530016847e+02
2.711457975986277802e+02
2.710686106346483939e+02
2.709759862778730621e+02
2.708747855917666811e+02
2.707598627787307350e+02
2.706449399656946753e+02
2.705574614065179730e+02
2.703945111492281512e+02
2.702452830188678945e+02
2.700977701543739045e+02
2.699536878216123341e+02
2.698233276157803857e+02
2.697753001715266237e+02
2.697135506003430692e+02
2.695849056603773306e+02
2.694699828473413277e+02
2.695214408233275662e+02
2.694751286449399572e+02
2.695420240137221413e+02
2.695454545454545041e+02
2.694596912521440686e+02
2.694751286449399572e+02
2.695025728987992579e+02
2.695557461406517632e+02
2.695694682675814420e+02
2.694922813036019988e+02
2.695694682675814420e+02
2.696466552315608851e+02
2.697375643224699502e+02
2.698404802744424842e+02
2.699296740994853963e+02
2.700325900514579871e+02
2.701612349914236688e+02
2.702898799313893505e+02
2.704065180102916202e+02
2.705231560891938329e+02
2.706638078902229836e+02
2.708061749571183441e+02
2.709090909090909349e+02
2.710514579759862954e+02
2.711938250428815991e+02
2.713361921097770164e+02
2.714785591766723769e+02
2.716089193825042685e+02
2.717530017152658957e+02
2.718953687821612561e+02
2.720120068610634689e+02
2.721149228130360598e+02
2.722572898799313634e+02
2.723739279588336331e+02
2.725162950257289936e+02
2.725917667238421700e+02
2.726037735849056389e+02
2.726209262435677374e+02
2.726380789022298359e+02
2.726586620926243540e+02
2.726826758147512919e+02
2.727084048027444396e+02
2.727341337907375873e+02
2.727873070325900358e+02
2.728421955403086940e+02
2.728696397941680516e+02
2.728524871355060100e+02
2.728524871355060100e+02
2.728542024013721630e+02
2.728679245283018986e+02
2.728096054888507638e+02
2.727547169811321055e+02
2.726895368782161313e+02
2.726054888507718488e+02
2.725128644939965739e+02
2.724905660377358458e+02
2.723979416809605709e+02
2.722915951972555604e+02
2.722710120068610422e+02
2.720994854202401712e+02
2.719982847341337902e+02
2.718970840480274660e+02
2.717804459691251964e+02
2.716672384219554033e+02
2.714511149228130762e+02
2.713790737564322626e+02
2.711921097770154461e+02
2.710480274442538757e+02
2.709331046312178159e+02
2.708319039451114918e+02
2.706432246998284654e+02
2.705111492281303640e+02
2.703001715265866096e+02
2.702246998284734332e+02
2.701492281303601999e+02
2.700737564322470234e+02
2.700257289879931477e+02
2.699777015437392720e+02
2.699279588336192433e+02
2.698644939965694789e+02
2.697873070325900926e+02
2.697375643224700070e+02
2.696878216123499215e+02
2.696243567753001571e+02
2.695746140651800715e+02
2.695711835334476518e+02
2.695574614065179730e+02
2.694579759862778587e+02
2.694562607204117057e+02
2.694562607204117057e+02
2.694442538593482368e+02
2.694442538593481800e+02
2.694322469982847110e+02
2.694322469982847110e+02
2.694837049742709496e+02
2.695351629502572450e+02
2.695437392795882943e+02
2.695917667238421700e+02
2.696689536878216131e+02
2.697289879931389009e+02
2.697890222984562456e+02
2.698456260720411137e+02
2.699193825042881372e+02
2.700428816466551893e+02
2.700874785591766454e+02
2.701475128644939332e+02
2.702469982847341043e+02
2.703704974271012134e+02
2.704939965694682655e+02
2.706174957118353177e+02
2.707135506003430692e+02
2.708096054888507638e+02
2.708833619210977872e+02
2.709571183533448107e+02
2.710994854202401712e+02
2.712144082332761741e+02
2.713413379073756460e+02
2.714802744425385868e+02
2.716054888507718488e+02
2.717307032590051676e+02
2.718061749571184009e+02
2.719313893653516629e+02
2.720085763293310492e+02
2.721217838765008992e+02
2.721852487135506067e+02
2.721955403087479226e+02
2.722452830188678945e+02
2.723396226415094361e+02
2.724150943396226694e+02
2.724511149228130193e+02
2.724871355060034261e+02
2.725488850771869238e+02
2.725677530017152321e+02
2.726072041166380586e+02
2.726552315608919344e+02
2.727049742710120199e+02
2.726552315608919344e+02
2.726089193825042685e+02
2.725643224699828124e+02
2.725197255574613564e+02
2.724854202401372163e+02
2.724391080617496073e+02
2.723927958833619414e+02
2.723464837049742755e+02
2.722898799313893505e+02
2.722315608919382157e+02
2.721183533447684226e+02
2.720051457975986295e+02
2.718936535162949895e+02
2.717684391080617843e+02
2.716432246998284654e+02
2.715591766723841829e+02
2.714373927958833974e+02
2.713241852487135475e+02
2.711749571183533476e+02
2.711492281303601999e+02
2.710720411663808136e+02
2.709313893653516061e+02
2.707873070325900358e+02
2.706929674099485510e+02
2.705780445969124912e+02
2.705008576329330481e+02
2.704082332761578300e+02
2.703293310463121770e+02
2.702504288164665240e+02
2.701715265866209279e+02
2.701149228130360029e+02
2.700360205831904068e+02
2.699571183533447538e+02
2.698782161234991008e+02
2.697993138936534478e+02
2.697204116638079086e+02
2.696397941680960457e+02
2.696037735849056389e+02
2.695214408233275662e+02
2.694391080617495504e+02
2.694116638078902497e+02
2.694133790737564595e+02
2.694133790737564595e+02
2.694373927958833974e+02
2.694528301886792860e+02
2.694648370497427550e+02
2.694459691252143898e+02
2.695214408233275662e+02
2.695060034305316776e+02
2.695180102915952034e+02
2.695420240137221413e+02
2.696072041166380586e+02
2.697084048027444396e+02
2.698096054888507638e+02
2.698850771869639971e+02
2.700703259005146037e+02
2.701183533447684226e+02
2.702195540308748036e+02
2.703207547169811278e+02
2.704236706689536618e+02
2.704854202401372163e+02
2.705574614065179730e+02
2.707169811320754320e+02
2.708610634648370024e+02
2.709777015437392720e+02
2.710703259005145469e+02
2.711457975986277802e+02
2.712864493996569308e+02
2.714905660377359027e+02
2.716037735849056389e+02
2.716912521440823411e+02
2.718181818181818130e+02
2.718096054888507069e+02
2.719210977701543470e+02
2.720497427101200287e+02
2.720274442538593007e+02
2.719931389365351606e+02
2.720977701543739045e+02
2.720960548885077515e+02
2.722024013722126483e+02
2.722075471698112779e+02
2.722126929674099074e+02
2.722195540308747468e+02
2.722555746140651536e+02
2.722298456260720059e+02
2.721938250428815991e+02
2.721886792452829695e+02
2.721629502572898787e+02
2.721217838765008423e+02
2.720771869639793863e+02
2.720188679245283083e+02
2.719485420240137046e+02
2.718696397941680516e+02
2.717924528301887221e+02
2.717152658662092790e+02
2.716192109777015276e+02
2.715471698113207708e+02
2.714185248713550322e+02
2.712898799313893505e+02
2.711663807890222984e+02
2.710874785591767022e+02
2.709468267581474947e+02
2.708490566037735903e+02
2.707564322469983153e+02
2.706638078902229836e+02
2.705917667238421700e+02
2.705351629502573019e+02
2.703979416809605709e+02
2.702950257289879801e+02
2.701732418524870809e+02
2.700102915951972591e+02
2.699210977701543470e+02
2.698833619210977872e+02
2.697821612349914631e+02
2.696552315608919344e+02
2.695300171526586723e+02
2.693687821612350035e+02
2.692555746140651536e+02
2.691698113207547181e+02
2.690222984562607280e+02
2.688987993138936190e+02
2.688096054888507638e+02
2.687101200686106495e+02
2.686123499142366882e+02
2.685283018867924625e+02
2.683893653516294648e+02
2.682469982847341043e+02
2.681217838765008423e+02
2.679931389365351606e+02
2.678816466552315205e+02
2.677941680960548183e+02
2.676981132075471237e+02
2.675986277873070094e+02
2.674991423670668951e+02
2.673825042881646823e+02
2.672658662092624127e+02
2.671938250428815991e+02
2.671337907375643113e+02
2.670806174957118060e+02
2.670154373927958886e+02
2.670617495711835545e+02
2.670085763293310492e+02
2.669879931389365311e+02
2.669948542024013705e+02
2.669674099485420129e+02
2.669777015437392720e+02
2.669811320754716917e+02
2.669794168096054818e+02
2.669656946826758031e+02
2.669519725557461811e+02
2.669622641509433834e+02
2.669622641509433834e+02
2.669777015437392720e+02
2.669914236706689508e+02
2.670034305317324197e+02
2.670137221269296788e+02
2.670634648370497644e+02
2.671629502572898787e+02
2.672624356775299930e+02
2.673756432246998429e+02
2.673979416809605709e+02
2.677375643224700070e+02
2.680874785591767022e+02
2.683859348198971020e+02
2.686226415094340041e+02
2.688576329331046395e+02
2.689073756432247251e+02
2.688782161234991008e+02
2.688507718696398001e+02
2.688850771869639971e+02
2.689210977701543470e+02
2.690343053173241969e+02
2.692950257289879801e+02
2.693293310463121770e+02
2.694288164665523482e+02
2.694939965694682655e+02
2.695094339622642110e+02
2.695248713550600428e+02
2.695523156089194003e+02
2.696277873070325768e+02
2.696603773584905639e+02
2.696963979416809707e+02
2.697324185248713775e+02
2.697409948542024267e+02
2.697495711835334760e+02
2.697427101200686366e+02
2.697375643224700070e+02
2.696518010291595147e+02
2.695368782161234549e+02
2.695025728987993148e+02
2.694699828473413277e+02
2.694082332761578300e+02
2.692898799313893505e+02
2.692332761578044256e+02
2.691012006861063242e+02
2.690274442538593576e+02
2.689571183533447538e+02
2.688902229845625698e+02
2.687890222984562456e+02
2.686312178387649965e+02
2.684734133790736905e+02
2.683619210977701641e+02
2.682332761578044256e+02
2.681269296740994719e+02
2.680034305317324197e+02
2.678816466552315205e+02
2.677118353344768593e+02
2.675162950257289936e+02
2.673825042881646255e+02
2.672504288164665240e+02
2.671423670668953605e+02
2.670068610634648394e+02
2.669005145797598288e+02
2.667684391080617843e+02
2.665711835334476518e+02
2.663722126929674232e+02
2.662315608919382726e+02
2.661149228130360598e+02
2.660102915951972591e+02
2.659056603773584584e+02
2.658027444253859812e+02
2.657289879931389578e+02
2.656346483704974162e+02
2.654665523156089080e+02
2.653910806174957315e+02
2.652384219554030551e+02
2.651801029159519203e+02
2.651200686106346893e+02
2.650909090909091219e+02
2.650891938250428552e+02
2.650840480274442825e+02
2.650325900514579871e+02
2.649948542024013705e+02
2.649536878216123341e+02
2.649485420240137046e+02
2.649382504288164455e+02
2.649399656946826553e+02
2.648867924528301501e+02
2.648867924528301501e+02
2.649742710120068523e+02
2.650583190394511348e+02
2.650651801029159742e+02
2.650668953687821272e+02
2.651029159519725340e+02
2.653722126929674232e+02
2.654150943396226126e+02
2.655162950257289936e+02
2.655917667238421700e+02
2.656655231560891934e+02
2.657444253859348464e+02
2.658147512864493933e+02
2.659725557461406424e+02
2.661543739279588294e+02
2.661801029159519771e+02
2.662710120068610422e+02
2.663670668953687937e+02
2.664408233276158171e+02
2.665591766723842397e+02
2.666758147512864525e+02
2.667924528301887221e+02
2.669090909090909349e+02
2.670257289879931477e+02
2.671149228130360029e+02
2.671835334476843400e+02
2.672555746140651536e+02
2.673293310463121202e+02
2.673499142367066952e+02
2.673722126929674232e+02
2.673945111492281512e+02
2.673979416809605709e+02
2.674030874785592005e+02
2.674116638078901929e+02
2.674373927958833974e+02
2.674493996569468095e+02
2.674631217838764883e+02
2.674596912521440686e+02
2.676346483704974162e+02
2.678113207547169736e+02
2.678130360205831835e+02
2.678027444253859812e+02
2.677787307032590434e+02
2.677718696397942040e+02
2.677530017152658957e+02
2.677547169811320487e+02
2.677375643224700070e+02
2.676740994854202427e+02
2.675694682675814420e+02
2.674905660377358458e+02
2.673996569468267808e+02
2.672898799313893505e+02
2.671818181818182438e+02
2.670771869639794431e+02
2.669519725557461243e+02
2.668301886792452819e+02
2.667118353344768593e+02
2.665934819897083798e+02
2.664785591766723769e+02
2.663430531732418558e+02
2.662504288164665240e+02
2.661560891938249824e+02
2.660617495711835545e+02
2.659674099485420129e+02
2.658542024013722198e+02
2.657101200686106495e+02
2.656192109777015276e+02
2.655008576329331618e+02
2.654030874785592005e+02
2.653293310463121770e+02
2.652435677530017415e+02
2.651423670668954173e+02
2.650394511149228265e+02
2.649228130360206137e+02
2.648490566037736471e+02
2.647718696397942040e+02
2.646946826758147608e+02
2.646638078902229836e+02
2.646037735849056958e+02
2.645283018867925193e+02
2.644957118353345322e+02
2.644082332761578300e+02
2.643344768439108066e+02
2.642830188679245111e+02
2.642744425385934619e+02
2.642332761578044256e+02
2.641663807890222984e+02
2.641097770154373734e+02
2.641680960548885082e+02
2.642246998284733763e+02
2.642984562607203998e+02
2.642915951972555604e+02
2.643464837049742755e+02
2.643379073756432263e+02
2.643584905660377444e+02
2.643533447684391149e+02
2.643722126929674232e+02
2.644048027444254103e+02
2.644837049742710064e+02
2.645591766723841829e+02
2.646209262435677374e+02
2.647118353344768593e+02
2.648027444253859812e+02
2.648490566037736471e+02
2.648953687821612561e+02
2.650188679245283083e+02
2.650377358490566166e+02
2.650771869639794431e+02
2.651200686106346893e+02
2.652229845626071665e+02
2.654082332761578300e+02
2.655111492281303072e+02
2.656157804459691079e+02
2.657204116638079086e+02
2.658267581475129191e+02
2.659365351629502356e+02
2.660463121783876659e+02
2.660840480274442257e+02
2.661217838765008423e+02
2.661526586620925627e+02
2.661903945111492362e+02
2.662418524871354748e+02
2.662504288164665240e+02
2.662607204116637831e+02
2.662675814751286225e+02
2.662246998284733763e+02
2.662058319039451248e+02
2.661903945111492362e+02
2.662006861063464953e+02
2.661217838765008992e+02
2.661063464837050105e+02
2.660154373927958886e+02
2.658833619210977304e+02
2.658164665523156032e+02
2.656706689536878230e+02
2.656003430531732761e+02
2.655506003430531905e+02
2.654871355060034261e+02
2.653430531732418558e+02
2.652950257289879801e+02
2.651989708404802855e+02
2.650891938250429121e+02
2.650154373927958886e+02
2.648919382504288365e+02
2.647924528301886653e+02
2.646569468267581442e+02
2.645248713550600428e+02
2.644116638078902497e+02
2.642504288164665240e+02
2.641029159519725340e+02
2.639571183533447538e+02
2.638130360205831835e+02
2.636552315608919344e+02
2.635403087478559314e+02
2.634236706689537186e+02
2.632452830188679513e+02
2.630668953687821841e+02
2.629451114922812849e+02
2.628233276157804994e+02
2.626809605488850821e+02
2.625574614065180299e+02
2.624476843910805997e+02
2.623173241852487081e+02
2.622624356775299930e+02
2.621646655231560885e+02
2.620634648370497644e+02
2.619777015437392720e+02
2.618885077186963599e+02
2.618164665523156032e+02
2.617427101200686366e+02
2.617015437392796002e+02
2.616072041166380586e+02
2.615746140651800715e+02
2.614957118353344754e+02
2.614905660377358458e+02
2.614802744425385868e+02
2.614631217838764883e+02
2.614631217838765451e+02
2.614785591766724338e+02
2.615042881646655246e+02
2.615437392795883511e+02
2.616260720411664238e+02
2.616106346483704783e+02
2.616861063464837116e+02
2.617615780445969449e+02
2.617392795883362169e+02
2.617512864493996858e+02
2.618301886792453388e+02
2.617975986277872948e+02
2.618799313893653675e+02
2.618679245283018986e+02
2.619674099485420129e+02
2.619794168096054818e+02
2.620497427101200856e+02
2.620480274442538757e+02
2.621355060034305779e+02
2.622487135506003142e+02
2.623756432246998429e+02
2.625025728987993148e+02
2.626157804459691079e+02
2.628044596912521911e+02
2.629914236706689508e+02
2.631646655231560885e+02
2.633481989708404853e+02
2.635162950257289367e+02
2.636157804459691079e+02
2.637495711835334760e+02
2.638953687821611993e+02
2.640291595197255674e+02
2.640480274442538757e+02
2.641886792452830264e+02
2.642126929674099642e+02
2.642109777015436975e+02
2.643036020583190293e+02
2.642967409948541899e+02
2.642813036020583013e+02
2.642795883361920914e+02
2.642607204116637831e+02
2.643379073756432263e+02
2.643104631217838687e+02
2.642830188679245111e+02
2.642418524871354748e+02
2.641903945111492362e+02
2.641355060034305779e+02
2.640840480274442257e+02
2.640068610634648394e+02
2.639296740994853963e+02
2.638319039451114350e+02
2.637667238421955176e+02
2.636277873070325768e+02
2.634922813036021125e+02
2.633962264150943611e+02
2.632607204116638400e+02
2.631097770154374302e+02
2.629622641509433834e+02
2.628147512864494502e+02
2.626792452830188722e+02
2.625437392795883511e+02
2.623945111492281512e+02
2.622727272727272521e+02
2.621509433962264666e+02
2.619897084048027978e+02
2.618576329331046963e+02
2.616792452830188722e+02
2.615145797598627837e+02
2.614133790737564595e+02
2.613070325900514490e+02
2.612024013722127052e+02
2.610994854202401712e+02
2.609965694682675803e+02
2.608919382504287796e+02
2.607873070325900926e+02
2.606552315608919344e+02
2.605231560891938329e+02
2.604048027444254103e+02
2.603310463121783869e+02
2.602246998284733763e+02
2.601423670668953605e+02
2.600514579759862954e+02
2.600343053173241969e+02
2.600171526586620985e+02
2.600120068610634689e+02
2.600051457975986295e+02
2.600102915951972591e+02
2.599365351629502356e+02
2.599554030874785440e+02
2.599571183533448107e+02
2.599039451114922485e+02
2.600000000000000000e+02
2.600257289879931477e+02
2.600943396226414848e+02
2.601526586620926196e+02
2.602487135506003142e+02
2.603704974271012134e+02
2.604185248713550891e+02
2.605711835334477087e+02
2.606638078902229836e+02
