2.309982847341338186e+02
2.310583190394511348e+02
2.311183533447684511e+02
2.311783876500857957e+02
2.312607204116638400e+02
2.312898799313893790e+02
2.313722126929674232e+02
2.314545454545454959e+02
2.314819897084048534e+02
2.315094339622641826e+02
2.315351629502573019e+02
2.315608919382504496e+02
2.315866209262435973e+02
2.316123499142367166e+02
2.316140651801029549e+02
2.318473413379073804e+02
2.319845626072041398e+02
2.320737564322470234e+02
2.320737564322469950e+02
2.320737564322469950e+02
2.320737564322469950e+02
2.321595197255574590e+02
2.321337907375643113e+02
2.321063464837049537e+02
2.320789022298456246e+02
2.320394511149228265e+02
2.320000000000000000e+02
2.319588336192109637e+02
2.319862778730703212e+02
2.320120068610634689e+02
2.320377358490566166e+02
2.322727272727272805e+02
2.323584905660377444e+02
2.324442538593481800e+02
2.323893653516295217e+02
2.324751286449399572e+02
2.324065180102915917e+02
2.323379073756432263e+02
2.322692967409948608e+02
2.322006861063464953e+02
2.321320754716981298e+02
2.320634648370497644e+02
2.319811320754716917e+02
2.318987993138936758e+02
2.318164665523156316e+02
2.317221269296741184e+02
2.316277873070325768e+02
2.317135506003430407e+02
2.317993138936535047e+02
2.318850771869639971e+02
2.319159519725557459e+02
2.320017152658662098e+02
2.320874785591766738e+02
2.321732418524871377e+02
2.322590051457976017e+02
2.323447684391080656e+02
2.324305317324185296e+02
2.325162950257289936e+02
2.326020583190394575e+02
2.326878216123499215e+02
2.327838765008576161e+02
2.328696397941681084e+02
2.329656946826758315e+02
2.330617495711835545e+02
2.330120068610634689e+02
2.329519725557461527e+02
2.328919382504288365e+02
2.328439108061749607e+02
2.327958833619211134e+02
2.327375643224699786e+02
2.326689536878216131e+02
2.326706689536878230e+02
2.327564322469982869e+02
2.328421955403087509e+02
2.328404802744425410e+02
2.328524871355060100e+02
2.328524871355060100e+02
2.328233276157804710e+02
2.327958833619211134e+02
2.328319039451114918e+02
2.328662092624356887e+02
2.329451114922813133e+02
2.329811320754716917e+02
2.330445969125214560e+02
2.331801029159519771e+02
2.332384219554031120e+02
2.333722126929674232e+02
2.335197255574614132e+02
2.336072041166380870e+02
2.337684391080617559e+02
2.339313893653516345e+02
2.340926243567753033e+02
2.342538593481989722e+02
2.344150943396226410e+02
2.345900514579759886e+02
2.347650085763293362e+02
2.349399656946826838e+02
2.351149228130360314e+02
2.352898799313893790e+02
2.354648370497426981e+02
2.356243567753001855e+02
2.357855917667238259e+02
2.359468267581474947e+02
2.361080617495711635e+02
2.361938250428816559e+02
2.363379073756432263e+02
2.364837049742710064e+02
2.365694682675814704e+02
2.366569468267581442e+02
2.367890222984562456e+02
2.368490566037735903e+02
2.369656946826758315e+02
2.370668953687821841e+02
2.371715265866209279e+02
2.372538593481989722e+02
2.372898799313893790e+02
2.373259005145797573e+02
2.373481989708404853e+02
2.373704974271012134e+02
2.373927958833619414e+02
2.374030874785592005e+02
2.374133790737564595e+02
2.374596912521440686e+02
2.375265866209262526e+02
2.375557461406518200e+02
2.375403087478559314e+02
2.375231560891938329e+02
2.375060034305317629e+02
2.375231560891938329e+02
2.375437392795883511e+02
2.375128644939965739e+02
2.374819897084047966e+02
2.374854202401372163e+02
2.374751286449399572e+02
2.375626072041166594e+02
2.375403087478559314e+02
2.375180102915952034e+02
2.374819897084047966e+02
2.374579759862778587e+02
2.374339622641509209e+02
2.374099485420240114e+02
2.373876500857633118e+02
2.373516295025729050e+02
2.373156089193824982e+02
2.372795883361920914e+02
2.372315608919382726e+02
2.371835334476843968e+02
2.371337907375643113e+02
2.370840480274442541e+02
2.370205831903945182e+02
2.369571183533447822e+02
2.369176672384219842e+02
2.368456260720411706e+02
2.367975986277873233e+02
2.367272727272727479e+02
2.366363636363636829e+02
2.366981132075471805e+02
2.367598627787306782e+02
2.368216123499142327e+02
2.368833619210977872e+02
2.369451114922813133e+02
2.370171526586620985e+02
2.370909090909090651e+02
2.371766723842195574e+02
2.372624356775299930e+02
2.373619210977701641e+02
2.374614065180102784e+02
2.375608919382504496e+02
2.376723842195540328e+02
2.377718696397941471e+02
2.378970840480274660e+02
2.380222984562607280e+02
2.381595197255574590e+02
2.383001715265866380e+02
2.384528301886792576e+02
2.386054888507718772e+02
2.387804459691252248e+02
2.389536878216123625e+02
2.391303602058318916e+02
2.393070325900514490e+02
2.394854202401372163e+02
2.396861063464837116e+02
2.398987993138936758e+02
2.401217838765008707e+02
2.403550600343053247e+02
2.405883361921097787e+02
2.407975986277873233e+02
2.409982847341337902e+02
2.411989708404802855e+02
2.413996569468267523e+02
2.416106346483704783e+02
2.418113207547169736e+02
2.420137221269296788e+02
2.422384219554030835e+02
2.424150943396226126e+02
2.426295025728987866e+02
2.428439108061749607e+02
2.430583190394510780e+02
2.432710120068610422e+02
2.434476843910805997e+02
2.436500857632933048e+02
2.438267581475128623e+02
2.439794168096054818e+02
2.441680960548885082e+02
2.443344768439108066e+02
2.445351629502572735e+02
2.447118353344768593e+02
2.449125214408233262e+02
2.451029159519725624e+02
2.452675814751286225e+02
2.454322469982847110e+02
2.455077186963979443e+02
2.455454545454545610e+02
2.456946826758147608e+02
2.458439108061749891e+02
2.458696397941681084e+02
2.458833619210977872e+02
2.458953687821612277e+02
2.460308747855917773e+02
2.461646655231560885e+02
2.461646655231560885e+02
2.461646655231560885e+02
2.463001715265866096e+02
2.464922813036020557e+02
2.466157804459691079e+02
2.467392795883361885e+02
2.467392795883361885e+02
2.468627787307032406e+02
2.468627787307032406e+02
2.469965694682675803e+02
2.471200686106346325e+02
2.471200686106346325e+02
2.471183533447684226e+02
2.471166380789022128e+02
2.471149228130360029e+02
2.471132075471697931e+02
2.472452830188678945e+02
2.474236706689536902e+02
2.474219554030874804e+02
2.474202401372212421e+02
2.474185248713550322e+02
2.475283018867924341e+02
2.476380789022298359e+02
2.478164665523156032e+02
2.479948542024013705e+02
2.481149228130360029e+02
2.482229845626071949e+02
2.483327615780445967e+02
2.485128644939965739e+02
2.486226415094339472e+02
2.487186963979416703e+02
2.488147512864493933e+02
2.489108061749570879e+02
2.490188679245283083e+02
2.491269296740994719e+02
2.492349914236706638e+02
2.493310463121783869e+02
2.495214408233276231e+02
2.496192109777015276e+02
2.497392795883361600e+02
2.499433962264150750e+02
2.501612349914236404e+02
2.502950257289879801e+02
2.504288164665522913e+02
2.505746140651800715e+02
2.507341337907375589e+02
2.508816466552315489e+02
2.510411663807890079e+02
2.512006861063464953e+02
2.513619210977701357e+02
2.515231560891938045e+02
2.516981132075471521e+02
2.518627787307032690e+02
2.520394511149227981e+02
2.522161234991423839e+02
2.523670668953687652e+02
2.525437392795883227e+02
2.527461406518010278e+02
2.529365351629502641e+02
2.531029159519725908e+02
2.532933104631217986e+02
2.534957118353344754e+02
2.536740994854202427e+02
2.538765008576329194e+02
2.540926243567752749e+02
2.543087478559176589e+02
2.544579759862778872e+02
2.546740994854202427e+02
2.548919382504288080e+02
2.550840480274442541e+02
2.552898799313893505e+02
2.555042881646655246e+02
2.556843910806174733e+02
2.558644939965694505e+02
2.560445969125214560e+02
2.562246998284733763e+02
2.564168096054888792e+02
2.565969125214407995e+02
2.567770154373927767e+02
2.569571183533447538e+02
2.571234991423671090e+02
2.572898799313893505e+02
2.574442538593482368e+02
2.575986277873070094e+02
2.577530017152658957e+02
2.578953687821611993e+02
2.580634648370497644e+02
2.582058319039451248e+02
2.583481989708404853e+02
2.584785591766723769e+02
2.586089193825042685e+02
2.587512864493996858e+02
2.588816466552315205e+02
2.590120068610634689e+02
2.591423670668953605e+02
2.592590051457975733e+02
2.593756432246998429e+02
2.594819897084047398e+02
2.595866209262435405e+02
2.596929674099485510e+02
2.597993138936535615e+02
2.599039451114922485e+02
2.600222984562607280e+02
2.601269296740994150e+02
2.602332761578044256e+02
2.603396226415094361e+02
2.604459691252143330e+02
2.605506003430531337e+02
2.606020583190394291e+02
2.607066895368782298e+02
2.607975986277872380e+02
2.609022298456260387e+02
2.609931389365351606e+02
2.610840480274442825e+02
2.611749571183532908e+02
2.612658662092624127e+02
2.613567753001715346e+02
2.614751286449399572e+02
2.615934819897083798e+02
2.617118353344768593e+02
2.618301886792452819e+02
2.618953687821612561e+02
2.620137221269296788e+02
2.621183533447684226e+02
2.622229845626072233e+02
2.622864493996569308e+02
2.623910806174956747e+02
2.624957118353344185e+02
2.626003430531732192e+02
2.627049742710120199e+02
2.628096054888507638e+02
2.629262435677529766e+02
2.630428816466552462e+02
2.631475128644939900e+02
2.632367066895368453e+02
2.633379073756432263e+02
2.634768439108061102e+02
2.635660377358490223e+02
2.637169811320754889e+02
2.638696397941680516e+02
2.640222984562607280e+02
2.641852487135505498e+02
2.643602058319039543e+02
2.645351629502573019e+02
2.647221269296741184e+02
2.649228130360205569e+02
2.651217838765008423e+02
2.653207547169811278e+02
2.654922813036019988e+02
2.657015437392796002e+02
2.658987993138936758e+02
2.660960548885077515e+02
2.663036020583190293e+02
2.665111492281303640e+02
2.667186963979416419e+02
2.669399656946826553e+02
2.671612349914237257e+02
2.673807890222984724e+02
2.676003430531732761e+02
2.678198970840480797e+02
2.680394511149228265e+02
2.682590051457976301e+02
2.684785591766723769e+02
2.686981132075471805e+02
2.689039451114923054e+02
2.690994854202401712e+02
2.693053173241852392e+02
2.695111492281304209e+02
2.697049742710120199e+02
2.698987993138936758e+02
2.700840480274442825e+02
2.702692967409948324e+02
2.704322469982847679e+02
2.705951972555745897e+02
2.707461406518010563e+02
2.709090909090908781e+02
2.710600343053173447e+02
2.711989708404802286e+02
2.713379073756432263e+02
2.714768439108062239e+02
2.716277873070325768e+02
2.717787307032590434e+02
2.719056603773584584e+02
2.720445969125214560e+02
2.721835334476843968e+02
2.723104631217838687e+02
2.724116638078902497e+02
2.725265866209261958e+02
2.726518010291595147e+02
2.727530017152658957e+02
2.728524871355060100e+02
2.729416809605488652e+02
2.730308747855917773e+02
2.731183533447684226e+02
2.732349914236706923e+02
2.733516295025729050e+02
2.734665523156089080e+02
2.735711835334477087e+02
2.736740994854202427e+02
2.737770154373928335e+02
2.738799313893653107e+02
2.739502572898799144e+02
2.740514579759862386e+02
2.741509433962263529e+02
2.742675814751286225e+02
2.743842195540308921e+02
2.745008576329331049e+02
2.746157804459691079e+02
2.747307032590051108e+02
2.748456260720411706e+02
2.749125214408232978e+02
2.750120068610634689e+02
2.751389365351629408e+02
2.752538593481989437e+02
2.753687821612350035e+02
2.753653516295025838e+02
2.753602058319039543e+02
2.753344768439108066e+02
2.753310463121783869e+02
2.754716981132075375e+02
2.756037735849056958e+02
2.757358490566037972e+02
2.758542024013722198e+02
2.759725557461406424e+02
2.760909090909090651e+02
2.762092624356775445e+02
2.763396226415094361e+02
2.764819897084047966e+02
2.766243567753002139e+02
2.767804459691251964e+02
2.769365351629502356e+02
2.770823327615780158e+02
2.772521440823327339e+02
2.773979416809605709e+02
2.775814751286449678e+02
2.777650085763293646e+02
2.779210977701544039e+02
2.781149228130360598e+02
2.782041166380789718e+02
2.784236706689537186e+02
2.786432246998284654e+02
2.788507718696398001e+02
2.790583190394511348e+02
2.793104631217838687e+02
2.795608919382503927e+02
2.798113207547169736e+02
2.800514579759862954e+02
2.802915951972555604e+02
2.805317324185248822e+02
2.806998284734133904e+02
2.809262435677529766e+02
2.811526586620926196e+02
2.813773584905660528e+02
2.816020583190394859e+02
2.818147512864494502e+02
2.820274442538593576e+02
2.822264150943395862e+02
2.824373927958833974e+02
2.826363636363636260e+02
2.828353344768439115e+02
2.830325900514579871e+02
2.832298456260720059e+02
2.834271012006861383e+02
2.836226415094339472e+02
2.838181818181818130e+02
2.840137221269296788e+02
2.842075471698112779e+02
2.844013722126929338e+02
2.845951972555745897e+02
2.847873070325900926e+02
2.849794168096054818e+02
2.851715265866209279e+02
2.853756432246998429e+02
2.855746140651800715e+02
2.857735849056603570e+02
2.859742710120068523e+02
2.861869639794167597e+02
2.863310463121783869e+02
2.865162950257289367e+02
2.866346483704974162e+02
2.866826758147512919e+02
2.867495711835334760e+02
2.868181818181818699e+02
2.868867924528302069e+02
2.869228130360206137e+02
2.870034305317324197e+02
2.871543739279588294e+02
2.872384219554030551e+02
2.873207547169811278e+02
2.874150943396226694e+02
2.874082332761578300e+02
2.874511149228130193e+02
2.875454545454545610e+02
2.876397941680960457e+02
2.876672384219554033e+02
2.876946826758147608e+02
2.877358490566037403e+02
2.877495711835334191e+02
2.877804459691251964e+02
2.878113207547169736e+02
2.878679245283018417e+02
2.879108061749571448e+02
2.880137221269296788e+02
2.880686106346483939e+02
2.881234991423671090e+02
2.881783876500857673e+02
2.881012006861063242e+02
2.880240137221269379e+02
2.879468267581474947e+02
2.879485420240137046e+02
2.880000000000000000e+02
2.879073756432246682e+02
2.878147512864493933e+02
2.877221269296741184e+02
2.876723842195540328e+02
2.877787307032589865e+02
2.877821612349914062e+02
2.879416809605488652e+02
2.880188679245283083e+02
2.881732418524870809e+02
2.883276157804459672e+02
2.884322469982847679e+02
2.885986277873070662e+02
2.886843910806175018e+02
2.887084048027444396e+02
2.887461406518010563e+02
2.888010291595197714e+02
2.888524871355060100e+02
2.890548885077187151e+02
2.892092624356775445e+02
2.892898799313893505e+02
2.893156089193824982e+02
2.894082332761578300e+02
2.894459691252144466e+02
2.895317324185248822e+02
2.895814751286449109e+02
2.897684391080617843e+02
2.899742710120068523e+02
2.901989708404802855e+02
2.902761578044597286e+02
2.904253859348199285e+02
2.905763293310462814e+02
2.907272727272727479e+02
2.908936535162949895e+02
2.911715265866209279e+02
2.914493996569468663e+02
2.917272727272727479e+02
2.919193825042881940e+02
2.921560891938250961e+02
2.922504288164665240e+02
2.923464837049742755e+02
2.925368782161234549e+02
2.927255574614065381e+02
2.929142367066895076e+02
2.930274442538593576e+02
2.931286449399657386e+02
2.932298456260720627e+02
2.934048027444253535e+02
2.935917667238421700e+02
2.937684391080617274e+02
2.937975986277872948e+02
2.939828473413379015e+02
2.941166380789022128e+02
2.942504288164665240e+02
2.943550600343053247e+02
2.944837049742710064e+02
2.945746140651800715e+02
2.946432246998284654e+02
2.947667238421955744e+02
2.948233276157804426e+02
2.948799313893653675e+02
2.950034305317324197e+02
2.951012006861063810e+02
2.952024013722127052e+02
2.952898799313893505e+02
2.954185248713550891e+02
2.954922813036020557e+02
2.955900514579759601e+02
2.954442538593482368e+02
2.953945111492281512e+02
2.953927958833619414e+02
2.954819897084048534e+02
2.955831903945111776e+02
2.956706689536878230e+02
2.956740994854202427e+02
2.957890222984563025e+02
2.959279588336191864e+02
2.959914236706689508e+02
2.960668953687821841e+02
2.961423670668953605e+02
2.962041166380788582e+02
2.962144082332761172e+02
2.961972555746140188e+02
2.961801029159519203e+02
2.959536878216123341e+02
2.958902229845625698e+02
2.958130360205831835e+02
2.958627787307032690e+02
2.957718696397942040e+02
2.958353344768439115e+02
2.958987993138936190e+02
2.959622641509433834e+02
2.960257289879931477e+02
2.961166380789022128e+02
2.962075471698112779e+02
2.962847341337907210e+02
2.963619210977701641e+02
2.964528301886792860e+02
2.965557461406518200e+02
2.966861063464837116e+02
2.966861063464837116e+02
2.966843910806175018e+02
2.966843910806175018e+02
2.966878216123499215e+02
2.966380789022298359e+02
2.965883361921097503e+02
2.965368782161234549e+02
2.964854202401372163e+02
2.965008576329331049e+02
2.964768439108061671e+02
2.964785591766724338e+02
2.964802744425385868e+02
2.964819897084048534e+02
2.964837049742710064e+02
2.964837049742709496e+02
2.964974271012006852e+02
2.965111492281303072e+02
2.966861063464837116e+02
2.969348198970840258e+02
2.971200686106346325e+02
2.973207547169811278e+02
2.975454545454545041e+02
2.977547169811321055e+02
2.980137221269296788e+02
2.981766723842195574e+02
2.982933104631217702e+02
2.983842195540308921e+02
2.986020583190394291e+02
2.987924528301887221e+02
2.989845626072041114e+02
2.992041166380789150e+02
2.994219554030875088e+02
2.995763293310462814e+02
2.997701543739279373e+02
2.999193825042881372e+02
3.001114922813036401e+02
3.002761578044596718e+02
3.003430531732418558e+02
3.004871355060034830e+02
3.005437392795883511e+02
3.005866209262435405e+02
3.006638078902229836e+02
3.006672384219554033e+02
3.006963979416809707e+02
3.007272727272727479e+02
3.007169811320754889e+02
3.007084048027444396e+02
3.007118353344768593e+02
3.006758147512864525e+02
3.006415094339622556e+02
3.006192109777015276e+02
3.005849056603773306e+02
3.005368782161235117e+02
3.005042881646655246e+02
3.004699828473413277e+02
3.004236706689537186e+02
3.003636363636363740e+02
3.003790737564322626e+02
3.003224699828473376e+02
3.002658662092624127e+02
3.002692967409948892e+02
3.002710120068610991e+02
3.002264150943396430e+02
3.002555746140652673e+02
3.002281303602058529e+02
3.002161234991424408e+02
3.002006861063464953e+02
3.001543739279588863e+02
3.001543739279588863e+02
3.001560891938250393e+02
3.001560891938250393e+02
3.001715265866209847e+02
3.001595197255575158e+02
3.001595197255574590e+02
3.001612349914236688e+02
3.001526586620926764e+02
3.000960548885076946e+02
3.000789022298455961e+02
3.001063464837050105e+02
3.000823327615780727e+02
3.000583190394511348e+02
3.000017152658662098e+02
2.999416809605488652e+02
2.999331046312178159e+02
2.999245283018867667e+02
2.998833619210977872e+02
2.998559176672383728e+02
2.997307032590051676e+02
2.997015437392796002e+02
2.996689536878216131e+02
2.996518010291595147e+02
2.997615780445969449e+02
2.997958833619211418e+02
2.998147512864493933e+02
2.998473413379073804e+02
2.998542024013722198e+02
2.998610634648370592e+02
2.999039451114923054e+02
2.999451114922813417e+02
3.000171526586620985e+02
3.000737564322470234e+02
3.001440823327615703e+02
3.002384219554031120e+02
3.003876500857633118e+02
3.005111492281303640e+02
3.006586620926243540e+02
3.007701543739279373e+02
3.009022298456260387e+02
3.010686106346483371e+02
3.010686106346483939e+02
3.010686106346483939e+02
3.010806174957118628e+02
3.010926243567752749e+02
3.011320754716981014e+02
3.011440823327615703e+02
3.011543739279588294e+02
3.011492281303601999e+02
3.011886792452830264e+02
3.011989708404802855e+02
3.012092624356775445e+02
3.011903945111492362e+02
3.011509433962264097e+02
3.011612349914236688e+02
3.011406518010292075e+02
3.011200686106346893e+02
3.011063464837050105e+02
3.010909090909091219e+02
3.010634648370497644e+02
3.010343053173241969e+02
3.009931389365351606e+02
3.009639794168095932e+02
3.009108061749570879e+02
3.008576329331045827e+02
3.008164665523155463e+02
3.007632933104630979e+02
3.007118353344768593e+02
3.006157804459691079e+02
3.005265866209261958e+02
3.004373927958833406e+02
3.003739279588335762e+02
3.003104631217838687e+02
3.002332761578044256e+02
3.001560891938250393e+02
3.000325900514579303e+02
2.999245283018867667e+02
2.998010291595197145e+02
2.996569468267581442e+02
2.995763293310463382e+02
2.994596912521440686e+02
2.993447684391080656e+02
2.992144082332761172e+02
2.990874785591766454e+02
2.989982847341337902e+02
2.988353344768439115e+02
2.987461406518009994e+02
2.986706689536878230e+02
2.985797598627787011e+02
2.984168096054888792e+02
2.983156089193824982e+02
2.981955403087478658e+02
2.980531732418525053e+02
2.979228130360205569e+02
2.978044596912521911e+02
2.976861063464837116e+02
2.975283018867924056e+02
2.973927958833619414e+02
2.972692967409948324e+02
2.971492281303601999e+02
2.969879931389365311e+02
2.968816466552315205e+02
2.967375643224699502e+02
2.965746140651800715e+02
2.964665523156088511e+02
2.963584905660377444e+02
2.962315608919382157e+02
2.960943396226414848e+02
2.959571183533447538e+02
2.958319039451114350e+02
2.957066895368782298e+02
2.955814751286449109e+02
2.954562607204116489e+02
2.953310463121783869e+02
2.952058319039450680e+02
2.950806174957118060e+02
2.949554030874785440e+02
2.947855917667238259e+02
2.946157804459691079e+02
2.945094339622641542e+02
2.943533447684391149e+02
2.942590051457975733e+02
2.941234991423670522e+02
2.939811320754716917e+02
2.938387650085762743e+02
2.938404802744425410e+02
2.938421955403086940e+02
2.937684391080617274e+02
2.937701543739279941e+02
2.936655231560891934e+02
2.936003430531732192e+02
2.935077186963978875e+02
2.934528301886792292e+02
2.933842195540308353e+02
2.933173241852487081e+02
2.932487135506003142e+02
2.931938250428815991e+02
2.931372212692966741e+02
2.931372212692966741e+02
2.930823327615780727e+02
2.931200686106346325e+02
2.931698113207547181e+02
2.931012006861063810e+02
2.930583190394511348e+02
2.929674099485420129e+02
2.930188679245283083e+02
2.929794168096054818e+02
2.929159519725557175e+02
2.928524871355059531e+02
2.927375643224699502e+02
2.926809605488850821e+02
2.926243567753001571e+02
2.925540308747856102e+02
2.924837049742710064e+02
2.924305317324185580e+02
2.923773584905660528e+02
2.923104631217838687e+02
2.922435677530017415e+02
2.921320754716981583e+02
2.920188679245283083e+02
2.919193825042881940e+02
2.917941680960549320e+02
2.916432246998284654e+02
2.915042881646655246e+02
2.913876500857633118e+02
2.912367066895369021e+02
2.911029159519725908e+02
2.909811320754716917e+02
2.908353344768439115e+02
2.906157804459691079e+02
2.903756432246998429e+02
2.902178387650085938e+02
2.900600343053173447e+02
2.899039451114922485e+02
2.896998284734133904e+02
2.895951972555745897e+02
2.894236706689536618e+02
2.893310463121783869e+02
2.892195540308747468e+02
2.891286449399656817e+02
2.889845626072041114e+02
2.888799313893653675e+02
2.887341337907375873e+02
2.886295025728987866e+02
2.885077186963979443e+02
2.883619210977701073e+02
2.882727272727272521e+02
2.881955403087478089e+02
2.881183533447684226e+02
2.880411663807889795e+02
2.879348198970840258e+02
2.878027444253859244e+02
2.876758147512864525e+02
2.875728987993138617e+02
2.874665523156089080e+02
2.873413379073756460e+02
2.872212692967410135e+02
2.871149228130360598e+02
2.869674099485420129e+02
2.868627787307032690e+02
2.867530017152658957e+02
2.866449399656946753e+02
2.865488850771869238e+02
2.864528301886792860e+02
2.863567753001715346e+02
2.862092624356774877e+02
2.861132075471697931e+02
2.860154373927958886e+02
2.859176672384219842e+02
2.858404802744424842e+02
2.857255574614065381e+02
2.856089193825042685e+02
2.855094339622641542e+02
2.854819897084048534e+02
2.853996569468267808e+02
2.853276157804459672e+02
2.852144082332761741e+02
2.851132075471697362e+02
2.850531732418525053e+02
2.849931389365351606e+02
2.850068610634648394e+02
2.849588336192109637e+02
2.849605488850771735e+02
2.849125214408232978e+02
2.849125214408232978e+02
2.848490566037735334e+02
2.849022298456260387e+02
2.848542024013721630e+02
2.848524871355059531e+02
2.847993138936535047e+02
2.848319039451115486e+02
2.848113207547169736e+02
2.848181818181818130e+02
2.848096054888507638e+02
2.848301886792452819e+02
2.848507718696398001e+02
2.848404802744424842e+02
2.848284734133790721e+02
2.848765008576329478e+02
2.849039451114923054e+02
2.849022298456260387e+02
2.849005145797598288e+02
2.849485420240137046e+02
2.849331046312178159e+02
2.849142367066895645e+02
2.848696397941681084e+02
2.848130360205832403e+02
2.847873070325900358e+02
2.847478559176672093e+02
2.847084048027444396e+02
2.846552315608919344e+02
2.846020583190394291e+02
2.845488850771869238e+02
2.844957118353344185e+02
2.844150943396226694e+02
2.843344768439108066e+02
2.842538593481989437e+02
2.841629502572898787e+02
2.840445969125214560e+02
2.838593481989708494e+02
2.837358490566037403e+02
2.835917667238421700e+02
2.834493996569468095e+02
2.833121783876500785e+02
2.831801029159519203e+02
2.830222984562607280e+02
2.828662092624356887e+02
2.827204116638078517e+02
2.825488850771869807e+02
2.823773584905660528e+02
2.822058319039450680e+02
2.820222984562607280e+02
2.818644939965694221e+02
2.817375643224699502e+02
2.815540308747855534e+02
2.814271012006860815e+02
2.812538593481989437e+02
2.811389365351628840e+02
2.809948542024013136e+02
2.808370497427101213e+02
2.806826758147512919e+02
2.805231560891937761e+02
2.803790737564322626e+02
2.802195540308747468e+02
2.800891938250428552e+02
2.799210977701543470e+02
2.797684391080617274e+02
2.796397941680960457e+02
2.794854202401372163e+02
2.793310463121783869e+02
2.791886792452830264e+02
2.790720411663808136e+02
2.789262435677529766e+02
2.787684391080617843e+02
2.786500857632933048e+02
2.785180102915952602e+02
2.784271012006861383e+02
2.783361921097770164e+02
2.782452830188678945e+02
2.781406518010291506e+02
2.780360205831904068e+02
2.778610634648370024e+02
2.776981132075471805e+02
2.776209262435677374e+02
2.775437392795882943e+02
2.774785591766723769e+02
2.774133790737564595e+02
2.773499142367066952e+02
2.773001715265866096e+02
2.772504288164665240e+02
2.772281303602057960e+02
2.772178387650085369e+02
2.772092624356774877e+02
2.771869639794167597e+02
2.771921097770153892e+02
2.772435677530016847e+02
2.772469982847341043e+02
2.772504288164665240e+02
2.772538593481989437e+02
2.772555746140651536e+02
2.772710120068610422e+02
2.772847341337907210e+02
2.773190394511149179e+02
2.773447684391080656e+02
2.773602058319039543e+02
2.773979416809605709e+02
2.774339622641509777e+02
2.774699828473413845e+02
2.775077186963979443e+02
2.775574614065179730e+02
2.776072041166380586e+02
2.776569468267581442e+02
2.776946826758147608e+02
2.777324185248713206e+02
2.777701543739279373e+02
2.778078902229845539e+02
2.778421955403086940e+02
2.778524871355059531e+02
2.778867924528301501e+02
2.778816466552315774e+02
2.778765008576328910e+02
2.778850771869639402e+02
2.778559176672384297e+02
2.778284734133790721e+02
2.777873070325899789e+02
2.777461406518010563e+02
2.777049742710120199e+02
2.776638078902229836e+02
2.775780445969124912e+02
2.774922813036020557e+02
2.773962264150943611e+02
2.772984562607203998e+02
2.771989708404802855e+02
2.770994854202401143e+02
2.770000000000000000e+02
2.769005145797598857e+02
2.768010291595197145e+02
2.766895368782161313e+02
2.765780445969124912e+02
2.764665523156089080e+02
2.763430531732418558e+02
2.762195540308748036e+02
2.760823327615780727e+02
2.759588336192109637e+02
2.758096054888507638e+02
2.756603773584905639e+02
2.755231560891937761e+02
2.753739279588335762e+02
2.752246998284733763e+02
2.750754716981131764e+02
2.749262435677529766e+02
2.747770154373927767e+02
2.746277873070325768e+02
2.744648370497426981e+02
2.743156089193824982e+02
2.741149228130360598e+02
2.739159519725557175e+02
2.737667238421955744e+02
2.736226415094339472e+02
2.734271012006861383e+02
2.732298456260720627e+02
2.730308747855917773e+02
2.728902229845625698e+02
2.727204116638079086e+02
2.725934819897084367e+02
2.725025728987993148e+02
2.724356775300171876e+02
2.723687821612350035e+02
2.723018867924528195e+02
2.722075471698113347e+02
2.721406518010292075e+02
2.720034305317324765e+02
2.719348198970840258e+02
2.718679245283018986e+02
2.717890222984563025e+02
2.717221269296741184e+02
2.717221269296741184e+02
2.716689536878216131e+02
2.716157804459691079e+02
2.716552315608919344e+02
2.717341337907375873e+02
2.718113207547170305e+02
2.718799313893653107e+02
2.719571183533447538e+02
2.720325900514579871e+02
2.720823327615780727e+02
2.721595197255574590e+02
2.722367066895368453e+02
2.723121783876500785e+02
2.723876500857633118e+02
2.724768439108061671e+02
2.725643224699828124e+02
2.726655231560891934e+02
2.727547169811321055e+02
2.727770154373928335e+02
2.728936535162950463e+02
2.730222984562607280e+02
2.731646655231561454e+02
2.732950257289879801e+02
2.733825042881646823e+02
2.734802744425386436e+02
2.735265866209262526e+02
2.735728987993138617e+02
2.737015437392796002e+02
2.737530017152658957e+02
2.738044596912521342e+02
2.739056603773584584e+02
2.739571183533447538e+02
2.739948542024013705e+02
2.740308747855917204e+02
2.740428816466551893e+02
2.740377358490565598e+02
2.740463121783876659e+02
2.740583190394510780e+02
2.741183533447683658e+02
2.740977701543739045e+02
2.741217838765008423e+02
2.740789022298456530e+02
2.740909090909090651e+02
2.740548885077186583e+02
2.740548885077186583e+02
2.740051457975986295e+02
2.739365351629502356e+02
2.738490566037735334e+02
2.738216123499142327e+02
2.736963979416809707e+02
2.735711835334476518e+02
2.734459691252144466e+02
2.733207547169811278e+02
2.731955403087478089e+02
2.730703259005146037e+02
2.729571183533447538e+02
2.728267581475128623e+02
2.727358490566037972e+02
2.726466552315608851e+02
2.725557461406518200e+02
2.724528301886792292e+02
2.723499142367066952e+02
2.722469982847341043e+02
2.721440823327615703e+02
2.720411663807890363e+02
2.719502572898799144e+02
2.718610634648370024e+02
2.717221269296740616e+02
2.715814751286449109e+02
2.714922813036020557e+02
2.713550600343053247e+02
2.712384219554030551e+02
2.711355060034305211e+02
2.710068610634648394e+02
2.708542024013721630e+02
2.707392795883362169e+02
2.706243567753001571e+02
2.705077186963979443e+02
2.704065180102916202e+02
2.702898799313893505e+02
2.701612349914236688e+02
2.700445969125214560e+02
2.699279588336191864e+02
2.698250428816466524e+02
2.696809605488850821e+02
2.695917667238421700e+02
2.695025728987993148e+02
2.694253859348198716e+02
2.693293310463121770e+02
2.692641509433962028e+02
2.692109777015437544e+02
2.691012006861063810e+02
2.690222984562607280e+02
2.689416809605488652e+02
2.688730703259004713e+02
2.687975986277872380e+02
2.687975986277872948e+02
2.687958833619210850e+02
2.687941680960548752e+02
2.688610634648370024e+02
2.689108061749570879e+02
2.689879931389365311e+02
2.690651801029159174e+02
2.691423670668953037e+02
2.692178387650085369e+02
2.692950257289879801e+02
2.693979416809605709e+02
2.694854202401371595e+02
2.695883361921097503e+02
2.697049742710120199e+02
2.698044596912521342e+02
2.699193825042881372e+02
2.700205831903945182e+02
2.701046312178387439e+02
2.702744425385934619e+02
2.704168096054888224e+02
2.705437392795883511e+02
2.706706689536878230e+02
2.707838765008576729e+02
2.708473413379073804e+02
2.708936535162949895e+02
2.709382504288164455e+02
2.710343053173241401e+02
2.711457975986277233e+02
2.712555746140651536e+02
2.713687821612349467e+02
2.714819897084047398e+02
2.715283018867924625e+02
2.716123499142366882e+02
2.716723842195540328e+02
2.717324185248713206e+02
2.717924528301886653e+02
2.718524871355059531e+02
2.719159519725557175e+02
2.719674099485420129e+02
2.720017152658662098e+02
2.720102915951972591e+02
2.719554030874785440e+02
2.719656946826758031e+02
2.719485420240137046e+02
2.718919382504287796e+02
2.718610634648370592e+02
2.718078902229844971e+02
2.717512864493996858e+02
2.716723842195540328e+02
2.716192109777015276e+02
2.715111492281303072e+02
2.714168096054888792e+02
2.713190394511149179e+02
2.712229845626071665e+02
2.711269296740994150e+02
2.710325900514579303e+02
2.709005145797598288e+02
2.707530017152658957e+02
2.706072041166380586e+02
2.704631217838764883e+02
2.703464837049742755e+02
2.702126929674099074e+02
2.701080617495711635e+02
2.700034305317324197e+02
2.699245283018867667e+02
2.698181818181817562e+02
2.697135506003430692e+02
2.695831903945111208e+02
2.694939965694682655e+02
2.694030874785591436e+02
2.692727272727272521e+02
2.691663807890222415e+02
2.690600343053172878e+02
2.689416809605488652e+02
2.688353344768438546e+02
2.687444253859347896e+02
2.686363636363636260e+02
2.685283018867924056e+02
2.684339622641509777e+02
2.683533447684391149e+02
2.682727272727272521e+02
2.682041166380789150e+02
2.681355060034305779e+02
2.680668953687821841e+02
2.679982847341337902e+02
2.679313893653516061e+02
2.678473413379073804e+02
2.677787307032590434e+02
2.676946826758147608e+02
2.676260720411663669e+02
2.676243567753002139e+02
2.676226415094339472e+02
2.676706689536878230e+02
2.677341337907375873e+02
2.677821612349914631e+02
2.678576329331046395e+02
2.679331046312178159e+02
2.680068610634648394e+02
2.680548885077187151e+02
2.681303602058318916e+02
2.682041166380789150e+02
2.682778730703258816e+02
2.684048027444254103e+02
2.685145797598627269e+02
2.686518010291595147e+02
2.687890222984562456e+02
2.689262435677529766e+02
2.690617495711835545e+02
2.692075471698113347e+02
2.693533447684391149e+02
2.695283018867924625e+02
2.696861063464837116e+02
2.698456260720411706e+02
2.700188679245283083e+02
2.700651801029159742e+02
2.701852487135505498e+02
2.703379073756432263e+02
2.704734133790737474e+02
2.706466552315608851e+02
2.708198970840480229e+02
2.709571183533447538e+02
2.710926243567752749e+02
2.711972555746140188e+02
2.713173241852487081e+02
2.714236706689537186e+02
2.715300171526586723e+02
2.715711835334477087e+02
2.716140651801028980e+02
2.716535162950257245e+02
2.716929674099485510e+02
2.717341337907375305e+02
2.717615780445968880e+02
2.717907375643224555e+02
2.718404802744425410e+02
2.718782161234991577e+02
2.719159519725557175e+02
2.719262435677529766e+02
2.719399656946826553e+02
2.719176672384219273e+02
2.718987993138936190e+02
2.718353344768439115e+02
2.717924528301886653e+02
2.717512864493996858e+02
2.717409948542024267e+02
2.717204116638079086e+02
2.716638078902229836e+02
2.716174957118353177e+02
2.715711835334476518e+02
2.715077186963979443e+02
2.714253859348198716e+02
2.713430531732418558e+02
2.712813036020583013e+02
2.712058319039450680e+02
2.711440823327615703e+02
2.710360205831904068e+02
2.709279588336192433e+02
2.708662092624356887e+02
2.707272727272727479e+02
2.705917667238421700e+02
2.704939965694682087e+02
2.703893653516295217e+02
2.702864493996569308e+02
2.701663807890222984e+02
2.700463121783876659e+02
2.699416809605488652e+02
2.697993138936535047e+02
2.697272727272727479e+02
2.696397941680960457e+02
2.695694682675814988e+02
2.694974271012007421e+02
2.694099485420240399e+02
2.693018867924528195e+02
2.691938250428816559e+02
2.691183533447684795e+02
2.690411663807890363e+02
2.689622641509433834e+02
2.689176672384219273e+02
2.688130360205831835e+02
2.687324185248713775e+02
2.686672384219554033e+02
2.686740994854202427e+02
2.686054888507718488e+02
2.685969125214407995e+02
2.685849056603773306e+02
2.685866209262435405e+02
2.686003430531732192e+02
2.686140651801028980e+02
2.686963979416809138e+02
2.687941680960548752e+02
2.688919382504287796e+02
2.689879931389365311e+02
2.691234991423670522e+02
2.692161234991423839e+02
2.693481989708404853e+02
2.694974271012006852e+02
2.696037735849056389e+02
2.697221269296740616e+02
2.698593481989707925e+02
2.700085763293309924e+02
2.701320754716981014e+02
2.702778730703258816e+02
2.703962264150943042e+02
2.705334476843910352e+02
2.706895368782160745e+02
2.708421955403086940e+02
2.709931389365351606e+02
2.711646655231560885e+02
2.713344768439108066e+02
2.715506003430531905e+02
2.717324185248713206e+02
2.718507718696398001e+02
2.720171526586620416e+02
2.721526586620926196e+02
2.723293310463121770e+02
2.725128644939965170e+02
2.726946826758147608e+02
2.727530017152658388e+02
2.727770154373927767e+02
2.728730703259004713e+02
2.729108061749570879e+02
2.730548885077187151e+02
2.731629502572898787e+02
2.732984562607203998e+02
2.733945111492281512e+02
2.735077186963979443e+02
2.736209262435677374e+02
2.737358490566037403e+02
2.738370497427101213e+02
2.739210977701543470e+02
2.739331046312178159e+02
2.739897084048027409e+02
2.739897084048027409e+02
2.739759862778730621e+02
2.740531732418524484e+02
2.740737564322470234e+02
2.741303602058318916e+02
2.740445969125214560e+02
2.740377358490565598e+02
2.740274442538593576e+02
2.740171526586620985e+02
2.740497427101200287e+02
2.740394511149227696e+02
2.740291595197255106e+02
2.740205831903945182e+02
2.739982847341337902e+02
2.739142367066895076e+02
2.738867924528302069e+02
2.738473413379073804e+02
2.738078902229845539e+02
2.738027444253859244e+02
2.737993138936535047e+02
2.737444253859348464e+02
2.737392795883362169e+02
2.737495711835334760e+02
2.737461406518010563e+02
2.737444253859348464e+02
2.737289879931389578e+02
2.737204116638079086e+02
2.736603773584905639e+02
2.736003430531732192e+02
2.736140651801028980e+02
2.736483704974270950e+02
2.736003430531732192e+02
2.735523156089193435e+02
2.735025728987993148e+02
2.735265866209262526e+02
2.734905660377357890e+02
2.735231560891938329e+02
2.734614065180102784e+02
2.734579759862778587e+02
2.734339622641509777e+02
2.734631217838764883e+02
2.734511149228130762e+02
2.734922813036019988e+02
2.734922813036020557e+02
2.735094339622641542e+02
2.735643224699828124e+02
2.735626072041166026e+02
2.735608919382503927e+02
2.735591766723841829e+02
2.735694682675814420e+02
2.736209262435677374e+02
2.736861063464837116e+02
2.737718696397941471e+02
2.738730703259005281e+02
2.739502572898799144e+02
2.740463121783876659e+02
2.741509433962264097e+02
2.742675814751286225e+02
2.744253859348199285e+02
2.745403087478559314e+02
2.746740994854202427e+02
2.748198970840480229e+02
2.749656946826758031e+02
2.751114922813036401e+02
2.752572898799313634e+02
2.754528301886792860e+02
2.755969125214407995e+02
2.757701543739279373e+02
2.759296740994853963e+02
2.760360205831903500e+02
2.761783876500857104e+02
2.763567753001715346e+02
2.765025728987993148e+02
2.766432246998284654e+02
2.767838765008576161e+02
2.769296740994853963e+02
2.771012006861063242e+02
2.772744425385934619e+02
2.774065180102916202e+02
2.775403087478558746e+02
2.776003430531732192e+02
2.777221269296741184e+02
2.777821612349914631e+02
2.778782161234991008e+02
2.779262435677529766e+02
2.780394511149228265e+02
2.780891938250429121e+02
2.781869639794168165e+02
2.782384219554030551e+02
2.783293310463121770e+02
2.783876500857633118e+02
2.784579759862779156e+02
2.784614065180102784e+02
2.785060034305317345e+02
2.785111492281303072e+02
2.785283018867924625e+02
2.785248713550600428e+02
2.785488850771869807e+02
2.785265866209261958e+02
2.784991423670668951e+02
2.784888507718696360e+02
2.784528301886792292e+02
2.784168096054888792e+02
2.783704974271012134e+02
2.783259005145797573e+02
2.783070325900514490e+02
2.782881646655231407e+02
2.782264150943395862e+02
2.781646655231560885e+02
2.781029159519725340e+02
2.780411663807890363e+02
2.779554030874785440e+02
2.778936535162949895e+02
2.778319039451114350e+02
2.777358490566037972e+02
2.776895368782161313e+02
2.776432246998284654e+02
2.775969125214407995e+02
2.775265866209261958e+02
2.775231560891937761e+02
2.773327615780445967e+02
2.772744425385934619e+02
2.772144082332761172e+02
2.771355060034305211e+02
2.770651801029159742e+02
2.770205831903945182e+02
2.768919382504287796e+02
2.767135506003430692e+02
2.765608919382503927e+02
2.764425385934819701e+02
2.763447684391080656e+02
2.762367066895368453e+02
2.761029159519725908e+02
2.759502572898799144e+02
2.758267581475129191e+02
2.756466552315608851e+02
2.756929674099485510e+02
2.756689536878216131e+02
2.757101200686106495e+02
2.756655231560891934e+02
2.757204116638079086e+02
2.757907375643224555e+02
2.758456260720411706e+02
2.759296740994853963e+02
2.759965694682675803e+02
2.759982847341337902e+02
2.759965694682675803e+02
2.759897084048027409e+02
2.760943396226414848e+02
2.761972555746140188e+02
2.762984562607203998e+02
2.764288164665523482e+02
2.765454545454545610e+02
2.767032590051458101e+02
2.768610634648370592e+02
2.770171526586620985e+02
2.771732418524871377e+02
2.773276157804459672e+02
2.774957118353344754e+02
2.776638078902229836e+02
2.778301886792452251e+02
2.780686106346483371e+02
2.783190394511148611e+02
2.784837049742710064e+02
2.786740994854202427e+02
2.788507718696398001e+02
2.790274442538593576e+02
2.792041166380789150e+02
2.793670668953687937e+02
2.795180102915952034e+02
2.796415094339622556e+02
2.797530017152658957e+02
2.798765008576328910e+02
2.799879931389365311e+02
2.800737564322469666e+02
2.801612349914236688e+02
2.802487135506003142e+02
2.803361921097770164e+02
2.804116638078902497e+02
2.804888507718696360e+02
2.805523156089193435e+02
2.806192109777015276e+02
2.806843910806175018e+02
2.807221269296741184e+02
2.807598627787306782e+02
2.807838765008576161e+02
2.807993138936535615e+02
2.808147512864493933e+02
2.808284734133790153e+02
2.808010291595196577e+02
2.808010291595197145e+02
2.807890222984561888e+02
2.807787307032589865e+02
2.807358490566037403e+02
2.806981132075471805e+02
2.806603773584905639e+02
2.805934819897083798e+02
2.805437392795882943e+02
2.804939965694682655e+02
2.803516295025729050e+02
2.802092624356775445e+02
2.800445969125214560e+02
2.799845626072041114e+02
2.799228130360205569e+02
2.798610634648370024e+02
2.798113207547169168e+02
2.797495711835334191e+02
2.796878216123498646e+02
2.796260720411663669e+02
2.795643224699828124e+02
2.795008576329331049e+02
2.794476843910805997e+02
2.793962264150943042e+02
2.793464837049742755e+02
2.792967409948541899e+02
2.791320754716981014e+02
2.790823327615780158e+02
2.790445969125213992e+02
2.788919382504287796e+02
2.788524871355059531e+02
2.787118353344768025e+02
2.786843910806174449e+02
2.785557461406517632e+02
2.784133790737564027e+02
2.783276157804459672e+02
2.782435677530016847e+02
2.782298456260720059e+02
2.781423670668953037e+02
2.780891938250428552e+02
2.780651801029159742e+02
2.780651801029159742e+02
2.780651801029159174e+02
2.780531732418525053e+02
2.780668953687821841e+02
2.780668953687821841e+02
2.781200686106346325e+02
2.781715265866208711e+02
2.781732418524870809e+02
2.781749571183532908e+02
2.782264150943395862e+02
2.782778730703258816e+02
2.783276157804459672e+02
2.784065180102916202e+02
2.784854202401372731e+02
2.785866209262435973e+02
2.786638078902229836e+02
2.787564322469983153e+02
2.788610634648370592e+02
2.789262435677529766e+02
2.790308747855917773e+02
2.791492281303601999e+02
2.792658662092624127e+02
2.793825042881646823e+02
2.794974271012006852e+02
2.796123499142366882e+02
2.797272727272727479e+02
2.798387650085762743e+02
2.799519725557461243e+02
2.800651801029159742e+02
2.801629502572898218e+02
2.802212692967409566e+02
2.802950257289879801e+02
2.804082332761578300e+02
2.804957118353345322e+02
2.805849056603773306e+02
2.806861063464837116e+02
2.807598627787306782e+02
2.808336192109776448e+02
2.808404802744424842e+02
2.808473413379073236e+02
2.808953687821612561e+02
2.809451114922812849e+02
2.809828473413379015e+02
2.810325900514579871e+02
2.810566037735849250e+02
2.810823327615780727e+02
2.810960548885077515e+02
2.810651801029159742e+02
2.810771869639793863e+02
2.810583190394511348e+02
2.810325900514579303e+02
2.810068610634648394e+02
2.809656946826758031e+02
2.809245283018867667e+02
2.808850771869639402e+02
2.808319039451114350e+02
2.807632933104630979e+02
2.806998284734133904e+02
2.806363636363636260e+02
2.805746140651801284e+02
2.804768439108061671e+02
2.804253859348199285e+02
2.803018867924528195e+02
2.802401372212693218e+02
2.801783876500857673e+02
2.800634648370497644e+02
2.799588336192109637e+02
2.798559176672383728e+02
2.797547169811320487e+02
2.796380789022298359e+02
2.795214408233276231e+02
2.793893653516295217e+02
2.792590051457976301e+02
2.791286449399657386e+02
2.789982847341337902e+02
2.788936535162949895e+02
2.787890222984562456e+02
2.786843910806175018e+02
2.785797598627787011e+02
2.784751286449399004e+02
2.783704974271011565e+02
2.782675814751286225e+02
2.781749571183532908e+02
2.780823327615780158e+02
2.779879931389365311e+02
2.778953687821611993e+02
2.778130360205831835e+02
2.777289879931389009e+02
2.776449399656946753e+02
2.775574614065179730e+02
2.774699828473413277e+02
2.773704974271012134e+02
2.772813036020583013e+02
2.772075471698112779e+02
2.771457975986277802e+02
2.770994854202401712e+02
2.770497427101200856e+02
2.770394511149228265e+02
2.770463121783876659e+02
2.770771869639794431e+02
2.771252144082333189e+02
2.771715265866209279e+02
2.772144082332761172e+02
2.772761578044597286e+02
2.773344768439108066e+02
2.773945111492281512e+02
2.774545454545454390e+02
2.775437392795883511e+02
2.776312178387649965e+02
2.776998284734133904e+02
2.778027444253859244e+02
2.778833619210977304e+02
2.780068610634648394e+02
2.781097770154374302e+02
2.782315608919382157e+02
2.783121783876500785e+02
2.784065180102916202e+02
2.785454545454545041e+02
2.786672384219554033e+02
2.787873070325900358e+02
2.788953687821612561e+02
2.789845626072041114e+02
2.790737564322470234e+02
2.791646655231560885e+02
2.792452830188679513e+02
2.792710120068610991e+02
2.792984562607204566e+02
2.793241852487135475e+02
2.793499142367066952e+02
2.793876500857633118e+02
2.794185248713550322e+02
2.794614065180103353e+02
2.794922813036020557e+02
2.795385934819897216e+02
2.795694682675814988e+02
2.795694682675814420e+02
2.795866209262435973e+02
2.795900514579759601e+02
2.795814751286449109e+02
2.795728987993138617e+02
2.795094339622640973e+02
2.794579759862778587e+02
2.794082332761577732e+02
2.793619210977701641e+02
2.792898799313893505e+02
2.792195540308747468e+02
2.791680960548885082e+02
2.791166380789021559e+02
2.790651801029159174e+02
2.789982847341337902e+02
2.789348198970840258e+02
2.788713550600342614e+02
2.788096054888507638e+02
2.787478559176672661e+02
2.786878216123499215e+02
2.786260720411663669e+02
2.785643224699828693e+02
2.785025728987993148e+02
2.784408233276158171e+02
2.783773584905660528e+02
2.783121783876500785e+02
2.782641509433962028e+02
2.782161234991423839e+02
2.781680960548885082e+02
2.781183533447684226e+02
2.780188679245282515e+02
2.779845626072041114e+02
2.779005145797598857e+02
2.778490566037735903e+02
2.778267581475128623e+02
2.777890222984562456e+02
2.777512864493996290e+02
2.777289879931389578e+02
2.776569468267581442e+02
2.775986277873070094e+02
2.775403087478558746e+02
2.774819897084047966e+02
2.774219554030875088e+02
2.774116638078902497e+02
2.774168096054888792e+02
2.774202401372212421e+02
2.774219554030874519e+02
2.774219554030874519e+02
2.774391080617495504e+02
2.774391080617495504e+02
2.774391080617495504e+02
2.774391080617495504e+02
2.774665523156089080e+02
2.774665523156089080e+02
2.774922813036019988e+02
2.775180102915952034e+02
2.775437392795882943e+02
2.775831903945111208e+02
2.776380789022298359e+02
2.776912521440823411e+02
2.777444253859348464e+02
2.777975986277872948e+02
2.778490566037735903e+02
2.779296740994853963e+02
2.780102915951972591e+02
2.780874785591766454e+02
2.781646655231560885e+02
2.782418524871354748e+02
2.783344768439108066e+02
2.784253859348198716e+02
2.785162950257289936e+02
2.786072041166380586e+02
2.786981132075471805e+02
2.788027444253859244e+02
2.788919382504288365e+02
2.789965694682675803e+02
2.790840480274442257e+02
2.791578044596911923e+02
2.792298456260720059e+02
2.792504288164665240e+02
2.792898799313893505e+02
2.793293310463121770e+02
2.793670668953687937e+02
2.794065180102916202e+02
2.794459691252144466e+02
2.794854202401372163e+02
2.795248713550600996e+02
2.795643224699828693e+02
2.796037735849056389e+02
2.796295025728987866e+02
2.796740994854202427e+02
2.796895368782161313e+02
2.797049742710120199e+02
2.797204116638079086e+02
2.797375643224700070e+02
2.797272727272727479e+02
2.797204116638079086e+02
2.796843910806175018e+02
2.796466552315608851e+02
2.796123499142366882e+02
2.795626072041166026e+02
2.794957118353344185e+02
2.794511149228130193e+02
2.793893653516295217e+02
2.793293310463121202e+02
2.792727272727272521e+02
2.792161234991423271e+02
2.791595197255574021e+02
2.790909090909090651e+02
2.790377358490566166e+02
2.789862778730703212e+02
2.789210977701543470e+02
2.788559176672384297e+02
2.788130360205831835e+02
2.787701543739279373e+02
2.786723842195540328e+02
2.784888507718696360e+02
2.783962264150943611e+02
2.783036020583190862e+02
2.782229845626072233e+02
2.781063464837049537e+02
2.779897084048027409e+02
2.778885077186964168e+02
2.777718696397941471e+02
2.775797598627787011e+02
2.774734133790737474e+02
2.773687821612350035e+02
2.772641509433962028e+02
2.771543739279587726e+02
2.770445969125214560e+02
2.769331046312178159e+02
2.768216123499142327e+02
2.767444253859348464e+02
2.766449399656946753e+02
2.765283018867924056e+02
2.764099485420239830e+02
2.763276157804459672e+02
2.762452830188678945e+02
2.761440823327615135e+02
2.760720411663807567e+02
2.759708404802744326e+02
2.759296740994853963e+02
2.758885077186963599e+02
2.757993138936535047e+02
2.757855917667238259e+02
2.757684391080617274e+02
2.757478559176672661e+02
2.757272727272727479e+02
2.757307032590051676e+02
2.757495711835334191e+02
2.757684391080617843e+02
2.758284734133790721e+02
2.759090909090908781e+02
2.759639794168095932e+02
2.760343053173241969e+02
2.761029159519725908e+02
2.762041166380789150e+02
2.762847341337907210e+02
2.763825042881646823e+02
2.764785591766723769e+02
2.765694682675814420e+02
2.766586620926243540e+02
2.767873070325900358e+02
2.769416809605488652e+02
2.770960548885076946e+02
2.772246998284733763e+02
2.773533447684391149e+02
2.774785591766723769e+02
2.776054888507718488e+02
2.777169811320754889e+02
2.778319039451114918e+02
2.779313893653516061e+02
2.780291595197255674e+02
2.781269296740995287e+02
2.781715265866209279e+02
2.782144082332761172e+02
2.782572898799313634e+02
2.783018867924528195e+02
2.783481989708404853e+02
2.783945111492281512e+02
2.784408233276157603e+02
2.784888507718696928e+02
2.785385934819897216e+02
2.785763293310462814e+02
2.786140651801029549e+02
2.786380789022298359e+02
2.786878216123499215e+02
2.787152658662092790e+02
2.787427101200686366e+02
2.787530017152658957e+02
2.787255574614065381e+02
2.787066895368782298e+02
2.786895368782161313e+02
2.786346483704974162e+02
2.785866209262435405e+02
2.785385934819896647e+02
2.785265866209261958e+02
2.784974271012006284e+02
2.784734133790736905e+02
2.784322469982847110e+02
2.783413379073756460e+02
2.782504288164665240e+02
2.781629502572898218e+02
2.781046312178387439e+02
2.780188679245283083e+02
2.779382504288164455e+02
2.778456260720411137e+02
2.777341337907375305e+02
2.776209262435677374e+02
2.775094339622640973e+02
2.773825042881646255e+02
2.771749571183533476e+02
2.770463121783876659e+02
2.769210977701543470e+02
2.767753001715265668e+02
2.766518010291595147e+02
2.765437392795882943e+02
2.764356775300171307e+02
2.762744425385934619e+02
2.761440823327615703e+02
2.760291595197255674e+02
2.759433962264150750e+02
2.758576329331046395e+02
2.757718696397942040e+02
2.757015437392796002e+02
2.756277873070325768e+02
2.755540308747856102e+02
2.754768439108062239e+02
2.753704974271012134e+02
2.752641509433962028e+02
2.751543739279588294e+02
2.750583190394511348e+02
2.750240137221269379e+02
2.749313893653516629e+02
2.748473413379073804e+02
2.747821612349914062e+02
2.747101200686106495e+02
2.746346483704974162e+02
2.746878216123499215e+02
2.746912521440823411e+02
2.746792452830188722e+02
2.746277873070325768e+02
2.746432246998284654e+02
2.746826758147512919e+02
2.746843910806175018e+02
2.747375643224700070e+02
2.747907375643224555e+02
2.748439108061749039e+02
2.748970840480274092e+02
2.749485420240137046e+02
2.750120068610634689e+02
2.750754716981132333e+02
2.751526586620926196e+02
2.751595197255574590e+02
2.751663807890222984e+02
2.752264150943396430e+02
2.752452830188678945e+02
2.752641509433962028e+02
2.753001715265866096e+02
2.753379073756432263e+02
2.753739279588336331e+02
2.754253859348199285e+02
2.754768439108061671e+02
2.755283018867925193e+02
2.755797598627787011e+02
2.756449399656946753e+02
2.756946826758147040e+02
2.757324185248713775e+02
2.757701543739279373e+02
2.758078902229844971e+02
2.758181818181817562e+02
2.758164665523156032e+02
2.758559176672384297e+02
2.758953687821611993e+02
2.758799313893653675e+02
2.758936535162949895e+02
2.758936535162949895e+02
2.758936535162949895e+02
2.758953687821611993e+02
2.758679245283018417e+02
2.758404802744425410e+02
2.758147512864493933e+02
2.757890222984563025e+02
2.757650085763293646e+02
2.757272727272727479e+02
2.756620926243567737e+02
2.756123499142366882e+02
2.755951972555745897e+02
2.755677530017152321e+02
2.755060034305317345e+02
2.754596912521441254e+02
2.753996569468267808e+02
2.753413379073756460e+02
2.752813036020583013e+02
2.752229845626071665e+02
2.751166380789022696e+02
2.750583190394511348e+02
2.749982847341337902e+02
2.749382504288164455e+02
2.748233276157804994e+02
2.747084048027444396e+02
2.746072041166380586e+02
2.744631217838764883e+02
2.743619210977701641e+02
2.742229845626071665e+02
2.740840480274442825e+02
2.739279588336191864e+02
2.737855917667238828e+02
2.736312178387649965e+02
2.734648370497427550e+02
2.732830188679245111e+02
2.731303602058318916e+02
2.729879931389365311e+02
2.728164665523156600e+02
2.727015437392796002e+02
2.724991423670668951e+02
2.722950257289879801e+02
2.721801029159519771e+02
2.720789022298456530e+02
2.719502572898799144e+02
2.718216123499141759e+02
2.717221269296741184e+02
2.716226415094339472e+02
2.715231560891938329e+02
2.715231560891938329e+02
2.714442538593482368e+02
2.713241852487135475e+02
2.712572898799314203e+02
2.711183533447684795e+02
2.710891938250429121e+02
2.710240137221269379e+02
2.709588336192109637e+02
2.710034305317324197e+02
2.709502572898799144e+02
2.708885077186963599e+02
2.708936535162950463e+02
2.709262435677530334e+02
2.709262435677529766e+02
2.711080617495711635e+02
2.711766723842195574e+02
2.712452830188678945e+02
2.713430531732418558e+02
2.714253859348198716e+02
2.715060034305316776e+02
2.716655231560891934e+02
2.718610634648370024e+02
2.720806174957118628e+02
2.722778730703258816e+02
2.724511149228130762e+02
2.726449399656946753e+02
2.728370497427101782e+02
2.730497427101200856e+02
2.732881646655231407e+02
2.735077186963979443e+02
2.735454545454545610e+02
2.736295025728987866e+02
2.736861063464837116e+02
2.738439108061749607e+02
2.739005145797598288e+02
2.739588336192109637e+02
2.740445969125214560e+02
2.741029159519725340e+02
2.741423670668953605e+02
2.742641509433962028e+02
2.744168096054888792e+02
2.745454545454545041e+02
2.745797598627787011e+02
2.745986277873070662e+02
2.746483704974270950e+02
2.746706689536878230e+02
2.747084048027444396e+02
2.746518010291595147e+02
2.746020583190394291e+02
2.745540308747856102e+02
2.744939965694683224e+02
2.744373927958833974e+02
2.743533447684391149e+02
2.742710120068610991e+02
2.741732418524871946e+02
2.740789022298456530e+02
2.739708404802744326e+02
2.738662092624356887e+02
2.737358490566037972e+02
2.735746140651800715e+02
2.734150943396226694e+02
2.733018867924528763e+02
2.731269296740995287e+02
2.729691252144082227e+02
2.728130360205831266e+02
2.726380789022298359e+02
2.724545454545454390e+02
2.723001715265866096e+02
2.721457975986277802e+02
2.719742710120068523e+02
2.718044596912521342e+02
2.716363636363636260e+02
2.714939965694682655e+02
2.713396226415094361e+02
2.711852487135506067e+02
2.710291595197255674e+02
2.708885077186963599e+02
2.707495711835334191e+02
2.706106346483704783e+02
2.704716981132075375e+02
2.703413379073756460e+02
2.702109777015437544e+02
2.701063464837050105e+02
2.700308747855917773e+02
2.699279588336191864e+02
2.698885077186964168e+02
2.697975986277872948e+02
2.697392795883362169e+02
2.697118353344768593e+02
2.696843910806175018e+02
2.696363636363636260e+02
2.696209262435677374e+02
2.696072041166380586e+02
2.696878216123499215e+02
2.697684391080617843e+02
2.698713550600342614e+02
2.698816466552315205e+02
2.698799313893653107e+02
2.698902229845625698e+02
2.698885077186963599e+02
2.698987993138936190e+02
2.699228130360205569e+02
2.699588336192109637e+02
2.700068610634648394e+02
2.700548885077186583e+02
2.701046312178388007e+02
2.701560891938250393e+02
2.702058319039450680e+02
2.702538593481989437e+02
2.704168096054888224e+02
2.704922813036019988e+02
2.705540308747855534e+02
2.707307032590051676e+02
2.707941680960549320e+02
2.709708404802744326e+02
2.710222984562607280e+02
2.711886792452830264e+02
2.713807890222984724e+02
2.715420240137221413e+02
2.717015437392796002e+02
2.717650085763293646e+02
2.719142367066895076e+02
2.720291595197255674e+02
2.721149228130360598e+02
2.721646655231560885e+02
2.722144082332761172e+02
2.722761578044596718e+02
2.723516295025729050e+02
2.724271012006860815e+02
2.724751286449400141e+02
2.725231560891938329e+02
2.725711835334476518e+02
2.726192109777015276e+02
2.726689536878216131e+02
2.727307032590051108e+02
2.727804459691252532e+02
2.727890222984562456e+02
2.727821612349914631e+02
2.728061749571183441e+02
2.728027444253858675e+02
2.728267581475128623e+02
2.727975986277872948e+02
2.728233276157804426e+02
2.727958833619210850e+02
2.727392795883362169e+02
2.726861063464836548e+02
2.726466552315608851e+02
2.725969125214407995e+02
2.725300171526586723e+02
2.724648370497426981e+02
2.724030874785592005e+02
2.723413379073756460e+02
2.722795883361920914e+02
2.722195540308748036e+02
2.721595197255574021e+02
2.720840480274442257e+02
2.719948542024013705e+02
2.719056603773584584e+02
2.718164665523155463e+02
2.717272727272726911e+02
2.716518010291595147e+02
2.715763293310462814e+02
2.715694682675814420e+02
2.715488850771869238e+02
2.714871355060033693e+02
2.714253859348199285e+02
2.713619210977701641e+02
2.712984562607203998e+02
2.712487135506003142e+02
2.711715265866208711e+02
2.711200686106346325e+02
2.710994854202401143e+02
2.710360205831904068e+02
2.710171526586620985e+02
2.709811320754716917e+02
2.709571183533447538e+02
2.709485420240137046e+02
2.709399656946826553e+02
2.709296740994853963e+02
2.709176672384219273e+02
2.709365351629502356e+02
2.709382504288164455e+02
2.709399656946826553e+02
2.709416809605488652e+02
2.709879931389365311e+02
2.710017152658662098e+02
2.710909090909091219e+02
2.711029159519725908e+02
2.711423670668954173e+02
2.712349914236706354e+02
2.713276157804459672e+02
2.714322469982847679e+02
2.715351629502572450e+02
2.716518010291595147e+02
2.717684391080617274e+02
2.719005145797598288e+02
2.720308747855917773e+02
2.721612349914236688e+02
2.722898799313893505e+02
2.724185248713550891e+02
2.725591766723841829e+02
2.726483704974270950e+02
2.727770154373927767e+02
2.729159519725557175e+02
2.730325900514579871e+02
2.731355060034305211e+02
2.732367066895369021e+02
2.733670668953687937e+02
2.734974271012006284e+02
2.736277873070325768e+02
2.737598627787306782e+02
2.739193825042881372e+02
2.740789022298456530e+02
2.742161234991423271e+02
2.743533447684391149e+02
2.744922813036020557e+02
2.746295025728987866e+02
2.747667238421955176e+02
2.748799313893653107e+02
2.749639794168095932e+02
2.750514579759862954e+02
2.751389365351629408e+02
2.751732418524871377e+02
2.752315608919382157e+02
2.752727272727272521e+02
2.753156089193824982e+02
2.753259005145797573e+02
2.753396226415094361e+02
2.753825042881646823e+02
2.753790737564322626e+02
2.753756432246998429e+02
2.753756432246997861e+02
2.753756432246998429e+02
2.753962264150943042e+02
2.753499142367066952e+02
2.753276157804459672e+02
2.752761578044596718e+02
2.752469982847341043e+02
2.752195540308747468e+02
2.752024013722127052e+02
2.751132075471698499e+02
2.750703259005145469e+02
2.750274442538593576e+02
2.749691252144082227e+02
2.749125214408232978e+02
2.748747855917667380e+02
2.747890222984563025e+02
2.747066895368782298e+02
2.746672384219554033e+02
2.746277873070325768e+02
2.745900514579759601e+02
2.745094339622641542e+02
2.744305317324185012e+02
2.743396226415094361e+02
2.742727272727272521e+02
2.741783876500857104e+02
2.740840480274442257e+02
2.739090909090908781e+02
2.738164665523155463e+02
2.737101200686105926e+02
2.736346483704974162e+02
2.735574614065179730e+02
2.734030874785591436e+02
2.733910806174956747e+02
2.733756432246997861e+02
2.733756432246997861e+02
2.733499142367066952e+02
2.732967409948541899e+02
2.732555746140651536e+02
2.732126929674099642e+02
2.731698113207547181e+02
2.731766723842195574e+02
2.731835334476843968e+02
2.731629502572898218e+02
2.731663807890222984e+02
2.731680960548885082e+02
2.731680960548885082e+02
2.731680960548884514e+02
2.731680960548885082e+02
2.731680960548885650e+02
2.731680960548885082e+02
2.731680960548884514e+02
2.731680960548885082e+02
2.731680960548885082e+02
2.731046312178388007e+02
2.731046312178387439e+02
2.730548885077187151e+02
2.730548885077187151e+02
2.730531732418525053e+02
2.731149228130360029e+02
2.731252144082332620e+02
2.731852487135505498e+02
2.731955403087478089e+02
2.732212692967409566e+02
2.732452830188678945e+02
2.732950257289879801e+02
2.733447684391080088e+02
2.734442538593481800e+02
2.735437392795882943e+02
2.736432246998284654e+02
2.737427101200685797e+02
2.738421955403086940e+02
2.738919382504287796e+02
2.739416809605488652e+02
2.739777015437392720e+02
2.740634648370497644e+02
2.741132075471698499e+02
2.741629502572898787e+02
2.742126929674099074e+02
2.742624356775299930e+02
2.743121783876500785e+02
2.743619210977701073e+02
2.744116638078902497e+02
2.744614065180102784e+02
2.745111492281303640e+02
2.745471698113207708e+02
2.746089193825042685e+02
2.746466552315608851e+02
2.746672384219554033e+02
2.746895368782160745e+02
2.747118353344768593e+02
2.747358490566037403e+02
2.747324185248713775e+02
2.747307032590051108e+02
2.747307032590051676e+02
2.747152658662092222e+02
2.746466552315608851e+02
2.746209262435677374e+02
2.745969125214407995e+02
2.745728987993138617e+02
2.745488850771869807e+02
2.745248713550600428e+02
2.745025728987993148e+02
2.744802744425385868e+02
2.744579759862778587e+02
2.744373927958833974e+02
2.744168096054888224e+02
2.743396226415094361e+02
2.742658662092624127e+02
2.742281303602057960e+02
2.741389365351629976e+02
2.740531732418525053e+02
2.739656946826758031e+02
2.738456260720411706e+02
2.737272727272727479e+02
2.736123499142366882e+02
2.734974271012006852e+02
2.733825042881646823e+02
2.732813036020583013e+02
2.731629502572898787e+02
2.730463121783876659e+02
2.729296740994853963e+02
2.727993138936535615e+02
2.726689536878216131e+02
2.725540308747855534e+02
2.724356775300171307e+02
2.723173241852487081e+02
2.722161234991423271e+02
2.721132075471697362e+02
2.720257289879931477e+02
2.719554030874785440e+02
2.718782161234991008e+02
2.717873070325900358e+02
2.717101200686106495e+02
2.716312178387649965e+02
2.715523156089193435e+02
2.714562607204116489e+02
2.713722126929674232e+02
2.712933104631217702e+02
2.712126929674099074e+02
2.711749571183532908e+02
2.711012006861063810e+02
2.710771869639793863e+02
2.710771869639794431e+02
2.711355060034305211e+02
2.712795883361920914e+02
2.713327615780445967e+02
2.713859348198971020e+02
2.714373927958833406e+02
2.714837049742710064e+02
2.715506003430531337e+02
2.715969125214407995e+02
2.716552315608919344e+02
2.718610634648370592e+02
2.720051457975986295e+02
2.721457975986278370e+02
2.723001715265866096e+02
2.724528301886792292e+02
2.726037735849056389e+02
2.727547169811321055e+02
2.729228130360205569e+02
2.730977701543739613e+02
2.732401372212692650e+02
2.734493996569468095e+02
2.736569468267581442e+02
2.738473413379073236e+02
2.740377358490566166e+02
2.742161234991423271e+02
2.743773584905659959e+02
2.745540308747855534e+02
2.747169811320754889e+02
2.748799313893653675e+02
2.750428816466552462e+02
2.752058319039450680e+02
2.753567753001715346e+02
2.755077186963979443e+02
2.756586620926243540e+02
2.757838765008576729e+02
2.758919382504287796e+02
2.760000000000000000e+02
2.760668953687821841e+02
2.761526586620926764e+02
2.762401372212692650e+02
2.762984562607203998e+02
2.763584905660377444e+02
2.763859348198971020e+02
2.764339622641509777e+02
2.764854202401372163e+02
2.765042881646654678e+02
2.765300171526586155e+02
2.765385934819896647e+02
2.765077186963978875e+02
2.764957118353344754e+02
2.764511149228130193e+02
2.764082332761578300e+02
2.763842195540308921e+02
2.763499142367066952e+02
2.763156089193824982e+02
2.762675814751286794e+02
2.762178387650085938e+02
2.761698113207547749e+02
2.761252144082332620e+02
2.760806174957118628e+02
2.760360205831904068e+02
2.759931389365351606e+02
2.759502572898799144e+02
2.759039451114922485e+02
2.758576329331046395e+02
2.758113207547170305e+02
2.757650085763293077e+02
2.757186963979416987e+02
2.756689536878216131e+02
2.756192109777015276e+02
2.755197255574613564e+02
2.754699828473413277e+02
2.754202401372212421e+02
2.753722126929674232e+02
2.753516295025729050e+02
2.753293310463121770e+02
2.753259005145797573e+02
2.753173241852487081e+02
2.753087478559176589e+02
2.753173241852487081e+02
2.753207547169811278e+02
2.753241852487135475e+02
2.753259005145797005e+02
2.752915951972555604e+02
2.752538593481989437e+02
2.752024013722126483e+02
2.752538593481989437e+02
2.752367066895368453e+02
2.752332761578044256e+02
2.751046312178386870e+02
2.751097770154373734e+02
2.751132075471697931e+02
2.751818181818181301e+02
2.752555746140651536e+02
2.753276157804459672e+02
2.753516295025728482e+02
2.754373927958832837e+02
2.756003430531732192e+02
2.756826758147512919e+02
2.757615780445969449e+02
2.758610634648370024e+02
2.759571183533447538e+02
2.760497427101200856e+02
2.761560891938250393e+02
2.762795883361920914e+02
2.763859348198971020e+02
2.764905660377358458e+02
2.765951972555745897e+02
2.766998284734133904e+02
2.768027444253859244e+02
2.768867924528302069e+02
2.770068610634648394e+02
2.771269296740994719e+02
2.772469982847341043e+02
2.773653516295025838e+02
2.775008576329331049e+02
2.776380789022298359e+02
2.777753001715265668e+02
2.778936535162950463e+02
2.780137221269296788e+02
2.781355060034305779e+02
2.782521440823327907e+02
2.783739279588336331e+02
2.784837049742710064e+02
2.785317324185248253e+02
2.785814751286449109e+02
2.786329331046312063e+02
2.787358490566037972e+02
2.787735849056603570e+02
2.788113207547169168e+02
2.788473413379073236e+02
2.788662092624356319e+02
2.788850771869639402e+02
2.789056603773584584e+02
2.789296740994853963e+02
2.789554030874785440e+02
2.789691252144082227e+02
2.789674099485420129e+02
2.789536878216123341e+02
2.789571183533447538e+02
2.789416809605488652e+02
2.789125214408232978e+02
2.788902229845625698e+02
2.788490566037735334e+02
2.787924528301887221e+02
2.787358490566037972e+02
2.787015437392796002e+02
2.786518010291595147e+02
2.786037735849056389e+02
2.785557461406517632e+02
2.785077186963978875e+02
2.783962264150943611e+02
2.783001715265866096e+02
2.782418524871354748e+02
2.781835334476843968e+02
2.781355060034305211e+02
2.780600343053173447e+02
2.779588336192109637e+02
2.778576329331046395e+02
2.777358490566037403e+02
2.776603773584905639e+02
2.775608919382504496e+02
2.774596912521440686e+02
2.773584905660377444e+02
2.772401372212692650e+02
2.771372212692967310e+02
2.770343053173241969e+02
2.769313893653516061e+02
2.768284734133790153e+02
2.767255574614064813e+02
2.766363636363636260e+02
2.765471698113207708e+02
2.764562607204116489e+02
2.763636363636363740e+02
2.762830188679245111e+02
2.762041166380789150e+02
2.761252144082333189e+02
2.760445969125214560e+02
2.759656946826758031e+02
2.758833619210977872e+02
2.758181818181818699e+02
2.758010291595197145e+02
2.757341337907375873e+02
2.756620926243567737e+02
2.756106346483704783e+02
2.756106346483704783e+02
2.756638078902229836e+02
2.756758147512864525e+02
2.757255574614065381e+02
2.757495711835334760e+02
2.758387650085763312e+02
2.758713550600343183e+02
2.759777015437392720e+02
2.760617495711835545e+02
2.761629502572898787e+02
2.762761578044596718e+02
2.764391080617495504e+02
2.765643224699828693e+02
2.766878216123499215e+02
2.767632933104630979e+02
2.769022298456260387e+02
2.771012006861062673e+02
2.772967409948541899e+02
2.774631217838765451e+02
2.776157804459691647e+02
2.777838765008576729e+02
2.779519725557461811e+02
2.781012006861063810e+02
2.782504288164665809e+02
2.783996569468267808e+02
2.784493996569468663e+02
2.785780445969124912e+02
2.787478559176672093e+02
2.788644939965694789e+02
2.790531732418525053e+02
2.791560891938250961e+02
2.792710120068610422e+02
2.793859348198971020e+02
2.794408233276158171e+02
2.795437392795883511e+02
2.796552315608919344e+02
2.796998284734133904e+02
2.797341337907375873e+02
2.797855917667238828e+02
2.797667238421955176e+02
2.797855917667238828e+02
2.798044596912521342e+02
2.798078902229845539e+02
2.797993138936535047e+02
2.797941680960548752e+02
2.797581475128645252e+02
2.797375643224700070e+02
2.796998284734133904e+02
2.796655231560891934e+02
2.796140651801028980e+02
2.795849056603773306e+02
2.795437392795883511e+02
2.794837049742710064e+02
2.794030874785592005e+02
2.793636363636363740e+02
2.793259005145797573e+02
2.792658662092624127e+02
2.792092624356774877e+02
2.791372212692967310e+02
2.790308747855917773e+02
2.789296740994853963e+02
2.788559176672383728e+02
2.787341337907375305e+02
2.786397941680960457e+02
2.785420240137220844e+02
2.784150943396226694e+02
2.783190394511149179e+02
2.781852487135506067e+02
2.780686106346483939e+02
2.779245283018867667e+02
2.777821612349914062e+02
2.776535162950257245e+02
2.775797598627787011e+02
2.774991423670668951e+02
2.774322469982847110e+02
2.773619210977701073e+02
2.772898799313893505e+02
2.772178387650085369e+02
2.771440823327615703e+02
2.770874785591766454e+02
2.770257289879931477e+02
2.769639794168095932e+02
2.769005145797598857e+02
2.768370497427101213e+02
2.768061749571184009e+02
2.768010291595197714e+02
2.767358490566037972e+02
2.767324185248713775e+02
2.767375643224700070e+02
2.767409948542024267e+02
2.767632933104630979e+02
2.768319039451114918e+02
2.768970840480274092e+02
2.769605488850771735e+02
2.770411663807890363e+02
2.771200686106346893e+02
2.771989708404802855e+02
2.772641509433962028e+02
2.773413379073756460e+02
2.774168096054888792e+02
2.774922813036020557e+02
2.775677530017152321e+02
2.776535162950257245e+02
2.777392795883362169e+02
2.778387650085763312e+02
2.779399656946826553e+02
2.780411663807890363e+02
2.781423670668953037e+02
2.782435677530016847e+02
2.783447684391080656e+02
2.783945111492281512e+02
2.784939965694682655e+02
2.785934819897083798e+02
2.786432246998284654e+02
2.786929674099485510e+02
2.787941680960549320e+02
2.788456260720411706e+02
2.788953687821611993e+02
2.789451114922812849e+02
2.789948542024013705e+02
2.790445969125214560e+02
2.790840480274442825e+02
2.791337907375643113e+02
2.791715265866209279e+02
2.791955403087478658e+02
2.792195540308748036e+02
2.792452830188679513e+02
2.792452830188679513e+02
2.792144082332762309e+02
2.792006861063464953e+02
2.791749571183534044e+02
2.791492281303601999e+02
2.791063464837050105e+02
2.790686106346483939e+02
2.790308747855917773e+02
2.789502572898799713e+02
2.788850771869640539e+02
2.788216123499142327e+02
2.787598627787307350e+02
2.786792452830188722e+02
2.786140651801028980e+02
2.785643224699828693e+02
2.784888507718696928e+02
2.784133790737564595e+02
2.782933104631217702e+02
2.781886792452830264e+02
2.781269296740995287e+02
2.780085763293310492e+02
2.778902229845626266e+02
2.777667238421955744e+02
2.776655231560891934e+02
2.775643224699828124e+02
2.774373927958833406e+02
2.772795883361921483e+02
2.771492281303602567e+02
2.770205831903945182e+02
2.768936535162950463e+02
2.767461406518010563e+02
2.766020583190394291e+02
2.764493996569468095e+02
2.763104631217838687e+02
2.761835334476843968e+02
2.760874785591767022e+02
2.759313893653516061e+02
2.758336192109777016e+02
2.756792452830188722e+02
2.755951972555745897e+02
2.754819897084047966e+02
2.753945111492280944e+02
2.753087478559176589e+02
2.752212692967410135e+02
2.751200686106346325e+02
2.750291595197255106e+02
2.749708404802744326e+02
2.749108061749570879e+02
2.748353344768439115e+02
2.747598627787306782e+02
2.746826758147512919e+02
2.746826758147512919e+02
2.746826758147512919e+02
2.746946826758147608e+02
2.747066895368782298e+02
2.747084048027444396e+02
2.747461406518009994e+02
2.747478559176672661e+02
2.747975986277872948e+02
2.748473413379073236e+02
2.748490566037735903e+02
2.749125214408232978e+02
2.749622641509433834e+02
2.750240137221269379e+02
2.750857632933104924e+02
2.751475128644939900e+02
2.751749571183533476e+02
2.752761578044596718e+02
2.753516295025729050e+02
2.754271012006861383e+02
2.755265866209263095e+02
2.756123499142367450e+02
2.757118353344768593e+02
2.757975986277873517e+02
2.758833619210977304e+02
2.759691252144082227e+02
2.760668953687821272e+02
2.761801029159519771e+02
2.762778730703258816e+02
2.763756432246998429e+02
2.764614065180102216e+02
2.765471698113207140e+02
2.766346483704974162e+02
2.767084048027443828e+02
2.767684391080616706e+02
2.768439108061749039e+02
2.769039451114922485e+02
2.769639794168095932e+02
2.770240137221269379e+02
2.770703259005145469e+02
2.770686106346483371e+02
2.770686106346483371e+02
2.771046312178387439e+02
2.771166380789022128e+02
2.771286449399656817e+02
2.771646655231560885e+02
2.772024013722127052e+02
2.772041166380788582e+02
2.771646655231560885e+02
2.771766723842195574e+02
2.771492281303601999e+02
2.771132075471698499e+02
2.771132075471697931e+02
2.770823327615780727e+02
2.770857632933104355e+02
2.770274442538593576e+02
2.769708404802744326e+02
2.769159519725557175e+02
2.768627787307032690e+02
2.767650085763293077e+02
2.766706689536878230e+02
2.766209262435677374e+02
2.765711835334476518e+02
2.764716981132075375e+02
2.764099485420240399e+02
2.763018867924528195e+02
2.762058319039451248e+02
2.761680960548885082e+02
2.760737564322470234e+02
2.760360205831904068e+02
2.759502572898799144e+02
2.759125214408232978e+02
2.757907375643224555e+02
2.756106346483704783e+02
2.755437392795882943e+02
2.754236706689536618e+02
2.752778730703258816e+02
2.752092624356774877e+02
2.751406518010291506e+02
2.750531732418524484e+02
2.749674099485420129e+02
2.748782161234991008e+02
2.748233276157804426e+02
2.747650085763293077e+02
2.746946826758147608e+02
2.746226415094339472e+02
2.745351629502573019e+02
2.744476843910805997e+02
2.743396226415094361e+02
2.741955403087478089e+02
2.741183533447684226e+02
2.740583190394511348e+02
2.739982847341337902e+02
2.739210977701543470e+02
2.738936535162949895e+02
2.738730703259005281e+02
2.738078902229845539e+02
2.737564322469982585e+02
2.736483704974270950e+02
2.736792452830188722e+02
2.737186963979416987e+02
2.737221269296741184e+02
2.736929674099485510e+02
2.737461406518010563e+02
2.737289879931389578e+02
2.737907375643225123e+02
2.738439108061749607e+02
2.739279588336191864e+02
2.739794168096055387e+02
2.739879931389365311e+02
2.741149228130360029e+02
2.740703259005146037e+02
