3.706861063464837258e+01
3.704116638078902213e+01
3.701029159519725908e+01
3.698799313893653107e+01
3.697427101200686650e+01
3.696054888507718772e+01
3.694682675814751605e+01
3.693310463121784437e+01
3.693138936535163452e+01
3.691766723842195574e+01
3.690222984562606712e+01
3.689193825042881514e+01
3.686792452830188438e+01
3.685420240137221271e+01
3.683876500857633118e+01
3.681475128644939332e+01
3.680789022298456103e+01
3.680445969125214134e+01
3.680102915951972165e+01
3.679245283018867951e+01
3.678387650085763028e+01
3.678044596912521058e+01
3.677701543739279799e+01
3.676843910806174875e+01
3.676329331046312632e+01
3.675814751286449678e+01
3.676500857632932906e+01
3.675986277873070662e+01
3.675814751286449678e+01
3.675471698113207708e+01
3.674099485420239830e+01
3.672384219554029983e+01
3.672212692967410419e+01
3.670154373927959313e+01
3.668439108061750176e+01
3.667753001715266237e+01
3.668267581475129191e+01
3.668782161234991435e+01
3.669296740994853678e+01
3.669811320754716633e+01
3.670325900514579587e+01
3.670840480274442541e+01
3.669982847341337617e+01
3.670325900514579587e+01
3.673070325900514632e+01
3.674785591766723769e+01
3.675471698113207708e+01
3.672898799313893647e+01
3.670325900514579587e+01
3.668953687821612419e+01
3.667581475128645252e+01
3.666209262435678085e+01
3.664665523156089222e+01
3.661921097770154887e+01
3.660377358490566735e+01
3.658833619210977872e+01
3.658490566037735903e+01
3.658147512864493933e+01
3.656775300171526055e+01
3.655403087478558888e+01
3.653859348198970736e+01
3.651286449399657386e+01
3.651114922813036401e+01
3.650943396226414706e+01
3.653516295025728766e+01
3.655060034305317629e+01
3.655403087478558888e+01
3.656946826758147040e+01
3.658490566037735903e+01
3.657804459691251964e+01
3.656089193825042827e+01
3.655060034305317629e+01
3.651629502572899355e+01
3.648198970840480371e+01
3.648542024013721630e+01
3.645969125214408280e+01
3.646312178387650249e+01
3.643739279588336188e+01
3.641166380789022128e+01
3.641680960548885082e+01
3.642881646655231265e+01
3.641337907375643823e+01
3.640308747855917915e+01
3.639794168096054960e+01
3.638765008576329052e+01
3.639622641509433976e+01
3.643739279588336188e+01
3.645626072041166310e+01
3.645797598627787295e+01
3.645454545454545325e+01
3.645454545454545325e+01
3.643053173241852960e+01
3.643739279588336899e+01
3.644425385934820127e+01
3.644253859348198432e+01
3.644082332761578158e+01
3.643910806174957884e+01
3.642538593481990006e+01
3.641166380789022128e+01
3.639794168096054960e+01
3.636878216123498930e+01
3.634133790737564595e+01
3.631389365351630261e+01
3.628644939965694505e+01
3.627101200686107063e+01
3.623842195540309064e+01
3.620754716981132049e+01
3.619210977701543186e+01
3.619039451114922912e+01
3.623499142367066383e+01
3.621955403087478231e+01
3.621612349914236262e+01
3.620754716981132049e+01
3.624871355060034261e+01
3.627958833619211276e+01
3.627615780445969307e+01
3.628473413379073520e+01
3.630360205831904352e+01
3.632246998284733763e+01
3.634133790737564595e+01
3.634991423670668809e+01
3.635849056603773022e+01
3.640308747855917204e+01
3.641680960548885082e+01
3.645626072041166310e+01
3.646312178387650249e+01
3.646998284734133478e+01
3.647684391080617416e+01
3.651801029159518919e+01
3.656432246998284086e+01
3.655917667238421132e+01
3.654202401372211995e+01
3.655917667238421132e+01
3.656260720411663812e+01
3.656603773584905781e+01
3.658319039451114918e+01
3.661063464837049253e+01
3.661406518010291933e+01
3.662950257289880085e+01
3.668096054888507496e+01
3.673241852487135617e+01
3.677358490566037830e+01
3.681303602058319058e+01
3.684048027444254103e+01
3.686792452830189148e+01
3.689536878216123483e+01
3.691252144082332620e+01
3.693825042881646681e+01
3.698970840480274092e+01
3.703945111492281228e+01
3.708919382504288365e+01
3.711492281303601715e+01
3.712006861063464669e+01
3.716123499142366882e+01
3.716809605488850821e+01
3.716809605488850821e+01
3.721440823327615988e+01
3.726072041166380444e+01
3.732246998284733763e+01
3.735162950257289083e+01
3.740137221269296219e+01
3.745969125214407569e+01
3.750771869639793721e+01
3.756603773584905070e+01
3.762435677530017131e+01
3.769468267581474663e+01
3.776500857632933617e+01
3.781132075471698073e+01
3.786792452830188438e+01
3.790051457975986438e+01
3.795711835334476802e+01
3.801200686106346183e+01
3.805660377358491075e+01
3.810463121783876517e+01
3.817152658662092790e+01
3.823670668953688079e+01
3.832246998284733763e+01
3.841852487135506067e+01
3.850428816466552462e+01
3.859005145797598857e+01
3.867753001715266237e+01
3.877358490566037830e+01
3.888164665523156316e+01
3.898799313893653107e+01
3.910291595197255532e+01
3.921612349914236262e+01
3.930531732418524626e+01
3.938593481989708778e+01
3.946655231560892219e+01
3.954545454545454675e+01
3.963464837049743039e+01
3.971355060034305495e+01
3.979416809605488936e+01
3.987307032590051392e+01
3.991595197255574590e+01
4.000857632933104924e+01
4.010120068610633837e+01
4.021612349914236972e+01
4.030703259005145611e+01
4.036192109777014991e+01
4.044425385934820127e+01
4.048885077186963599e+01
4.050943396226415416e+01
4.056775300171526055e+01
4.062435677530017131e+01
4.072727272727272663e+01
4.080789022298456814e+01
4.090051457975986438e+01
4.098456260720411137e+01
4.104459691252144182e+01
4.111492281303601715e+01
4.122813036020583155e+01
4.131560891938250535e+01
4.142710120068610991e+01
4.150771869639794431e+01
4.159862778730703070e+01
4.169811320754716633e+01
4.178730703259004997e+01
4.186963979416809423e+01
4.199142367066895076e+01
4.208233276157804426e+01
4.217495711835334760e+01
4.227101200686105642e+01
4.234476843910806565e+01
4.243053173241852249e+01
4.251801029159519629e+01
4.262435677530017131e+01
4.272384219554030693e+01
4.284219554030875088e+01
4.293996569468267666e+01
4.304974271012007137e+01
4.318181818181817988e+01
4.328301886792452535e+01
4.341337907375643113e+01
4.351457975986277660e+01
4.364665523156088511e+01
4.378044596912521058e+01
4.390051457975985727e+01
4.402229845626071381e+01
4.414408233276157034e+01
4.426586620926243398e+01
4.436878216123498930e+01
4.447169811320755173e+01
4.458147512864493933e+01
4.468096054888507496e+01
4.477358490566037119e+01
4.485420240137221271e+01
4.492624356775300498e+01
4.499485420240137046e+01
4.506689536878215563e+01
4.512521440823327623e+01
4.519554030874785155e+01
4.528473413379073520e+01
4.534133790737564595e+01
4.539794168096054960e+01
4.545454545454545325e+01
4.556775300171526055e+01
4.564493996569468237e+01
4.572384219554031404e+01
4.581475128644940042e+01
4.591766723842195574e+01
4.603259005145797289e+01
4.612521440823327623e+01
4.622469982847341186e+01
4.631732418524870809e+01
4.642195540308748036e+01
4.649228130360205569e+01
4.658662092624356887e+01
4.667924528301887221e+01
4.677358490566037119e+01
4.687650085763293362e+01
4.695883361921097787e+01
4.707547169811320487e+01
4.718010291595197003e+01
4.727272727272727337e+01
4.733962264150943611e+01
4.741852487135506067e+01
4.752315608919381873e+01
4.761578044596912207e+01
4.768439108061749465e+01
4.777701543739279799e+01
4.789536878216123483e+01
4.796569468267581726e+01
4.807032590051457532e+01
4.818867924528301927e+01
4.829674099485420413e+01
4.840308747855917204e+01
4.849914236706689508e+01
4.860720411663807994e+01
4.867924528301887221e+01
4.880960548885077088e+01
4.891595197255574590e+01
4.900857632933104924e+01
4.908233276157804426e+01
4.914408233276157745e+01
4.924871355060034261e+01
4.936535162950256961e+01
4.945969125214408280e+01
4.957461406518010705e+01
4.970154373927958602e+01
4.980445969125214845e+01
4.992967409948542468e+01
5.004459691252144182e+01
5.010806174957118486e+01
5.022469982847341896e+01
5.028987993138936474e+01
5.036878216123498930e+01
5.043396226415093508e+01
5.050943396226414706e+01
5.063636363636363313e+01
5.076500857632932195e+01
5.083190394511149179e+01
5.094854202401371879e+01
5.105488850771868670e+01
5.117324185248713064e+01
5.125042881646655246e+01
5.132933104631217702e+01
5.143567753001715204e+01
5.155231560891938614e+01
5.167066895368782298e+01
5.178902229845625982e+01
5.191766723842195574e+01
5.206003430531732334e+01
5.218867924528301927e+01
5.226072041166381155e+01
5.240480274442538189e+01
5.254888507718696644e+01
5.263121783876501070e+01
5.266037735849056389e+01
5.276672384219553891e+01
5.285934819897083514e+01
5.296569468267581726e+01
5.310463121783875806e+01
5.324356775300171307e+01
5.338250428816466808e+01
5.352144082332761599e+01
5.365008576329330481e+01
5.381646655231561027e+01
5.398284734133790863e+01
5.414922813036019988e+01
5.430188679245282657e+01
5.440137221269296219e+01
5.455403087478558177e+01
5.467066895368782298e+01
5.478730703259004997e+01
5.485248713550599575e+01
5.495711835334476802e+01
5.506174957118352609e+01
5.517838765008576019e+01
5.529502572898799428e+01
5.541166380789022128e+01
5.554030874785591720e+01
5.565694682675814420e+01
5.575128644939965739e+01
5.578730703259004997e+01
5.587650085763293362e+01
5.598113207547169168e+01
5.605831903945112060e+01
5.618696397941680942e+01
5.632590051457975733e+01
5.645283018867924341e+01
5.657804459691251964e+01
5.672727272727271952e+01
5.687478559176671666e+01
5.701200686106346183e+01
5.712692967409948608e+01
5.726243567753002139e+01
5.738593481989707357e+01
5.745969125214408280e+01
5.759519725557461101e+01
5.769468267581474663e+01
5.780274442538593860e+01
5.788850771869640255e+01
5.800514579759862954e+01
5.814579759862778729e+01
5.828816466552315489e+01
5.843053173241852960e+01
5.857118353344768735e+01
5.872384219554031404e+01
5.887478559176672377e+01
5.903773584905660243e+01
5.918867924528302638e+01
5.933962264150943611e+01
5.949056603773585294e+01
5.963807890222985009e+01
5.976500857632932906e+01
5.990566037735848681e+01
6.004631217838765167e+01
6.017324185248713775e+01
6.030017152658662383e+01
6.041852487135506067e+01
6.056089193825042116e+01
6.068096054888507496e+01
6.080102915951972875e+01
6.092281303602058529e+01
6.104288164665523198e+01
6.114236706689536760e+01
6.125214408233276231e+01
6.133276157804459672e+01
6.144425385934819417e+01
6.156775300171526055e+01
6.170840480274442541e+01
6.182161234991423271e+01
6.193481989708404711e+01
6.205317324185249106e+01
6.216638078902229836e+01
6.225557461406518200e+01
6.237564322469982869e+01
6.250257289879931477e+01
6.260548885077187009e+01
6.272384219554031404e+01
6.281818181818182012e+01
6.292795883361920772e+01
6.303602058319039969e+01
6.317324185248713775e+01
6.329845626072041398e+01
6.342195540308748036e+01
6.353516295025729477e+01
6.364493996569468237e+01
6.375471698113207708e+01
6.387478559176671666e+01
6.396226415094339757e+01
6.408233276157804426e+01
6.421612349914235551e+01
6.436706689536877946e+01
6.451801029159518919e+01
6.466895368782161313e+01
6.483018867924528195e+01
6.498113207547169168e+01
6.513207547169811562e+01
6.527444253859347612e+01
6.540137221269296219e+01
6.549914236706689508e+01
6.562435677530018552e+01
6.575128644939965739e+01
6.588507718696398285e+01
6.603430531732418274e+01
6.616295025728987866e+01
6.628644939965693084e+01
6.639108061749570311e+01
6.648713550600342614e+01
6.657975986277872948e+01
6.665866209262435405e+01
6.677701543739280510e+01
6.686106346483705920e+01
6.694511149228131330e+01
6.704288164665523198e+01
6.713893653516295501e+01
6.723670668953687368e+01
6.733447684391080656e+01
6.743224699828473945e+01
6.751801029159520340e+01
6.762607204116639537e+01
6.773584905660378297e+01
6.784391080617496073e+01
6.793996569468268376e+01
6.804459691252144182e+01
6.819725557461407561e+01
6.831903945111491794e+01
6.844253859348199853e+01
6.857632933104630979e+01
6.869811320754716633e+01
6.881989708404802286e+01
6.893310463121783016e+01
6.906689536878215563e+01
6.920068610634648110e+01
6.928987993138936474e+01
6.940823327615780158e+01
6.952658662092623842e+01
6.965351629502572450e+01
6.975814751286449678e+01
6.989708404802743758e+01
7.002401372212693786e+01
7.012349914236706638e+01
7.022298456260719490e+01
7.033447684391080656e+01
7.043910806174957884e+01
7.056603773584905070e+01
7.069468267581476084e+01
7.081303602058318347e+01
7.093138936535163452e+01
7.106346483704975014e+01
7.119725557461407561e+01
7.131217838765007855e+01
7.147684391080616706e+01
7.164150943396226978e+01
7.174614065180102784e+01
7.185077186963980012e+01
7.196912521440822275e+01
7.208576329331046395e+01
7.220068610634646689e+01
7.231732418524870809e+01
7.248542024013721630e+01
7.265351629502572450e+01
7.279416809605488936e+01
7.293481989708405422e+01
7.308576329331046395e+01
7.318524871355060668e+01
7.329674099485420413e+01
7.344082332761577447e+01
7.351629502572899355e+01
7.363121783876499649e+01
7.376157804459691647e+01
7.387993138936533910e+01
7.402572898799314771e+01
7.414579759862778019e+01
7.427787307032589581e+01
7.441337907375643113e+01
7.453687821612348330e+01
7.469639794168095648e+01
7.484905660377359027e+01
7.495540308747857239e+01
7.511320754716982151e+01
7.528301886792452535e+01
7.536363636363635976e+01
7.546655231560892219e+01
7.556089193825042116e+01
7.561578044596912207e+01
7.568953687821613130e+01
7.576329331046312632e+01
7.586277873070325484e+01
7.594854202401373300e+01
7.606861063464836548e+01
7.618867924528301216e+01
7.629502572898798007e+01
7.640137221269296219e+01
7.650085763293310492e+01
7.656260720411663101e+01
7.666552315608919344e+01
7.683704974271010713e+01
7.690394511149227696e+01
7.698113207547169168e+01
7.705831903945110639e+01
7.713722126929674516e+01
7.726072041166379734e+01
7.735677530017153458e+01
7.753344768439107781e+01
7.769468267581474663e+01
7.775986277873070662e+01
7.790051457975985727e+01
7.804288164665524619e+01
7.809777015437393288e+01
7.825214408233276231e+01
7.838593481989708778e+01
7.853001715265865812e+01
7.868610634648371160e+01
7.884562607204117057e+01
7.900171526586620985e+01
7.913893653516294080e+01
7.922813036020582445e+01
7.938593481989707357e+01
7.948713550600342614e+01
7.964150943396225557e+01
7.972898799313892937e+01
7.986449399656946468e+01
7.998284734133790153e+01
8.012864493996568171e+01
8.025557461406516779e+01
8.039108061749570311e+01
8.046998284734132767e+01
8.061749571183533192e+01
8.076329331046311211e+01
8.091080617495711635e+01
8.104116638078900792e+01
8.119039451114923622e+01
8.135506003430532473e+01
8.150600343053173447e+01
8.163464837049743039e+01
8.171355060034305495e+01
8.178044596912522479e+01
8.187993138936535331e+01
8.192109777015437544e+01
8.196054888507718772e+01
8.198799313893653107e+01
8.203945111492281228e+01
8.215951972555745897e+01
8.228644939965694505e+01
8.239622641509433265e+01
8.253001715265865812e+01
8.266552315608919344e+01
8.275986277873070662e+01
8.291766723842195574e+01
8.300343053173241969e+01
8.313036020583190577e+01
8.324356775300171307e+01
8.339451114922812280e+01
8.350085763293310492e+01
8.361063464837049253e+01
8.373413379073755891e+01
8.384391080617494652e+01
8.396569468267580305e+01
8.408747855917667380e+01
8.419725557461406140e+01
8.432246998284733763e+01
8.442881646655230554e+01
8.456946826758147040e+01
8.467924528301885800e+01
8.480274442538593860e+01
8.492281303602058529e+01
8.503945111492281228e+01
8.515265866209261958e+01
8.527958833619211987e+01
8.542538593481990006e+01
8.556946826758147040e+01
8.572384219554029983e+01
8.587650085763291941e+01
8.603259005145797289e+01
8.614922813036019988e+01
8.626586620926244109e+01
8.637049742710119915e+01
8.648370497427100645e+01
8.661063464837049253e+01
8.671012006861062105e+01
8.683361921097770164e+01
8.689365351629501788e+01
8.701886792452830832e+01
8.714922813036019988e+01
8.726415094339623124e+01
8.736878216123498930e+01
8.746140651801027843e+01
8.755403087478558177e+01
8.764665523156088511e+01
8.773927958833618845e+01
8.785934819897084935e+01
8.797941680960549604e+01
8.808576329331046395e+01
8.818010291595197714e+01
8.826415094339623124e+01
8.835849056603774443e+01
8.848027444253860097e+01
8.862264150943397567e+01
8.879931389365353311e+01
8.897770154373927198e+01
8.910463121783877227e+01
8.921955403087477521e+01
8.927444253859349033e+01
8.938936535162949326e+01
8.947855917667237691e+01
8.959176672384218421e+01
8.970840480274441120e+01
8.979588336192108500e+01
8.986277873070325484e+01
8.996054888507717351e+01
9.003259005145795868e+01
9.011320754716980730e+01
9.018181818181818699e+01
9.024871355060034261e+01
9.028301886792453956e+01
9.039794168096054250e+01
9.044939965694682371e+01
9.048542024013721630e+01
9.056260720411663101e+01
9.060720411663808704e+01
9.071869639794167028e+01
9.076672384219554601e+01
9.089365351629501788e+01
9.098456260720411137e+01
9.105831903945110639e+01
9.116809605488850821e+01
9.123842195540308353e+01
9.133447684391080656e+01
9.145969125214409701e+01
9.155403087478559598e+01
9.166723842195540328e+01
9.178559176672385433e+01
9.189879931389366163e+01
9.198113207547170589e+01
9.204288164665523198e+01
9.214408233276157034e+01
9.220068610634648110e+01
9.227958833619211987e+01
9.236192109777016412e+01
9.241680960548885082e+01
9.246655231560892219e+01
9.256089193825042116e+01
9.260548885077187720e+01
9.265351629502572450e+01
9.272384219554031404e+01
9.274614065180102784e+01
9.277015437392796571e+01
9.280789022298456814e+01
9.287478559176672377e+01
9.292795883361921483e+01
9.296912521440823696e+01
9.302744425385935756e+01
9.305831903945112060e+01
9.312349914236708059e+01
9.316638078902229836e+01
9.323670668953688789e+01
9.329502572898800850e+01
9.334991423670669519e+01
9.339279588336192717e+01
9.341166380789023549e+01
9.349228130360205569e+01
9.356260720411663101e+01
9.366037735849056389e+01
9.371012006861063526e+01
9.371698113207547465e+01
9.379245283018869372e+01
9.385763293310463951e+01
9.389879931389364742e+01
9.397941680960549604e+01
9.403259005145798710e+01
9.409605488850772304e+01
9.417495711835334760e+01
9.424356775300171307e+01
9.431560891938249824e+01
9.436363636363635976e+01
9.444425385934820838e+01
9.446140651801030685e+01
9.449056603773584584e+01
9.448713550600342614e+01
9.447855917667237691e+01
9.452144082332760888e+01
9.456432246998284086e+01
9.457461406518009994e+01
9.459862778730703781e+01
9.464665523156089932e+01
9.466723842195540328e+01
9.468439108061748755e+01
9.471698113207546044e+01
9.487650085763293362e+01
9.492452830188679513e+01
9.494511149228131330e+01
9.499142367066895076e+01
9.500000000000000000e+01
9.502058319039451817e+01
9.507718696397941471e+01
9.512006861063464669e+01
9.518010291595197714e+01
9.522469982847341896e+01
9.521612349914236972e+01
9.524013722126929338e+01
9.529674099485420413e+01
9.537564322469982869e+01
9.547512864493995721e+01
9.551629502572897934e+01
9.559862778730703781e+01
9.567924528301887221e+01
9.568953687821613130e+01
9.570840480274443962e+01
9.573584905660376876e+01
9.577186963979417555e+01
9.576843910806175586e+01
9.575986277873070662e+01
9.572898799313892937e+01
9.570497427101200572e+01
9.572384219554029983e+01
9.569296740994855099e+01
9.565008576329330481e+01
9.562264150943396146e+01
9.554545454545453254e+01
9.553001715265865812e+01
9.550428816466552462e+01
9.545969125214408280e+01
9.544425385934819417e+01
9.543567753001715914e+01
9.539794168096054250e+01
9.536020583190394007e+01
9.532246998284733763e+01
9.529674099485418992e+01
9.524871355060034261e+01
9.521269296740995003e+01
9.517667238421955744e+01
9.513379073756431126e+01
9.509262435677530334e+01
9.501715265866208426e+01
9.496054888507717351e+01
9.490737564322469666e+01
9.490051457975985727e+01
9.491595197255574590e+01
9.491766723842195574e+01
9.491252144082332620e+01
9.487135506003430407e+01
9.482675814751286225e+01
9.478730703259006418e+01
9.472727272727271952e+01
9.474271012006860815e+01
9.473241852487134906e+01
9.472384219554029983e+01
9.468953687821611709e+01
9.463121783876501070e+01
9.463979416809604572e+01
9.457461406518009994e+01
9.460548885077186299e+01
9.465008576329330481e+01
9.469125214408232694e+01
9.461234991423670238e+01
9.462092624356775161e+01
9.461063464837050674e+01
9.460034305317324765e+01
9.461406518010291222e+01
9.463807890222983588e+01
9.464150943396225557e+01
9.458662092624356887e+01
9.454202401372212705e+01
9.449742710120068523e+01
9.448713550600342614e+01
9.445797598627787295e+01
9.447512864493995721e+01
9.446312178387648828e+01
9.443053173241851539e+01
9.441166380789022128e+01
9.442195540308748036e+01
9.440137221269296219e+01
9.437049742710119915e+01
9.429159519725557459e+01
9.421440823327615988e+01
9.412864493996569593e+01
9.403430531732418274e+01
9.394339622641508925e+01
9.384219554030875088e+01
9.374957118353344754e+01
9.365694682675814420e+01
9.355231560891938614e+01
9.348885077186963599e+01
9.338250428816466808e+01
9.337049742710119915e+01
9.327787307032589581e+01
9.321097770154374018e+01
9.312349914236708059e+01
9.303945111492282649e+01
9.294339622641510346e+01
9.290394511149227696e+01
9.284219554030873667e+01
9.281303602058318347e+01
9.281303602058318347e+01
9.272555746140650967e+01
9.267581475128645252e+01
9.259862778730703781e+01
9.255574614065179162e+01
9.249914236706689508e+01
9.243224699828473945e+01
9.236192109777014991e+01
9.230531732418523916e+01
9.221612349914235551e+01
9.222984562607203429e+01
9.216466552315608851e+01
9.216466552315608851e+01
9.205831903945112060e+01
9.200171526586620985e+01
9.196054888507718772e+01
9.185934819897084935e+01
9.177358490566038540e+01
9.169982847341337617e+01
9.163807890222983588e+01
9.159005145797598857e+01
9.148885077186963599e+01
9.145969125214409701e+01
9.137907375643224839e+01
9.132418524871356169e+01
9.128301886792452535e+01
9.120240137221269094e+01
9.111320754716980730e+01
9.108919382504288365e+01
9.102229845626072802e+01
9.093481989708404001e+01
9.084562607204117057e+01
9.077015437392796571e+01
9.068096054888508206e+01
9.056603773584905070e+01
9.046312178387650249e+01
9.039451114922813701e+01
9.029159519725557459e+01
9.017838765008576729e+01
9.011492281303601715e+01
9.001715265866209847e+01
8.991938250428816559e+01
8.981132075471697362e+01
8.969468267581476084e+01
8.956603773584905070e+01
8.943910806174957884e+01
8.937907375643224839e+01
8.928644939965694505e+01
8.915780445969124912e+01
8.911492281303601715e+01
8.905831903945112060e+01
8.897427101200685229e+01
8.885420240137220560e+01
8.878730703259004997e+01
8.868953687821611709e+01
8.861234991423670238e+01
8.854202401372212705e+01
8.844596912521440402e+01
8.840823327615780158e+01
8.836878216123498930e+01
8.838078902229844402e+01
8.833276157804459672e+01
8.829502572898798007e+01
8.826758147512865094e+01
8.823156089193825835e+01
8.827101200686105642e+01
8.825557461406518200e+01
8.816466552315608851e+01
8.814236706689536049e+01
8.807032590051457532e+01
8.795711835334475381e+01
8.787478559176672377e+01
8.781475128644939332e+01
8.779759862778729484e+01
8.775471698113207708e+01
8.771012006861062105e+01
8.766552315608919344e+01
8.756946826758147040e+01
8.750085763293310492e+01
8.742024013722127052e+01
8.733962264150943611e+01
8.734819897084047113e+01
8.720068610634649531e+01
8.705145797598628121e+01
8.697770154373927198e+01
8.697598627787306214e+01
8.689536878216122773e+01
8.682332761578044256e+01
8.670840480274442541e+01
8.660720411663808704e+01
8.650771869639794431e+01
8.641166380789022128e+01
8.638936535162950747e+01
8.630360205831904352e+01
8.625728987993139185e+01
8.615951972555745897e+01
8.612006861063466090e+01
8.603087478559177725e+01
8.603430531732419695e+01
8.589708404802743758e+01
8.584562607204117057e+01
8.575300171526586723e+01
8.575643224699828693e+01
8.567409948542024267e+01
8.562950257289878664e+01
8.556946826758147040e+01
8.549399656946826553e+01
8.543910806174956463e+01
8.535334476843910068e+01
8.523499142367066383e+01
8.520583190394511064e+01
8.515780445969124912e+01
8.506689536878215563e+01
8.496912521440823696e+01
8.493996569468266955e+01
8.484734133790738042e+01
8.475300171526586723e+01
8.463464837049741618e+01
8.452658662092625264e+01
8.444939965694682371e+01
8.437049742710119915e+01
8.430360205831902931e+01
8.425900514579760170e+01
8.419210977701543186e+01
8.411663807890222699e+01
8.408576329331046395e+01
8.402744425385934335e+01
8.399313893653516061e+01
8.393825042881645970e+01
8.391766723842195574e+01
8.384048027444254103e+01
8.372041166380788013e+01
8.361578044596913628e+01
8.349056603773584584e+01
8.336706689536876524e+01
8.330703259005144901e+01
8.325557461406516779e+01
8.320240137221269094e+01
8.313893653516294080e+01
8.309777015437391867e+01
8.304288164665523198e+01
8.298970840480274092e+01
8.291595197255574590e+01
8.284905660377359027e+01
8.277015437392795150e+01
8.277358490566037119e+01
8.271183533447684511e+01
8.267924528301887221e+01
8.255917667238421132e+01
8.256603773584906492e+01
8.252658662092625264e+01
8.251114922813036401e+01
8.246312178387650249e+01
8.243396226415094930e+01
8.241166380789022128e+01
8.238593481989707357e+01
8.238593481989708778e+01
8.236020583190392585e+01
8.234476843910806565e+01
8.232418524871354748e+01
8.231217838765007855e+01
8.228301886792451114e+01
8.225728987993139185e+01
8.225557461406518200e+01
8.220754716981132049e+01
8.215094339622640973e+01
8.213379073756431126e+01
8.208576329331046395e+01
8.208061749571183441e+01
8.206003430531731624e+01
8.203945111492279807e+01
8.200514579759862954e+01
8.195883361921097787e+01
8.184219554030875088e+01
8.173756432246997861e+01
8.168782161234992145e+01
8.167066895368782298e+01
8.166380789022298359e+01
8.164493996569467527e+01
8.162435677530017131e+01
8.157975986277872948e+01
8.153344768439107781e+01
8.150257289879931477e+01
8.148198970840479660e+01
8.143910806174956463e+01
8.138078902229844402e+01
8.134991423670669519e+01
8.131389365351628840e+01
8.127615780445970017e+01
8.127101200686105642e+01
8.122469982847340475e+01
8.117495711835334760e+01
8.112521440823327623e+01
8.106861063464836548e+01
8.100857632933103503e+01
8.097941680960548183e+01
8.092795883361921483e+01
8.088679245283017849e+01
8.084562607204117057e+01
8.080445969125214845e+01
8.072384219554029983e+01
8.063979416809604572e+01
8.059348198970839405e+01
8.053516295025727345e+01
8.047684391080616706e+01
8.041852487135506067e+01
8.037392795883361885e+01
8.034133790737564595e+01
8.025385934819897216e+01
8.016123499142366882e+01
8.009605488850772304e+01
8.003087478559176304e+01
7.998627787307032122e+01
7.991938250428816559e+01
7.981475128644939332e+01
7.977358490566037119e+01
7.969296740994853678e+01
7.961406518010292643e+01
7.953516295025728766e+01
7.945626072041166310e+01
7.940823327615780158e+01
7.931732418524870809e+01
7.925900514579760170e+01
7.923499142367066383e+01
7.916123499142366882e+01
7.908747855917667380e+01
7.902229845626071381e+01
7.897255574614065665e+01
7.893310463121784437e+01
7.887307032590051392e+01
7.883190394511150600e+01
7.882161234991424692e+01
7.879931389365353311e+01
7.880445969125213423e+01
7.874614065180102784e+01
7.872898799313894358e+01
7.870840480274443962e+01
7.866552315608919344e+01
7.864493996569467527e+01
7.861063464837050674e+01
7.860548885077187720e+01
7.855060034305317629e+01
7.848542024013721630e+01
7.848027444253858675e+01
7.848542024013721630e+01
7.846483704974271234e+01
7.845797598627787295e+01
7.840308747855917204e+01
7.838250428816465387e+01
7.838421955403086372e+01
7.837392795883361885e+01
7.833962264150943611e+01
7.831732418524870809e+01
7.829502572898799428e+01
7.832590051457975733e+01
7.835677530017153458e+01
7.831903945111493215e+01
7.837392795883361885e+01
7.837221269296742321e+01
7.835677530017153458e+01
7.834133790737564595e+01
7.829845626072039977e+01
7.826929674099486078e+01
7.824013722126929338e+01
7.820926243567753033e+01
7.819039451114923622e+01
7.812349914236706638e+01
7.806861063464836548e+01
7.808061749571183441e+01
7.803945111492279807e+01
7.798456260720411137e+01
7.802229845626071381e+01
7.808576329331046395e+01
7.814751286449399004e+01
7.820068610634648110e+01
7.823670668953687368e+01
7.827101200686107063e+01
7.827958833619211987e+01
7.831389365351628840e+01
7.831217838765007855e+01
7.830874785591765885e+01
7.831903945111491794e+01
7.832933104631217702e+01
7.832761578044596718e+01
7.839108061749571732e+01
7.838936535162950747e+01
7.833276157804459672e+01
7.837049742710119915e+01
7.839622641509433265e+01
7.843567753001714493e+01
7.845111492281301935e+01
7.843396226415093508e+01
7.839622641509433265e+01
7.830703259005144901e+01
7.821612349914235551e+01
7.822126929674098506e+01
7.815951972555745897e+01
7.809777015437391867e+01
7.808404802744423989e+01
7.802058319039450396e+01
7.796912521440822275e+01
7.791595197255574590e+01
7.782675814751286225e+01
7.773413379073755891e+01
7.765523156089193435e+01
7.759348198970840826e+01
7.757975986277872948e+01
7.749742710120068523e+01
7.745969125214408280e+01
7.736878216123498930e+01
7.735677530017153458e+01
7.729674099485420413e+01
7.727272727272728048e+01
7.722469982847340475e+01
7.719554030874786577e+01
7.714236706689536049e+01
7.713722126929674516e+01
7.707890222984562456e+01
7.703430531732419695e+01
7.698284734133790153e+01
7.696054888507718772e+01
7.691252144082332620e+01
7.684734133790738042e+01
7.682504288164665240e+01
7.678730703259004997e+01
7.680102915951972875e+01
7.684562607204117057e+01
7.687135506003430407e+01
7.694168096054889361e+01
7.697770154373927198e+01
7.706174957118352609e+01
7.714751286449399004e+01
7.716638078902229836e+01
7.719897084048027125e+01
7.726415094339623124e+01
7.722813036020582445e+01
7.725557461406518200e+01
7.729674099485418992e+01
7.728987993138936474e+01
7.730017152658660962e+01
7.736535162950256961e+01
7.736535162950255540e+01
7.733104631217838687e+01
7.733276157804459672e+01
7.732246998284733763e+01
7.728473413379073520e+01
7.727615780445968596e+01
7.724013722126929338e+01
7.719382504288165592e+01
7.715780445969124912e+01
7.716981132075471805e+01
7.718353344768439683e+01
7.718867924528302638e+01
7.720240137221269094e+01
7.719210977701544607e+01
7.719382504288165592e+01
7.716295025728987866e+01
7.716295025728987866e+01
7.711492281303601715e+01
7.700857632933104924e+01
7.692109777015437544e+01
7.681818181818181301e+01
7.672898799313892937e+01
7.672898799313892937e+01
7.669296740994853678e+01
7.665523156089193435e+01
7.661749571183533192e+01
7.665866209262435405e+01
7.668267581475127770e+01
7.673413379073755891e+01
7.678387650085763028e+01
7.686449399656946468e+01
7.687478559176672377e+01
7.688679245283017849e+01
7.692281303602058529e+01
7.694339622641508925e+01
7.695540308747854397e+01
7.699142367066895076e+01
7.701029159519725908e+01
7.704459691252142761e+01
7.702915951972555320e+01
7.700857632933104924e+01
7.706003430531731624e+01
7.708404802744425410e+01
7.709262435677530334e+01
7.708919382504286943e+01
7.707204116638078517e+01
7.705488850771868670e+01
7.695368782161234833e+01
7.685077186963980012e+01
7.682847341337907210e+01
7.682332761578044256e+01
7.686620926243567453e+01
7.686277873070325484e+01
7.687307032590051392e+01
7.685934819897083514e+01
7.684048027444252682e+01
7.684048027444254103e+01
7.687135506003428986e+01
7.687135506003428986e+01
7.689708404802743758e+01
7.691595197255574590e+01
7.695883361921096366e+01
7.698627787307032122e+01
7.700857632933104924e+01
7.696054888507718772e+01
7.697770154373927198e+01
7.699828473413379015e+01
7.697427101200685229e+01
7.700514579759862954e+01
7.699656946826758031e+01
7.700514579759862954e+01
7.697427101200685229e+01
7.697941680960548183e+01
7.696054888507717351e+01
7.692452830188678092e+01
7.691938250428815138e+01
7.691938250428816559e+01
7.689022298456261240e+01
7.687478559176670956e+01
7.682161234991423271e+01
7.679759862778729484e+01
7.677701543739279089e+01
7.680617495711834408e+01
7.685248713550599575e+01
7.684562607204115636e+01
7.686963979416809423e+01
7.688336192109775880e+01
7.692109777015437544e+01
7.694339622641508925e+01
7.701886792452829411e+01
7.706174957118352609e+01
7.714579759862778019e+01
7.721440823327615988e+01
7.724528301886792292e+01
7.732075471698112779e+01
7.735677530017152037e+01
7.740823327615780158e+01
7.740308747855917204e+01
7.741337907375643113e+01
7.743396226415094930e+01
7.746312178387651670e+01
7.752144082332762309e+01
7.754545454545456096e+01
7.757975986277874370e+01
7.760205831903945750e+01
7.763636363636364024e+01
7.765866209262435405e+01
7.765180102915951466e+01
7.763464837049743039e+01
7.762778730703259100e+01
7.763293310463120633e+01
7.760034305317324765e+01
7.758147512864493933e+01
7.762950257289880085e+01
7.766552315608919344e+01
7.775128644939965739e+01
7.785077186963980012e+01
7.789708404802743758e+01
7.797084048027443259e+01
7.802058319039450396e+01
7.805488850771868670e+01
7.806346483704973593e+01
7.808747855917667380e+01
7.812178387650084233e+01
7.814236706689536049e+01
7.820411663807891500e+01
7.823670668953687368e+01
7.828473413379073520e+01
7.833276157804459672e+01
7.838078902229845824e+01
7.842710120068610991e+01
7.848370497427102066e+01
7.853859348198972157e+01
7.861063464837050674e+01
7.866552315608919344e+01
7.867238421955403282e+01
7.872898799313894358e+01
7.862092624356776582e+01
7.862435677530017131e+01
7.865008576329330481e+01
7.865866209262435405e+01
7.870497427101201993e+01
7.875128644939965739e+01
7.873070325900515343e+01
7.874785591766723769e+01
7.874785591766723769e+01
7.876329331046312632e+01
7.879588336192108500e+01
7.877701543739279089e+01
7.871526586620925059e+01
7.865523156089193435e+01
7.858319039451114918e+01
7.857804459691251964e+01
7.855403087478558177e+01
7.855060034305316208e+01
7.855917667238421132e+01
7.857804459691251964e+01
7.852830188679243406e+01
7.849399656946826553e+01
7.852144082332760888e+01
7.855574614065179162e+01
7.858662092624355466e+01
7.860034305317323344e+01
7.857118353344768025e+01
7.859862778730703781e+01
7.863979416809604572e+01
7.869125214408234115e+01
7.876329331046312632e+01
7.881132075471697362e+01
7.883018867924528195e+01
7.889193825042880803e+01
7.893653516295024986e+01
7.897770154373927198e+01
7.902915951972555320e+01
7.910120068610633837e+01
7.912349914236705217e+01
7.918696397941681653e+01
7.921612349914235551e+01
7.925728987993139185e+01
7.935849056603774443e+01
7.939108061749571732e+01
7.943910806174956463e+01
7.950428816466552462e+01
7.956260720411663101e+01
7.964493996569467527e+01
7.968953687821613130e+01
7.969982847341337617e+01
7.973756432246999282e+01
7.974614065180102784e+01
7.982504288164665240e+01
7.989708404802743758e+01
7.996569468267581726e+01
8.003259005145797289e+01
8.003945111492281228e+01
8.001372212692967878e+01
8.002058319039451817e+01
8.004802744425387573e+01
8.006689536878216984e+01
8.005488850771870091e+01
8.007547169811320487e+01
8.004802744425386152e+01
8.004459691252145603e+01
8.002915951972556741e+01
8.010120068610635258e+01
8.008233276157804426e+01
8.012178387650085654e+01
8.013550600343053532e+01
8.009433962264151319e+01
8.007204116638078517e+01
8.006003430531731624e+01
8.012178387650084233e+01
8.019897084048025704e+01
8.025557461406516779e+01
8.027615780445968596e+01
8.033276157804459672e+01
8.033447684391080656e+01
8.035162950257290504e+01
8.038421955403089214e+01
8.037392795883361885e+01
8.037564322469982869e+01
8.038250428816466808e+01
8.040137221269297640e+01
8.045969125214408280e+01
8.054202401372212705e+01
8.058147512864493933e+01
8.064837049742709496e+01
8.072898799313892937e+01
8.080617495711835829e+01
8.083190394511149179e+01
8.088679245283017849e+01
8.093996569468266955e+01
8.098113207547169168e+01
8.097941680960548183e+01
8.091423670668953605e+01
8.093653516295026407e+01
8.096226415094339757e+01
8.100857632933104924e+01
8.106174957118352609e+01
8.112521440823327623e+01
8.114065180102915065e+01
8.113207547169810141e+01
8.108747855917667380e+01
8.103087478559176304e+01
8.107204116638078517e+01
8.110120068610633837e+01
8.111492281303600294e+01
8.114579759862778019e+01
8.116981132075471805e+01
8.125557461406518200e+01
8.128816466552315489e+01
8.132590051457975733e+01
8.138593481989708778e+01
8.137392795883361885e+01
8.143053173241852960e+01
8.145797598627788716e+01
8.155574614065180583e+01
8.161578044596913628e+01
8.167238421955403282e+01
8.177701543739280510e+01
8.181475128644940753e+01
8.188336192109777301e+01
8.193481989708405422e+01
8.193653516295026407e+01
8.198113207547169168e+01
8.199485420240137046e+01
8.211149228130359745e+01
8.220240137221269094e+01
8.228130360205832972e+01
8.232590051457975733e+01
8.246826758147513203e+01
8.251286449399657386e+01
8.255746140651800147e+01
8.272384219554029983e+01
8.285248713550600996e+01
8.292109777015437544e+01
8.300000000000000000e+01
8.313550600343052110e+01
8.325728987993139185e+01
8.336878216123498930e+01
8.342710120068610991e+01
8.353687821612349751e+01
8.359176672384219842e+01
8.364665523156089932e+01
8.371183533447684511e+01
8.386106346483705920e+01
8.393653516295026407e+01
8.401200686106346893e+01
8.408747855917667380e+01
8.413207547169811562e+01
8.417495711835334760e+01
8.433619210977701641e+01
8.436192109777016412e+01
8.447169811320755173e+01
8.460891938250429689e+01
8.475814751286449678e+01
8.483190394511149179e+01
8.494682675814750894e+01
8.504974271012005715e+01
8.513379073756431126e+01
8.524356775300171307e+01
8.527272727272726627e+01
8.531217838765007855e+01
8.535162950257290504e+01
8.539794168096054250e+01
8.548542024013721630e+01
8.553687821612349751e+01
8.561063464837049253e+01
8.563636363636362603e+01
8.561406518010292643e+01
8.567581475128645252e+01
8.571183533447684511e+01
8.578216123499143464e+01
8.586792452830189859e+01
8.591080617495711635e+01
8.597255574614065665e+01
8.596569468267583147e+01
8.598456260720411137e+01
8.597598627787307635e+01
8.596569468267581726e+01
8.602401372212693786e+01
8.603087478559176304e+01
8.607718696397941471e+01
8.609777015437393288e+01
8.605317324185247685e+01
8.606346483704975014e+01
8.610977701543740181e+01
8.612521440823327623e+01
8.616295025728987866e+01
8.620068610634648110e+01
8.624356775300171307e+01
8.631389365351628840e+01
8.631389365351628840e+01
8.632590051457975733e+01
8.633619210977701641e+01
8.627272727272725206e+01
8.627272727272725206e+01
8.620926243567753033e+01
8.618353344768439683e+01
8.613036020583190577e+01
8.611320754716980730e+01
8.605831903945110639e+01
8.613036020583189156e+01
8.615094339622640973e+01
8.620068610634648110e+01
8.620926243567751612e+01
8.626415094339623124e+01
8.624185248713550322e+01
8.627272727272728048e+01
8.630874785591765885e+01
8.634819897084048534e+01
8.636706689536879367e+01
8.647169811320753752e+01
8.650085763293310492e+01
8.656603773584905070e+01
8.663293310463122054e+01
8.662950257289881506e+01
8.668439108061750176e+01
8.674099485420239830e+01
8.674614065180102784e+01
8.677701543739279089e+01
8.680789022298455393e+01
8.679588336192108500e+01
8.678387650085761607e+01
8.679416809605487515e+01
8.679245283018866530e+01
8.676500857632933617e+01
8.683533447684391149e+01
8.683190394511149179e+01
8.679416809605487515e+01
8.679416809605487515e+01
8.679416809605487515e+01
8.680617495711834408e+01
8.680789022298455393e+01
8.685248713550600996e+01
8.686449399656947890e+01
8.688507718696396864e+01
8.692967409948542468e+01
8.689879931389364742e+01
8.684391080617496073e+01
8.678902229845625982e+01
8.680102915951972875e+01
8.675128644939965739e+01
8.671526586620926480e+01
8.671183533447684511e+01
8.674957118353344754e+01
8.674442538593481800e+01
8.674957118353344754e+01
8.668610634648371160e+01
8.666037735849056389e+01
8.660548885077186299e+01
8.665008576329330481e+01
8.655574614065179162e+01
8.654545454545454675e+01
8.649228130360205569e+01
8.646826758147511782e+01
8.654030874785590299e+01
8.647341337907374736e+01
8.647684391080616706e+01
8.638936535162950747e+01
8.632933104631217702e+01
8.624185248713550322e+01
8.618181818181818699e+01
8.618524871355060668e+01
8.608576329331046395e+01
8.607547169811320487e+01
8.603430531732418274e+01
8.596397941680959320e+01
8.601715265866209847e+01
8.597598627787306214e+01
8.593481989708405422e+01
8.589365351629501788e+01
8.585077186963980012e+01
8.580960548885076378e+01
8.579588336192108500e+01
8.575128644939965739e+01
8.575471698113207708e+01
8.577015437392796571e+01
8.573241852487136327e+01
8.568782161234992145e+01
8.564150943396226978e+01
8.560720411663808704e+01
8.555231560891938614e+01
8.549399656946826553e+01
8.542538593481990006e+01
8.534133790737564595e+01
8.524871355060034261e+01
8.519039451114922201e+01
8.512178387650085654e+01
8.502744425385934335e+01
8.494682675814752315e+01
8.486792452830188438e+01
8.486792452830189859e+01
8.485934819897084935e+01
8.480960548885077799e+01
8.480274442538593860e+01
8.480960548885077799e+01
8.479588336192109921e+01
8.479931389365351890e+01
8.482504288164665240e+01
8.479588336192109921e+01
8.475814751286449678e+01
8.472041166380788013e+01
8.468096054888508206e+01
8.474099485420239830e+01
8.470840480274442541e+01
8.468953687821613130e+01
8.469811320754716633e+01
8.467409948542024267e+01
8.469982847341339038e+01
8.466552315608919344e+01
8.465866209262435405e+01
8.461578044596912207e+01
8.466209262435677374e+01
8.465351629502572450e+01
8.463807890222983588e+01
8.462264150943397567e+01
8.460034305317324765e+01
8.466895368782161313e+01
8.465523156089193435e+01
8.465180102915951466e+01
8.463636363636364024e+01
8.463293310463122054e+01
8.461749571183533192e+01
8.468782161234992145e+01
8.463807890222985009e+01
8.460034305317324765e+01
8.458319039451114918e+01
8.456775300171526055e+01
8.454545454545454675e+01
8.453173241852486797e+01
8.449228130360205569e+01
8.444253859348199853e+01
8.443739279588335478e+01
8.435334476843911489e+01
8.429674099485418992e+01
8.421440823327614567e+01
8.416809605488850821e+01
8.413036020583190577e+01
8.409433962264151319e+01
8.406003430531731624e+01
8.400171526586620985e+01
8.393310463121784437e+01
8.388507718696396864e+01
8.385248713550599575e+01
8.383018867924528195e+01
8.380617495711834408e+01
8.377186963979417555e+01
8.379245283018869372e+01
8.378730703259006418e+01
8.381989708404802286e+01
8.381646655231560317e+01
8.375128644939965739e+01
8.369811320754716633e+01
8.369468267581476084e+01
8.366723842195540328e+01
8.363807890222983588e+01
8.365694682675814420e+01
8.367581475128645252e+01
8.371698113207546044e+01
8.372041166380788013e+01
8.373927958833618845e+01
8.376843910806175586e+01
8.374614065180102784e+01
8.377530017152659525e+01
8.380445969125214845e+01
8.380960548885076378e+01
8.382504288164665240e+01
8.379416809605488936e+01
8.377530017152658104e+01
8.375471698113207708e+01
8.373070325900513922e+01
8.370840480274442541e+01
8.368610634648371160e+01
8.366723842195540328e+01
8.358833619210977872e+01
8.352487135506002858e+01
8.350257289879931477e+01
8.347855917667237691e+01
8.345454545454543904e+01
8.347684391080616706e+01
8.347341337907376158e+01
8.347169811320755173e+01
8.340308747855917204e+01
8.333447684391080656e+01
8.332075471698112779e+01
8.333104631217838687e+01
8.329845626072039977e+01
8.328987993138935053e+01
8.325728987993139185e+01
8.325728987993139185e+01
8.326929674099486078e+01
8.323842195540308353e+01
8.326243567753002139e+01
8.324528301886792292e+01
8.325214408233276231e+01
8.328301886792453956e+01
8.330017152658662383e+01
8.331732418524870809e+01
8.332590051457975733e+01
8.332075471698112779e+01
8.330360205831904352e+01
8.328130360205832972e+01
8.330360205831904352e+01
8.331732418524872230e+01
8.328473413379073520e+01
8.331046312178388291e+01
8.326415094339623124e+01
8.330360205831904352e+01
8.334305317324185580e+01
8.332933104631217702e+01
8.332761578044596718e+01
8.337564322469982869e+01
8.338936535162949326e+01
8.342538593481990006e+01
8.347341337907374736e+01
8.348198970840479660e+01
8.350428816466552462e+01
8.350771869639794431e+01
8.356089193825042116e+01
8.359691252144081375e+01
8.362092624356775161e+01
8.364493996569467527e+01
8.360205831903945750e+01
8.362435677530017131e+01
8.366380789022298359e+01
8.367581475128645252e+01
8.362264150943396146e+01
8.366037735849056389e+01
8.366723842195540328e+01
8.366380789022298359e+01
8.367066895368782298e+01
8.363464837049741618e+01
8.355231560891938614e+01
8.346483704974271234e+01
8.342710120068610991e+01
8.334305317324185580e+01
8.322641509433962881e+01
8.317667238421955744e+01
8.307375643224699502e+01
8.305317324185249106e+01
8.299656946826758031e+01
8.298970840480274092e+01
8.297084048027444680e+01
8.297941680960548183e+01
8.298284734133790153e+01
8.300514579759862954e+01
8.302401372212692365e+01
8.308576329331044974e+01
8.307547169811320487e+01
8.306518010291594578e+01
8.309605488850772304e+01
8.310120068610635258e+01
8.307547169811320487e+01
8.301886792452830832e+01
8.300857632933104924e+01
8.295025728987991442e+01
8.294682675814750894e+01
8.291252144082332620e+01
8.290737564322469666e+01
8.283876500857633118e+01
8.279588336192109921e+01
8.285420240137221981e+01
8.287478559176673798e+01
8.287307032590051392e+01
8.285077186963980012e+01
8.273756432246999282e+01
8.270497427101200572e+01
8.266380789022298359e+01
8.263979416809605993e+01
8.253859348198970736e+01
8.243910806174956463e+01
8.233790737564322626e+01
8.219725557461407561e+01
8.213207547169810141e+01
8.206174957118352609e+01
8.200343053173241969e+01
8.194511149228131330e+01
8.191423670668953605e+01
8.185248713550599575e+01
8.177873070325900073e+01
8.172212692967408998e+01
8.166380789022298359e+01
8.162950257289880085e+01
8.158319039451114918e+01
8.154373927958832269e+01
8.148027444253858675e+01
8.139279588336191296e+01
8.137049742710118494e+01
8.132246998284733763e+01
8.127615780445968596e+01
8.127958833619210566e+01
8.129674099485420413e+01
8.127272727272728048e+01
8.124528301886792292e+01
8.123327615780445399e+01
8.122126929674098506e+01
8.123499142367066383e+01
8.124871355060034261e+01
8.126586620926244109e+01
8.127101200686107063e+01
8.129845626072041398e+01
8.132590051457975733e+01
8.135334476843910068e+01
8.140308747855917204e+01
8.143910806174957884e+01
8.149399656946826553e+01
8.154888507718696644e+01
8.160377358490565314e+01
8.166895368782161313e+01
8.168439108061748755e+01
8.175300171526586723e+01
8.178387650085763028e+01
8.184734133790736621e+01
8.195025728987992863e+01
8.203773584905660243e+01
8.212521440823326202e+01
8.221612349914235551e+01
8.226758147512865094e+01
8.229845626072041398e+01
8.232761578044596718e+01
8.235677530017153458e+01
8.238421955403086372e+01
8.244939965694682371e+01
8.253001715265867233e+01
8.260720411663808704e+01
8.266037735849056389e+01
8.272212692967408998e+01
8.277873070325901494e+01
8.272212692967408998e+01
8.271355060034304074e+01
8.273756432246997861e+01
8.278730703259004997e+01
8.278730703259003576e+01
8.272727272727273373e+01
8.271355060034305495e+01
8.261921097770155598e+01
8.260720411663808704e+01
8.257632933104632400e+01
8.259176672384219842e+01
8.255574614065180583e+01
8.255746140651800147e+01
8.254545454545454675e+01
8.256260720411663101e+01
8.253859348198970736e+01
8.250085763293310492e+01
8.247341337907374736e+01
8.242538593481990006e+01
8.239279588336191296e+01
8.235677530017153458e+01
8.231046312178388291e+01
8.226758147512865094e+01
8.225900514579760170e+01
8.223670668953687368e+01
8.220068610634648110e+01
8.218010291595197714e+01
8.214065180102915065e+01
8.204974271012005715e+01
8.195711835334475381e+01
8.181303602058318347e+01
8.168782161234990724e+01
8.157632933104630979e+01
8.146312178387648828e+01
8.137564322469981448e+01
8.132590051457975733e+01
8.124013722126929338e+01
8.116638078902229836e+01
8.108061749571183441e+01
8.106689536878215563e+01
8.104116638078900792e+01
8.101543739279588863e+01
8.095540308747855818e+01
8.089536878216122773e+01
8.085420240137221981e+01
8.085591766723842966e+01
8.081989708404802286e+01
8.077873070325900073e+01
8.072041166380788013e+01
8.069468267581474663e+01
8.069982847341336196e+01
8.067581475128645252e+01
8.067238421955403282e+01
8.065523156089193435e+01
8.064322469982846542e+01
8.063293310463120633e+01
8.062607204116638115e+01
8.062092624356775161e+01
8.066895368782161313e+01
8.066552315608919344e+01
8.068953687821613130e+01
8.069639794168097069e+01
8.071012006861063526e+01
8.075814751286449678e+01
8.086106346483704499e+01
8.092281303602058529e+01
8.099485420240137046e+01
8.095025728987992863e+01
8.089708404802743758e+01
8.085591766723842966e+01
8.091423670668953605e+01
8.093825042881647391e+01
8.101886792452830832e+01
8.112349914236706638e+01
8.115780445969124912e+01
8.108233276157804426e+01
8.109262435677530334e+01
8.110463121783877227e+01
8.111663807890224120e+01
8.110977701543740181e+01
8.110291595197256242e+01
8.109433962264151319e+01
8.108576329331046395e+01
8.109948542024012852e+01
8.112349914236706638e+01
8.110806174957119197e+01
8.109090909090909349e+01
8.107204116638078517e+01
8.105317324185249106e+01
8.094854202401373300e+01
8.089879931389364742e+01
8.084734133790738042e+01
8.084391080617496073e+01
8.082847341337907210e+01
8.076329331046312632e+01
8.075986277873070662e+01
8.074099485420241251e+01
8.071698113207547465e+01
8.065866209262435405e+01
8.060034305317324765e+01
8.054545454545454675e+01
8.050085763293310492e+01
8.049571183533448959e+01
8.048713550600342614e+01
8.044082332761578868e+01
8.040994854202401143e+01
8.036363636363637397e+01
8.034991423670669519e+01
8.033619210977701641e+01
8.032761578044596718e+01
8.029502572898799428e+01
8.024528301886792292e+01
8.022813036020583866e+01
8.024871355060034261e+01
8.029502572898800850e+01
8.029502572898799428e+01
8.025728987993139185e+01
8.023327615780445399e+01
8.022813036020582445e+01
8.020240137221269094e+01
8.016123499142366882e+01
8.012349914236706638e+01
8.012521440823327623e+01
8.011835334476843684e+01
8.011149228130359745e+01
8.004288164665521776e+01
7.997255574614065665e+01
7.989193825042880803e+01
7.986792452830188438e+01
7.982504288164665240e+01
7.978216123499143464e+01
7.977530017152659525e+01
7.977186963979416134e+01
7.978216123499142043e+01
7.978044596912522479e+01
7.980274442538592439e+01
7.979245283018867951e+01
7.980960548885076378e+01
7.979416809605487515e+01
7.980102915951972875e+01
7.979245283018867951e+01
7.974614065180102784e+01
7.971012006861062105e+01
7.971526586620925059e+01
7.971698113207546044e+01
7.972555746140650967e+01
7.973584905660376876e+01
7.980274442538592439e+01
7.985248713550600996e+01
7.987993138936536752e+01
7.989022298456261240e+01
7.986449399656947890e+01
7.983876500857633118e+01
7.982847341337907210e+01
7.985934819897083514e+01
7.988679245283019270e+01
7.994511149228129909e+01
7.997941680960548183e+01
7.999485420240137046e+01
8.002058319039451817e+01
8.010463121783877227e+01
8.011835334476845105e+01
8.008747855917667380e+01
8.008576329331046395e+01
8.014408233276157034e+01
8.016295025728987866e+01
8.017667238421955744e+01
8.020583190394511064e+01
8.023499142367067805e+01
8.021097770154374018e+01
8.019554030874785155e+01
8.020068610634649531e+01
8.019210977701544607e+01
8.018353344768439683e+01
8.022641509433961460e+01
8.024356775300171307e+01
8.023670668953688789e+01
8.027958833619211987e+01
8.034133790737563174e+01
8.034991423670669519e+01
8.024528301886792292e+01
8.019897084048027125e+01
8.016466552315608851e+01
8.022126929674098506e+01
8.016638078902229836e+01
8.014922813036019988e+01
8.012521440823329044e+01
8.005145797598628121e+01
7.995883361921097787e+01
8.004802744425386152e+01
8.011663807890224120e+01
8.010463121783877227e+01
8.004116638078902213e+01
8.006689536878216984e+01
8.012006861063464669e+01
8.012692967409950029e+01
8.014065180102916486e+01
8.017667238421955744e+01
8.019039451114923622e+01
8.012692967409948608e+01
8.014408233276157034e+01
8.013893653516295501e+01
8.014408233276158455e+01
8.016295025728987866e+01
8.012692967409948608e+01
8.004288164665523198e+01
8.000171526586620985e+01
7.990737564322469666e+01
7.981303602058318347e+01
7.971698113207547465e+01
7.964322469982847963e+01
7.956775300171526055e+01
7.950085763293310492e+01
7.940994854202401143e+01
7.934305317324185580e+01
7.927615780445970017e+01
7.922469982847340475e+01
7.915780445969124912e+01
7.909090909090909349e+01
7.902401372212693786e+01
7.898284734133790153e+01
7.891423670668953605e+01
7.884562607204117057e+01
7.883018867924528195e+01
7.879588336192109921e+01
7.876157804459691647e+01
7.873584905660376876e+01
7.868610634648371160e+01
7.863636363636362603e+01
7.862435677530015710e+01
7.862264150943394725e+01
7.860720411663807283e+01
7.862092624356773740e+01
7.864837049742709496e+01
7.867066895368782298e+01
7.868096054888508206e+01
7.866380789022298359e+01
7.863636363636364024e+01
7.869296740994855099e+01
7.876672384219554601e+01
7.881818181818181301e+01
7.889708404802743758e+01
7.892452830188679513e+01
7.896569468267581726e+01
7.903087478559176304e+01
7.909777015437393288e+01
7.915094339622640973e+01
7.925214408233276231e+01
7.935162950257290504e+01
7.946312178387648828e+01
7.951972555746139903e+01
7.960205831903944329e+01
7.969811320754718054e+01
7.973241852487136327e+01
7.979588336192109921e+01
7.979759862778730906e+01
7.973756432246997861e+01
7.967066895368782298e+01
7.969639794168097069e+01
7.969639794168095648e+01
7.970840480274442541e+01
7.970497427101200572e+01
7.971869639794168449e+01
7.973241852487134906e+01
7.970497427101200572e+01
7.973413379073755891e+01
7.965866209262435405e+01
7.955917667238421132e+01
7.951114922813036401e+01
7.946483704974271234e+01
7.953859348198970736e+01
7.945626072041167731e+01
7.938421955403087793e+01
7.936535162950258382e+01
7.932418524871354748e+01
7.926929674099486078e+01
7.926072041166381155e+01
7.930703259005144901e+01
7.937221269296740900e+01
7.936535162950258382e+01
7.935334476843911489e+01
7.928473413379074941e+01
7.927958833619211987e+01
7.928301886792453956e+01
7.927787307032591002e+01
7.929845626072042819e+01
7.932590051457975733e+01
7.937735849056603854e+01
7.939451114922813701e+01
7.948542024013723051e+01
7.957461406518009994e+01
7.962435677530017131e+01
7.970325900514579587e+01
7.979588336192109921e+01
7.988850771869638834e+01
7.986792452830187017e+01
7.990051457975985727e+01
7.992795883361920062e+01
7.997084048027443259e+01
7.993310463121784437e+01
7.991595197255574590e+01
7.988507718696396864e+01
7.988850771869638834e+01
7.991938250428816559e+01
7.993138936535163452e+01
7.995711835334478224e+01
7.998970840480274092e+01
7.999313893653516061e+01
7.998799313893653107e+01
7.999142367066895076e+01
7.987650085763293362e+01
7.992281303602058529e+01
7.991766723842195574e+01
7.996912521440822275e+01
7.995540308747855818e+01
7.998456260720411137e+01
8.000686106346483939e+01
7.997427101200686650e+01
8.003945111492281228e+01
8.004631217838763746e+01
8.009605488850772304e+01
8.015265866209261958e+01
8.005831903945110639e+01
8.006518010291594578e+01
8.008404802744425410e+01
8.009090909090909349e+01
8.010120068610633837e+01
8.009777015437393288e+01
8.009262435677530334e+01
8.010120068610633837e+01
8.012521440823327623e+01
8.013550600343052110e+01
8.016123499142366882e+01
8.016123499142366882e+01
8.012178387650085654e+01
8.008404802744425410e+01
8.011492281303601715e+01
8.012006861063464669e+01
8.013036020583189156e+01
8.014236706689536049e+01
8.013379073756432547e+01
8.012864493996569593e+01
8.015265866209261958e+01
8.017667238421954323e+01
8.019554030874785155e+01
8.020583190394511064e+01
8.018524871355060668e+01
8.018867924528301216e+01
8.022298456260719490e+01
8.021440823327614567e+01
8.018181818181818699e+01
8.020754716981130628e+01
8.018010291595197714e+01
8.015608919382503927e+01
8.018524871355059247e+01
8.022298456260719490e+01
8.026072041166381155e+01
8.032590051457975733e+01
8.031560891938249824e+01
8.036020583190394007e+01
8.045454545454545325e+01
8.047169811320753752e+01
8.052144082332762309e+01
8.054545454545453254e+01
8.062950257289878664e+01
8.067753001715266237e+01
8.079416809605488936e+01
8.084219554030875088e+01
8.094682675814750894e+01
8.102058319039450396e+01
8.109433962264149898e+01
8.120240137221267673e+01
8.118524871355060668e+01
8.126929674099486078e+01
8.134305317324185580e+01
8.141680960548885082e+01
8.149056603773584584e+01
8.155403087478558177e+01
8.155403087478558177e+01
8.162778730703257679e+01
8.168953687821611709e+01
8.174099485420239830e+01
8.178902229845625982e+01
8.186620926243567453e+01
8.188679245283019270e+01
8.195025728987991442e+01
8.202915951972555320e+01
8.206174957118352609e+01
8.213036020583190577e+01
8.218353344768439683e+01
8.220411663807890079e+01
8.222984562607203429e+01
8.222641509433961460e+01
8.224356775300171307e+01
8.225900514579758749e+01
8.225900514579760170e+01
8.231217838765007855e+01
8.233276157804459672e+01
8.232590051457975733e+01
8.230703259005144901e+01
8.228816466552315489e+01
8.226929674099486078e+01
8.223327615780445399e+01
8.220926243567751612e+01
8.217152658662092790e+01
8.213379073756431126e+01
8.212006861063466090e+01
8.210634648370498212e+01
8.210634648370496791e+01
8.213036020583190577e+01
8.214236706689536049e+01
8.209433962264151319e+01
8.202058319039451817e+01
8.198970840480274092e+01
8.194511149228129909e+01
8.193996569468266955e+01
8.188336192109775880e+01
8.190566037735848681e+01
8.186277873070326905e+01
8.180445969125213423e+01
8.178559176672382591e+01
8.177015437392795150e+01
8.177701543739279089e+01
8.176672384219554601e+01
8.175986277873069241e+01
8.175643224699828693e+01
8.176500857632933617e+01
8.177358490566037119e+01
8.176500857632933617e+01
8.180445969125213423e+01
8.182847341337907210e+01
8.183704974271012134e+01
8.184562607204117057e+01
8.186792452830188438e+01
8.185591766723842966e+01
8.185763293310463951e+01
8.187135506003430407e+01
8.195368782161234833e+01
8.204631217838763746e+01
8.209777015437393288e+01
8.213722126929673095e+01
8.219554030874785155e+01
8.226758147512863673e+01
8.235162950257290504e+01
8.237735849056602433e+01
8.242881646655231975e+01
8.250943396226413995e+01
8.255917667238421132e+01
8.265351629502572450e+01
8.273070325900513922e+01
8.278216123499142043e+01
8.284905660377359027e+01
8.291595197255574590e+01
8.298113207547169168e+01
8.304459691252142761e+01
8.313722126929673095e+01
8.322298456260719490e+01
8.326415094339623124e+01
8.331560891938249824e+01
8.343396226415094930e+01
8.349399656946826553e+01
8.362950257289878664e+01
8.364150943396225557e+01
8.367924528301887221e+01
8.377015437392795150e+01
8.382332761578044256e+01
8.384048027444254103e+01
8.390222984562608133e+01
8.390394511149227696e+01
8.391766723842195574e+01
8.392281303602058529e+01
8.391423670668953605e+01
8.396397941680959320e+01
8.393996569468268376e+01
8.391595197255574590e+01
8.389193825042880803e+01
8.381646655231560317e+01
8.385763293310462529e+01
8.381818181818181301e+01
8.375643224699828693e+01
8.368096054888508206e+01
8.367753001715266237e+01
8.362950257289878664e+01
8.356946826758147040e+01
8.350943396226415416e+01
8.345111492281303356e+01
8.350771869639794431e+01
8.356432246998284086e+01
8.359862778730703781e+01
8.359005145797598857e+01
8.361578044596912207e+01
8.362264150943396146e+01
8.365866209262435405e+01
8.367066895368782298e+01
8.362435677530015710e+01
8.361406518010291222e+01
8.359519725557461811e+01
8.348885077186963599e+01
8.345283018867925762e+01
8.343396226415093508e+01
8.336192109777016412e+01
8.330360205831902931e+01
8.323842195540308353e+01
8.325900514579760170e+01
8.323499142367066383e+01
8.318010291595197714e+01
8.318353344768439683e+01
8.316809605488850821e+01
8.319725557461407561e+01
8.314922813036019988e+01
8.316295025728987866e+01
8.314751286449399004e+01
8.316466552315608851e+01
8.317495711835334760e+01
8.322813036020582445e+01
8.325900514579760170e+01
8.327958833619210566e+01
8.332075471698112779e+01
8.336706689536877946e+01
8.337221269296740900e+01
8.346140651801027843e+01
8.349399656946826553e+01
8.354030874785591720e+01
8.363807890222983588e+01
8.374785591766723769e+01
8.385934819897083514e+01
8.391766723842195574e+01
8.393653516295026407e+01
8.397255574614065665e+01
8.405660377358489654e+01
8.411320754716980730e+01
8.405831903945110639e+01
8.400000000000000000e+01
8.406346483704973593e+01
8.408404802744425410e+01
8.413550600343053532e+01
8.417324185248713775e+01
8.413379073756433968e+01
8.414236706689538892e+01
8.410120068610635258e+01
8.420411663807890079e+01
8.430703259005144901e+01
8.433276157804459672e+01
8.437049742710119915e+01
8.442881646655231975e+01
8.448713550600342614e+01
8.456946826758147040e+01
8.466380789022298359e+01
8.474271012006860815e+01
8.482161234991423271e+01
8.489708404802743758e+01
8.494682675814752315e+01
8.499656946826758031e+01
8.504459691252142761e+01
8.509090909090909349e+01
8.509262435677530334e+01
8.509433962264151319e+01
8.510463121783877227e+01
8.506861063464836548e+01
8.497941680960549604e+01
8.492795883361921483e+01
8.484905660377359027e+01
8.478559176672385433e+01
8.470840480274442541e+01
8.469296740994855099e+01
8.461406518010291222e+01
8.458319039451114918e+01
8.447855917667237691e+01
8.438936535162949326e+01
8.428644939965694505e+01
8.420926243567753033e+01
8.411835334476843684e+01
8.407718696397941471e+01
8.402401372212692365e+01
8.397084048027444680e+01
8.391595197255574590e+01
8.385077186963980012e+01
8.375814751286449678e+01
8.366552315608919344e+01
8.355917667238422553e+01
8.349056603773586005e+01
8.338593481989708778e+01
8.328130360205831551e+01
8.327101200686107063e+01
8.322298456260720911e+01
8.313207547169811562e+01
8.304116638078902213e+01
8.295025728987992863e+01
8.293138936535163452e+01
8.286620926243568874e+01
8.287993138936535331e+01
8.283876500857633118e+01
8.279759862778730906e+01
8.274099485420239830e+01
8.270840480274441120e+01
8.266723842195540328e+01
8.265180102915951466e+01
8.260891938250428268e+01
8.259348198970840826e+01
8.259005145797598857e+01
8.256089193825042116e+01
8.251286449399657386e+01
8.250771869639794431e+01
8.250600343053173447e+01
8.252658662092625264e+01
8.257118353344768025e+01
8.258147512864493933e+01
8.260720411663807283e+01
8.263293310463122054e+01
8.267066895368782298e+01
8.271183533447684511e+01
8.277186963979417555e+01
8.280789022298455393e+01
8.284734133790738042e+01
8.292281303602058529e+01
8.295883361921099208e+01
8.299828473413379015e+01
8.303773584905661664e+01
8.301886792452830832e+01
8.305145797598628121e+01
8.308747855917667380e+01
8.314751286449400425e+01
8.314922813036019988e+01
8.316466552315608851e+01
8.318181818181817277e+01
8.321783876500857957e+01
8.328987993138935053e+01
8.332761578044596718e+01
8.332590051457975733e+01
8.334991423670668098e+01
8.338078902229844402e+01
8.341166380789022128e+01
8.342538593481990006e+01
8.343396226415094930e+01
8.343567753001715914e+01
8.345454545454546746e+01
8.346483704974272655e+01
8.346140651801029264e+01
8.347169811320753752e+01
8.348027444253858675e+01
8.348713550600342614e+01
8.345454545454543904e+01
8.343396226415093508e+01
8.340651801029159174e+01
8.339622641509433265e+01
8.340651801029159174e+01
8.338936535162950747e+01
8.337735849056603854e+01
8.339622641509433265e+01
8.344253859348199853e+01
8.351457975986278370e+01
8.356603773584905070e+01
8.357804459691251964e+01
8.356775300171527476e+01
8.355060034305316208e+01
8.353001715265867233e+01
8.348885077186963599e+01
8.343567753001715914e+01
8.354030874785591720e+01
8.354716981132075659e+01
8.353173241852488218e+01
8.350771869639794431e+01
8.348370497427102066e+01
8.345626072041166310e+01
8.347855917667237691e+01
8.345283018867922920e+01
8.345111492281303356e+01
8.338593481989708778e+01
8.338765008576329762e+01
8.340651801029159174e+01
8.342195540308748036e+01
8.343567753001714493e+01
8.350257289879931477e+01
8.355060034305316208e+01
8.355917667238421132e+01
8.358147512864493933e+01
8.356260720411663101e+01
8.353173241852488218e+01
8.351286449399657386e+01
8.348198970840479660e+01
8.346312178387651670e+01
8.347855917667237691e+01
8.346826758147513203e+01
8.345283018867925762e+01
8.343910806174957884e+01
8.337392795883361885e+01
8.336192109777016412e+01
8.337392795883363306e+01
8.337907375643224839e+01
8.339965694682676656e+01
8.335849056603774443e+01
8.339279588336191296e+01
8.345454545454545325e+01
8.344253859348199853e+01
8.344939965694683792e+01
8.349571183533447538e+01
8.345969125214408280e+01
8.348713550600342614e+01
8.349571183533447538e+01
8.352830188679244827e+01
8.359348198970840826e+01
8.360377358490566735e+01
8.366037735849056389e+01
8.371526586620927901e+01
8.376843910806175586e+01
8.383533447684391149e+01
8.381989708404802286e+01
8.390222984562606712e+01
8.392109777015437544e+01
8.393996569468266955e+01
8.407204116638078517e+01
8.408233276157804426e+01
8.411320754716982151e+01
8.414408233276159876e+01
8.417495711835334760e+01
8.420411663807891500e+01
8.421783876500859378e+01
8.424699828473413277e+01
8.422298456260720911e+01
8.428301886792452535e+01
8.434133790737564595e+01
8.439965694682675235e+01
8.448370497427100645e+01
8.455403087478559598e+01
8.455403087478559598e+01
8.455917667238421132e+01
8.456603773584905070e+01
8.454716981132075659e+01
8.459691252144082796e+01
8.464665523156088511e+01
8.469468267581476084e+01
8.470668953687821556e+01
8.470497427101201993e+01
8.477186963979417555e+01
8.487478559176672377e+01
8.486963979416810844e+01
8.494511149228131330e+01
8.488507718696398285e+01
8.489022298456261240e+01
8.493481989708405422e+01
8.497941680960549604e+01
8.504288164665524619e+01
8.508233276157804426e+01
8.509433962264151319e+01
8.513379073756432547e+01
8.523670668953688789e+01
8.524871355060035683e+01
8.525557461406518200e+01
8.528301886792453956e+01
8.530703259005146322e+01
8.532590051457975733e+01
8.533447684391080656e+01
8.537049742710119915e+01
8.536535162950258382e+01
8.538250428816466808e+01
8.539965694682675235e+01
8.542710120068609569e+01
8.544082332761577447e+01
8.543567753001715914e+01
8.543053173241852960e+01
8.543567753001713072e+01
8.542881646655230554e+01
8.534648370497426129e+01
8.537221269296740900e+01
8.536020583190395428e+01
8.531389365351628840e+01
8.527272727272726627e+01
8.526415094339623124e+01
8.525728987993139185e+01
8.530360205831902931e+01
8.531046312178386870e+01
8.536192109777013570e+01
8.530703259005144901e+01
8.525214408233276231e+01
8.522298456260719490e+01
8.525728987993137764e+01
8.521783876500856536e+01
8.520240137221270516e+01
8.516295025728987866e+01
8.510291595197256242e+01
8.507032590051457532e+01
8.505145797598628121e+01
8.503945111492279807e+01
8.504116638078902213e+01
8.506518010291594578e+01
8.506346483704973593e+01
8.504974271012005715e+01
8.506689536878215563e+01
8.507718696397941471e+01
8.508576329331046395e+01
8.511320754716982151e+01
8.513550600343052110e+01
8.514236706689536049e+01
8.514922813036019988e+01
8.517838765008575308e+01
8.518181818181817277e+01
8.521097770154372597e+01
8.524013722126929338e+01
8.527958833619210566e+01
8.525728987993139185e+01
8.525042881646655246e+01
8.529331046312178444e+01
8.533619210977701641e+01
8.538936535162950747e+01
8.541509433962264097e+01
8.541680960548885082e+01
8.541852487135506067e+01
8.539794168096054250e+01
8.540308747855917204e+01
8.540823327615780158e+01
8.544596912521440402e+01
8.548370497427100645e+01
8.546826758147513203e+01
8.547855917667237691e+01
8.547684391080616706e+01
8.546312178387648828e+01
8.543739279588335478e+01
8.539965694682675235e+01
8.538593481989707357e+01
8.537221269296739479e+01
8.535849056603773022e+01
8.529331046312178444e+01
8.524013722126929338e+01
8.517667238421955744e+01
8.510120068610635258e+01
8.507032590051457532e+01
8.502915951972555320e+01
8.496054888507717351e+01
8.485591766723842966e+01
8.481646655231560317e+01
8.470325900514579587e+01
8.459348198970840826e+01
8.448198970840479660e+01
8.443224699828473945e+01
8.437907375643224839e+01
8.431560891938249824e+01
8.426586620926244109e+01
8.422126929674098506e+01
8.426415094339623124e+01
8.427101200686107063e+01
8.432933104631217702e+01
8.427444253859347612e+01
8.427101200686107063e+01
8.424356775300171307e+01
8.424185248713550322e+01
8.418181818181817277e+01
8.415094339622640973e+01
8.408233276157804426e+01
8.403430531732419695e+01
8.406861063464836548e+01
8.413207547169811562e+01
8.416123499142366882e+01
8.421955403087477521e+01
8.414751286449399004e+01
8.414408233276157034e+01
8.420926243567753033e+01
8.427444253859349033e+01
8.436192109777014991e+01
8.445283018867922920e+01
8.449742710120068523e+01
8.448713550600342614e+01
8.443567753001714493e+01
8.446826758147511782e+01
8.450257289879930056e+01
8.452487135506002858e+01
8.454716981132074238e+01
8.461063464837049253e+01
8.458490566037735903e+01
8.455746140651800147e+01
8.449742710120068523e+01
8.442881646655231975e+01
8.437907375643224839e+01
8.424871355060034261e+01
8.416809605488850821e+01
8.413379073756431126e+01
8.407890222984562456e+01
8.407032590051457532e+01
8.402572898799313350e+01
8.403430531732418274e+01
8.406174957118352609e+01
8.410120068610635258e+01
8.411835334476843684e+01
8.411835334476843684e+01
8.413893653516294080e+01
8.416123499142366882e+01
8.413036020583190577e+01
8.409777015437391867e+01
8.417838765008576729e+01
8.421955403087477521e+01
8.427787307032589581e+01
8.429674099485418992e+01
8.431560891938249824e+01
8.438936535162949326e+01
8.439794168096054250e+01
8.448198970840479660e+01
8.448542024013721630e+01
8.447341337907374736e+01
8.449742710120068523e+01
8.450771869639794431e+01
8.453001715265867233e+01
8.448885077186963599e+01
8.445283018867924341e+01
8.439965694682675235e+01
8.433790737564322626e+01
8.431389365351628840e+01
8.438078902229844402e+01
8.438765008576328341e+01
8.439622641509433265e+01
8.439965694682675235e+01
8.440137221269296219e+01
8.443224699828473945e+01
8.443739279588336899e+01
8.445969125214408280e+01
8.447512864493997142e+01
8.449056603773584584e+01
8.449228130360205569e+01
8.450771869639794431e+01
8.455403087478559598e+01
8.459005145797598857e+01
8.456603773584905070e+01
8.461406518010292643e+01
8.465866209262435405e+01
8.467753001715266237e+01
8.471526586620926480e+01
8.478559176672384012e+01
8.484048027444254103e+01
8.489365351629501788e+01
8.495197255574615269e+01
8.499485420240137046e+01
8.502401372212692365e+01
8.502744425385934335e+01
8.504288164665523198e+01
8.504288164665523198e+01
8.504288164665523198e+01
8.503087478559176304e+01
8.502915951972556741e+01
8.497941680960548183e+01
8.496569468267580305e+01
8.493996569468266955e+01
8.491423670668953605e+01
8.485591766723842966e+01
8.480960548885077799e+01
8.477358490566038540e+01
8.466552315608919344e+01
8.460720411663808704e+01
8.455746140651801568e+01
8.446826758147513203e+01
8.436706689536879367e+01
8.431732418524870809e+01
8.421612349914235551e+01
8.411320754716982151e+01
8.401029159519725908e+01
8.393653516295026407e+01
8.386277873070326905e+01
8.374099485420239830e+01
8.362950257289880085e+01
8.354030874785593141e+01
8.343910806174957884e+01
8.334991423670669519e+01
8.327444253859349033e+01
8.320754716981132049e+01
8.309948542024014273e+01
8.302058319039451817e+01
8.294339622641508925e+01
8.287821612349912925e+01
8.280960548885077799e+01
8.275986277873070662e+01
8.272212692967408998e+01
8.264150943396225557e+01
8.257804459691251964e+01
8.252830188679244827e+01
8.249399656946826553e+01
8.244082332761578868e+01
8.244939965694683792e+01
8.248713550600344036e+01
8.250257289879931477e+01
8.252144082332760888e+01
8.249571183533447538e+01
8.248713550600342614e+01
8.251457975986278370e+01
8.247341337907374736e+01
8.243224699828473945e+01
8.240994854202401143e+01
8.240994854202401143e+01
8.239965694682675235e+01
8.237564322469982869e+01
8.232075471698112779e+01
8.229331046312178444e+01
8.229159519725558880e+01
8.225728987993139185e+01
8.222469982847340475e+01
8.218353344768439683e+01
8.215780445969124912e+01
8.214579759862778019e+01
8.212178387650084233e+01
8.216466552315608851e+01
8.213550600343052110e+01
8.216466552315608851e+01
8.212349914236706638e+01
8.216638078902229836e+01
8.216809605488850821e+01
8.218181818181818699e+01
8.217324185248713775e+01
8.214922813036019988e+01
8.212349914236706638e+01
8.207375643224699502e+01
8.207718696397941471e+01
8.207890222984562456e+01
8.206518010291595999e+01
8.203945111492282649e+01
8.198970840480274092e+01
8.199828473413379015e+01
8.199313893653516061e+01
8.201715265866209847e+01
8.204116638078902213e+01
8.204288164665523198e+01
8.206689536878215563e+01
8.205488850771870091e+01
8.207890222984562456e+01
8.210120068610635258e+01
8.206174957118354030e+01
8.204802744425384731e+01
8.202058319039451817e+01
8.199313893653516061e+01
8.196569468267581726e+01
8.191252144082332620e+01
8.181303602058318347e+01
8.179759862778729484e+01
8.173241852487134906e+01
8.165694682675814420e+01
8.160377358490566735e+01
8.152487135506004279e+01
8.145969125214408280e+01
8.139451114922812280e+01
8.131732418524870809e+01
8.123842195540308353e+01
8.117152658662092790e+01
8.112006861063464669e+01
8.105317324185247685e+01
8.094854202401371879e+01
8.086963979416809423e+01
8.079073756432248388e+01
8.071355060034306916e+01
8.063636363636364024e+01
8.054545454545454675e+01
8.049228130360205569e+01
8.042538593481990006e+01
8.035849056603774443e+01
8.032761578044596718e+01
8.028301886792453956e+01
8.016981132075471805e+01
8.010634648370498212e+01
8.005488850771870091e+01
8.001543739279588863e+01
7.997598627787306214e+01
7.995025728987992863e+01
7.993310463121784437e+01
7.993310463121784437e+01
7.989365351629501788e+01
7.987650085763291941e+01
7.984905660377357606e+01
7.985077186963978590e+01
7.987821612349914346e+01
7.988679245283019270e+01
7.994168096054889361e+01
7.994854202401373300e+01
7.996912521440822275e+01
7.999142367066895076e+01
8.002744425385934335e+01
8.000686106346483939e+01
8.000171526586620985e+01
8.004288164665521776e+01
8.009777015437393288e+01
8.010291595197256242e+01
8.017495711835334760e+01
8.020754716981132049e+01
8.026415094339623124e+01
8.037735849056603854e+01
8.043567753001715914e+01
8.055060034305317629e+01
8.064322469982846542e+01
8.071355060034304074e+01
8.074614065180102784e+01
8.076672384219554601e+01
8.084391080617496073e+01
8.087993138936533910e+01
8.088850771869638834e+01
8.097427101200685229e+01
8.104802744425386152e+01
8.110291595197254821e+01
8.114751286449399004e+01
8.118867924528301216e+01
8.125042881646655246e+01
8.127958833619210566e+01
8.132590051457975733e+01
8.137049742710119915e+01
8.139622641509433265e+01
8.141166380789022128e+01
8.139279588336191296e+01
8.133790737564321205e+01
8.134991423670668098e+01
8.133447684391080656e+01
8.137049742710119915e+01
8.136878216123500351e+01
8.140308747855918625e+01
8.144596912521441823e+01
8.137392795883361885e+01
8.127958833619211987e+01
8.115265866209263379e+01
8.114922813036021410e+01
8.121269296740995003e+01
8.119210977701543186e+01
8.110463121783877227e+01
8.110977701543740181e+01
8.112864493996568171e+01
8.112349914236706638e+01
8.110977701543738760e+01
8.111492281303600294e+01
8.108919382504286943e+01
8.101886792452829411e+01
8.105488850771868670e+01
8.100343053173240548e+01
