2.651046312178388007e+02
2.649228130360206137e+02
2.647409948542024267e+02
2.645591766723842397e+02
2.647427101200686366e+02
2.645608919382504496e+02
2.643807890222984724e+02
2.642006861063464953e+02
2.640205831903945182e+02
2.638404802744425410e+02
2.636586620926243540e+02
2.634768439108061671e+02
2.632950257289879801e+02
2.631149228130360598e+02
2.633001715265866096e+02
2.631200686106346325e+02
2.629399656946826553e+02
2.627598627787307350e+02
2.625917667238421700e+02
2.625934819897083798e+02
2.625934819897083798e+02
2.625934819897083798e+02
2.623447684391080656e+02
2.620960548885076946e+02
2.618593481989708494e+02
2.616226415094339472e+02
2.613979416809605709e+02
2.611732418524871377e+02
2.609485420240137046e+02
2.607238421955403282e+02
2.604871355060034830e+02
2.602521440823327907e+02
2.600171526586620985e+02
2.600291595197255674e+02
2.598061749571184009e+02
2.595831903945111776e+02
2.593602058319039543e+02
2.591372212692967878e+02
2.589142367066895645e+02
2.586809605488850821e+02
2.588113207547169736e+02
2.586003430531732192e+02
2.583464837049742755e+02
2.584665523156089080e+02
2.582452830188678945e+02
2.580240137221269379e+02
2.578027444253859812e+02
2.575694682675814988e+02
2.575728987993138617e+02
2.576449399656946753e+02
2.577770154373928335e+02
2.579090909090908781e+02
2.576758147512864525e+02
2.578078902229845539e+02
2.578113207547169736e+02
2.578147512864493933e+02
2.578061749571183441e+02
2.577975986277873517e+02
2.577890222984562456e+02
2.576603773584905639e+02
2.575437392795883511e+02
2.574459691252144466e+02
2.572641509433962028e+02
2.571457975986278370e+02
2.570171526586620985e+02
2.570171526586620985e+02
2.572435677530017415e+02
2.571355060034305779e+02
2.570566037735849250e+02
2.569828473413379015e+02
2.570171526586620985e+02
2.568885077186964168e+02
2.567701543739279941e+02
2.566277873070325768e+02
2.565094339622641542e+02
2.564476843910806565e+02
2.564905660377359027e+02
2.565471698113207140e+02
2.564048027444254103e+02
2.564614065180102784e+02
2.565180102915952034e+02
2.565608919382504496e+02
2.566277873070325768e+02
2.566706689536878230e+02
2.569193825042881372e+02
2.568010291595197145e+02
2.567581475128645252e+02
2.566792452830188722e+02
2.569348198970840258e+02
2.571903945111491794e+02
2.571766723842195006e+02
2.574116638078902497e+02
2.577787307032590434e+02
2.578936535162950463e+02
2.578799313893653107e+02
2.578816466552315774e+02
2.578679245283018986e+02
2.576174957118353177e+02
2.576037735849056389e+02
2.576037735849056389e+02
2.577855917667238259e+02
2.579674099485420129e+02
2.583327615780445967e+02
2.585145797598627837e+02
2.585162950257289936e+02
2.586963979416809707e+02
2.588044596912521911e+02
2.589125214408233546e+02
2.588336192109777016e+02
2.587358490566037972e+02
2.586380789022298359e+02
2.585677530017152890e+02
2.584802744425385868e+02
2.583927958833619414e+02
2.583053173241852392e+02
2.584219554030875088e+02
2.585385934819897216e+02
2.586672384219554033e+02
2.587958833619210850e+02
2.587204116638079086e+02
2.586449399656946753e+02
2.587855917667238259e+02
2.587272727272727479e+02
2.586518010291595147e+02
2.585934819897083798e+02
2.585180102915952034e+02
2.584545454545454390e+02
2.583893653516294648e+02
2.583241852487135475e+02
2.584631217838764883e+02
2.586020583190394291e+02
2.585368782161235117e+02
2.584716981132075375e+02
2.584065180102916202e+02
2.583413379073756460e+02
2.582761578044596718e+02
2.582109777015437544e+02
2.581457975986277802e+02
2.582744425385934619e+02
2.581989708404802286e+02
2.581234991423671090e+02
2.580480274442538757e+02
2.579897084048027409e+02
2.579313893653516061e+02
2.578559176672384297e+02
2.577804459691252532e+02
2.577049742710120199e+02
2.575986277873070094e+02
2.574922813036020557e+02
2.574048027444254103e+02
2.572881646655231407e+02
2.572675814751286225e+02
2.572675814751286225e+02
2.573756432246998429e+02
2.573773584905660528e+02
2.574339622641509777e+02
2.574922813036019988e+02
2.573138936535162884e+02
2.573173241852487081e+02
2.573739279588336331e+02
2.570068610634648394e+02
2.568765008576328910e+02
2.567564322469983153e+02
2.566260720411663669e+02
2.566826758147512919e+02
2.567392795883362169e+02
2.568061749571183441e+02
2.568627787307032690e+02
2.568147512864494502e+02
2.567667238421955744e+02
2.567186963979416987e+02
2.565763293310462814e+02
2.564339622641509209e+02
2.563859348198971020e+02
2.563379073756432263e+02
2.562898799313893505e+02
2.563344768439108066e+02
2.563790737564322626e+02
2.564236706689537186e+02
2.564785591766723769e+02
2.565231560891938329e+02
2.565677530017152890e+02
2.566140651801029549e+02
2.566603773584905639e+02
2.566140651801028980e+02
2.565677530017152321e+02
2.566140651801028980e+02
2.566603773584905639e+02
2.567066895368782298e+02
2.567632933104631547e+02
2.568198970840480229e+02
2.566895368782161313e+02
2.566449399656946753e+02
2.566106346483704783e+02
2.566638078902229836e+02
2.567066895368782298e+02
2.567495711835334760e+02
2.567924528301887221e+02
2.570051457975986295e+02
2.572178387650085938e+02
2.574305317324185580e+02
2.573876500857633118e+02
2.573893653516295217e+02
2.573910806174957315e+02
2.574048027444254103e+02
2.574168096054888792e+02
2.574391080617496073e+02
2.572024013722127052e+02
2.569759862778730621e+02
2.569879931389365311e+02
2.567615780445969449e+02
2.568044596912521342e+02
2.568473413379073804e+02
2.568627787307032690e+02
2.568679245283018986e+02
2.568833619210977872e+02
2.568301886792452251e+02
2.567770154373927767e+02
2.567221269296741184e+02
2.566397941680960457e+02
2.565746140651800715e+02
2.564922813036020557e+02
2.564408233276158171e+02
2.563584905660377444e+02
2.562761578044596718e+02
2.562246998284733763e+02
2.561732418524871377e+02
2.561080617495712204e+02
2.560566037735849250e+02
2.559914236706689508e+02
2.559262435677530050e+02
2.558610634648370592e+02
2.557958833619211134e+02
2.557307032590051676e+02
2.556655231560891934e+02
2.556003430531732761e+02
2.555351629502573019e+02
2.554699828473413561e+02
2.554048027444254103e+02
2.553276157804459672e+02
2.552504288164665809e+02
2.551732418524871377e+02
2.553344768439108350e+02
2.552469982847341612e+02
2.554082332761578300e+02
2.553190394511149179e+02
2.552487135506003426e+02
2.552795883361920914e+02
2.551114922813035832e+02
2.549433962264150750e+02
2.549433962264151035e+02
2.549433962264151035e+02
2.549468267581475232e+02
2.549485420240137046e+02
2.549519725557461811e+02
2.549554030874785724e+02
2.549571183533447822e+02
2.549605488850772019e+02
2.549639794168096216e+02
2.549674099485420413e+02
2.550257289879931477e+02
2.550840480274442825e+02
2.551423670668953889e+02
2.551989708404802855e+02
2.552881646655231975e+02
2.553619210977701641e+02
2.554511149228130762e+02
2.552881646655231975e+02
2.552641509433962597e+02
2.553379073756432263e+02
2.554219554030875088e+02
2.555060034305317629e+02
2.555900514579760170e+02
2.555351629502573019e+02
2.554991423670668951e+02
2.554219554030874804e+02
2.554837049742710064e+02
2.555283018867924625e+02
2.555831903945111492e+02
2.556483704974270950e+02
2.554682675814751462e+02
2.555334476843910920e+02
2.555866209262435973e+02
2.554648370497427265e+02
2.550977701543739329e+02
2.550754716981132333e+02
2.549416809605489220e+02
2.548953687821612561e+02
2.551252144082332904e+02
2.553550600343053247e+02
2.555849056603773874e+02
2.555934819897084367e+02
2.556020583190394859e+02
2.558216123499142611e+02
2.560463121783876659e+02
2.560034305317324197e+02
2.559931389365351606e+02
2.559931389365351606e+02
2.560034305317324197e+02
2.560034305317324197e+02
2.560034305317324197e+02
2.559828473413379015e+02
2.559519725557461811e+02
2.556981132075471805e+02
2.557101200686106495e+02
2.554545454545454675e+02
2.551989708404802855e+02
2.551698113207547465e+02
2.549039451114923054e+02
2.546483704974270950e+02
2.543927958833619414e+02
2.541372212692967310e+02
2.542487135506003426e+02
2.543602058319039543e+02
2.543516295025729050e+02
2.543859348198971020e+02
2.545077186963979443e+02
2.544339622641509777e+02
2.543790737564322626e+02
2.544905660377358458e+02
2.542795883361921483e+02
2.544219554030875088e+02
2.543773584905660528e+02
2.543156089193825267e+02
2.542418524871355316e+02
2.541680960548885082e+02
2.540943396226415132e+02
2.540325900514579871e+02
2.539691252144082227e+02
2.539073756432246967e+02
2.538439108061749607e+02
2.538782161234991293e+02
2.538027444253859244e+02
2.537272727272727195e+02
2.536518010291595147e+02
2.535763293310463382e+02
2.534699828473413277e+02
2.536192109777015560e+02
2.535437392795883511e+02
2.534562607204116773e+02
2.536174957118353461e+02
2.537787307032589865e+02
2.539399656946826553e+02
2.539210977701543470e+02
2.539022298456260955e+02
2.538833619210977872e+02
2.538644939965694789e+02
2.538456260720411990e+02
2.540068610634648394e+02
2.538987993138936758e+02
2.540617495711835545e+02
2.542246998284734332e+02
2.542246998284734048e+02
2.544288164665523198e+02
2.545368782161235117e+02
2.545540308747856102e+02
2.543687821612350035e+02
2.541835334476843968e+02
2.540000000000000000e+02
2.538147512864493933e+02
2.539056603773584868e+02
2.538078902229845539e+02
2.534545454545454390e+02
2.535437392795883227e+02
2.536123499142366882e+02
2.534837049742710064e+02
2.533550600343053247e+02
2.532144082332761457e+02
2.532915951972555604e+02
2.533379073756432263e+02
2.533825042881646823e+02
2.534271012006861383e+02
2.533825042881646823e+02
2.533293310463121770e+02
2.533602058319039543e+02
2.532195540308748036e+02
2.532092624356775445e+02
2.531989708404802855e+02
2.534253859348199285e+02
2.536518010291595147e+02
2.536089193825042969e+02
2.535883361921098071e+02
2.535574614065180299e+02
2.535368782161235117e+02
2.535162950257289936e+02
2.535077186963979443e+02
2.534991423670669235e+02
2.534476843910806281e+02
2.534253859348199285e+02
2.534168096054888508e+02
2.534082332761578300e+02
2.533996569468267808e+02
2.533602058319039827e+02
2.533430531732418558e+02
2.533036020583190577e+02
2.532624356775300214e+02
2.532212692967410135e+02
2.532024013722127052e+02
2.531835334476843968e+02
2.531646655231561169e+02
2.531457975986278086e+02
2.531269296740995003e+02
2.531080617495711920e+02
2.530874785591767022e+02
2.530668953687821841e+02
2.530909090909091219e+02
2.531149228130360598e+02
2.531389365351629408e+02
2.534048027444254103e+02
2.534030874785592005e+02
2.534030874785591720e+02
2.534030874785592005e+02
2.531457975986278086e+02
2.529108061749571164e+02
2.529108061749571164e+02
2.526638078902229836e+02
2.524168096054888508e+02
2.523516295025729050e+02
2.522864493996569593e+02
2.524682675814751178e+02
2.524133790737564311e+02
2.524442538593481800e+02
2.523567753001715346e+02
2.522675814751286225e+02
2.521989708404802855e+02
2.521423670668953605e+02
2.521783876500857673e+02
2.522246998284734332e+02
2.521372212692967310e+02
2.521595197255574590e+02
2.520428816466552462e+02
2.521921097770154461e+02
2.523413379073756460e+02
2.523224699828473376e+02
2.524716981132075375e+02
2.522675814751286509e+02
2.521801029159519771e+02
2.523293310463121770e+02
2.522401372212693218e+02
2.524871355060034261e+02
2.524150943396226410e+02
2.523259005145797573e+02
2.522367066895368737e+02
2.525900514579759886e+02
2.525180102915952034e+02
2.525162950257289936e+02
2.524442538593481800e+02
2.522058319039451248e+02
2.523207547169811278e+02
2.525694682675814704e+02
2.528593481989708494e+02
2.530411663807890363e+02
2.532246998284734048e+02
2.532384219554030551e+02
2.534734133790737474e+02
2.537409948542023983e+02
2.539965694682675803e+02
2.539931389365351606e+02
2.539794168096054818e+02
2.539759862778730621e+02
2.539725557461406709e+02
2.539588336192109637e+02
2.539554030874785724e+02
2.539725557461406709e+02
2.539485420240137614e+02
2.542161234991423839e+02
2.541921097770154461e+02
2.541680960548885366e+02
2.541560891938250393e+02
2.543825042881646823e+02
2.546089193825042969e+02
2.548353344768439115e+02
2.550617495711835545e+02
2.550497427101200856e+02
2.550068610634648394e+02
2.549279588336192433e+02
2.548987993138936474e+02
2.551269296740994719e+02
2.553550600343052963e+02
2.553584905660377444e+02
2.555866209262435405e+02
2.558147512864493933e+02
2.557735849056603570e+02
2.557324185248713491e+02
2.559605488850771735e+02
2.559193825042881372e+02
2.558679245283018702e+02
2.560960548885076946e+02
2.563241852487135475e+02
2.565523156089193435e+02
2.567804459691251964e+02
2.570188679245283083e+02
2.572469982847341043e+02
2.574614065180103353e+02
2.576861063464837116e+02
2.579005145797598288e+02
2.579451114922812849e+02
2.579897084048027409e+02
2.579811320754716917e+02
2.576157804459691079e+02
2.572504288164665240e+02
2.574871355060034830e+02
2.574408233276158171e+02
2.574082332761578300e+02
2.573207547169811278e+02
2.575454545454545041e+02
2.577701543739279373e+02
2.579399656946826553e+02
2.581097770154373734e+02
2.580205831903945182e+02
2.579210977701543470e+02
2.578216123499142327e+02
2.577221269296741184e+02
2.577118353344768593e+02
2.577118353344768593e+02
2.576226415094339472e+02
2.575334476843910920e+02
2.575317324185248253e+02
2.575300171526586723e+02
2.575283018867924056e+02
2.574734133790737474e+02
2.574185248713550891e+02
2.574168096054888792e+02
2.574150943396226694e+02
2.573481989708404853e+02
2.572813036020583581e+02
2.572813036020583581e+02
2.573979416809605709e+02
2.575660377358490223e+02
2.575248713550600428e+02
2.575351629502573019e+02
2.574922813036020557e+02
2.574476843910806565e+02
2.574048027444254103e+02
2.575454545454545610e+02
2.576861063464837684e+02
2.578267581475128623e+02
2.579674099485420129e+02
2.581080617495712204e+02
2.582487135506003710e+02
2.583893653516294648e+02
2.585300171526586155e+02
2.583036020583190293e+02
2.580771869639794431e+02
2.578507718696397433e+02
2.576123499142366882e+02
2.573739279588336331e+02
2.571612349914236688e+02
2.569485420240137046e+02
2.569348198970840258e+02
2.567221269296740616e+02
2.567307032590051108e+02
2.565180102915951466e+02
2.565265866209261958e+02
2.565351629502572450e+02
2.565008576329330481e+02
2.564665523156088511e+02
2.564751286449399004e+02
2.564837049742709496e+02
2.564922813036019988e+02
2.567272727272726911e+02
2.569622641509433834e+02
2.569725557461406424e+02
2.569571183533447538e+02
2.570085763293310492e+02
2.570051457975986295e+02
2.570583190394511348e+02
2.571114922813035832e+02
2.569416809605488652e+02
2.567718696397942040e+02
2.566020583190394291e+02
2.566552315608919344e+02
2.564854202401372731e+02
2.563156089193824982e+02
2.561457975986277802e+02
2.559759862778730621e+02
2.558061749571183441e+02
2.556363636363636260e+02
2.556500857632933048e+02
2.555969125214408564e+02
2.558353344768438831e+02
2.558902229845625698e+02
2.561286449399656817e+02
2.563121783876500785e+02
2.563121783876500785e+02
2.563121783876500785e+02
2.564939965694682655e+02
2.563104631217838687e+02
2.563104631217838687e+02
2.563087478559176589e+02
2.563070325900514490e+02
2.564888507718696928e+02
2.566706689536878230e+02
2.566174957118353177e+02
2.565643224699828693e+02
2.567461406518010563e+02
2.566912521440823411e+02
2.566363636363636260e+02
2.568044596912521342e+02
2.569725557461406424e+02
2.571406518010291506e+02
2.573087478559176589e+02
2.574768439108061671e+02
2.574648370497427550e+02
2.572195540308748036e+02
2.572469982847341043e+02
2.572624356775299930e+02
2.572658662092624127e+02
2.572692967409948324e+02
2.572727272727272521e+02
2.572435677530016847e+02
2.572469982847341043e+02
2.572178387650085938e+02
2.571886792452829695e+02
2.571698113207547181e+02
2.571509433962263529e+02
2.568850771869639402e+02
2.568542024013721630e+02
2.568662092624356319e+02
2.568662092624356887e+02
2.568662092624356319e+02
2.568662092624356319e+02
2.568765008576328910e+02
2.568765008576329478e+02
2.568644939965694221e+02
2.568953687821611993e+02
2.569176672384219273e+02
2.569296740994853963e+02
2.569399656946826553e+02
2.569502572898799144e+02
2.571852487135505498e+02
2.574202401372212421e+02
2.575866209262435405e+02
2.578198970840480229e+02
2.580531732418525053e+02
2.582881646655231407e+02
2.582847341337907210e+02
2.582813036020583013e+02
2.583344768439108066e+02
2.583996569468267808e+02
2.584648370497427550e+02
2.585300171526586155e+02
2.587152658662092790e+02
2.589005145797598857e+02
2.590857632933104924e+02
2.592710120068610422e+02
2.596363636363636260e+02
2.600017152658662098e+02
2.601869639794167597e+02
2.601989708404802286e+02
2.605660377358490223e+02
2.609331046312178159e+02
2.612761578044596718e+02
2.615111492281303640e+02
2.618782161234991008e+02
2.622435677530017415e+02
2.626089193825042685e+02
2.629742710120068523e+02
2.630909090909091219e+02
2.630891938250429121e+02
2.630205831903945182e+02
2.633876500857633118e+02
2.635694682675814420e+02
2.637512864493996290e+02
2.639313893653516061e+02
2.641114922813036401e+02
2.641097770154373734e+02
2.641097770154373734e+02
2.644768439108061671e+02
2.645094339622640973e+02
2.648765008576328910e+02
2.648902229845626266e+02
2.649039451114922485e+02
2.649176672384219273e+02
2.646946826758147608e+02
2.644579759862778587e+02
2.644734133790737474e+02
2.644888507718696928e+02
2.642418524871355316e+02
2.642469982847341043e+02
2.642624356775299930e+02
2.642915951972555604e+02
2.640703259005146037e+02
2.638370497427101213e+02
2.636037735849056389e+02
2.633704974271012134e+02
2.631372212692967878e+02
2.630840480274442825e+02
2.628507718696398001e+02
2.627975986277873517e+02
2.627444253859348464e+02
2.627701543739279941e+02
2.627958833619211418e+02
2.628096054888507638e+02
2.628130360205831835e+02
2.628164665523156032e+02
2.628301886792452819e+02
2.628336192109777016e+02
2.628370497427101213e+02
2.628507718696398001e+02
2.628524871355059531e+02
2.627238421955403282e+02
2.627255574614065381e+02
2.625969125214407995e+02
2.628233276157804426e+02
2.630617495711835545e+02
2.633001715265866096e+02
2.635385934819897216e+02
2.634974271012006852e+02
2.634339622641509777e+02
2.634785591766723769e+02
2.634356775300171876e+02
2.633927958833619414e+02
2.633396226415094361e+02
2.635540308747855534e+02
2.635986277873070094e+02
2.635265866209262526e+02
2.637409948542024267e+02
2.636878216123499215e+02
2.636346483704974162e+02
2.638490566037735903e+02
2.640737564322470234e+02
2.642984562607203998e+02
2.645351629502573019e+02
2.647598627787307350e+02
2.649845626072041114e+02
2.648816466552316342e+02
2.651063464837050105e+02
2.653310463121783869e+02
2.655557461406517632e+02
2.658113207547170305e+02
2.660668953687821841e+02
2.663036020583190293e+02
2.665694682675814420e+02
2.665711835334476518e+02
2.667392795883362169e+02
2.669073756432246682e+02
2.670754716981132333e+02
2.672555746140651536e+02
2.674356775300171876e+02
2.676157804459691079e+02
2.676123499142366882e+02
2.676089193825042685e+02
2.677924528301886653e+02
2.679090909090909349e+02
2.680377358490566166e+02
2.681663807890222984e+02
2.681080617495712204e+02
2.680394511149228265e+02
2.679708404802744326e+02
2.679022298456260955e+02
2.679262435677529766e+02
2.679742710120068523e+02
2.680222984562607280e+02
2.681646655231560885e+02
2.683070325900514490e+02
2.683430531732418558e+02
2.683790737564322058e+02
2.684048027444253535e+02
2.683379073756432263e+02
2.682813036020583013e+02
2.682144082332761172e+02
2.681578044596912491e+02
2.680909090909091219e+02
2.680240137221269379e+02
2.679571183533447538e+02
2.678902229845626266e+02
2.679159519725557175e+02
2.679519725557461243e+02
2.679056603773584584e+02
2.678610634648370024e+02
2.678164665523156032e+02
2.677718696397941471e+02
2.677032590051458101e+02
2.678216123499142327e+02
2.678542024013722198e+02
2.678559176672384297e+02
2.677701543739279373e+02
2.676843910806175018e+02
2.676295025728987866e+02
2.674459691252144466e+02
2.674476843910805997e+02
2.674493996569468095e+02
2.674511149228130762e+02
2.675385934819897216e+02
2.675814751286449678e+02
2.676243567753001571e+02
2.674819897084047966e+02
2.673413379073756460e+02
2.672864493996569308e+02
2.671560891938250393e+02
2.670154373927958886e+02
2.668747855917666811e+02
2.667341337907375873e+02
2.665934819897083798e+02
2.664528301886792292e+02
2.666740994854202427e+02
2.669056603773584584e+02
2.668593481989708494e+02
2.668130360205832403e+02
2.667667238421955744e+02
2.667204116638079086e+02
2.666843910806175018e+02
2.666483704974270950e+02
2.666123499142366882e+02
2.665454545454545041e+02
2.665094339622641542e+02
2.665711835334477087e+02
2.665042881646655246e+02
2.664373927958833974e+02
2.663842195540308921e+02
2.664150943396226694e+02
2.666432246998284654e+02
2.668576329331046395e+02
2.669022298456260955e+02
2.671303602058318916e+02
2.673567753001715346e+02
2.674013722126929338e+02
2.674459691252143898e+02
2.676740994854202427e+02
2.679005145797598288e+02
2.678593481989707925e+02
2.680977701543739045e+02
2.680686106346483371e+02
2.680720411663807567e+02
2.678370497427100645e+02
2.678507718696397433e+02
2.676157804459691079e+02
2.676380789022298359e+02
2.676518010291595147e+02
2.676655231560891934e+02
2.676226415094339472e+02
2.675797598627787011e+02
2.675368782161235117e+02
2.674837049742710064e+02
2.674185248713550322e+02
2.673550600343053247e+02
2.672898799313893505e+02
2.672246998284733763e+02
2.671595197255574590e+02
2.670943396226415416e+02
2.670291595197255674e+02
2.669828473413379015e+02
2.669365351629502925e+02
2.668902229845625698e+02
2.668439108061749039e+02
2.667975986277872948e+02
2.667512864493996290e+02
2.666775300171526624e+02
2.666312178387649965e+02
2.665677530017152890e+02
2.666020583190394291e+02
2.665385934819896647e+02
2.664631217838764883e+02
2.663876500857633118e+02
2.663121783876500785e+02
2.663447684391080088e+02
2.663361921097770164e+02
2.663996569468267239e+02
2.663121783876500785e+02
2.664922813036019988e+02
2.664905660377357890e+02
2.664888507718695791e+02
2.666689536878216131e+02
2.666672384219554033e+02
2.666689536878216131e+02
2.668559176672383728e+02
2.670428816466551893e+02
2.671269296740994150e+02
2.673310463121783869e+02
2.674579759862779156e+02
2.673087478559176589e+02
2.671595197255574021e+02
2.670102915951972022e+02
2.672452830188678945e+02
2.674802744425385299e+02
2.673310463121783869e+02
2.673310463121783869e+02
2.675986277873070094e+02
2.676912521440822843e+02
2.676655231560891366e+02
2.676397941680960457e+02
2.676140651801028980e+02
2.678559176672383728e+02
2.678301886792452819e+02
2.680857632933104924e+02
2.680600343053173447e+02
2.683018867924528195e+02
2.682572898799313634e+02
2.682761578044596718e+02
2.683619210977701641e+02
2.684648370497426981e+02
2.687204116638079086e+02
2.689622641509433834e+02
2.690360205831904068e+02
2.691097770154373734e+02
2.691835334476843968e+02
2.691783876500857673e+02
2.691955403087479226e+02
2.691715265866209279e+02
2.691578044596912491e+02
2.691234991423670522e+02
2.691423670668953037e+02
2.691303602058318916e+02
2.691183533447684226e+02
2.691063464837050105e+02
2.690840480274442825e+02
2.690840480274442257e+02
2.690960548885076946e+02
2.691080617495712204e+02
2.691080617495712204e+02
2.690891938250428552e+02
2.690686106346483939e+02
2.690497427101200856e+02
2.690428816466552462e+02
2.690360205831903500e+02
2.690291595197255106e+02
2.690222984562607280e+02
2.690154373927958886e+02
2.690394511149228265e+02
2.688078902229844971e+02
2.688113207547169736e+02
2.688370497427100645e+02
2.686037735849056389e+02
2.683807890222984724e+02
2.681457975986277802e+02
2.680909090909091219e+02
2.680360205831904068e+02
2.679811320754716917e+02
2.679159519725557743e+02
2.678507718696398001e+02
2.676157804459691079e+02
2.676500857632933048e+02
2.674133790737564595e+02
2.671766723842195574e+02
2.670874785591767022e+02
2.672504288164665240e+02
2.674133790737564027e+02
2.673396226415094361e+02
2.674699828473412708e+02
2.676003430531732192e+02
2.677307032590051676e+02
2.679142367066895076e+02
2.680789022298456530e+02
2.684322469982847679e+02
2.685283018867924625e+02
2.685265866209262526e+02
2.685248713550600428e+02
2.686106346483704783e+02
2.686963979416809707e+02
2.687821612349914631e+02
2.689622641509433834e+02
2.688610634648370592e+02
2.690291595197255674e+02
2.692109777015436975e+02
2.694802744425385868e+02
2.697701543739279373e+02
2.699519725557461243e+02
2.703053173241852392e+02
2.705403087478559314e+02
2.707632933104631547e+02
2.707495711835334760e+02
2.707358490566037972e+02
2.709914236706689508e+02
2.712246998284733763e+02
2.713018867924528195e+02
2.715351629502573019e+02
2.717821612349914631e+02
2.720171526586620985e+02
2.722521440823327339e+02
2.725300171526586155e+02
2.727650085763293646e+02
2.729862778730703212e+02
2.732212692967409566e+02
2.734665523156089080e+02
2.737341337907375873e+02
2.737409948542023699e+02
2.740085763293309924e+02
2.740274442538593576e+02
2.740566037735848681e+02
2.740771869639793863e+02
2.740857632933104355e+02
2.740943396226414848e+02
2.741029159519725340e+02
2.741114922813035832e+02
2.741303602058319484e+02
2.741492281303602567e+02
2.741680960548885082e+02
2.741869639794168165e+02
2.742058319039450680e+02
2.742246998284733763e+02
2.740120068610634689e+02
2.737873070325900926e+02
2.735608919382503927e+02
2.733344768439108066e+02
2.733653516295025838e+02
2.733739279588336331e+02
2.731475128644939900e+02
2.731680960548885082e+02
2.731886792452829695e+02
2.731989708404802286e+02
2.732092624356774877e+02
2.729828473413379015e+02
2.729931389365351606e+02
2.730360205831904068e+02
2.730789022298456530e+02
2.731217838765008423e+02
2.731320754716981014e+02
2.731200686106346325e+02
2.731080617495712204e+02
2.731063464837049537e+02
2.731183533447684226e+02
2.731286449399656817e+02
2.734065180102916202e+02
2.734202401372212989e+02
2.734322469982847679e+02
2.734322469982847679e+02
2.734442538593482368e+02
2.738096054888508206e+02
2.740583190394511348e+02
2.737049742710120199e+02
2.739554030874785440e+02
2.739674099485420129e+02
2.742195540308747468e+02
2.744716981132075375e+02
2.747238421955403282e+02
2.744562607204117057e+02
2.744356775300171876e+02
2.743447684391080656e+02
2.745831903945111208e+02
2.745728987993138617e+02
2.748250428816465956e+02
2.745728987993138617e+02
2.743207547169811278e+02
2.741595197255574590e+02
2.739965694682675803e+02
2.739965694682675803e+02
2.737461406518010563e+02
2.734957118353344754e+02
2.732572898799313634e+02
2.732452830188678945e+02
2.733327615780445967e+02
2.735694682675814420e+02
2.736569468267581442e+02
2.736260720411663669e+02
2.735951972555745897e+02
2.735934819897083798e+02
2.735917667238421700e+02
2.735780445969124912e+02
2.736449399656946753e+02
2.738953687821612561e+02
2.738542024013722198e+02
2.735934819897084367e+02
2.733430531732418558e+02
2.730737564322470234e+02
2.730600343053173447e+02
2.730497427101200856e+02
2.730806174957118628e+02
2.731423670668954173e+02
2.731543739279588294e+02
2.729279588336191864e+02
2.726912521440823411e+02
2.726689536878216131e+02
2.724219554030875088e+02
2.721852487135505498e+02
2.722178387650085369e+02
2.722607204116637831e+02
2.720343053173241401e+02
2.720771869639793863e+02
2.721303602058318916e+02
2.719039451114922485e+02
2.716775300171526624e+02
2.714511149228130193e+02
2.712246998284733763e+02
2.709982847341337902e+02
2.707718696397941471e+02
2.705591766723841829e+02
2.703464837049742755e+02
2.701337907375643681e+02
2.700789022298456530e+02
2.700240137221269379e+02
2.700205831903945182e+02
2.701492281303601999e+02
2.702778730703258816e+02
2.700102915951972591e+02
2.700428816466552462e+02
2.700754716981132333e+02
2.701080617495712204e+02
2.698833619210977304e+02
2.696466552315608851e+02
2.694785591766723769e+02
2.693104631217838687e+02
2.693996569468267808e+02
2.696672384219554033e+02
2.696775300171526624e+02
2.699451114922812849e+02
2.702126929674099642e+02
2.704802744425386436e+02
2.704699828473413845e+02
2.704596912521441254e+02
2.704631217838765451e+02
2.704648370497426981e+02
2.706483704974270950e+02
2.707049742710120199e+02
2.707615780445969449e+02
2.706723842195540328e+02
2.706758147512864525e+02
2.706518010291595147e+02
2.708387650085763312e+02
2.707495711835334760e+02
2.707530017152658957e+02
2.704939965694682655e+02
2.707032590051458101e+02
2.707478559176672661e+02
2.707924528301887221e+02
2.708387650085763880e+02
2.708850771869639971e+02
2.709313893653516629e+02
2.711440823327615703e+02
2.713567753001715346e+02
2.713018867924528195e+02
2.713464837049742755e+02
2.713910806174957315e+02
2.714339622641509777e+02
2.716466552315608851e+02
2.718593481989707925e+02
2.718164665523155463e+02
2.720291595197255106e+02
2.720308747855917773e+02
2.720325900514579871e+02
2.720120068610634689e+02
2.719914236706689508e+02
2.720034305317324197e+02
2.720051457975986295e+02
2.720068610634648394e+02
2.719982847341337902e+02
2.719794168096054818e+02
2.722041166380788582e+02
2.722384219554030551e+02
2.722727272727272521e+02
2.722744425385934619e+02
2.722761578044596718e+02
2.722778730703258816e+02
2.720531732418525053e+02
2.718284734133790721e+02
2.718284734133790721e+02
2.718439108061749039e+02
2.717821612349914062e+02
2.717753001715265668e+02
2.717221269296741184e+02
2.716775300171526624e+02
2.718610634648370024e+02
2.718181818181818130e+02
2.717753001715266237e+02
2.717221269296741184e+02
2.716792452830188722e+02
2.716363636363636260e+02
2.715934819897083798e+02
2.715385934819896647e+02
2.714837049742709496e+02
2.714288164665522913e+02
2.711903945111492362e+02
2.714271012006861383e+02
2.714271012006860815e+02
2.716106346483704783e+02
2.715969125214407995e+02
2.715986277873070662e+02
2.716003430531732192e+02
2.716020583190394291e+02
2.716037735849056389e+02
2.719571183533447538e+02
2.718593481989708494e+02
2.717615780445969449e+02
2.716638078902229836e+02
2.713825042881646823e+02
2.713687821612349467e+02
2.714253859348198716e+02
2.716620926243567737e+02
2.714837049742709496e+02
2.715403087478558746e+02
2.715969125214407995e+02
2.715969125214407995e+02
2.713379073756432263e+02
2.713516295025729050e+02
2.710926243567753318e+02
2.709433962264150750e+02
2.707941680960548752e+02
2.708782161234991008e+02
2.709382504288164455e+02
2.710102915951972591e+02
2.709725557461406424e+02
2.708404802744425410e+02
2.708953687821611993e+02
2.709828473413379015e+02
2.710377358490566166e+02
2.711252144082333189e+02
2.710257289879931477e+02
2.711114922813035832e+02
2.711955403087478658e+02
2.712795883361920914e+02
2.715471698113207140e+02
2.717718696397941471e+02
2.719948542024013705e+02
2.719622641509433834e+02
2.719622641509433834e+02
2.719622641509433834e+02
2.719622641509433834e+02
2.719519725557461811e+02
2.719519725557461243e+02
2.719519725557461243e+02
2.719502572898799144e+02
2.719399656946826553e+02
2.719296740994853963e+02
2.716843910806175018e+02
2.714391080617495504e+02
2.711938250428815991e+02
2.709708404802744326e+02
2.707478559176672661e+02
2.705231560891938329e+02
2.705368782161235117e+02
2.705506003430531337e+02
2.705077186963978875e+02
2.704648370497426981e+02
2.704219554030874519e+02
2.703584905660377444e+02
2.702950257289879801e+02
2.704751286449399572e+02
2.704013722126929906e+02
2.703481989708404853e+02
2.701252144082333189e+02
2.699022298456260387e+02
2.698473413379073804e+02
2.696106346483704783e+02
2.693739279588335762e+02
2.691372212692967310e+02
2.689005145797598857e+02
2.686758147512864525e+02
2.684528301886792292e+02
2.681852487135506067e+02
2.679485420240137046e+02
2.677118353344768593e+02
2.676586620926243540e+02
2.678284734133790721e+02
2.680651801029159174e+02
2.678833619210977304e+02
2.677015437392796002e+02
2.676878216123499215e+02
2.674082332761578300e+02
2.674099485420239830e+02
2.673567753001715346e+02
2.670754716981132333e+02
2.667941680960548752e+02
2.668627787307032122e+02
2.666826758147512919e+02
2.665025728987993148e+02
2.663224699828473376e+02
2.660497427101200856e+02
2.661234991423670522e+02
2.661972555746140756e+02
2.662710120068610991e+02
2.663447684391080656e+02
2.664133790737564595e+02
2.664974271012006284e+02
2.665711835334476518e+02
2.666157804459691079e+02
2.666603773584905639e+02
2.666329331046312063e+02
2.667049742710119631e+02
2.667770154373927767e+02
2.668490566037735334e+02
2.669210977701543470e+02
2.669759862778730621e+02
2.670308747855917773e+02
2.670857632933104924e+02
2.671389365351629408e+02
2.671921097770153892e+02
2.672572898799313634e+02
2.673207547169811278e+02
2.675677530017152321e+02
2.675660377358490223e+02
2.675540308747855534e+02
2.675523156089193435e+02
2.675643224699828124e+02
2.675643224699828124e+02
2.676946826758147608e+02
2.676946826758147608e+02
2.678250428816465956e+02
2.675986277873070094e+02
2.673722126929674232e+02
2.671475128644940469e+02
2.669125214408232978e+02
2.669468267581474947e+02
2.669914236706689508e+02
2.669296740994853963e+02
2.669656946826758031e+02
2.669914236706689508e+02
2.670274442538593576e+02
2.667958833619210850e+02
2.667444253859348464e+02
2.667993138936535047e+02
2.665780445969124912e+02
2.666243567753001571e+02
2.666792452830188722e+02
2.664665523156089080e+02
2.662538593481989437e+02
2.660308747855917773e+02
2.657958833619210850e+02
2.655728987993138617e+02
2.653619210977701641e+02
2.654665523156089080e+02
2.652435677530017415e+02
2.650325900514579871e+02
2.648216123499142327e+02
2.646123499142366882e+02
2.646243567753001571e+02
2.644013722126929906e+02
2.641783876500857673e+02
2.641234991423670522e+02
2.641355060034305211e+02
2.641475128644939900e+02
2.641595197255574590e+02
2.641595197255574021e+02
2.641457975986277233e+02
2.641440823327615703e+02
2.643259005145797573e+02
2.645077186963979443e+02
2.646895368782161313e+02
2.649382504288164455e+02
2.648953687821611993e+02
2.651337907375643113e+02
2.651921097770153892e+02
2.652607204116637831e+02
2.653293310463121770e+02
2.653053173241852392e+02
2.652813036020583013e+02
2.653259005145797573e+02
2.653704974271011565e+02
2.653327615780445967e+02
2.655437392795882943e+02
2.654974271012006284e+02
2.655711835334476518e+02
2.656552315608919344e+02
2.657392795883362169e+02
2.658130360205831835e+02
2.657873070325900926e+02
2.657512864493996858e+02
2.659982847341337902e+02
2.662315608919382157e+02
2.661972555746140188e+02
2.661629502572898218e+02
2.661389365351629408e+02
2.663619210977701073e+02
2.664048027444254103e+02
2.664459691252143898e+02
2.664322469982847679e+02
2.664202401372212421e+02
2.663996569468267239e+02
2.663996569468267808e+02
2.664116638078902497e+02
2.664442538593481800e+02
2.664768439108061671e+02
2.665094339622641542e+02
2.665008576329330481e+02
2.666312178387649965e+02
2.664065180102915633e+02
2.661921097770153892e+02
2.659777015437392720e+02
2.659331046312178159e+02
2.658885077186964168e+02
2.658439108061749607e+02
2.659845626072041114e+02
2.661252144082332620e+02
2.661801029159519771e+02
2.663207547169811278e+02
2.664614065180102784e+02
2.666020583190394859e+02
2.667427101200686366e+02
2.668833619210977304e+02
2.670240137221269379e+02
2.668113207547169736e+02
2.665986277873070094e+02
2.666535162950257245e+02
2.667084048027444396e+02
2.667632933104631547e+02
2.668181818181818130e+02
2.668610634648370592e+02
2.669039451114923054e+02
2.669365351629502356e+02
2.669794168096054818e+02
2.672590051457975733e+02
2.674408233276158171e+02
2.674837049742710064e+02
2.674854202401372731e+02
2.675283018867924625e+02
2.674614065180103353e+02
2.672778730703259384e+02
2.671097770154373734e+02
2.671097770154374302e+02
2.669279588336191864e+02
2.667478559176672661e+02
2.667495711835334191e+02
2.666620926243567737e+02
2.664802744425385868e+02
2.662006861063464385e+02
2.661886792452830264e+02
2.660102915951972591e+02
2.662658662092624127e+02
2.663224699828473376e+02
2.663962264150943611e+02
2.663602058319039543e+02
2.663241852487135475e+02
2.663910806174957315e+02
2.664648370497427550e+02
2.665385934819897216e+02
2.666003430531732192e+02
2.668233276157804426e+02
2.668850771869639971e+02
2.669571183533447538e+02
2.670394511149228265e+02
2.671217838765008992e+02
2.670943396226415416e+02
2.670668953687821841e+02
2.672984562607204566e+02
2.673636363636363740e+02
2.674288164665523482e+02
2.673739279588336331e+02
2.673293310463121770e+02
2.675540308747856102e+02
2.675969125214407995e+02
2.675866209262435405e+02
2.676295025728987866e+02
2.678662092624356887e+02
2.680926243567753318e+02
2.680823327615780727e+02
2.680720411663808136e+02
2.680617495711835545e+02
2.680531732418525053e+02
2.680548885077187151e+02
2.680566037735849250e+02
2.681012006861063810e+02
2.681457975986277802e+02
2.681595197255574590e+02
2.681749571183534044e+02
2.679399656946827122e+02
2.678867924528302069e+02
2.678233276157804426e+02
2.675780445969124912e+02
2.675145797598627269e+02
2.674493996569468095e+02
2.673842195540308921e+02
2.673190394511149179e+02
2.672572898799313634e+02
2.671938250428815991e+02
2.671303602058318916e+02
2.670668953687821841e+02
2.670034305317324197e+02
2.669296740994853963e+02
2.666929674099485510e+02
2.664665523156089648e+02
2.664030874785592005e+02
2.661783876500857673e+02
2.659399656946826553e+02
2.658644939965694789e+02
2.659073756432246682e+02
2.659399656946826553e+02
2.659828473413379015e+02
2.657272727272727479e+02
2.660068610634648394e+02
2.657684391080617843e+02
2.658113207547170305e+02
2.655746140651800715e+02
2.656243567753001571e+02
2.656792452830188722e+02
2.656775300171526624e+02
2.656586620926243540e+02
2.654768439108061671e+02
2.653087478559176589e+02
2.652384219554031688e+02
2.654065180102916202e+02
2.655746140651800715e+02
2.656620926243567737e+02
2.656192109777015276e+02
2.657084048027444396e+02
2.657975986277872948e+02
2.660531732418525053e+02
2.661269296740994719e+02
2.662006861063464953e+02
2.661646655231560885e+02
2.661389365351629408e+02
2.663842195540308921e+02
2.666192109777015276e+02
2.665814751286449109e+02
2.665437392795882943e+02
2.665060034305316776e+02
2.665728987993138617e+02
2.666380789022298359e+02
2.668833619210977872e+02
2.671286449399656817e+02
2.672109777015437544e+02
2.674545454545454959e+02
2.674288164665522913e+02
2.676723842195540328e+02
2.677358490566037972e+02
2.677975986277872948e+02
2.678490566037735334e+02
2.680720411663808136e+02
2.680686106346483939e+02
2.682933104631217702e+02
2.682607204116637831e+02
2.682487135506003710e+02
2.682607204116637831e+02
2.682607204116637831e+02
2.682710120068610422e+02
2.682813036020583013e+02
2.682915951972555604e+02
2.683018867924528195e+02
2.683121783876500785e+02
2.683224699828473376e+02
2.683653516295025838e+02
2.681389365351629408e+02
2.679125214408232978e+02
2.679228130360205569e+02
2.679331046312178159e+02
2.679433962264150750e+02
2.679536878216123341e+02
2.679108061749570879e+02
2.676981132075471237e+02
2.674854202401372163e+02
2.675300171526586723e+02
2.674854202401372163e+02
2.674305317324185580e+02
2.674751286449399572e+02
2.675317324185248253e+02
2.675763293310462814e+02
2.673396226415094361e+02
2.673842195540308921e+02
2.671732418524871377e+02
2.669485420240137046e+02
2.667255574614065381e+02
2.665008576329331049e+02
2.662521440823327339e+02
2.659965694682675803e+02
2.657289879931389578e+02
2.655042881646654678e+02
2.655162950257289367e+02
2.652915951972555604e+02
2.651217838765008423e+02
2.651355060034305211e+02
2.651320754716981014e+02
2.649622641509433834e+02
2.647804459691251964e+02
2.645986277873070094e+02
2.645849056603773306e+02
2.643327615780445967e+02
2.643190394511149179e+02
2.643190394511149179e+02
2.640377358490565598e+02
2.640240137221269379e+02
2.640102915951972591e+02
2.642349914236706354e+02
2.640548885077187151e+02
2.642898799313893505e+02
2.643481989708404853e+02
2.643927958833619414e+02
2.643567753001715346e+02
2.644305317324185580e+02
2.645042881646655246e+02
2.644682675814751747e+02
2.645317324185248822e+02
2.647444253859348464e+02
2.647907375643224555e+02
2.648370497427101213e+02
2.647821612349914631e+02
2.647272727272727479e+02
2.649399656946826553e+02
2.648953687821612561e+02
2.649399656946826553e+02
2.651526586620926764e+02
2.653653516295025838e+02
2.655917667238422268e+02
2.658181818181818699e+02
2.658061749571183441e+02
2.657941680960548752e+02
2.657924528301887221e+02
2.657907375643224555e+02
2.657924528301886653e+02
2.657924528301886653e+02
2.657821612349913494e+02
2.657821612349914062e+02
2.657718696397941471e+02
2.657735849056603570e+02
2.657753001715266237e+02
2.657873070325900926e+02
2.657993138936535047e+02
2.658113207547169736e+02
2.658542024013722198e+02
2.656295025728988435e+02
2.654030874785592005e+02
2.651783876500857673e+02
2.651337907375643681e+02
2.649090909090908781e+02
2.646740994854202427e+02
2.644391080617496073e+02
2.645591766723841829e+02
2.643241852487135475e+02
2.640994854202401712e+02
2.638730703259005281e+02
2.636466552315608851e+02
2.634219554030875088e+02
2.634768439108061671e+02
2.635111492281303640e+02
2.635351629502573019e+02
2.633001715265866096e+02
2.633241852487135475e+02
2.633241852487135475e+02
2.633379073756432263e+02
2.633516295025729050e+02
2.635145797598627837e+02
2.634939965694682655e+02
2.633104631217838687e+02
2.632915951972555604e+02
2.635437392795882943e+02
2.637958833619210850e+02
2.640583190394511348e+02
2.642212692967409566e+02
2.642349914236706354e+02
2.643979416809605709e+02
2.643979416809605709e+02
2.643979416809605709e+02
2.643687821612350035e+02
2.643481989708404853e+02
2.643481989708404853e+02
2.643516295025729050e+02
2.641715265866209279e+02
2.641783876500857673e+02
2.641766723842195574e+02
2.642641509433962028e+02
2.642710120068610422e+02
2.641217838765008423e+02
2.641080617495711635e+02
2.641835334476843400e+02
2.641475128644939900e+02
2.641938250428815991e+02
2.641578044596912491e+02
2.641217838765008423e+02
2.641886792452830264e+02
2.641629502572898787e+02
2.642195540308747468e+02
2.641749571183533476e+02
2.641200686106345756e+02
2.641646655231560317e+02
2.643773584905660528e+02
2.644202401372212989e+02
2.646329331046312063e+02
2.648456260720411706e+02
2.648336192109776448e+02
2.648370497427100645e+02
2.648044596912521342e+02
2.647821612349914062e+02
2.647598627787306782e+02
2.647615780445969449e+02
2.647512864493996290e+02
2.647530017152658388e+02
2.647547169811321055e+02
2.647461406518010563e+02
2.647581475128644684e+02
2.647701543739279373e+02
2.648130360205832403e+02
2.648250428816467092e+02
2.648370497427101213e+02
2.648490566037735903e+02
2.648610634648371160e+02
2.648850771869639971e+02
2.648404802744425410e+02
2.647958833619210850e+02
2.647512864493996858e+02
2.645385934819897216e+02
2.645831903945111208e+02
2.643704974271012134e+02
2.641578044596913060e+02
2.639348198970840258e+02
2.639897084048027409e+02
2.640445969125214560e+02
2.639982847341337902e+02
2.639519725557461243e+02
2.637272727272727479e+02
2.636809605488850821e+02
2.636226415094339472e+02
2.636569468267581442e+02
2.635883361921098071e+02
2.636226415094339472e+02
2.635334476843910352e+02
2.635677530017152321e+02
2.635094339622641542e+02
2.635437392795882943e+02
2.632778730703258816e+02
2.632075471698112779e+02
2.632041166380789150e+02
2.632024013722126483e+02
2.631989708404803423e+02
2.631972555746141325e+02
2.629399656946826553e+02
2.626826758147512919e+02
2.627821612349914062e+02
2.629639794168095932e+02
2.628644939965694789e+02
2.630480274442538757e+02
2.628987993138936190e+02
2.629125214408232978e+02
2.631818181818181870e+02
2.629228130360205569e+02
2.629965694682675803e+02
2.630703259005146037e+02
2.631543739279588294e+02
2.634013722126929906e+02
2.634751286449399572e+02
2.636998284734133904e+02
2.637615780445968880e+02
2.638336192109776448e+02
2.638061749571183441e+02
2.635351629502572450e+02
2.635900514579759601e+02
2.636449399656946753e+02
2.636878216123499215e+02
2.639125214408233546e+02
2.638559176672384297e+02
2.638096054888508206e+02
2.640205831903945182e+02
2.640617495711834977e+02
2.640600343053172878e+02
2.640566037735849250e+02
2.643018867924528195e+02
2.645368782161235117e+02
2.644939965694683224e+02
2.642572898799314203e+02
2.642469982847341043e+02
2.642367066895368453e+02
2.642264150943396430e+02
2.642281303602058529e+02
2.642298456260720059e+02
2.642315608919382157e+02
2.642349914236706923e+02
2.642384219554031120e+02
2.642418524871354748e+02
2.642349914236706354e+02
2.639897084048027409e+02
2.637444253859347896e+02
2.635094339622641542e+02
2.632778730703258816e+02
2.632144082332761172e+02
2.631509433962264097e+02
2.630874785591767022e+02
2.628627787307032122e+02
2.626518010291595147e+02
2.627084048027444396e+02
2.627530017152658957e+02
2.627975986277873517e+02
2.628421955403087509e+02
2.626089193825042685e+02
2.625523156089194003e+02
2.623053173241852392e+02
2.622607204116637831e+02
2.622161234991423839e+02
2.621732418524871946e+02
2.619485420240137046e+02
2.619519725557461243e+02
2.616826758147512919e+02
2.616861063464837116e+02
2.618353344768439115e+02
2.617598627787306782e+02
2.616843910806175018e+02
2.616638078902229836e+02
2.616432246998284654e+02
2.617324185248713775e+02
2.620857632933104924e+02
2.619948542024013705e+02
2.619931389365351606e+02
2.621595197255574590e+02
2.621029159519725908e+02
2.624699828473413845e+02
2.623704974271012134e+02
2.622727272727272521e+02
2.624425385934820270e+02
2.624408233276157603e+02
2.624391080617496073e+02
2.624391080617495504e+02
2.624356775300171307e+02
2.626723842195540328e+02
2.626466552315608851e+02
2.626209262435677374e+02
2.627049742710119631e+02
2.626895368782161313e+02
2.627512864493996858e+02
2.628130360205831835e+02
2.628850771869639402e+02
2.629571183533447538e+02
2.630222984562607280e+02
2.630874785591767022e+02
2.633327615780445967e+02
2.633945111492281512e+02
2.633670668953687937e+02
2.635900514579759601e+02
2.638130360205831835e+02
2.638542024013721630e+02
2.638953687821611993e+02
2.641200686106346325e+02
2.643430531732418558e+02
2.643499142367066952e+02
2.645934819897083798e+02
2.643259005145797573e+02
2.643567753001715346e+02
2.643670668953687937e+02
2.643550600343053247e+02
2.643430531732418558e+02
2.643327615780445967e+02
2.643327615780445967e+02
2.643224699828473376e+02
2.643327615780445967e+02
2.643430531732418558e+02
2.643413379073756460e+02
2.643379073756432263e+02
2.643807890222984724e+02
2.643927958833619414e+02
2.644048027444254103e+02
2.644150943396226694e+02
2.642024013722127052e+02
2.639897084048027409e+02
2.639451114922812849e+02
2.639005145797598857e+02
2.636775300171526624e+02
2.637221269296740616e+02
2.634854202401372163e+02
2.634854202401372163e+02
2.635300171526586723e+02
2.635746140651800715e+02
2.635300171526586155e+02
2.634854202401371595e+02
2.634408233276157603e+02
2.633962264150943042e+02
2.634459691252143898e+02
2.633602058319039543e+02
2.632538593481989437e+02
2.634030874785592005e+02
2.633276157804459672e+02
2.632675814751286225e+02
2.631921097770154461e+02
2.631166380789022696e+02
2.632813036020583013e+02
2.634459691252144466e+02
2.635265866209262526e+02
2.636758147512864525e+02
2.636569468267581442e+02
2.635488850771869807e+02
2.635300171526586723e+02
2.634734133790738042e+02
2.633722126929674232e+02
2.632710120068610991e+02
2.634391080617496073e+02
2.636072041166380586e+02
2.635162950257289936e+02
2.635197255574614132e+02
2.633396226415094361e+02
2.633979416809605709e+02
2.633842195540308921e+02
2.634699828473413845e+02
2.635317324185248822e+02
2.635060034305317345e+02
2.634802744425386436e+02
2.634442538593482368e+02
2.634082332761578300e+02
2.636209262435677374e+02
2.638336192109777585e+02
2.638782161234991008e+02
2.640994854202401712e+02
2.640634648370497644e+02
2.640583190394511348e+02
2.641217838765008992e+02
2.641732418524871946e+02
2.642349914236706354e+02
2.642298456260720627e+02
2.642915951972555604e+02
2.642761578044596718e+02
2.642830188679245680e+02
2.642487135506003710e+02
2.642349914236706923e+02
2.642229845626072233e+02
2.642109777015437544e+02
2.642109777015437544e+02
2.642212692967410135e+02
2.642315608919382726e+02
2.642315608919382726e+02
2.642195540308748036e+02
2.642195540308747468e+02
2.642298456260720059e+02
2.642178387650085938e+02
2.642161234991423839e+02
2.642126929674099074e+02
2.639879931389365311e+02
2.639982847341337902e+02
2.640085763293310492e+02
2.640188679245283083e+02
2.637941680960549320e+02
2.635591766723841829e+02
2.633344768439108066e+02
2.631097770154374302e+02
2.628970840480274092e+02
2.626723842195540328e+02
2.624476843910805997e+02
2.622229845626071665e+02
2.619982847341337902e+02
2.617615780445969449e+02
2.618044596912521342e+02
2.615660377358490223e+02
2.615077186963979443e+02
2.614493996569468095e+02
2.613910806174957315e+02
2.614253859348199285e+02
2.616963979416809707e+02
2.618747855917667380e+02
2.620531732418524484e+02
2.621320754716981014e+02
2.619622641509433834e+02
2.622435677530016847e+02
2.624048027444254103e+02
2.625660377358490223e+02
2.624785591766723201e+02
2.626397941680960457e+02
2.629108061749570879e+02
2.631818181818181870e+02
2.631801029159519203e+02
2.631921097770154461e+02
2.634734133790736905e+02
2.637547169811320487e+02
2.640257289879931477e+02
2.640394511149228265e+02
2.639605488850771735e+02
2.641440823327615703e+02
2.643825042881646823e+02
2.644562607204116489e+02
2.645626072041166026e+02
2.645488850771869238e+02
2.646226415094339472e+02
2.646963979416809707e+02
2.646706689536878230e+02
2.647444253859348464e+02
2.647289879931389578e+02
2.646929674099485510e+02
2.646569468267581442e+02
2.648696397941681084e+02
2.650823327615780727e+02
2.650274442538593576e+02
2.649725557461406424e+02
2.649176672384219273e+02
2.648730703259005281e+02
2.649159519725557175e+02
2.649588336192109637e+02
2.650017152658662098e+02
2.649914236706689508e+02
2.649691252144082227e+02
2.649468267581474947e+02
2.649365351629502356e+02
2.649142367066895076e+02
2.649039451114922485e+02
2.648936535162949895e+02
2.648833619210977872e+02
2.648730703259005281e+02
2.648627787307033259e+02
2.648524871355060100e+02
2.648644939965694789e+02
2.648765008576329478e+02
2.648987993138936190e+02
2.649108061749571448e+02
2.646861063464837116e+02
2.644614065180102784e+02
2.644734133790737474e+02
2.645265866209261958e+02
2.645385934819897216e+02
2.645626072041166594e+02
2.645094339622641542e+02
2.644648370497427550e+02
2.644219554030875088e+02
2.643670668953687937e+02
2.643224699828473376e+02
2.642778730703258816e+02
2.643224699828473376e+02
2.642795883361920914e+02
2.643224699828473376e+02
2.643653516295025838e+02
2.643070325900514490e+02
2.640823327615780158e+02
2.639931389365351606e+02
2.641560891938250393e+02
2.641903945111491794e+02
2.642246998284733763e+02
2.643910806174957315e+02
2.643704974271012134e+02
2.643516295025729050e+02
2.643327615780445967e+02
2.643344768439108066e+02
2.644974271012006852e+02
2.646603773584905639e+02
2.645523156089194003e+02
2.644785591766723769e+02
2.645694682675814420e+02
2.645608919382503927e+02
2.642933104631217702e+02
2.644716981132075375e+02
2.646500857632933048e+02
2.647512864493996858e+02
2.650205831903945182e+02
2.647598627787307350e+02
2.646809605488850821e+02
2.646552315608919344e+02
2.646758147512864525e+02
2.645128644939965739e+02
2.645111492281303640e+02
2.645849056603773306e+02
2.646586620926243540e+02
2.647324185248713775e+02
2.648164665523156032e+02
2.650531732418525053e+02
2.651269296740994719e+02
2.653516295025729050e+02
2.653962264150943611e+02
2.656209262435677374e+02
2.655746140651800715e+02
2.656277873070325768e+02
2.656123499142366882e+02
2.655866209262435405e+02
2.658319039451114350e+02
2.660771869639794431e+02
2.660857632933104355e+02
2.660943396226414848e+02
2.661029159519725908e+02
2.660394511149228265e+02
2.660171526586620985e+02
2.660068610634648394e+02
2.659965694682675803e+02
2.659759862778730621e+02
2.659759862778730621e+02
2.659879931389365311e+02
2.659897084048027409e+02
2.659914236706689508e+02
2.659811320754716917e+02
2.659845626072041114e+02
2.659879931389365311e+02
2.659811320754716917e+02
2.659845626072041114e+02
2.662229845626071665e+02
2.664905660377357890e+02
2.662469982847341043e+02
2.662401372212692650e+02
2.662332761578044256e+02
2.662590051457975733e+02
2.662847341337907210e+02
2.662418524871354748e+02
2.661989708404802855e+02
2.661560891938250961e+02
2.661012006861063810e+02
2.660463121783876659e+02
2.660617495711835545e+02
2.658387650085763880e+02
2.656157804459691647e+02
2.655420240137221413e+02
2.655986277873070094e+02
2.655540308747855534e+02
2.654648370497427550e+02
2.652092624356775445e+02
2.651492281303602567e+02
2.652984562607203998e+02
2.653344768439108066e+02
2.653602058319039543e+02
2.651252144082333189e+02
2.649433962264150750e+02
2.650222984562607280e+02
2.651012006861063810e+02
2.653499142367066952e+02
2.652572898799313634e+02
2.651560891938249824e+02
2.648747855917666811e+02
2.645934819897083798e+02
2.644751286449400141e+02
2.642967409948541899e+02
2.643876500857633118e+02
2.642092624356774877e+02
2.642109777015437544e+02
2.642144082332761172e+02
2.641252144082332620e+02
2.638644939965694221e+02
2.638404802744425410e+02
2.636775300171526624e+02
2.637667238421955176e+02
2.638524871355059531e+02
2.638970840480274092e+02
2.639708404802744326e+02
2.640445969125214560e+02
2.641183533447684226e+02
2.643447684391080656e+02
2.645574614065179730e+02
2.647821612349914631e+02
2.649948542024013705e+02
2.649399656946826553e+02
2.651526586620926764e+02
2.653653516295025838e+02
2.653207547169811278e+02
2.653636363636363740e+02
2.654065180102916202e+02
2.653945111492280944e+02
2.653825042881646823e+02
2.653396226415094361e+02
2.653173241852487081e+02
2.653190394511149179e+02
2.653087478559176589e+02
2.653087478559176589e+02
2.653087478559176589e+02
2.652967409948541899e+02
2.653070325900514490e+02
2.653173241852487081e+02
2.653276157804459672e+02
2.653259005145797573e+02
2.653241852487135475e+02
2.653224699828473376e+02
2.653207547169811278e+02
2.653430531732418558e+02
2.653859348198971020e+02
2.654288164665523482e+02
2.654408233276158171e+02
2.652161234991423839e+02
2.652281303602058529e+02
2.651852487135506067e+02
2.649588336192109637e+02
2.649159519725557175e+02
2.648627787307032690e+02
2.648078902229846108e+02
2.647632933104631547e+02
2.645506003430531905e+02
2.645780445969124912e+02
2.643670668953687368e+02
2.641423670668954173e+02
2.641852487135506067e+02
2.641852487135505498e+02
2.639296740994853963e+02
2.637049742710120199e+02
2.638713550600343183e+02
2.636466552315608851e+02
2.636432246998284654e+02
2.638233276157804426e+02
2.640823327615780727e+02
2.642315608919382157e+02
2.642126929674099642e+02
2.643036020583190293e+02
2.644545454545454390e+02
2.642075471698112779e+02
2.642075471698113347e+02
2.641063464837050105e+02
2.641063464837050105e+02
