3.052487135506003213e+01
3.051457975986277660e+01
3.050428816466552107e+01
3.049399656946826553e+01
3.049742710120068523e+01
3.048370497427101000e+01
3.047512864493996432e+01
3.046655231560891508e+01
3.045797598627787295e+01
3.044939965694682371e+01
3.043910806174957173e+01
3.042881646655231265e+01
3.041509433962264097e+01
3.040480274442538189e+01
3.040651801029159174e+01
3.039622641509433976e+01
3.038593481989708067e+01
3.037564322469982514e+01
3.037564322469982514e+01
3.037392795883361529e+01
3.037221269296740900e+01
3.037049742710119915e+01
3.037735849056603499e+01
3.038421955403087082e+01
3.038250428816466098e+01
3.038078902229845468e+01
3.039108061749571021e+01
3.040137221269296575e+01
3.041166380789022128e+01
3.042195540308747681e+01
3.042024013722126696e+01
3.045111492281303356e+01
3.048198970840480015e+01
3.049228130360205569e+01
3.052487135506003568e+01
3.055746140651801213e+01
3.059005145797598502e+01
3.060205831903945040e+01
3.064493996569468237e+01
3.067753001715265526e+01
3.068610634648370450e+01
3.072898799313893647e+01
3.075128644939965739e+01
3.075986277873069952e+01
3.078216123499142043e+01
3.080445969125214134e+01
3.082675814751286580e+01
3.083704974271012134e+01
3.087993138936535331e+01
3.087993138936534976e+01
3.089022298456260529e+01
3.087821612349913991e+01
3.091080617495711635e+01
3.093310463121783727e+01
3.093481989708404711e+01
3.096740994854202356e+01
3.096740994854202356e+01
3.096740994854202000e+01
3.099313893653516061e+01
3.099313893653516061e+01
3.100171526586620985e+01
3.098799313893653817e+01
3.097427101200685939e+01
3.095197255574613848e+01
3.092967409948542468e+01
3.093138936535163097e+01
3.089193825042881514e+01
3.089022298456260884e+01
3.089708404802744468e+01
3.090909090909091006e+01
3.091423670668953605e+01
3.089365351629502499e+01
3.087307032590051392e+01
3.084048027444254103e+01
3.080960548885077088e+01
3.075986277873070307e+01
3.071355060034305495e+01
3.069125214408233404e+01
3.065694682675814420e+01
3.063293310463121699e+01
3.060891938250428623e+01
3.057118353344768025e+01
3.054545454545454675e+01
3.050771869639794076e+01
3.051286449399656675e+01
3.048027444253859386e+01
3.043739279588336188e+01
3.044425385934820127e+01
3.043224699828473234e+01
3.044425385934819772e+01
3.043053173241852249e+01
3.041852487135506067e+01
3.043224699828473589e+01
3.043224699828473234e+01
3.043910806174957173e+01
3.044082332761578158e+01
3.043739279588336188e+01
3.042367066895368666e+01
3.042024013722127052e+01
3.043224699828473234e+01
3.044253859348198787e+01
3.045283018867924341e+01
3.046483704974271234e+01
3.047512864493996432e+01
3.047341337907375447e+01
3.048198970840480371e+01
3.048027444253859386e+01
3.048027444253859386e+01
3.049914236706689508e+01
3.050257289879931477e+01
3.050600343053173091e+01
3.053516295025728766e+01
3.055746140651800857e+01
3.055746140651800857e+01
3.054716981132075304e+01
3.055574614065179873e+01
3.056432246998284441e+01
3.058319039451114563e+01
3.061406518010291222e+01
3.062607204116638115e+01
3.063807890222984653e+01
3.068096054888507496e+01
3.071012006861063526e+01
3.072212692967409708e+01
3.075128644939965739e+01
3.075128644939965383e+01
3.076329331046311921e+01
3.077530017152658814e+01
3.078730703259004997e+01
3.081646655231560672e+01
3.084562607204116347e+01
3.085763293310463240e+01
3.086963979416809423e+01
3.088164665523155961e+01
3.089365351629502499e+01
3.090566037735849036e+01
3.091766723842195574e+01
3.092967409948542112e+01
3.094854202401372589e+01
3.097255574614064955e+01
3.098627787307032833e+01
3.100000000000000000e+01
3.102915951972555675e+01
3.104974271012007137e+01
3.106346483704974304e+01
3.106689536878216273e+01
3.104288164665523198e+01
3.103773584905660243e+01
3.102058319039451106e+01
3.102229845626072091e+01
3.101372212692967523e+01
3.101715265866209137e+01
3.102401372212693076e+01
3.102401372212693076e+01
3.102744425385935045e+01
3.103430531732418274e+01
3.103259005145797289e+01
3.103259005145797289e+01
3.103087478559176660e+01
3.101029159519725553e+01
3.099656946826758031e+01
3.097427101200685939e+01
3.095197255574614204e+01
3.091938250428816559e+01
3.087478559176672377e+01
3.083018867924528195e+01
3.081818181818182012e+01
3.079588336192109921e+01
3.076329331046311921e+01
3.073070325900514632e+01
3.069811320754717343e+01
3.066552315608919344e+01
3.061063464837049963e+01
3.057804459691251964e+01
3.054545454545454675e+01
3.051286449399657030e+01
3.047684391080617416e+01
3.044253859348199143e+01
3.040823327615780514e+01
3.038421955403087438e+01
3.034991423670668809e+01
3.031389365351629550e+01
3.027958833619210921e+01
3.024528301886792292e+01
3.021440823327615632e+01
3.018353344768438973e+01
3.014922813036020699e+01
3.009262435677529623e+01
3.003773584905660243e+01
3.001543739279588152e+01
2.999313893653516416e+01
2.997255574614065310e+01
2.992967409948541757e+01
2.988679245283018560e+01
2.984391080617495362e+01
2.979245283018867951e+01
2.975128644939965739e+01
2.971012006861063526e+01
2.966723842195540328e+01
2.962607204116638115e+01
2.958490566037735903e+01
2.955403087478559243e+01
2.956775300171526766e+01
2.955917667238422197e+01
2.956260720411663812e+01
2.953516295025729121e+01
2.955746140651800857e+01
2.957632933104630979e+01
2.960548885077187009e+01
2.961578044596912562e+01
2.963293310463122054e+01
2.965180102915952176e+01
2.968096054888507851e+01
2.969296740994854034e+01
2.972384219554030693e+01
2.976500857632932906e+01
2.979416809605488936e+01
2.983876500857632763e+01
2.986792452830188438e+01
2.987135506003430407e+01
2.989536878216123483e+01
2.990222984562607067e+01
2.993996569468267666e+01
2.994854202401371879e+01
2.995711835334476802e+01
2.999656946826758031e+01
3.003602058319039259e+01
3.007375643224699857e+01
3.010291595197255532e+01
3.011663807890222699e+01
3.013207547169811207e+01
3.016981132075471805e+01
3.018524871355059958e+01
3.021269296740994648e+01
3.024013722126929693e+01
3.026758147512864383e+01
3.029502572898799428e+01
3.032246998284734119e+01
3.034991423670669164e+01
3.035506003430532118e+01
3.036020583190394717e+01
3.036535162950257316e+01
3.036363636363636687e+01
3.037907375643224839e+01
3.037564322469982869e+01
3.038936535162950037e+01
3.041166380789022128e+01
3.043224699828473589e+01
3.043739279588336188e+01
3.043910806174957173e+01
3.044253859348199143e+01
3.044596912521440757e+01
3.045111492281303356e+01
3.045283018867924696e+01
3.045454545454545325e+01
3.045797598627787295e+01
3.045797598627787295e+01
3.045797598627787295e+01
3.045797598627787295e+01
3.045626072041166665e+01
3.045283018867924696e+01
3.044939965694682726e+01
3.044596912521441112e+01
3.044082332761578158e+01
3.043910806174957173e+01
3.042024013722127052e+01
3.040651801029159884e+01
3.040651801029159884e+01
3.040651801029159884e+01
3.039794168096054960e+01
3.038936535162950747e+01
3.038078902229845824e+01
3.037221269296740900e+01
3.035334476843910778e+01
3.035334476843910778e+01
3.031217838765008565e+01
3.028301886792452891e+01
3.023670668953688079e+01
3.021440823327615988e+01
3.020240137221269450e+01
3.018867924528301927e+01
3.017838765008576374e+01
3.015608919382504283e+01
3.014408233276157745e+01
3.013036020583190577e+01
3.010291595197255532e+01
3.007890222984562456e+01
3.006861063464837258e+01
3.005660377358490365e+01
3.003430531732418629e+01
3.001200686106346183e+01
2.999485420240137046e+01
2.999656946826758031e+01
2.997427101200685939e+01
2.995711835334476802e+01
2.993825042881646681e+01
2.995197255574613848e+01
2.995368782161234833e+01
2.995368782161234833e+01
2.994339622641509635e+01
2.994339622641509635e+01
2.991252144082332620e+01
2.989193825042881514e+01
2.989193825042881514e+01
2.989193825042881514e+01
2.989022298456260884e+01
2.988850771869640255e+01
2.989022298456260884e+01
2.990051457975986438e+01
2.990909090909090651e+01
2.992967409948541757e+01
2.993825042881646681e+01
2.996226415094339757e+01
2.999828473413379015e+01
3.001715265866209137e+01
3.002744425385934690e+01
3.005145797598627766e+01
3.006518010291595289e+01
3.010120068610634547e+01
3.011492281303602070e+01
3.015780445969124912e+01
3.020240137221269094e+01
3.024871355060034261e+01
3.027958833619210566e+01
3.028816466552315489e+01
3.029674099485420413e+01
3.030531732418524982e+01
3.032590051457976088e+01
3.034476843910806210e+01
3.036535162950257671e+01
3.038421955403087438e+01
3.040480274442538899e+01
3.041166380789022483e+01
3.041852487135506067e+01
3.042538593481989651e+01
3.043224699828473234e+01
3.044082332761578158e+01
3.042710120068610635e+01
3.045626072041166310e+01
3.044253859348199143e+01
3.044082332761578158e+01
3.043910806174957173e+01
3.043739279588336188e+01
3.042538593481989651e+01
3.041337907375643113e+01
3.040137221269296930e+01
3.038765008576329052e+01
3.037392795883361885e+01
3.037221269296740900e+01
3.035849056603773732e+01
3.035849056603773732e+01
3.035849056603773732e+01
3.035849056603773732e+01
3.037221269296740900e+01
3.037564322469982869e+01
3.038765008576329407e+01
3.038765008576329407e+01
3.038593481989708067e+01
3.038421955403087438e+01
3.038250428816466453e+01
3.037907375643224839e+01
3.037735849056603854e+01
3.037735849056603499e+01
3.036192109777015347e+01
3.034991423670668809e+01
3.032933104631217702e+01
3.029845626072041398e+01
3.025557461406518200e+01
3.024356775300171662e+01
3.020068610634648110e+01
3.016809605488850821e+01
3.013722126929674161e+01
3.012864493996569593e+01
3.010120068610634547e+01
3.004802744425386152e+01
3.000686106346483584e+01
2.996054888507718772e+01
2.991423670668953605e+01
2.986277873070326194e+01
2.981132075471698073e+01
2.976157804459691292e+01
2.973413379073756602e+01
2.969639794168096003e+01
2.965866209262435760e+01
2.962092624356775161e+01
2.958490566037735903e+01
2.954888507718696644e+01
2.950085763293310492e+01
2.945111492281304066e+01
2.942538593481989651e+01
2.939965694682675945e+01
2.940480274442538544e+01
2.937907375643224483e+01
2.938593481989708422e+01
2.937049742710119915e+01
2.933104631217838687e+01
2.929159519725557459e+01
2.926243567753001429e+01
2.925557461406518200e+01
2.924871355060034261e+01
2.924185248713550678e+01
2.923499142367067094e+01
2.923842195540308708e+01
2.920754716981132049e+01
2.918696397941680942e+01
2.917838765008576019e+01
2.919039451114922912e+01
2.920240137221269094e+01
2.921269296740995003e+01
2.923670668953688079e+01
2.926415094339622769e+01
2.926415094339622769e+01
2.926415094339622414e+01
2.931903945111492149e+01
2.933104631217838687e+01
2.934133790737564240e+01
2.935162950257289438e+01
2.936192109777015347e+01
2.937392795883361885e+01
2.938936535162950037e+01
2.942367066895368666e+01
2.941852487135506067e+01
2.944253859348198787e+01
2.946655231560891508e+01
2.951114922813035690e+01
2.952658662092624198e+01
2.954030874785591720e+01
2.959519725557461101e+01
2.962264150943396146e+01
2.962092624356775161e+01
2.960891938250428979e+01
2.959519725557461456e+01
2.958147512864493933e+01
2.956775300171526411e+01
2.955403087478558888e+01
2.954030874785591720e+01
2.952830188679245182e+01
2.951457975986277660e+01
2.951972555746140614e+01
2.949742710120068523e+01
2.949914236706689508e+01
2.948370497427101000e+01
2.946826758147512848e+01
2.946826758147512493e+01
2.946826758147512493e+01
2.946826758147512493e+01
2.946655231560891863e+01
2.946483704974270879e+01
2.946483704974270523e+01
2.946483704974270879e+01
2.947512864493996432e+01
2.948542024013721630e+01
2.949742710120068523e+01
2.951114922813035690e+01
2.952830188679245182e+01
2.954888507718696289e+01
2.955746140651800857e+01
2.956432246998284796e+01
2.956089193825042827e+01
2.956775300171526411e+01
2.958490566037735903e+01
2.958147512864493933e+01
2.961063464837049963e+01
2.963807890222984298e+01
2.967581475128644897e+01
2.967753001715265881e+01
2.970497427101200572e+01
2.969982847341337617e+01
2.969982847341337973e+01
2.967238421955402927e+01
2.964493996569468237e+01
2.961749571183533192e+01
2.959005145797598502e+01
2.954030874785591720e+01
2.950943396226415061e+01
2.944253859348199143e+01
2.942538593481989651e+01
2.939965694682675945e+01
2.937392795883361885e+01
2.938936535162950037e+01
2.936363636363636331e+01
2.933790737564322271e+01
2.930874785591766596e+01
2.926929674099485368e+01
2.924356775300171307e+01
2.920411663807890079e+01
2.915437392795883298e+01
2.912864493996569237e+01
2.910291595197255532e+01
2.907718696397941471e+01
2.905145797598627411e+01
2.903602058319039259e+01
2.901029159519725198e+01
2.897084048027443970e+01
2.894168096054888295e+01
2.890222984562607067e+01
2.886106346483704854e+01
2.883018867924528195e+01
2.879588336192109566e+01
2.878387650085763383e+01
2.877186963979416845e+01
2.873070325900514632e+01
2.867409948542024267e+01
2.867066895368782298e+01
2.866723842195540328e+01
2.866380789022298359e+01
2.866037735849056389e+01
2.865694682675814775e+01
2.865523156089194146e+01
2.866209262435677729e+01
2.865866209262435760e+01
2.865694682675814775e+01
2.865523156089193435e+01
2.864493996569468237e+01
2.864493996569468237e+01
2.865523156089193435e+01
2.866552315608919344e+01
2.866380789022298359e+01
2.866380789022298359e+01
2.866380789022298359e+01
2.866895368782160958e+01
2.867409948542023557e+01
2.867581475128644541e+01
2.867753001715265526e+01
2.867066895368781587e+01
2.867753001715265526e+01
2.867924528301886511e+01
2.867409948542023557e+01
2.867409948542023557e+01
2.871183533447684155e+01
2.875986277873069952e+01
2.880617495711835119e+01
2.886106346483704854e+01
2.891766723842195574e+01
2.897255574614064955e+01
2.901543739279588152e+01
2.905831903945111705e+01
2.909090909090909349e+01
2.912349914236706638e+01
2.915608919382504283e+01
2.918867924528301927e+01
2.923327615780445754e+01
2.927615780445968952e+01
2.931903945111491794e+01
2.936192109777015347e+01
2.939279588336192006e+01
2.941166380789022128e+01
2.944253859348198432e+01
2.947341337907375447e+01
2.950943396226414706e+01
2.954030874785591365e+01
2.959862778730702715e+01
2.965180102915951466e+01
2.966895368782160602e+01
2.972212692967409708e+01
2.973756432246997861e+01
2.974785591766723769e+01
2.975128644939965383e+01
2.978902229845625982e+01
2.978730703259004997e+01
2.979416809605488936e+01
2.980102915951972520e+01
2.980102915951972520e+01
2.978559176672384368e+01
2.978216123499142398e+01
2.978387650085763383e+01
2.978559176672384012e+01
2.978730703259004997e+01
2.978730703259004997e+01
2.978902229845625982e+01
2.979073756432246967e+01
2.979759862778730550e+01
2.979931389365351535e+01
2.980102915951972520e+01
2.980274442538593505e+01
2.980445969125214134e+01
2.980617495711835119e+01
2.980789022298456103e+01
2.982161234991423271e+01
2.981646655231560672e+01
2.982675814751286225e+01
2.982504288164665240e+01
2.983533447684390794e+01
2.983533447684390438e+01
2.983190394511148824e+01
2.982847341337906855e+01
2.983876500857632408e+01
2.983533447684390438e+01
2.983533447684390438e+01
2.983018867924528195e+01
2.982504288164665240e+01
2.980960548885077088e+01
2.981989708404802641e+01
2.982161234991423271e+01
2.982332761578044256e+01
2.982332761578044256e+01
2.981475128644939687e+01
2.980617495711835119e+01
2.980274442538593149e+01
2.979931389365351535e+01
2.979588336192109921e+01
2.979416809605488936e+01
2.979245283018867951e+01
2.978044596912521413e+01
2.978216123499142043e+01
2.979931389365351535e+01
2.981475128644940042e+01
2.981818181818181657e+01
2.985248713550600286e+01
2.988679245283018560e+01
2.988850771869639544e+01
2.993310463121783727e+01
2.993481989708404711e+01
2.994682675814750894e+01
2.993825042881646681e+01
2.992967409948541757e+01
2.994168096054888295e+01
2.993138936535162742e+01
2.992109777015437189e+01
2.990909090909090651e+01
2.993996569468267666e+01
2.993996569468267666e+01
2.996054888507718772e+01
2.998284734133790863e+01
2.998284734133790863e+01
2.999313893653516061e+01
3.001715265866209137e+01
3.004116638078902213e+01
3.002401372212693076e+01
3.000686106346483584e+01
2.999656946826758031e+01
2.996397941680960386e+01
2.997427101200685939e+01
2.996226415094339757e+01
2.997255574614064955e+01
2.993996569468267666e+01
2.990737564322470021e+01
2.990566037735849036e+01
2.987307032590051392e+01
2.987307032590051392e+01
2.987307032590051392e+01
2.986106346483704854e+01
2.986449399656946824e+01
2.986792452830188438e+01
2.988164665523155961e+01
2.989708404802744113e+01
2.990909090909090651e+01
2.992109777015437189e+01
2.992281303602058173e+01
2.993310463121783727e+01
2.994682675814751249e+01
2.996054888507718772e+01
2.995025728987992863e+01
2.995711835334476802e+01
2.995883361921097787e+01
2.996912521440823340e+01
2.997941680960548894e+01
2.998970840480274092e+01
2.999828473413379015e+01
3.000171526586620985e+01
2.999485420240137046e+01
3.000857632933104568e+01
3.002572898799314061e+01
3.004288164665523198e+01
3.005831903945111350e+01
3.007547169811320842e+01
3.008061749571183441e+01
3.008061749571183441e+01
3.009605488850771593e+01
3.011835334476843684e+01
3.013379073756431836e+01
3.014922813036020344e+01
3.016466552315608851e+01
3.018010291595197003e+01
3.021440823327615632e+01
3.023499142367066383e+01
3.026929674099485368e+01
3.030360205831903642e+01
3.031389365351629550e+01
3.033790737564322271e+01
3.037221269296740900e+01
3.043053173241852249e+01
3.047684391080617416e+01
3.051114922813036046e+01
3.052315608919382228e+01
3.053516295025728766e+01
3.057975986277872948e+01
3.063636363636363313e+01
3.068096054888507496e+01
3.073584905660377231e+01
3.075643224699828693e+01
3.077015437392795860e+01
3.077358490566037830e+01
3.079759862778730550e+01
3.081132075471698073e+01
3.080445969125214134e+01
3.083018867924528195e+01
3.082504288164665240e+01
3.084048027444253748e+01
3.084562607204116702e+01
3.084905660377358672e+01
3.081818181818182012e+01
3.078216123499142398e+01
3.075128644939965739e+01
3.072384219554030693e+01
3.069468267581475018e+01
3.066552315608919344e+01
3.063636363636363313e+01
3.061921097770154176e+01
3.057975986277872948e+01
3.054888507718696289e+01
3.053001715265865812e+01
3.052315608919382584e+01
3.050600343053173447e+01
3.047855917667238401e+01
3.044596912521440402e+01
3.042195540308747681e+01
3.039451114922812991e+01
3.036535162950256961e+01
3.033619210977701641e+01
3.030703259005145611e+01
3.028816466552315489e+01
3.024699828473413277e+01
3.022813036020583155e+01
3.019725557461406495e+01
3.016638078902229836e+01
3.014579759862778729e+01
3.011492281303601715e+01
3.009433962264150608e+01
3.010120068610634547e+01
3.008919382504288009e+01
3.008747855917667380e+01
3.006689536878215918e+01
3.007547169811320487e+01
3.007204116638078872e+01
3.006689536878216273e+01
3.006346483704974304e+01
3.006003430531732334e+01
3.007032590051457532e+01
3.008233276157804070e+01
3.009605488850771593e+01
3.009605488850771593e+01
3.009433962264150608e+01
3.009605488850771593e+01
3.011663807890222699e+01
3.015951972555745897e+01
3.020240137221269094e+01
3.024699828473413277e+01
3.025900514579759815e+01
3.029331046312178444e+01
3.032761578044596718e+01
3.034819897084047824e+01
3.039279588336192006e+01
3.043739279588336188e+01
3.047169811320754462e+01
3.050600343053173091e+01
3.053859348198970736e+01
3.057118353344768380e+01
3.059348198970840116e+01
3.061921097770154176e+01
3.065351629502572806e+01
3.067753001715265526e+01
3.072212692967409708e+01
3.074614065180102784e+01
3.078216123499142043e+01
3.081818181818181657e+01
3.085420240137220915e+01
3.087650085763293362e+01
3.090909090909090651e+01
3.095540308747855818e+01
3.100343053173241614e+01
3.104974271012006781e+01
3.109605488850771593e+01
3.110806174957118486e+01
3.115094339622641328e+01
3.119382504288164526e+01
3.120583190394511064e+01
3.120754716981132049e+01
3.120754716981132049e+01
3.120926243567753033e+01
3.120754716981132049e+01
3.121097770154374018e+01
3.121269296740995003e+01
3.121440823327615632e+01
3.120068610634648110e+01
3.114408233276157745e+01
3.111149228130359745e+01
3.107718696397941471e+01
3.107375643224699857e+01
3.103087478559176304e+01
3.099828473413379015e+01
3.095540308747855818e+01
3.092452830188679158e+01
3.089365351629502499e+01
3.086277873070325839e+01
3.082161234991423626e+01
3.079073756432246967e+01
3.077015437392795860e+01
3.073756432246997861e+01
3.070497427101200572e+01
3.067238421955402927e+01
3.063979416809605283e+01
3.061749571183533192e+01
3.059519725557461101e+01
3.057289879931389009e+01
3.051972555746140614e+01
3.049742710120068523e+01
3.046998284734133833e+01
3.041680960548885082e+01
3.036363636363635976e+01
3.031217838765008565e+01
3.026415094339622769e+01
3.024871355060034261e+01
3.021955403087478587e+01
3.016295025728988222e+01
3.013550600343053176e+01
3.009433962264150964e+01
3.005145797598627766e+01
3.000686106346483584e+01
2.997941680960548894e+01
2.995025728987993219e+01
2.991080617495711635e+01
2.990394511149228052e+01
2.989708404802744468e+01
2.992281303602058529e+01
2.993310463121783727e+01
2.992452830188679158e+01
2.993481989708404711e+01
2.994511149228130265e+01
2.995711835334476802e+01
2.996912521440822985e+01
3.000857632933104568e+01
3.005145797598627766e+01
3.009262435677529979e+01
3.011149228130360456e+01
3.011835334476844039e+01
3.012864493996569593e+01
3.013722126929673806e+01
3.016809605488850821e+01
3.017838765008576729e+01
3.018867924528301927e+01
3.019897084048027835e+01
3.022984562607204140e+01
3.026072041166381155e+01
3.029159519725557814e+01
3.034476843910806565e+01
3.039794168096054960e+01
3.045111492281303711e+01
3.046826758147512848e+01
3.051286449399657030e+01
3.054202401372212705e+01
3.056260720411663812e+01
3.058147512864493933e+01
3.058833619210977872e+01
3.061749571183533192e+01
3.064665523156089222e+01
3.065523156089193790e+01
3.062264150943396146e+01
3.065180102915952176e+01
3.065694682675814420e+01
3.066037735849056389e+01
3.066380789022298359e+01
3.066723842195540328e+01
3.065694682675814775e+01
3.065694682675814420e+01
3.066037735849056389e+01
3.066380789022298359e+01
3.066380789022298359e+01
3.067924528301886511e+01
3.069811320754716633e+01
3.071183533447684511e+01
3.072898799313893647e+01
3.074614065180102784e+01
3.076329331046312276e+01
3.075814751286449678e+01
3.074442538593482155e+01
3.075814751286449678e+01
3.075814751286449322e+01
3.075986277873070662e+01
3.074957118353344754e+01
3.074614065180102784e+01
3.074271012006861170e+01
3.073927958833618845e+01
3.072727272727272663e+01
3.072384219554031048e+01
3.072555746140652033e+01
3.072384219554031048e+01
3.071183533447684511e+01
3.070325900514579587e+01
3.069639794168096003e+01
3.066895368782161313e+01
3.066037735849056389e+01
3.065180102915951821e+01
3.061749571183533192e+01
3.059519725557461456e+01
3.057289879931389365e+01
3.052487135506003568e+01
3.049228130360205569e+01
3.048198970840480371e+01
3.044939965694682371e+01
3.043739279588336188e+01
3.040480274442538544e+01
3.042538593481989651e+01
3.042538593481989651e+01
3.042538593481989651e+01
3.042538593481989651e+01
3.039279588336192006e+01
3.039279588336192006e+01
3.041509433962264097e+01
3.043739279588336188e+01
3.044768439108062097e+01
3.043910806174957173e+01
3.043910806174957173e+01
3.043053173241852249e+01
3.044425385934819772e+01
3.043567753001715204e+01
3.042710120068610635e+01
3.044082332761578158e+01
3.044425385934819772e+01
3.044596912521440757e+01
3.046998284734133478e+01
3.046140651801028909e+01
3.050600343053173091e+01
3.052830188679245182e+01
3.056089193825042827e+01
3.060377358490566024e+01
3.065694682675814420e+01
3.067753001715265526e+01
3.069811320754716633e+01
3.073241852487135617e+01
3.076672384219553891e+01
3.079931389365351535e+01
3.084391080617495362e+01
3.084391080617495362e+01
3.084391080617495362e+01
3.084905660377358316e+01
3.083704974271011778e+01
3.082504288164665240e+01
3.080617495711835119e+01
3.081132075471697718e+01
3.081646655231561027e+01
3.081303602058318702e+01
3.081303602058319058e+01
3.081475128644940042e+01
3.081475128644940042e+01
3.081475128644940042e+01
3.081818181818181657e+01
3.081989708404802641e+01
3.081989708404802997e+01
3.081989708404802997e+01
3.081989708404802641e+01
3.083361921097770164e+01
3.083361921097770164e+01
3.083533447684391149e+01
3.084905660377358316e+01
3.083876500857632763e+01
3.084905660377358316e+01
3.086106346483704854e+01
3.086106346483705209e+01
3.087993138936535331e+01
3.088679245283018560e+01
3.089879931389365453e+01
3.091080617495711991e+01
3.092109777015437544e+01
3.090909090909091006e+01
3.090222984562607067e+01
3.090051457975986082e+01
3.091252144082332620e+01
3.092281303602058173e+01
3.093310463121783727e+01
3.095540308747855818e+01
3.096569468267581016e+01
3.096226415094339401e+01
3.097255574614064955e+01
3.096226415094339401e+01
3.097427101200685939e+01
3.097084048027443970e+01
3.097255574614064955e+01
3.099142367066895076e+01
3.102058319039451106e+01
3.104116638078902213e+01
3.103773584905660243e+01
3.102401372212693076e+01
3.102058319039451106e+01
3.101715265866209137e+01
3.102401372212692365e+01
3.105317324185248395e+01
3.107032590051457532e+01
3.108747855917667025e+01
3.109433962264150608e+01
3.111149228130360100e+01
3.114065180102915775e+01
3.115780445969124912e+01
3.117324185248713420e+01
3.118867924528301927e+01
3.120754716981132049e+01
3.120411663807890079e+01
3.124356775300171662e+01
3.126243567753001429e+01
3.128130360205831906e+01
3.130188679245283012e+01
3.132246998284733763e+01
3.135162950257289793e+01
3.136192109777015347e+01
3.140480274442538544e+01
3.141509433962264097e+01
3.142538593481989651e+01
3.143567753001715204e+01
3.143224699828473234e+01
3.145111492281303356e+01
3.143910806174956818e+01
3.140994854202401143e+01
3.142024013722126696e+01
3.143053173241852249e+01
3.144425385934819417e+01
3.145626072041166310e+01
3.145626072041166310e+01
3.145626072041166310e+01
3.146826758147512848e+01
3.147855917667238401e+01
3.147855917667238401e+01
3.147169811320754462e+01
3.148370497427101000e+01
3.149742710120068878e+01
3.151114922813036401e+01
3.152487135506003568e+01
3.152487135506003568e+01
3.153344768439108137e+01
3.154202401372212705e+01
3.154202401372212705e+01
3.154202401372212705e+01
3.155574614065179873e+01
3.155231560891938258e+01
3.156775300171526766e+01
3.156946826758147751e+01
3.156946826758147395e+01
3.156946826758147395e+01
3.156775300171526411e+01
3.156603773584905426e+01
3.157632933104630979e+01
3.154545454545454319e+01
3.152830188679244827e+01
3.148713550600342614e+01
3.145969125214407924e+01
3.141852487135505712e+01
3.137735849056603499e+01
3.135506003430531408e+01
3.131389365351629550e+01
3.129845626072041043e+01
3.125728987993138830e+01
3.126243567753001784e+01
3.122126929674099216e+01
3.122641509433962170e+01
3.124185248713550678e+01
3.123842195540308708e+01
3.122298456260720201e+01
3.124013722126929693e+01
3.124871355060034261e+01
3.129845626072041043e+01
3.129845626072041398e+01
3.132590051457975733e+01
3.134305317324185225e+01
3.129674099485420413e+01
3.131389365351629550e+01
3.134133790737564240e+01
3.137221269296741255e+01
3.140137221269296930e+01
3.141680960548885082e+01
3.144596912521440757e+01
3.148542024013721985e+01
3.150085763293310492e+01
3.153859348198970736e+01
3.155403087478558888e+01
3.159176672384219131e+01
3.160720411663807994e+01
3.164493996569468237e+01
3.168610634648370450e+01
3.172727272727272663e+01
3.177873070325900429e+01
3.180960548885077444e+01
3.183018867924528550e+01
3.185248713550600286e+01
3.190566037735849036e+01
3.195883361921097787e+01
3.195883361921097787e+01
3.200171526586620985e+01
3.200343053173241969e+01
3.202572898799314061e+01
3.202744425385935045e+01
3.201886792452830832e+01
3.202058319039451106e+01
3.202229845626072091e+01
3.201200686106346183e+01
3.201372212692967167e+01
3.202401372212693076e+01
3.202572898799314061e+01
3.202744425385934335e+01
3.202915951972555320e+01
3.201886792452830122e+01
3.200857632933104924e+01
3.200857632933104924e+01
3.200343053173241969e+01
3.201715265866209137e+01
3.200857632933104924e+01
3.199999999999999645e+01
3.199828473413378660e+01
3.199313893653516061e+01
3.200000000000000000e+01
3.199656946826758031e+01
3.199656946826757675e+01
3.200514579759862954e+01
3.200514579759862954e+01
3.196740994854202356e+01
3.191766723842195574e+01
3.186792452830188793e+01
3.180960548885077088e+01
3.175128644939965383e+01
3.169296740994854389e+01
3.165008576329331191e+01
3.160720411663807639e+01
3.157461406518010349e+01
3.154202401372212705e+01
3.150943396226415061e+01
3.147684391080617416e+01
3.144425385934819772e+01
3.141166380789022128e+01
3.138078902229845824e+01
3.134819897084047824e+01
3.137221269296740900e+01
3.139622641509433976e+01
3.140823327615780158e+01
3.142024013722126696e+01
3.140994854202401143e+01
3.142195540308747681e+01
3.141166380789022128e+01
3.139108061749571021e+01
3.137907375643224839e+01
3.133619210977701641e+01
3.133619210977701286e+01
3.134648370497426839e+01
3.136363636363636331e+01
3.137392795883361885e+01
3.142367066895368666e+01
3.144253859348198787e+01
3.146140651801029264e+01
3.148713550600343325e+01
3.151801029159519629e+01
3.152658662092624553e+01
3.153516295025728766e+01
3.157632933104631334e+01
3.160377358490566024e+01
3.161578044596912562e+01
3.166723842195540328e+01
3.171869639794168094e+01
3.177186963979416845e+01
3.182504288164665240e+01
3.187821612349914346e+01
3.190909090909091361e+01
3.192795883361921128e+01
3.197941680960548894e+01
3.202058319039451106e+01
3.204974271012007137e+01
3.205488850771870091e+01
3.205660377358490365e+01
3.206861063464836548e+01
3.205660377358490365e+01
3.205831903945111350e+01
3.206003430531732334e+01
3.206174957118353319e+01
3.204974271012007137e+01
3.205145797598627411e+01
3.205145797598628121e+01
3.205145797598627411e+01
3.205145797598628121e+01
3.206174957118353319e+01
3.204631217838765167e+01
3.203773584905660243e+01
3.203430531732418274e+01
3.203087478559176304e+01
3.203259005145797289e+01
3.203430531732418274e+01
3.203430531732418274e+01
3.203430531732418274e+01
3.204802744425386152e+01
3.204802744425386152e+01
3.206174957118353319e+01
3.207547169811320487e+01
3.207547169811320487e+01
3.205145797598628121e+01
3.202915951972555320e+01
3.201372212692967167e+01
3.196740994854202000e+01
3.191766723842195574e+01
3.190051457975986082e+01
3.184048027444253393e+01
3.182504288164665240e+01
3.180102915951972165e+01
3.177701543739279089e+01
3.175128644939965383e+01
3.172727272727272663e+01
3.171869639794167739e+01
3.170840480274442541e+01
3.168610634648370450e+01
3.164322469982847252e+01
3.164322469982847252e+01
3.163293310463121699e+01
3.163293310463121699e+01
3.160034305317324055e+01
3.159862778730703070e+01
3.159691252144082085e+01
3.160377358490566024e+01
3.163121783876501070e+01
3.164665523156089222e+01
3.163464837049742329e+01
3.165523156089193790e+01
3.167581475128644897e+01
3.171869639794168094e+01
3.176157804459690936e+01
3.178044596912521413e+01
3.183190394511149179e+01
3.188336192109776945e+01
3.193481989708404711e+01
3.198627787307032477e+01
3.201543739279588152e+01
3.204802744425386152e+01
3.207890222984562456e+01
3.208919382504288365e+01
3.210120068610633837e+01
3.213207547169811562e+01
3.216466552315608851e+01
3.219725557461406140e+01
3.222641509433962170e+01
3.224528301886792292e+01
3.226415094339622414e+01
3.230531732418524626e+01
3.231389365351629550e+01
3.232246998284734474e+01
3.237907375643224839e+01
3.236878216123498930e+01
3.234991423670669519e+01
3.234133790737564595e+01
3.234476843910806565e+01
3.234305317324185580e+01
3.235334476843910778e+01
3.233790737564322626e+01
3.232418524871354748e+01
3.231046312178388291e+01
3.229845626072041398e+01
3.229845626072041398e+01
3.230360205831904352e+01
3.228816466552315489e+01
3.227272727272727337e+01
3.224699828473413277e+01
3.222813036020583866e+01
3.220926243567753033e+01
3.219039451114922912e+01
3.219554030874785866e+01
3.217495711835334760e+01
3.215437392795883653e+01
3.213379073756431836e+01
3.211320754716980730e+01
3.208747855917667380e+01
3.207718696397941471e+01
3.205660377358490365e+01
3.199656946826758031e+01
3.193653516295025696e+01
3.190051457975986438e+01
3.189022298456260884e+01
3.187993138936535331e+01
3.183704974271011778e+01
3.179416809605488936e+01
3.173413379073756246e+01
3.167581475128644897e+01
3.165351629502573161e+01
3.161921097770154532e+01
3.159691252144082441e+01
3.155403087478559243e+01
3.151114922813036046e+01
3.149228130360205924e+01
3.146998284734133833e+01
3.147855917667238401e+01
3.148713550600342970e+01
3.153001715265866167e+01
3.155060034305317274e+01
3.159519725557461456e+01
3.163293310463122054e+01
3.166552315608919344e+01
3.169296740994854034e+01
3.172212692967409708e+01
3.175300171526586723e+01
3.179588336192109921e+01
3.180617495711835119e+01
3.184905660377358316e+01
3.188507718696397575e+01
3.191938250428816559e+01
3.193138936535162742e+01
3.195368782161234833e+01
3.198627787307032477e+01
3.203430531732418274e+01
3.204116638078902213e+01
3.206174957118353319e+01
3.208404802744425410e+01
3.213722126929674516e+01
3.216809605488850821e+01
3.221097770154374018e+01
3.224356775300171307e+01
3.228644939965694505e+01
3.231903945111492504e+01
3.236363636363635976e+01
3.239622641509434686e+01
3.245111492281303356e+01
3.250600343053173447e+01
3.256089193825042827e+01
3.261578044596912207e+01
3.262950257289880085e+01
3.267409948542024267e+01
3.267924528301887221e+01
3.268439108061750176e+01
3.269639794168095648e+01
3.270840480274442541e+01
3.272041166380788724e+01
3.272041166380789434e+01
3.270668953687821556e+01
3.270497427101200572e+01
3.270497427101200572e+01
3.271698113207546754e+01
3.272727272727272663e+01
3.271869639794168449e+01
3.267581475128644541e+01
3.263464837049743039e+01
3.258833619210977872e+01
3.257461406518009994e+01
3.253859348198970736e+01
3.250600343053173447e+01
3.248542024013722340e+01
3.243739279588336188e+01
3.238936535162950037e+01
3.236535162950256961e+01
3.233104631217838687e+01
3.230874785591767306e+01
3.228816466552315489e+01
3.227787307032589581e+01
3.226929674099485368e+01
3.225042881646655246e+01
3.223842195540309064e+01
3.219554030874785866e+01
3.218696397941680942e+01
3.215437392795883653e+01
3.212178387650085654e+01
3.208919382504288365e+01
3.206689536878216273e+01
3.203430531732418274e+01
3.198970840480274447e+01
3.193310463121783727e+01
3.189193825042881514e+01
3.185248713550600286e+01
3.184391080617495717e+01
3.183361921097770164e+01
3.183533447684391149e+01
3.184562607204116702e+01
3.187650085763293362e+01
3.192967409948541757e+01
3.194854202401372234e+01
3.198113207547169878e+01
3.202058319039451106e+01
3.207032590051457532e+01
3.209777015437392578e+01
3.215265866209261958e+01
3.218353344768438973e+01
3.221269296740995003e+01
3.226586620926243398e+01
3.231903945111492504e+01
3.234991423670669519e+01
3.238078902229845824e+01
3.241166380789022128e+01
3.244253859348199143e+01
3.247341337907376158e+01
3.252658662092623842e+01
3.257975986277872948e+01
3.262092624356775161e+01
3.266209262435677374e+01
3.270497427101200572e+01
3.274785591766723769e+01
3.279073756432246967e+01
3.283361921097770164e+01
3.286449399656946468e+01
3.291766723842195574e+01
3.293825042881645970e+01
3.299142367066895076e+01
3.300514579759862954e+01
3.302401372212692365e+01
3.306689536878215563e+01
3.306861063464836548e+01
3.307204116638079228e+01
3.306861063464836548e+01
3.305660377358491075e+01
3.305831903945112060e+01
3.306346483704975014e+01
3.306346483704974304e+01
3.306346483704975014e+01
3.306518010291595289e+01
3.306861063464837258e+01
3.305145797598628121e+01
3.303945111492281228e+01
3.303773584905660243e+01
3.302229845626072091e+01
3.301029159519725908e+01
3.296226415094339757e+01
3.295368782161234833e+01
3.293138936535162742e+01
3.290909090909090651e+01
3.288336192109777301e+01
3.286449399656946468e+01
3.284391080617496073e+01
3.281303602058319058e+01
3.278044596912521058e+01
3.274957118353344754e+01
3.274099485420239830e+01
3.274271012006860815e+01
3.274442538593481800e+01
3.273241852487135617e+01
3.269811320754716633e+01
3.268610634648369739e+01
3.267238421955402572e+01
3.266037735849056389e+01
3.262950257289880085e+01
3.259862778730703781e+01
3.257975986277872948e+01
3.252658662092623842e+01
3.247855917667238401e+01
3.242710120068610991e+01
3.240823327615780158e+01
3.237907375643224839e+01
3.237049742710119915e+01
3.237221269296740900e+01
3.238421955403087793e+01
3.238593481989708778e+01
3.237564322469982869e+01
3.236535162950257671e+01
3.239794168096054960e+01
3.243053173241852960e+01
3.244253859348199143e+01
3.245626072041167021e+01
3.249914236706690218e+01
3.254030874785592431e+01
3.257118353344768735e+01
3.261578044596912207e+01
3.262607204116638115e+01
3.263464837049743039e+01
3.264322469982847252e+01
3.266723842195540328e+01
3.270154373927958602e+01
3.272555746140650967e+01
3.275128644939965739e+01
3.277530017152658814e+01
3.279931389365351890e+01
3.281303602058319058e+01
3.284391080617496073e+01
3.288507718696398285e+01
3.291252144082332620e+01
3.293996569468267666e+01
3.297770154373927909e+01
3.301543739279588863e+01
3.305831903945111350e+01
3.309090909090909349e+01
3.314408233276157745e+01
3.315437392795882943e+01
3.316809605488850821e+01
3.318524871355059958e+01
3.317667238421955034e+01
3.316638078902229836e+01
3.315265866209262668e+01
3.314922813036020699e+01
3.315265866209262668e+01
3.313550600343053532e+01
3.312006861063464669e+01
3.311835334476843684e+01
3.313550600343053532e+01
3.313379073756432547e+01
3.314579759862778729e+01
3.316981132075471805e+01
3.316638078902229836e+01
3.317152658662092790e+01
3.316638078902229836e+01
3.316466552315608851e+01
3.314579759862778729e+01
3.311492281303601715e+01
3.309090909090909349e+01
3.305660377358490365e+01
3.305660377358491075e+01
3.304631217838765167e+01
3.301200686106346183e+01
3.297770154373927909e+01
3.294339622641509635e+01
3.291766723842195574e+01
3.287993138936535331e+01
3.286963979416809423e+01
3.285077186963978590e+01
3.285591766723841545e+01
3.285591766723842255e+01
3.282161234991423271e+01
3.280960548885077799e+01
3.278559176672384012e+01
3.276157804459691647e+01
3.272898799313894358e+01
3.269639794168095648e+01
3.265523156089193435e+01
3.262435677530017131e+01
3.257118353344768025e+01
3.254888507718696644e+01
3.255917667238422553e+01
3.256946826758147040e+01
3.256775300171526055e+01
3.258833619210977872e+01
3.259691252144082796e+01
3.259519725557461101e+01
3.262435677530017131e+01
3.266380789022298359e+01
3.270497427101200572e+01
3.273413379073755891e+01
3.276329331046311921e+01
3.279931389365351890e+01
3.282504288164665240e+01
3.287307032590051392e+01
3.292967409948541047e+01
3.298284734133790153e+01
3.303602058319039259e+01
3.308919382504288365e+01
3.314236706689536760e+01
3.318524871355059958e+01
3.322813036020582445e+01
3.326072041166380444e+01
3.330531732418524626e+01
3.336020583190394717e+01
3.340137221269296930e+01
3.345626072041166310e+01
3.351114922813036401e+01
3.355403087478558888e+01
3.359862778730703070e+01
3.364150943396226978e+01
3.366037735849056389e+01
3.366209262435677374e+01
3.365008576329331191e+01
3.368096054888508206e+01
3.369125214408233404e+01
3.369296740994853678e+01
3.369296740994854389e+01
3.370497427101200572e+01
3.370840480274442541e+01
3.370668953687821556e+01
3.369125214408232694e+01
3.367581475128645252e+01
3.366037735849056389e+01
3.366380789022298359e+01
3.364837049742710207e+01
3.364665523156089222e+01
3.363121783876501070e+01
3.361578044596912918e+01
3.360034305317324765e+01
3.356775300171526766e+01
3.354888507718696644e+01
3.351629502572898645e+01
3.346998284734134188e+01
3.343224699828473234e+01
3.342024013722127052e+01
3.341166380789022128e+01
3.339279588336192006e+01
3.338078902229845824e+01
3.335162950257289793e+01
3.330874785591766596e+01
3.327444253859347612e+01
3.324185248713550322e+01
3.321097770154374018e+01
3.318010291595197003e+01
3.315094339622640973e+01
3.312006861063464669e+01
3.309090909090909349e+01
3.306174957118353319e+01
3.302915951972555320e+01
3.298970840480274092e+01
3.295025728987992863e+01
3.296226415094339757e+01
3.297427101200685939e+01
3.299485420240137046e+01
3.301543739279588152e+01
3.301715265866209137e+01
3.301715265866209137e+01
3.302915951972555320e+01
3.303945111492281228e+01
3.303945111492281228e+01
3.302915951972555320e+01
3.305145797598627411e+01
3.306174957118353319e+01
3.307204116638078517e+01
3.311320754716981440e+01
3.315437392795883653e+01
3.319554030874786577e+01
3.323499142367067094e+01
3.327615780445969307e+01
3.332933104631217702e+01
3.338250428816466808e+01
3.341337907375643113e+01
3.344425385934819417e+01
3.346655231560892219e+01
3.348713550600343325e+01
3.351801029159519629e+01
3.354716981132075659e+01
3.357632933104630979e+01
3.360720411663807994e+01
3.363979416809605283e+01
3.368439108061748755e+01
3.371869639794167739e+01
3.375128644939965739e+01
3.379416809605488936e+01
3.379416809605488936e+01
3.382675814751286225e+01
3.380102915951972165e+01
3.380102915951972165e+01
3.378902229845625982e+01
3.377530017152658104e+01
3.375471698113207708e+01
3.375814751286449678e+01
3.376157804459691647e+01
3.376329331046312632e+01
3.375128644939965739e+01
3.376500857632933617e+01
3.376500857632933617e+01
3.376500857632933617e+01
3.376500857632932906e+01
3.374614065180102784e+01
3.375471698113207708e+01
3.375471698113207708e+01
3.375128644939965739e+01
3.373413379073755891e+01
3.375300171526586723e+01
3.374271012006860815e+01
3.372555746140652388e+01
3.372384219554030693e+01
3.373756432246997861e+01
3.373756432246997861e+01
3.373070325900513922e+01
3.369811320754716633e+01
3.365180102915951466e+01
3.361921097770154176e+01
3.358662092624356887e+01
3.357289879931389009e+01
3.356089193825042116e+01
3.351457975986278370e+01
3.347169811320754462e+01
3.344253859348199143e+01
3.340994854202401143e+01
3.337907375643224839e+01
3.334819897084047824e+01
3.331732418524871520e+01
3.326415094339622414e+01
3.323670668953687368e+01
3.323156089193825125e+01
3.321269296740995003e+01
3.319210977701544607e+01
3.319210977701543897e+01
3.319210977701543897e+01
3.319382504288164881e+01
3.320583190394511064e+01
3.321783876500857957e+01
3.320754716981132049e+01
3.320754716981132049e+01
3.318524871355059247e+01
3.322641509433962170e+01
3.321440823327615988e+01
3.326586620926244109e+01
3.329674099485419703e+01
3.334819897084047824e+01
3.340994854202401143e+01
3.346140651801029264e+01
3.351286449399656675e+01
3.356603773584905781e+01
3.359519725557461101e+01
3.361578044596912207e+01
3.364493996569468237e+01
3.369639794168096358e+01
3.373756432246997861e+01
3.379073756432246967e+01
3.383361921097770164e+01
3.387821612349914346e+01
3.392452830188678803e+01
3.395540308747855818e+01
3.400171526586620985e+01
3.405831903945111350e+01
3.411149228130359745e+01
3.415780445969124912e+01
3.420068610634648110e+01
3.421612349914236972e+01
3.425900514579760170e+01
3.430531732418525337e+01
3.430874785591766596e+01
3.430017152658662383e+01
3.429502572898799428e+01
3.429674099485419703e+01
3.430188679245282657e+01
3.430531732418524626e+01
3.430874785591766596e+01
3.430874785591766596e+01
3.430874785591766596e+01
3.430703259005145611e+01
3.430874785591766596e+01
3.430874785591766596e+01
3.431046312178388291e+01
3.432418524871354748e+01
3.433790737564321915e+01
3.434991423670668809e+01
3.434991423670669519e+01
3.431903945111491794e+01
3.428816466552315489e+01
3.425728987993139185e+01
3.421440823327615988e+01
3.420583190394511064e+01
3.416295025728987866e+01
3.413207547169811562e+01
3.411149228130359745e+01
3.409948542024013562e+01
3.408747855917667380e+01
3.407204116638078517e+01
3.404802744425386152e+01
3.402229845626072091e+01
3.398113207547169878e+01
3.392624356775300498e+01
3.390394511149227696e+01
3.387135506003430407e+01
3.383704974271012134e+01
3.381989708404802286e+01
3.380102915951972165e+01
3.380274442538592439e+01
3.377186963979416134e+01
3.374271012006860815e+01
3.376329331046311921e+01
3.375471698113207708e+01
3.372384219554031404e+01
3.371355060034305495e+01
3.370325900514579587e+01
3.369296740994854389e+01
3.370497427101200572e+01
3.371869639794168449e+01
3.368782161234991435e+01
3.367924528301887221e+01
3.367066895368782298e+01
3.368096054888507496e+01
3.369982847341337617e+01
3.370840480274442541e+01
3.371869639794168449e+01
3.372898799313893647e+01
3.373927958833618845e+01
3.376157804459691647e+01
3.380445969125214845e+01
3.384734133790737332e+01
3.389193825042881514e+01
3.392452830188679513e+01
3.395711835334476802e+01
3.398970840480274092e+01
3.401200686106346893e+01
3.403773584905660243e+01
3.405831903945112060e+01
3.409605488850772304e+01
3.413379073756432547e+01
3.417152658662092790e+01
3.422469982847341186e+01
3.423670668953687368e+01
3.423499142367067094e+01
3.423670668953687368e+01
3.422298456260720201e+01
3.421269296740995003e+01
3.420240137221269094e+01
3.419039451114922201e+01
3.417667238421955744e+01
3.417667238421955744e+01
3.417667238421955744e+01
3.418010291595197714e+01
3.418353344768438973e+01
3.418696397941680232e+01
3.419554030874785155e+01
3.420926243567753033e+01
3.420926243567753033e+01
3.421097770154374018e+01
3.421097770154374018e+01
3.420754716981132049e+01
3.420583190394511064e+01
3.420583190394511064e+01
3.420411663807890079e+01
3.417324185248713775e+01
3.415951972555745897e+01
3.414579759862778729e+01
3.414751286449399714e+01
3.413550600343053532e+01
3.410463121783876517e+01
3.406346483704973593e+01
3.404288164665523198e+01
3.403430531732418274e+01
3.402915951972555320e+01
3.399142367066895076e+01
3.395883361921097077e+01
3.391938250428816559e+01
3.389365351629502499e+01
3.387307032590051392e+01
3.383018867924528195e+01
3.377530017152658104e+01
3.372041166380788724e+01
3.367924528301886511e+01
3.365866209262435405e+01
3.365694682675814420e+01
3.363464837049743039e+01
3.363293310463122054e+01
3.367581475128645252e+01
3.369811320754716633e+01
3.368610634648370450e+01
3.367409948542024267e+01
3.367409948542024267e+01
3.368439108061749465e+01
3.368439108061748755e+01
3.368267581475128480e+01
3.371355060034305495e+01
3.374442538593481800e+01
3.371698113207546754e+01
3.374614065180102784e+01
3.380617495711835119e+01
3.385591766723841545e+01
3.390394511149228407e+01
3.395711835334476802e+01
3.399828473413379015e+01
3.404288164665523198e+01
3.408576329331046395e+01
3.411835334476843684e+01
3.415094339622640973e+01
3.416981132075471805e+01
3.419554030874785866e+01
3.422813036020583155e+01
3.428301886792452535e+01
3.433104631217838687e+01
3.437907375643224839e+01
3.442710120068610991e+01
3.448713550600343325e+01
3.447512864493996432e+01
3.448370497427101355e+01
3.447169811320755173e+01
3.445797598627787295e+01
3.444768439108061386e+01
3.445283018867924341e+01
3.444253859348198432e+01
3.443224699828473234e+01
3.443396226415093508e+01
3.442367066895369021e+01
3.441337907375643113e+01
3.439965694682675945e+01
3.438593481989708778e+01
3.437221269296740900e+01
3.435849056603773732e+01
3.436878216123498930e+01
3.437049742710119915e+01
3.436878216123498930e+01
3.436878216123499641e+01
3.436706689536877946e+01
3.438593481989708778e+01
3.438078902229845824e+01
3.436192109777015702e+01
3.433619210977701641e+01
3.432418524871354748e+01
3.430531732418524626e+01
3.426243567753001429e+01
3.422813036020583155e+01
3.419382504288164171e+01
3.416123499142366882e+01
3.412864493996569593e+01
3.408576329331046395e+01
3.405488850771869380e+01
3.401886792452830122e+01
3.397427101200685939e+01
3.396226415094339757e+01
3.394854202401371879e+01
3.391423670668953605e+01
3.386963979416809423e+01
3.383704974271012134e+01
3.379416809605488936e+01
3.376157804459691647e+01
3.373756432246997861e+01
3.375814751286448967e+01
3.374785591766723769e+01
3.376843910806174875e+01
3.376843910806174875e+01
3.376843910806174875e+01
3.376843910806175586e+01
3.378902229845625982e+01
3.378730703259004997e+01
3.379759862778730906e+01
3.377358490566037119e+01
3.376157804459691647e+01
3.373756432246997861e+01
3.372555746140650967e+01
3.370154373927958602e+01
3.367753001715265526e+01
3.369468267581474663e+01
3.368096054888508206e+01
3.370668953687821556e+01
3.373241852487134906e+01
3.375128644939965739e+01
3.375986277873069952e+01
3.380102915951972165e+01
3.384219554030875088e+01
3.388507718696397575e+01
3.391595197255574590e+01
3.395883361921097787e+01
3.400000000000000000e+01
3.403087478559176304e+01
3.404974271012006426e+01
3.410291595197254821e+01
3.415437392795882943e+01
3.421097770154373308e+01
3.426758147512863673e+01
3.431389365351628840e+01
3.435677530017152037e+01
3.436878216123498930e+01
3.438421955403087793e+01
3.439965694682675235e+01
3.438936535162950037e+01
3.438936535162950747e+01
3.437907375643224839e+01
3.437907375643224839e+01
3.437907375643224839e+01
3.438593481989708778e+01
3.438421955403087793e+01
3.438593481989708778e+01
3.439794168096054960e+01
3.439622641509433265e+01
3.440823327615780158e+01
3.442195540308748036e+01
3.443567753001715914e+01
3.444939965694682371e+01
3.446312178387650249e+01
3.449571183533447538e+01
3.452144082332760888e+01
3.453173241852486797e+01
3.454030874785591720e+01
3.455231560891938614e+01
3.453001715265865812e+01
3.449914236706689508e+01
3.449056603773584584e+01
3.446826758147512493e+01
3.442710120068610991e+01
3.441509433962264097e+01
3.438250428816466098e+01
3.433962264150942900e+01
3.428644939965694505e+01
3.425557461406518200e+01
3.420240137221269094e+01
3.417152658662092080e+01
3.414236706689536760e+01
3.408919382504288365e+01
3.403602058319039259e+01
3.399313893653516061e+01
3.396397941680960741e+01
3.393825042881646681e+01
3.393996569468266955e+01
3.394168096054887940e+01
3.394339622641509635e+01
3.390051457975986438e+01
3.389022298456260529e+01
3.390222984562606712e+01
3.390222984562606712e+01
3.390222984562606712e+01
3.390222984562606712e+01
3.390222984562606712e+01
3.390222984562606712e+01
3.387993138936535331e+01
3.389022298456260529e+01
3.389022298456261240e+01
3.392967409948542468e+01
3.396912521440822985e+01
3.397941680960548183e+01
3.403087478559176304e+01
3.408061749571183441e+01
3.414236706689536760e+01
3.418353344768438973e+01
3.423499142367067094e+01
3.428816466552315489e+01
3.432933104631217702e+01
3.437221269296740900e+01
3.441509433962264097e+01
3.445797598627787295e+01
3.449571183533447538e+01
3.454888507718696644e+01
3.460205831903944329e+01
3.465866209262435405e+01
3.471183533447684511e+01
3.473756432246998571e+01
3.473927958833619556e+01
3.478216123499142043e+01
3.478559176672384012e+01
3.479073756432246967e+01
3.477873070325900073e+01
3.476843910806174875e+01
3.475643224699828693e+01
3.474614065180102784e+01
3.473413379073755891e+01
3.472212692967409708e+01
3.470840480274442541e+01
3.472898799313894358e+01
3.472555746140652388e+01
3.472555746140651678e+01
3.472555746140651678e+01
3.472727272727272663e+01
3.473927958833618845e+01
3.473584905660377586e+01
3.474785591766723769e+01
3.473584905660378297e+01
3.474614065180102784e+01
3.475128644939965739e+01
3.476329331046312632e+01
3.476329331046312632e+01
3.476157804459691647e+01
3.474099485420240541e+01
3.471012006861063526e+01
3.467924528301887221e+01
3.467066895368782298e+01
3.465180102915952176e+01
3.463293310463122054e+01
3.459005145797598857e+01
3.454373927958833690e+01
3.450085763293310492e+01
3.446655231560892219e+01
3.441852487135506067e+01
3.437564322469982869e+01
3.434133790737564595e+01
3.430874785591767306e+01
3.429845626072041398e+01
3.429159519725557459e+01
3.428473413379073520e+01
3.429502572898799428e+01
3.423327615780446109e+01
3.423327615780446109e+01
3.424528301886792292e+01
3.423499142367066383e+01
3.421440823327615988e+01
3.421440823327615988e+01
3.422641509433962170e+01
3.421612349914236972e+01
3.420583190394511064e+01
3.418524871355060668e+01
3.415437392795882943e+01
3.412349914236706638e+01
3.409262435677529623e+01
3.407204116638079228e+01
3.403259005145797289e+01
3.403430531732418274e+01
3.403259005145797289e+01
3.401200686106346893e+01
3.402058319039451106e+01
3.408404802744425410e+01
3.413722126929674516e+01
3.418867924528301216e+01
3.423156089193825125e+01
3.427615780445968596e+01
3.430874785591766596e+01
3.434133790737564595e+01
3.437735849056603854e+01
3.443224699828473945e+01
3.448713550600342614e+01
3.452658662092623842e+01
3.458147512864493933e+01
3.464150943396226268e+01
3.465694682675814420e+01
3.465866209262435405e+01
3.465180102915952176e+01
3.463979416809605283e+01
3.462435677530017131e+01
3.461921097770154176e+01
3.461234991423670948e+01
3.460034305317324055e+01
3.459005145797598857e+01
3.457975986277872948e+01
3.456946826758147751e+01
3.457118353344768025e+01
3.457461406518010705e+01
3.456089193825043537e+01
3.454545454545454675e+01
3.452830188679245538e+01
3.451286449399657386e+01
3.450943396226415416e+01
3.449399656946827264e+01
3.449056603773585294e+01
3.448713550600342614e+01
3.448542024013721630e+01
3.448370497427101355e+01
3.450085763293310492e+01
3.450085763293310492e+01
3.449571183533447538e+01
3.447684391080617416e+01
3.443910806174956463e+01
3.441852487135506067e+01
3.439965694682675235e+01
3.436020583190394007e+01
3.432075471698112779e+01
3.427787307032589581e+01
3.424871355060034261e+01
3.419554030874785155e+01
3.415265866209261958e+01
3.412178387650085654e+01
3.409090909090909349e+01
3.406003430531732334e+01
3.402915951972555320e+01
3.397770154373928619e+01
3.392795883361921483e+01
3.390737564322469666e+01
3.386620926243568164e+01
3.385591766723842966e+01
3.383704974271012134e+01
3.382675814751286225e+01
3.381646655231561027e+01
3.381646655231561027e+01
3.380445969125214845e+01
3.380274442538593860e+01
3.380102915951972165e+01
3.377701543739279089e+01
3.375300171526586723e+01
3.372727272727272663e+01
3.370154373927958602e+01
3.367581475128645252e+01
3.367409948542023557e+01
3.370325900514579587e+01
3.375471698113207708e+01
3.377530017152658814e+01
3.379416809605488226e+01
3.382161234991423271e+01
3.385077186963979301e+01
3.389022298456260529e+01
3.394339622641508925e+01
3.397598627787306214e+01
3.400857632933104924e+01
3.405145797598627411e+01
3.409433962264150608e+01
3.410977701543738760e+01
3.414408233276157745e+01
3.418696397941680942e+01
3.418867924528301927e+01
3.419039451114922201e+01
3.421269296740995003e+01
3.425557461406518200e+01
3.426072041166381155e+01
3.426415094339622414e+01
3.426929674099486078e+01
3.428816466552315489e+01
3.426929674099485368e+01
3.425728987993139185e+01
3.424185248713550322e+01
3.421955403087478942e+01
3.420754716981132049e+01
3.421783876500857957e+01
3.421955403087478231e+01
3.422126929674099216e+01
3.423327615780445399e+01
