2.044356775300171307e+02
2.043876500857633118e+02
2.043927958833619414e+02
2.043447684391080656e+02
2.042967409948542183e+02
2.042487135506003710e+02
2.042006861063464953e+02
2.041526586620926480e+02
2.041457975986278086e+02
2.041389365351629692e+02
2.041783876500857957e+02
2.042161234991423839e+02
2.042538593481990006e+02
2.042933104631218271e+02
2.042915951972556172e+02
2.042881646655231691e+02
2.042847341337907494e+02
2.042813036020583013e+02
2.043190394511149179e+02
2.043036020583190293e+02
2.042813036020583297e+02
2.042572898799314203e+02
2.042332761578044540e+02
2.042092624356775161e+02
2.041835334476843968e+02
2.041612349914236688e+02
2.041389365351629408e+02
2.041149228130360029e+02
2.040909090909090651e+02
2.040668953687821556e+02
2.040445969125214276e+02
2.040205831903945182e+02
2.039982847341337902e+02
2.039742710120068523e+02
2.039519725557461243e+02
2.039279588336191864e+02
2.039056603773584868e+02
2.038816466552315489e+02
2.038576329331046111e+02
2.038336192109777016e+02
2.038113207547169736e+02
2.037890222984562740e+02
2.037890222984562456e+02
2.037907375643224555e+02
2.037924528301886653e+02
2.038096054888507638e+02
2.038130360205831835e+02
2.038147512864493933e+02
2.038319039451114918e+02
2.038473413379073804e+02
2.038490566037735903e+02
2.038490566037735903e+02
2.038164665523156032e+02
2.037907375643224555e+02
2.037770154373927767e+02
2.037650085763293362e+02
2.037512864493996574e+02
2.037358490566037403e+02
2.037221269296740900e+02
2.037084048027444112e+02
2.036963979416809707e+02
2.036843910806175018e+02
2.036723842195540328e+02
2.036603773584905639e+02
2.036483704974270950e+02
2.036363636363636260e+02
2.036243567753001571e+02
2.036123499142366882e+02
2.036003430531732192e+02
2.035883361921097503e+02
2.035763293310462814e+02
2.035643224699828409e+02
2.035523156089194003e+02
2.035403087478559314e+02
2.035283018867924341e+02
2.035162950257289651e+02
2.035042881646655246e+02
2.034922813036020557e+02
2.034819897084047966e+02
2.034716981132075375e+02
2.034596912521440686e+02
2.034493996569468095e+02
2.034150943396226410e+02
2.033790737564322626e+02
2.033670668953687937e+02
2.033567753001715346e+02
2.033447684391080656e+02
2.033344768439108066e+02
2.033087478559176589e+02
2.033138936535162884e+02
2.033190394511149179e+02
2.033310463121783869e+02
2.033739279588336331e+02
2.033996569468267808e+02
2.033773584905660528e+02
2.033550600343053247e+02
2.033293310463121770e+02
2.033036020583190293e+02
2.032778730703258816e+02
2.032504288164665525e+02
2.031835334476843968e+02
2.031337907375643113e+02
2.030857632933104355e+02
2.030737564322469666e+02
2.030617495711835545e+02
2.030497427101200856e+02
2.030394511149228265e+02
2.030291595197255674e+02
2.030188679245283083e+02
2.030205831903945182e+02
2.030240137221269379e+02
2.030102915951972591e+02
2.029965694682675803e+02
2.029828473413379015e+02
2.029674099485420129e+02
2.029519725557461243e+02
2.029365351629502356e+02
2.029193825042881372e+02
2.029039451114922770e+02
2.028867924528302069e+02
2.028696397941680800e+02
2.028524871355060100e+02
2.028353344768439115e+02
2.028164665523156032e+02
2.028164665523156032e+02
2.028164665523156032e+02
2.028164665523156032e+02
2.028147512864493933e+02
2.028130360205831835e+02
2.028130360205831835e+02
2.028130360205831835e+02
2.028130360205831835e+02
2.028113207547169736e+02
2.028250428816466524e+02
2.028387650085763312e+02
2.028524871355060100e+02
2.028662092624356887e+02
2.028782161234991293e+02
2.028919382504288365e+02
2.029056603773584584e+02
2.029193825042881656e+02
2.029331046312178159e+02
2.029348198970840258e+02
2.029348198970840258e+02
2.029605488850771735e+02
2.029605488850771735e+02
2.029605488850771735e+02
2.029502572898799428e+02
2.029519725557461527e+02
2.029536878216123625e+02
2.029554030874785724e+02
2.029468267581474947e+02
2.029382504288164739e+02
2.029296740994854247e+02
2.029656946826758031e+02
2.029571183533447822e+02
2.029948542024013705e+02
2.030308747855917773e+02
2.030668953687821841e+02
2.031029159519725624e+02
2.031389365351629692e+02
2.031732418524871377e+02
2.031938250428816559e+02
2.031955403087478658e+02
2.031972555746140756e+02
2.031989708404802855e+02
2.032692967409948324e+02
2.033379073756432263e+02
2.033945111492281228e+02
2.034631217838764883e+02
2.035197255574614132e+02
2.035643224699828124e+02
2.036089193825042685e+02
2.036535162950257245e+02
2.036878216123498930e+02
2.037221269296740900e+02
2.037564322469982585e+02
2.037890222984562456e+02
2.038216123499142327e+02
2.038542024013722198e+02
2.038867924528302069e+02
2.039193825042881656e+02
2.039519725557461243e+02
2.039845626072041114e+02
2.040171526586620985e+02
2.040497427101200856e+02
2.040686106346483655e+02
2.040874785591766454e+02
2.040823327615780443e+02
2.040771869639794147e+02
2.040737564322469950e+02
2.040720411663807567e+02
2.040686106346483371e+02
2.040668953687821272e+02
2.040651801029159174e+02
2.040634648370497075e+02
2.040617495711834977e+02
2.040600343053172878e+02
2.040600343053172878e+02
2.040600343053172878e+02
2.040600343053172878e+02
2.040600343053172878e+02
2.040600343053172878e+02
2.040600343053172878e+02
2.040445969125213992e+02
2.040445969125214276e+02
2.040308747855917204e+02
2.040171526586620701e+02
2.040034305317324197e+02
2.039931389365351606e+02
2.039811320754716917e+02
2.039708404802744326e+02
2.039622641509433834e+02
2.039519725557461243e+02
2.039451114922812849e+02
2.039365351629502356e+02
2.039279588336191864e+02
2.039193825042881372e+02
2.039108061749570879e+02
2.039039451114922485e+02
2.038970840480274092e+02
2.038902229845625982e+02
2.038833619210977304e+02
2.038850771869639402e+02
2.038867924528301785e+02
2.038610634648370308e+02
2.038353344768439115e+02
2.038096054888507638e+02
2.037838765008576161e+02
2.037598627787307066e+02
2.037358490566037688e+02
2.037118353344768309e+02
2.036878216123498930e+02
2.036638078902229552e+02
2.036397941680960457e+02
2.036020583190394291e+02
2.035763293310462814e+02
2.035506003430531621e+02
2.035248713550600428e+02
2.034837049742710064e+02
2.034425385934819701e+02
2.034168096054888508e+02
2.033910806174957315e+02
2.033653516295025838e+02
2.033396226415094361e+02
2.033138936535162884e+02
2.032881646655231407e+02
2.032624356775299930e+02
2.032349914236706638e+02
2.032075471698113347e+02
2.031801029159519771e+02
2.031526586620926196e+02
2.031234991423670522e+02
2.030943396226414848e+02
2.030445969125214276e+02
2.029914236706689508e+02
2.029382504288164455e+02
2.029245283018867667e+02
2.029108061749570879e+02
2.028970840480274092e+02
2.028833619210977304e+02
2.028696397941680800e+02
2.028679245283018702e+02
2.028662092624356603e+02
2.028644939965694789e+02
2.028627787307032690e+02
2.028610634648370308e+02
2.028593481989708494e+02
2.028559176672384297e+02
2.028524871355060100e+02
2.028490566037735903e+02
2.028439108061749607e+02
2.028370497427101213e+02
2.028473413379073804e+02
2.028576329331046111e+02
2.028679245283018986e+02
2.028782161234991293e+02
2.028885077186964168e+02
2.028987993138936474e+02
2.029073756432246967e+02
2.029554030874785440e+02
2.029759862778730621e+02
2.029965694682675803e+02
2.030171526586620985e+02
2.030360205831904068e+02
2.030548885077186867e+02
2.030737564322469666e+02
2.030926243567752749e+02
2.031560891938250393e+02
2.032006861063464669e+02
2.032607204116638115e+02
2.033207547169811562e+02
2.033396226415094361e+02
2.033584905660377444e+02
2.033910806174957031e+02
2.034099485420240114e+02
2.034271012006861099e+02
2.034442538593482084e+02
2.034614065180102784e+02
2.034785591766723769e+02
2.035385934819897216e+02
2.035969125214408280e+02
2.036552315608919344e+02
2.037135506003430692e+02
2.037427101200686081e+02
2.037735849056603854e+02
2.038027444253859244e+02
2.038319039451114918e+02
2.038610634648370592e+02
2.038902229845625982e+02
2.039502572898799144e+02
2.040102915951972591e+02
2.039931389365351606e+02
2.039759862778730621e+02
2.040360205831903784e+02
2.040617495711835261e+02
2.040891938250428552e+02
2.041166380789022128e+02
2.041440823327615703e+02
2.041715265866209279e+02
2.041801029159519771e+02
2.041886792452830264e+02
2.041972555746140756e+02
2.042058319039451248e+02
2.042161234991423839e+02
2.042264150943396430e+02
2.042367066895368737e+02
2.042487135506003426e+02
2.042607204116638115e+02
2.042727272727273089e+02
2.042847341337907778e+02
2.043001715265866665e+02
2.043173241852487365e+02
2.043327615780445967e+02
2.043481989708404853e+02
2.043653516295025838e+02
2.043825042881646823e+02
2.043996569468267523e+02
2.044339622641509493e+02
2.044373927958833690e+02
2.044408233276157603e+02
2.044442538593481800e+02
2.044099485420240399e+02
2.043756432246998429e+02
2.043413379073756460e+02
2.043121783876500785e+02
2.042795883361921199e+02
2.042469982847341328e+02
2.042178387650085938e+02
2.041886792452830264e+02
2.041972555746140756e+02
2.042058319039451248e+02
2.042161234991423839e+02
2.042264150943396146e+02
2.042041166380789150e+02
2.041818181818181870e+02
2.041595197255574590e+02
2.041372212692967310e+02
2.041149228130360029e+02
2.040926243567752749e+02
2.040703259005146037e+02
2.040480274442538757e+02
2.040257289879931477e+02
2.040034305317324197e+02
2.039811320754716917e+02
2.039588336192109921e+02
2.039365351629502641e+02
2.039142367066895645e+02
2.038919382504288365e+02
2.038696397941681084e+02
2.038473413379073804e+02
2.038250428816466524e+02
2.038027444253859244e+02
2.037804459691252248e+02
2.037581475128644968e+02
2.037358490566037972e+02
2.037135506003430692e+02
2.036912521440823411e+02
2.036689536878216131e+02
2.036449399656946753e+02
2.036209262435677374e+02
2.035969125214407995e+02
2.035728987993138901e+02
2.035488850771869522e+02
2.035248713550600428e+02
2.035008576329330765e+02
2.034768439108061671e+02
2.034528301886792292e+02
2.034271012006860815e+02
2.034013722126929622e+02
2.033756432246998145e+02
2.033499142367066952e+02
2.033241852487135475e+02
2.032984562607203998e+02
2.032727272727272805e+02
2.032469982847341612e+02
2.032212692967410135e+02
2.031938250428816559e+02
2.031646655231561169e+02
2.031355060034305495e+02
2.031063464837050105e+02
2.030686106346483655e+02
2.030171526586620985e+02
2.030051457975986295e+02
2.029931389365351606e+02
2.029811320754716917e+02
2.029691252144082227e+02
2.029571183533447538e+02
2.029451114922813133e+02
2.029331046312178444e+02
2.029210977701543754e+02
2.029210977701543754e+02
2.029210977701543470e+02
2.029210977701543470e+02
2.029210977701543470e+02
2.029210977701543470e+02
2.029228130360205569e+02
2.029228130360205569e+02
2.029245283018867667e+02
2.029262435677529766e+02
2.029279588336191864e+02
2.029296740994853963e+02
2.029313893653516061e+02
2.029331046312178444e+02
2.029348198970840258e+02
2.029365351629502641e+02
2.029914236706689508e+02
2.029948542024013705e+02
2.029965694682675803e+02
2.030000000000000000e+02
2.030531732418525053e+02
2.031063464837049821e+02
2.031578044596912491e+02
2.031629502572898787e+02
2.031921097770154461e+02
2.032178387650085938e+02
2.032435677530017415e+02
2.032692967409948608e+02
2.032933104631218271e+02
2.033190394511149464e+02
2.032881646655231691e+02
2.033121783876501070e+02
2.032813036020583581e+02
2.032521440823327907e+02
2.032229845626072233e+02
2.031938250428816559e+02
2.031646655231560885e+02
2.031355060034305211e+02
2.031475128644939900e+02
2.031595197255574590e+02
2.031715265866209279e+02
2.031560891938250393e+02
2.031423670668953889e+02
2.031286449399657101e+02
2.031355060034305211e+02
2.031440823327615703e+02
2.031526586620926196e+02
2.031595197255574874e+02
2.031680960548885082e+02
2.031766723842195574e+02
2.031869639794168165e+02
2.031972555746140756e+02
2.032092624356775445e+02
2.032212692967410135e+02
2.032332761578044824e+02
2.032452830188679513e+02
2.032195540308748036e+02
2.031938250428816559e+02
2.031663807890223268e+02
2.031406518010291791e+02
2.031149228130360598e+02
2.031132075471698499e+02
2.031114922813036401e+02
2.031097770154374018e+02
2.031080617495712204e+02
2.031080617495712204e+02
2.031063464837049821e+02
2.031063464837049821e+02
2.031063464837049821e+02
2.031063464837049537e+02
2.031063464837049537e+02
2.031063464837049537e+02
2.031063464837049537e+02
2.031080617495711635e+02
2.030857632933104640e+02
2.030686106346483655e+02
2.030463121783876659e+02
2.030240137221269379e+02
2.029862778730703212e+02
2.029639794168095932e+02
2.029262435677530050e+02
2.028885077186964168e+02
2.028885077186964168e+02
2.028885077186964168e+02
2.029210977701544039e+02
2.029210977701544039e+02
2.029193825042881940e+02
2.029193825042881940e+02
2.029210977701544039e+02
2.029228130360206137e+02
2.029228130360206137e+02
2.029245283018868236e+02
2.029262435677530334e+02
2.029279588336192148e+02
2.029296740994854247e+02
2.029331046312178159e+02
2.029365351629502356e+02
2.029399656946826838e+02
2.029433962264151035e+02
2.029468267581474947e+02
2.029519725557461243e+02
2.029554030874785724e+02
2.029605488850771735e+02
2.029656946826758031e+02
2.029708404802744326e+02
2.029759862778730621e+02
2.029811320754716917e+02
2.029862778730703212e+02
2.029656946826758031e+02
2.029451114922813133e+02
2.029708404802744326e+02
2.029982847341337902e+02
2.030240137221269379e+02
2.030514579759862954e+02
2.030789022298456530e+02
2.031063464837049821e+02
2.030857632933104640e+02
2.030634648370497644e+02
2.030428816466552462e+02
2.030205831903945182e+02
2.029982847341338186e+02
2.029742710120068807e+02
2.029502572898799428e+02
2.029262435677530334e+02
2.029022298456260955e+02
2.028782161234991577e+02
2.028542024013722198e+02
2.028301886792452819e+02
2.028078902229845539e+02
2.027838765008576445e+02
2.027615780445969449e+02
2.027221269296741184e+02
2.026826758147512919e+02
2.026432246998284654e+02
2.026192109777015560e+02
2.025951972555745897e+02
2.025711835334476802e+02
2.025471698113207424e+02
2.025231560891938045e+02
2.025162950257289651e+02
2.025077186963979159e+02
2.025025728987993148e+02
2.024785591766723769e+02
2.024545454545454675e+02
2.024305317324185296e+02
2.024065180102915917e+02
2.024099485420240114e+02
2.024133790737564311e+02
2.024168096054888508e+02
2.024202401372212705e+02
2.024236706689536902e+02
2.024271012006861099e+02
2.024305317324185296e+02
2.024339622641509493e+02
2.024356775300171591e+02
2.024356775300171591e+02
2.024373927958833690e+02
2.024391080617495788e+02
2.024391080617495788e+02
2.024391080617495788e+02
2.024391080617495788e+02
2.024391080617495788e+02
2.024391080617495788e+02
2.024391080617495788e+02
2.024391080617495788e+02
2.024391080617495788e+02
2.024854202401372163e+02
2.025300171526586723e+02
2.025523156089194003e+02
2.025728987993138901e+02
2.025934819897083798e+02
2.026140651801029264e+02
2.026346483704974162e+02
2.026655231560891934e+02
2.026843910806175018e+02
2.027032590051458101e+02
2.027632933104631263e+02
2.028216123499142327e+02
2.028542024013722198e+02
2.028850771869639686e+02
2.029159519725557743e+02
2.029468267581475232e+02
2.029777015437393004e+02
2.029622641509433834e+02
2.029468267581474947e+02
2.029313893653516345e+02
2.029142367066895360e+02
2.028970840480274660e+02
2.029245283018867951e+02
2.029519725557461527e+02
2.029794168096055103e+02
2.030068610634648394e+02
2.030463121783876659e+02
2.030514579759862954e+02
2.030583190394511348e+02
2.030651801029159458e+02
2.030720411663807852e+02
2.031217838765008707e+02
2.031269296740994719e+02
2.031320754716981014e+02
2.031389365351629408e+02
2.031457975986277802e+02
2.031543739279588294e+02
2.031629502572898787e+02
2.031715265866209279e+02
2.031801029159519771e+02
2.031886792452830264e+02
2.031972555746140756e+02
2.032092624356775445e+02
2.032212692967409851e+02
2.032332761578044540e+02
2.032315608919382726e+02
2.032298456260720627e+02
2.032281303602058529e+02
2.032264150943396430e+02
2.032246998284734332e+02
2.032229845626072233e+02
2.032212692967410135e+02
2.032058319039451248e+02
2.032058319039451248e+02
2.032058319039451248e+02
2.031903945111492362e+02
2.031766723842195574e+02
2.031783876500857673e+02
2.031818181818181870e+02
2.031578044596912491e+02
2.031337907375643397e+02
2.031114922813035832e+02
2.030874785591766738e+02
2.030651801029159458e+02
2.030737564322469950e+02
2.030514579759862954e+02
2.030291595197255674e+02
2.030068610634648394e+02
2.029845626072041114e+02
2.029622641509433834e+02
2.029845626072041114e+02
2.029605488850771735e+02
2.029382504288164739e+02
2.029142367066895076e+02
2.028902229845625982e+02
2.028662092624356603e+02
2.028421955403087225e+02
2.028181818181818130e+02
2.027941680960548752e+02
2.027701543739279657e+02
2.027461406518010278e+02
2.027221269296741184e+02
2.026981132075471521e+02
2.026740994854202427e+02
2.026500857632933048e+02
2.026243567753001571e+02
2.025986277873070378e+02
2.025746140651800999e+02
2.025488850771869807e+02
2.025471698113207708e+02
2.025454545454545610e+02
2.025197255574614132e+02
2.024922813036020557e+02
2.024665523156089080e+02
2.024391080617495788e+02
2.024116638078902497e+02
2.023842195540308921e+02
2.023584905660377444e+02
2.023259005145797573e+02
2.022624356775299930e+02
2.022144082332761741e+02
2.022006861063464953e+02
2.022024013722126767e+02
2.022058319039451248e+02
2.022092624356775161e+02
2.022109777015437260e+02
2.022144082332761457e+02
2.022161234991423555e+02
2.022195540308747752e+02
2.022229845626071949e+02
2.022264150943396146e+02
2.022281303602057960e+02
2.022161234991423555e+02
2.022161234991423555e+02
2.022161234991423555e+02
2.022178387650085654e+02
2.022178387650085938e+02
2.022161234991423839e+02
2.022315608919382726e+02
2.022487135506003710e+02
2.022641509433962312e+02
2.022813036020583297e+02
2.022967409948542183e+02
2.023121783876500785e+02
2.023276157804459956e+02
2.023430531732418558e+02
2.023584905660377444e+02
2.023739279588336331e+02
2.023893653516295217e+02
2.024048027444254103e+02
2.024202401372212989e+02
2.024356775300171591e+02
2.024511149228130478e+02
2.024665523156089080e+02
2.024819897084047966e+02
2.024974271012006852e+02
2.025111492281303640e+02
2.025248713550600428e+02
2.025385934819897216e+02
2.025523156089194003e+02
2.025506003430531621e+02
2.025951972555746181e+02
2.026397941680960457e+02
2.026843910806175018e+02
2.027101200686106210e+02
2.027358490566037688e+02
2.027358490566037688e+02
2.027358490566037688e+02
2.027358490566037688e+02
2.027478559176672377e+02
2.027598627787307066e+02
2.027958833619210850e+02
2.028301886792452819e+02
2.028439108061749607e+02
2.028576329331046395e+02
2.029262435677530050e+02
2.029931389365351606e+02
2.030394511149228265e+02
2.030960548885077230e+02
2.031526586620926480e+02
2.032092624356775445e+02
2.032212692967410135e+02
2.032761578044597286e+02
2.032847341337907494e+02
2.032950257289880085e+02
2.033053173241852392e+02
2.033156089193824982e+02
2.033259005145797573e+02
2.033379073756432263e+02
2.033499142367066952e+02
2.033927958833619130e+02
2.034356775300171876e+02
2.034785591766724053e+02
2.034528301886792576e+02
2.034288164665523482e+02
2.034048027444253819e+02
2.033807890222984440e+02
2.033567753001715346e+02
2.033567753001715346e+02
2.033567753001715346e+02
2.033567753001715346e+02
2.033567753001715346e+02
2.033567753001715346e+02
2.033567753001715346e+02
2.033584905660377444e+02
2.033602058319039543e+02
2.033619210977701641e+02
2.033653516295025838e+02
2.033670668953687937e+02
2.033704974271012134e+02
2.033739279588336331e+02
2.033773584905660528e+02
2.033670668953687937e+02
2.033704974271012134e+02
2.033739279588336331e+02
2.033773584905660528e+02
2.033807890222984724e+02
2.033842195540308921e+02
2.033876500857633118e+02
2.033910806174957315e+02
2.033945111492281512e+02
2.033979416809605709e+02
2.034013722126929906e+02
2.034048027444254103e+02
2.034099485420240114e+02
2.034150943396226694e+02
2.034202401372212989e+02
2.034253859348199001e+02
2.034356775300171591e+02
2.034785591766723769e+02
2.034665523156089080e+02
2.034545454545454390e+02
2.034425385934819985e+02
2.034305317324185580e+02
2.034185248713550891e+02
2.034065180102916202e+02
2.033927958833619414e+02
2.033790737564322626e+02
2.033636363636363740e+02
2.033464837049742755e+02
2.033310463121783869e+02
2.033018867924528479e+02
2.032727272727273089e+02
2.032435677530017415e+02
2.032126929674099642e+02
2.031818181818181870e+02
2.031509433962264097e+02
2.031200686106346609e+02
2.030874785591766738e+02
2.030548885077187151e+02
2.030154373927958886e+02
2.029759862778730906e+02
2.029622641509433834e+02
2.029485420240137330e+02
2.029348198970840258e+02
2.029210977701543754e+02
2.029073756432246967e+02
2.028936535162950179e+02
2.028782161234991577e+02
2.028627787307032406e+02
2.028473413379073804e+02
2.028319039451114918e+02
2.028284734133790721e+02
2.028130360205831835e+02
2.027975986277873517e+02
2.027838765008576445e+02
2.027821612349914631e+02
2.027821612349914346e+02
2.027804459691252248e+02
2.027804459691252248e+02
2.027804459691251964e+02
2.027787307032589865e+02
2.027787307032589865e+02
2.027770154373927767e+02
2.027770154373927767e+02
2.027753001715265668e+02
2.027753001715265668e+02
2.027753001715265668e+02
2.027753001715265668e+02
2.027753001715265668e+02
2.027753001715265668e+02
2.027753001715265952e+02
2.027753001715265668e+02
2.027753001715265668e+02
2.027753001715265668e+02
2.027753001715265668e+02
2.028147512864493933e+02
2.028730703259004997e+02
2.029313893653516061e+02
2.029331046312178159e+02
2.029348198970840258e+02
2.029365351629502356e+02
2.029382504288164455e+02
2.029948542024013705e+02
2.030514579759862954e+02
2.030548885077186867e+02
2.031097770154373734e+02
2.031663807890222984e+02
2.032212692967410135e+02
2.032744425385934903e+02
2.032795883361920914e+02
2.033344768439108066e+02
2.033876500857633118e+02
2.034185248713550322e+02
2.034493996569468095e+02
2.034802744425385868e+02
2.034871355060034261e+02
2.034785591766723769e+02
2.034974271012006852e+02
2.035145797598627837e+02
2.035317324185248822e+02
2.035488850771869522e+02
2.035660377358490507e+02
2.036209262435677374e+02
2.036758147512864525e+02
2.036620926243567737e+02
2.036500857632933048e+02
2.036380789022298359e+02
2.036260720411663669e+02
2.036415094339622840e+02
2.036552315608919344e+02
2.036689536878216131e+02
2.036826758147512919e+02
2.036981132075471521e+02
2.037135506003430407e+02
2.037289879931389294e+02
2.037444253859348180e+02
2.037169811320754889e+02
2.036912521440823411e+02
2.036655231560891934e+02
2.036397941680960457e+02
2.036432246998284938e+02
2.036449399656946753e+02
2.036483704974270950e+02
2.036518010291595147e+02
2.036552315608919344e+02
2.036586620926243540e+02
2.036638078902229836e+02
2.036689536878216131e+02
2.036740994854202427e+02
2.036792452830188438e+02
2.036843910806174733e+02
2.036466552315608851e+02
2.036106346483704783e+02
2.035746140651800715e+02
2.035385934819896931e+02
2.035025728987993148e+02
2.035248713550600428e+02
2.035488850771869807e+02
2.035763293310463382e+02
2.035677530017152890e+02
2.035591766723842397e+02
2.035523156089194003e+02
2.035437392795883511e+02
2.035351629502573019e+02
2.035265866209262526e+02
2.035180102915952034e+02
2.034854202401372163e+02
2.034511149228130193e+02
2.034150943396226410e+02
2.033807890222984724e+02
2.033464837049742755e+02
2.033104631217838687e+02
2.033036020583190293e+02
2.032984562607203998e+02
2.032761578044596718e+02
2.032521440823327623e+02
2.032281303602057960e+02
2.032041166380789150e+02
2.031783876500857673e+02
2.031526586620926196e+02
2.031269296740994719e+02
2.030994854202401143e+02
2.031166380789022128e+02
2.031355060034305211e+02
2.031543739279588294e+02
2.031252144082332620e+02
2.031406518010291506e+02
2.031080617495711635e+02
2.031234991423670522e+02
2.030994854202401143e+02
2.031080617495711635e+02
2.031166380789022128e+02
2.031252144082332620e+02
2.031337907375643113e+02
2.031423670668953605e+02
2.031509433962264097e+02
2.031595197255574590e+02
2.031663807890222984e+02
2.031732418524871377e+02
2.031801029159519771e+02
2.031869639794168165e+02
2.031938250428816559e+02
2.032006861063464953e+02
2.032075471698113347e+02
2.032126929674099642e+02
2.032178387650085938e+02
2.032246998284734048e+02
2.032298456260720059e+02
2.032349914236706638e+02
2.032418524871354748e+02
2.032744425385934903e+02
2.033070325900514490e+02
2.033396226415094361e+02
2.033310463121783869e+02
2.033224699828473376e+02
2.033156089193824982e+02
2.033533447684391149e+02
2.033910806174957315e+02
2.034288164665523198e+02
2.034665523156089080e+02
2.035025728987993148e+02
2.035385934819897216e+02
2.035746140651801284e+02
2.036106346483705067e+02
2.036483704974270950e+02
2.036861063464837116e+02
2.037238421955403282e+02
2.037615780445969165e+02
2.037993138936535047e+02
2.038370497427101213e+02
2.038730703259005281e+02
2.039108061749571164e+02
2.039468267581474947e+02
2.039433962264150750e+02
2.039399656946826553e+02
2.039777015437392720e+02
2.040154373927958886e+02
2.040531732418524768e+02
2.040909090909090651e+02
2.041029159519725340e+02
2.041012006861063242e+02
2.041132075471697931e+02
2.041252144082332620e+02
2.041252144082332620e+02
2.041372212692967310e+02
2.041389365351629408e+02
2.041526586620926196e+02
2.041663807890222984e+02
2.042212692967409851e+02
2.042246998284734048e+02
2.042778730703258816e+02
2.043310463121783869e+02
2.043361921097770164e+02
2.043413379073756460e+02
2.043893653516295217e+02
2.044202401372212705e+02
2.044493996569468095e+02
2.044545454545454390e+02
2.044596912521440686e+02
2.044888507718696360e+02
2.045162950257289651e+02
2.045128644939965739e+02
2.044871355060034261e+02
2.045488850771869807e+02
2.046089193825042685e+02
2.046483704974270950e+02
2.046363636363636260e+02
2.046243567753001571e+02
2.046157804459691079e+02
2.046123499142366882e+02
2.046243567753001571e+02
2.045986277873070094e+02
2.046123499142366882e+02
2.045866209262435405e+02
2.046415094339622556e+02
2.046946826758147608e+02
2.047495711835334191e+02
2.047272727272727195e+02
2.047804459691251964e+02
2.047581475128644684e+02
2.047358490566037688e+02
2.047890222984562456e+02
2.047667238421955176e+02
2.047444253859348180e+02
2.046826758147512919e+02
2.046209262435677374e+02
2.046346483704974162e+02
2.046758147512864525e+02
2.047169811320754889e+02
2.047581475128644968e+02
2.047993138936535047e+02
2.048010291595197145e+02
2.048044596912521342e+02
2.048078902229845539e+02
2.048113207547169736e+02
2.048147512864493933e+02
2.048164665523156032e+02
2.048181818181818130e+02
2.048198970840480229e+02
2.048233276157804426e+02
2.048250428816466524e+02
2.048267581475128623e+02
2.048301886792452535e+02
2.048319039451114918e+02
2.048336192109777016e+02
2.048370497427101213e+02
2.048404802744425410e+02
2.048610634648370592e+02
2.048816466552315774e+02
2.049073756432246967e+02
2.049331046312178444e+02
2.049193825042881940e+02
2.049073756432246967e+02
2.048936535162950179e+02
2.048799313893653391e+02
2.048662092624356887e+02
2.048524871355060100e+02
2.048387650085763312e+02
2.048250428816466524e+02
2.048096054888507638e+02
2.047941680960548752e+02
2.047787307032590149e+02
2.047632933104631263e+02
2.047478559176672377e+02
2.047478559176672377e+02
2.047324185248713491e+02
2.047564322469982585e+02
2.047804459691251964e+02
2.048044596912521342e+02
2.048301886792452819e+02
2.048233276157804426e+02
2.048078902229845539e+02
2.048353344768439115e+02
2.048181818181818130e+02
2.047993138936535047e+02
2.047804459691251964e+02
2.047632933104631263e+02
2.047427101200686081e+02
2.047221269296740900e+02
2.047015437392796002e+02
2.046826758147512635e+02
2.046638078902229836e+02
2.046449399656946753e+02
2.046226415094339472e+02
2.046312178387649965e+02
2.046415094339622556e+02
2.046500857632933048e+02
2.046620926243567737e+02
2.046723842195540328e+02
2.046826758147512919e+02
2.046946826758147608e+02
2.046586620926243540e+02
2.046226415094339472e+02
2.045866209262435405e+02
2.045763293310462814e+02
2.045660377358490507e+02
2.045094339622641542e+02
2.044528301886792292e+02
2.043962264150943042e+02
2.043379073756431978e+02
2.042795883361920914e+02
2.042212692967409851e+02
2.042126929674099642e+02
2.042041166380788866e+02
2.041955403087478658e+02
2.041869639794167881e+02
2.041783876500857673e+02
2.041715265866209279e+02
2.041663807890222984e+02
2.041595197255574590e+02
2.041526586620926196e+02
2.041475128644939900e+02
2.041423670668953605e+02
2.041355060034305495e+02
2.041286449399657101e+02
2.041217838765008707e+02
2.041132075471698215e+02
2.041217838765008423e+02
2.041303602058318916e+02
2.041389365351629408e+02
2.041903945111492362e+02
2.042401372212692934e+02
2.042504288164665525e+02
2.042607204116637831e+02
2.042847341337907210e+02
2.042915951972555604e+02
2.042864493996569308e+02
2.042915951972555604e+02
2.043138936535162884e+02
2.043361921097770164e+02
2.043996569468267808e+02
2.044631217838764883e+02
2.045094339622641542e+02
2.045557461406518200e+02
2.045883361921097787e+02
2.046140651801029264e+02
2.046397941680960457e+02
2.046638078902229836e+02
2.046878216123499215e+02
2.047101200686106210e+02
2.047324185248713491e+02
2.047581475128645252e+02
2.047821612349914062e+02
2.048421955403087509e+02
2.048799313893653675e+02
2.049176672384219557e+02
2.049554030874785724e+02
2.049914236706689508e+02
2.050274442538593576e+02
2.050634648370497644e+02
2.050994854202401143e+02
2.051063464837049821e+02
2.050960548885076946e+02
2.050857632933104355e+02
2.050977701543739045e+02
2.051114922813035832e+02
2.051252144082332620e+02
2.051389365351629408e+02
2.051526586620926196e+02
2.051680960548885082e+02
2.051835334476843968e+02
2.051989708404802855e+02
2.051732418524871377e+02
2.051492281303601999e+02
2.051509433962264097e+02
2.051543739279588294e+02
2.051578044596912491e+02
2.051612349914236688e+02
2.051646655231560885e+02
2.051680960548885082e+02
2.051732418524871377e+02
2.051801029159519771e+02
2.051869639794168165e+02
2.051938250428816559e+02
2.051578044596912491e+02
2.051217838765008707e+02
2.050874785591767022e+02
2.050531732418525053e+02
2.050343053173241969e+02
2.050600343053173447e+02
2.050840480274442541e+02
2.050463121783876659e+02
2.050737564322469666e+02
2.051012006861063526e+02
2.050943396226415132e+02
2.050874785591766738e+02
2.050806174957118344e+02
2.050411663807890079e+02
2.050000000000000000e+02
2.049588336192109637e+02
2.049176672384219273e+02
2.049090909090908781e+02
2.049022298456260671e+02
2.048953687821611993e+02
2.048867924528301785e+02
2.048782161234991293e+02
2.048713550600343183e+02
2.048765008576329478e+02
2.048559176672384297e+02
2.048353344768439115e+02
2.048147512864493933e+02
2.047941680960548752e+02
2.048044596912521342e+02
2.048147512864493933e+02
2.048284734133790721e+02
2.048473413379073804e+02
2.048233276157804426e+02
2.047993138936535047e+02
2.047753001715265952e+02
2.047958833619210850e+02
2.048164665523156032e+02
2.048662092624356887e+02
2.049142367066895360e+02
2.049125214408233546e+02
2.049622641509433834e+02
2.050120068610634689e+02
2.050308747855917773e+02
2.050806174957118628e+02
2.050891938250429121e+02
2.051389365351629408e+02
2.051903945111492362e+02
2.052418524871354748e+02
2.052178387650085654e+02
2.052521440823327339e+02
2.052847341337907210e+02
2.053190394511149179e+02
2.053138936535162884e+02
2.053087478559176589e+02
2.053036020583190293e+02
2.053396226415094361e+02
2.053344768439108066e+02
2.053276157804459672e+02
2.053207547169811278e+02
2.053138936535162884e+02
2.053070325900514490e+02
2.053001715265866096e+02
2.052933104631217702e+02
2.052864493996569308e+02
2.052795883361920914e+02
2.052727272727272521e+02
2.052641509433962028e+02
2.052555746140651536e+02
2.052469982847341043e+02
2.052384219554030551e+02
2.052298456260720343e+02
2.052212692967410135e+02
2.052126929674099358e+02
2.052041166380788866e+02
2.051955403087478373e+02
2.051852487135506067e+02
2.051749571183533476e+02
2.051646655231560885e+02
2.052041166380789150e+02
2.052092624356775161e+02
2.052469982847341328e+02
2.052830188679245111e+02
2.053190394511149179e+02
2.053567753001715346e+02
2.053910806174957315e+02
2.054288164665522913e+02
2.054339622641509493e+02
2.054391080617495504e+02
2.054442538593482084e+02
2.054511149228130193e+02
2.054716981132075375e+02
2.054785591766723769e+02
2.054854202401372163e+02
2.054905660377358458e+02
2.054991423670668667e+02
2.055077186963979443e+02
2.055591766723842113e+02
2.056089193825042685e+02
2.056603773584905639e+02
2.057084048027444112e+02
2.057581475128644968e+02
2.057838765008576161e+02
2.058061749571183441e+02
2.058284734133790721e+02
2.058507718696398001e+02
2.058439108061749607e+02
2.058662092624356887e+02
2.058885077186964168e+02
2.059108061749571164e+02
2.059725557461406424e+02
2.060325900514579587e+02
2.060668953687821272e+02
2.061012006861063242e+02
2.061355060034305211e+02
2.061698113207546896e+02
2.062024013722126483e+02
2.062349914236706354e+02
2.062675814751286225e+02
2.063430531732418558e+02
2.063722126929673948e+02
2.064013722126929622e+02
2.064305317324185012e+02
2.064785591766723769e+02
2.065265866209262242e+02
2.066003430531732192e+02
2.066740994854202427e+02
2.067478559176672093e+02
2.068216123499142327e+02
2.068953687821611993e+02
2.069451114922812849e+02
2.069965694682675803e+02
2.070686106346483371e+02
2.071509433962264097e+02
2.071663807890222984e+02
2.071835334476843968e+02
2.072212692967409851e+02
2.072590051457976017e+02
2.072967409948541899e+02
2.073344768439108066e+02
2.073722126929674232e+02
2.073687821612350035e+02
2.073653516295025838e+02
2.073619210977701641e+02
2.073584905660377444e+02
2.073550600343053247e+02
2.073533447684391149e+02
2.073516295025729050e+02
2.073499142367066952e+02
2.073481989708404853e+02
2.073481989708404853e+02
2.073481989708404569e+02
2.073481989708404569e+02
2.073481989708404853e+02
2.073722126929673948e+02
2.073962264150943327e+02
2.074219554030874519e+02
2.074476843910805997e+02
2.074734133790737474e+02
2.074596912521440686e+02
2.074459691252143898e+02
2.074322469982847110e+02
2.074202401372212421e+02
2.074082332761577732e+02
2.073962264150943042e+02
2.073842195540308637e+02
2.073704974271011849e+02
2.073584905660377444e+02
2.073447684391080372e+02
2.073396226415094361e+02
2.073018867924528195e+02
2.072778730703258816e+02
2.073018867924528195e+02
2.073259005145797573e+02
2.073499142367066952e+02
2.073344768439108066e+02
2.073190394511149179e+02
2.073036020583190293e+02
2.072881646655231407e+02
2.072727272727272521e+02
2.072984562607203998e+02
2.072830188679245396e+02
2.072675814751286225e+02
2.072641509433962028e+02
2.072710120068610422e+02
2.072778730703258816e+02
2.072847341337907210e+02
2.072864493996569024e+02
2.072161234991423271e+02
2.072006861063464385e+02
2.071852487135506067e+02
2.071698113207546896e+02
2.071972555746140472e+02
2.071801029159519203e+02
2.071629502572898502e+02
2.071457975986277518e+02
2.071303602058318916e+02
2.071149228130360029e+02
2.070994854202401143e+02
2.070840480274442541e+02
2.070806174957118060e+02
2.070754716981132049e+02
2.070703259005145469e+02
2.070668953687821272e+02
2.070634648370497075e+02
2.070600343053173162e+02
2.070566037735848965e+02
2.070531732418524768e+02
2.070994854202401427e+02
2.071457975986277802e+02
2.071921097770154461e+02
2.072367066895368737e+02
2.072813036020583297e+02
2.073259005145797573e+02
2.073704974271011849e+02
2.074168096054888224e+02
2.074614065180102784e+02
2.075077186963979443e+02
2.075540308747855818e+02
2.076003430531732192e+02
2.076466552315608567e+02
2.076929674099485226e+02
2.077015437392795718e+02
2.077101200686105926e+02
2.077169811320754604e+02
2.077255574614064813e+02
2.077324185248713491e+02
2.077409948542023699e+02
2.077478559176672377e+02
2.077547169811320487e+02
2.077650085763293362e+02
2.077735849056603570e+02
2.077838765008576161e+02
2.077924528301886653e+02
2.078524871355060100e+02
2.079108061749571164e+02
2.079674099485420413e+02
2.080240137221269379e+02
2.080806174957118344e+02
2.081372212692967310e+02
2.081938250428816559e+02
2.082195540308748036e+02
2.082452830188678945e+02
2.082727272727272521e+02
2.083001715265866096e+02
2.082864493996569308e+02
2.082538593481989437e+02
2.082212692967409566e+02
2.082452830188678945e+02
2.082692967409948324e+02
2.083361921097770164e+02
2.084030874785591720e+02
2.083876500857632550e+02
2.083722126929673664e+02
2.084082332761577732e+02
2.083927958833619130e+02
2.083773584905660243e+02
2.083619210977701357e+02
2.083481989708404853e+02
2.083825042881646539e+02
2.083670668953687937e+02
2.083533447684391149e+02
2.084048027444253819e+02
2.084562607204116489e+02
2.085077186963979443e+02
2.085831903945111492e+02
2.086346483704974446e+02
2.086861063464837116e+02
2.087392795883361885e+02
2.087238421955403282e+02
2.087084048027444396e+02
2.086929674099485510e+02
2.086397941680960741e+02
2.085866209262435689e+02
2.085574614065180299e+02
2.085283018867924625e+02
2.084991423670668951e+02
2.084699828473413277e+02
2.084408233276157603e+02
2.084133790737564027e+02
2.083859348198970736e+02
2.083859348198970736e+02
2.083584905660377160e+02
2.083310463121783869e+02
2.083327615780445967e+02
2.083344768439108066e+02
2.083361921097770164e+02
2.083379073756432263e+02
2.083396226415094361e+02
2.083430531732418558e+02
2.083464837049742755e+02
2.083499142367066952e+02
2.083533447684391149e+02
2.083790737564322626e+02
2.083499142367066952e+02
2.083756432246998429e+02
2.083447684391080656e+02
2.083018867924528479e+02
2.082590051457975733e+02
2.082161234991423839e+02
2.081732418524871377e+02
2.081303602058318916e+02
2.080960548885077230e+02
2.080617495711835545e+02
2.080274442538593576e+02
2.079811320754716917e+02
2.079296740994854247e+02
2.078765008576329478e+02
2.078473413379073804e+02
2.078147512864493933e+02
2.077821612349914346e+02
2.077581475128645252e+02
2.077358490566037972e+02
2.077118353344768593e+02
2.077307032590051676e+02
2.077512864493996574e+02
2.077495711835334760e+02
2.077478559176672377e+02
2.077461406518010563e+02
2.077444253859348180e+02
2.077427101200686081e+02
2.077924528301886653e+02
2.078113207547169736e+02
2.077770154373927767e+02
2.077958833619210850e+02
2.078473413379073804e+02
2.078987993138936474e+02
2.079502572898799144e+02
2.080034305317324197e+02
2.080360205831904068e+02
2.080686106346483939e+02
2.081012006861063242e+02
2.080891938250428552e+02
2.080771869639794147e+02
2.080634648370497644e+02
2.081012006861063526e+02
2.080909090909090935e+02
2.081286449399656817e+02
2.081183533447684226e+02
2.081012006861063242e+02
2.080840480274442541e+02
2.080668953687821841e+02
2.080497427101200856e+02
2.080789022298456530e+02
2.081080617495712204e+02
2.081372212692967594e+02
2.081663807890222984e+02
2.081972555746140756e+02
2.082281303602058529e+02
2.082590051457976017e+02
2.082898799313893505e+02
2.083207547169811278e+02
2.083516295025729050e+02
2.083825042881646823e+02
2.084150943396226410e+02
2.084476843910805997e+02
2.084785591766723769e+02
2.085111492281303640e+02
2.085437392795883227e+02
2.085746140651800715e+02
2.085420240137221413e+02
2.085094339622641542e+02
2.084768439108061671e+02
2.084854202401372163e+02
2.084939965694682655e+02
2.085042881646655246e+02
2.084699828473413277e+02
2.084356775300171591e+02
2.084013722126929622e+02
2.083670668953687937e+02
2.083344768439108066e+02
2.083018867924528195e+02
2.082692967409948608e+02
2.082367066895369021e+02
2.082538593481990006e+02
2.082710120068610991e+02
2.082881646655231691e+02
2.083036020583190577e+02
2.083190394511149464e+02
2.083344768439108066e+02
2.083499142367066952e+02
2.083344768439108066e+02
2.083207547169811278e+02
2.083481989708404853e+02
2.083756432246998429e+02
2.083619210977701641e+02
2.083481989708404853e+02
2.083344768439108066e+02
2.083653516295025838e+02
2.084202401372212989e+02
2.084888507718696360e+02
2.085145797598627837e+02
2.085385934819896931e+02
2.085746140651800715e+02
2.086003430531732192e+02
2.086346483704974162e+02
2.086569468267581442e+02
2.086792452830188722e+02
2.087049742710119915e+02
2.087821612349914062e+02
2.088096054888507638e+02
2.088370497427101213e+02
2.089125214408232978e+02
2.089879931389365311e+02
2.090188679245283083e+02
2.090668953687821841e+02
2.091166380789022412e+02
2.091903945111492362e+02
2.092641509433962312e+02
2.093138936535162884e+02
2.093653516295025838e+02
2.094476843910805997e+02
2.094974271012006852e+02
2.095128644939966023e+02
2.095283018867924625e+02
2.095643224699828693e+02
2.096020583190394575e+02
2.096415094339622840e+02
2.096792452830188722e+02
2.097581475128645252e+02
2.097975986277873233e+02
2.098765008576329478e+02
2.099159519725557743e+02
2.099948542024013705e+02
2.099948542024013705e+02
2.099948542024013705e+02
2.099948542024013705e+02
2.100720411663807852e+02
2.100737564322470234e+02
2.101509433962264097e+02
2.102281303602058529e+02
2.101886792452830264e+02
2.102246998284734048e+02
2.102607204116637831e+02
2.102967409948542183e+02
2.103344768439108066e+02
2.102967409948541899e+02
2.102590051457976017e+02
2.102212692967410135e+02
2.101835334476843968e+02
2.101457975986277802e+02
2.101492281303601999e+02
2.101183533447684511e+02
2.101423670668953889e+02
2.101663807890222984e+02
2.101234991423670806e+02
2.100806174957118628e+02
2.100377358490566166e+02
2.100257289879931477e+02
2.100120068610634974e+02
2.100000000000000000e+02
2.099879931389365311e+02
2.099742710120068523e+02
2.099622641509433834e+02
2.099519725557461243e+02
2.099777015437392720e+02
2.099862778730703212e+02
2.099777015437392720e+02
2.099708404802744326e+02
2.099588336192109637e+02
2.099073756432246967e+02
2.098936535162950179e+02
2.099210977701543470e+02
2.099073756432246967e+02
2.098919382504288080e+02
2.098765008576329194e+02
2.098610634648370308e+02
2.098713550600342899e+02
2.098816466552315489e+02
2.098919382504288080e+02
2.099039451114923054e+02
2.099159519725557459e+02
2.099296740994854247e+02
2.098987993138936758e+02
2.098679245283018986e+02
2.098370497427101213e+02
2.097821612349914346e+02
2.097272727272727479e+02
2.096706689536878230e+02
2.096123499142366882e+02
2.095540308747856102e+02
2.095368782161235117e+02
2.094768439108061955e+02
2.094614065180103069e+02
2.094459691252144466e+02
2.094288164665523198e+02
2.094116638078902497e+02
2.093962264150943327e+02
2.093807890222984724e+02
2.093653516295025838e+02
2.093773584905660528e+02
2.094116638078902497e+02
2.094459691252143898e+02
2.094819897084047966e+02
2.094888507718696360e+02
2.094939965694682655e+02
2.094991423670668951e+02
2.095025728987993148e+02
2.095060034305317345e+02
2.095094339622641542e+02
2.095111492281303640e+02
2.095591766723842113e+02
2.096072041166380870e+02
2.096174957118353461e+02
2.096277873070326052e+02
2.096380789022298359e+02
2.096483704974270950e+02
2.096603773584905639e+02
2.096723842195540328e+02
2.096843910806175018e+02
2.096963979416809707e+02
2.097084048027444112e+02
2.097718696397941756e+02
2.098336192109777016e+02
2.098953687821612277e+02
2.099571183533447822e+02
2.100171526586620985e+02
2.100771869639794147e+02
2.101355060034305211e+02
2.101663807890222984e+02
2.101972555746140756e+02
2.102246998284734048e+02
2.102538593481989437e+02
2.102847341337907210e+02
2.103138936535162884e+02
2.103430531732418558e+02
2.103722126929674232e+02
2.104425385934819985e+02
2.105128644939965739e+02
2.105814751286449109e+02
2.105831903945111208e+02
2.105849056603773306e+02
2.106260720411663669e+02
2.106672384219554033e+02
2.106946826758147608e+02
2.107221269296741184e+02
2.107615780445968880e+02
2.107615780445968880e+02
2.107615780445968880e+02
2.108301886792452819e+02
2.107907375643224555e+02
2.107512864493996290e+02
2.107135506003430692e+02
2.106758147512864525e+02
2.106518010291595147e+02
2.106346483704974162e+02
2.106174957118353177e+02
2.106020583190394575e+02
2.105866209262435689e+02
2.105728987993139185e+02
2.105591766723842113e+02
2.105814751286449393e+02
2.105660377358490507e+02
2.105042881646655246e+02
2.104751286449399572e+02
2.104459691252143898e+02
2.104168096054888508e+02
2.103790737564322626e+02
2.103516295025729050e+02
2.103138936535162884e+02
2.102864493996569308e+02
2.102881646655231407e+02
2.102607204116637831e+02
2.102332761578044256e+02
2.101938250428815991e+02
2.101543739279588294e+02
2.101149228130360029e+02
2.100754716981132049e+02
2.100360205831904068e+02
2.099965694682675803e+02
2.099571183533447538e+02
2.099176672384219557e+02
2.099159519725557459e+02
2.099142367066895076e+02
2.099125214408232978e+02
2.099108061749571164e+02
2.099108061749571448e+02
2.099108061749571448e+02
2.099348198970840542e+02
2.099571183533447538e+02
2.099811320754716917e+02
2.100051457975986295e+02
2.100291595197255674e+02
2.100531732418524768e+02
2.100085763293310492e+02
2.099948542024013705e+02
2.099794168096054818e+02
2.099639794168096216e+02
2.099331046312178444e+02
2.098765008576329194e+02
2.098113207547169736e+02
2.098473413379073804e+02
2.098319039451114918e+02
2.098164665523156032e+02
2.098387650085763312e+02
2.098610634648370592e+02
2.098833619210977872e+02
2.098987993138936758e+02
2.099142367066895360e+02
2.099296740994853963e+02
2.099451114922812849e+02
2.099279588336191864e+02
2.099090909090909065e+02
2.098902229845625982e+02
2.098936535162950179e+02
2.098987993138936190e+02
2.099022298456260387e+02
2.099073756432246967e+02
2.099399656946826838e+02
2.099313893653516345e+02
2.099228130360205853e+02
2.099142367066895076e+02
2.098747855917667096e+02
2.098353344768439115e+02
2.097907375643224555e+02
2.097409948542023699e+02
2.097324185248713206e+02
2.097238421955402998e+02
2.097152658662092790e+02
2.096603773584905639e+02
2.096054888507718772e+02
2.095471698113207708e+02
2.094905660377358458e+02
2.094837049742710064e+02
2.094253859348199001e+02
2.093670668953687652e+02
2.093070325900514490e+02
2.092469982847341328e+02
2.092281303602058244e+02
2.091680960548885082e+02
2.091063464837049537e+02
2.090445969125214560e+02
2.090137221269296788e+02
2.089708404802744326e+02
2.089759862778730621e+02
2.089828473413379015e+02
2.090291595197255674e+02
2.090737564322469950e+02
2.091183533447684226e+02
2.091217838765008423e+02
2.091646655231560885e+02
2.092092624356775445e+02
2.092212692967409851e+02
2.092332761578044540e+02
2.092452830188679229e+02
2.092590051457976017e+02
2.092710120068610706e+02
2.092847341337907494e+02
2.092967409948541899e+02
2.093104631217838687e+02
2.093259005145797573e+02
2.093413379073756460e+02
2.094030874785592005e+02
2.094648370497426981e+02
2.095248713550600428e+02
2.095849056603773590e+02
2.096466552315608851e+02
2.097066895368782014e+02
2.097650085763293077e+02
2.098233276157804426e+02
2.098559176672384297e+02
2.098662092624356603e+02
2.098284734133790721e+02
2.098627787307032406e+02
2.098490566037735903e+02
2.098370497427101213e+02
2.098027444253859244e+02
2.097890222984562456e+02
2.097770154373927767e+02
2.098027444253859244e+02
2.097907375643224555e+02
2.098216123499142327e+02
2.098524871355059815e+02
2.098833619210977588e+02
2.099142367066895360e+02
2.099039451114922770e+02
2.098936535162950179e+02
2.098833619210977588e+02
2.098833619210977872e+02
2.098833619210977588e+02
2.098404802744425410e+02
2.097975986277873233e+02
2.098233276157804426e+02
2.097821612349914346e+02
2.098096054888507638e+02
2.098610634648370308e+02
2.099159519725557459e+02
2.099039451114922485e+02
2.098919382504288080e+02
2.099090909090908781e+02
2.098970840480274376e+02
2.098850771869639686e+02
2.098730703259005281e+02
2.098198970840480229e+02
2.097684391080617274e+02
2.097427101200685797e+02
2.097169811320754320e+02
2.096912521440822843e+02
2.096655231560891934e+02
2.096415094339622556e+02
2.096054888507718488e+02
2.096483704974270950e+02
2.096483704974270950e+02
2.096483704974270950e+02
2.096483704974270950e+02
2.096483704974270950e+02
2.096483704974270950e+02
2.096483704974270950e+02
2.096483704974270950e+02
2.096483704974270950e+02
2.095797598627787579e+02
2.095797598627787295e+02
2.095368782161235117e+02
2.094939965694682655e+02
2.094511149228130478e+02
2.094082332761578016e+02
2.093670668953687937e+02
2.093259005145797573e+02
2.092847341337907494e+02
2.092692967409948608e+02
2.092538593481989722e+02
2.092418524871355032e+02
2.091698113207546896e+02
2.091149228130360314e+02
2.091029159519725340e+02
2.090909090909090651e+02
2.090600343053173162e+02
2.090291595197255390e+02
2.090188679245283083e+02
2.090068610634648394e+02
2.090188679245282799e+02
2.090308747855917488e+02
2.089965694682675519e+02
2.090085763293310208e+02
2.090222984562607280e+02
2.090360205831904068e+02
2.090085763293310492e+02
2.089554030874785724e+02
2.089022298456260955e+02
2.088473413379073804e+02
2.087924528301886937e+02
2.087615780445969165e+02
2.087701543739279657e+02
2.087804459691252248e+02
2.087907375643224839e+02
2.088010291595197430e+02
2.087701543739279657e+02
2.087392795883361885e+02
2.087084048027444396e+02
2.086775300171526624e+02
2.086449399656946753e+02
2.086123499142366882e+02
2.085711835334476518e+02
2.085626072041166026e+02
2.085540308747855818e+02
2.084974271012006852e+02
2.084408233276157603e+02
2.083842195540308353e+02
2.083670668953687652e+02
2.083499142367066668e+02
2.083327615780445683e+02
2.083138936535162884e+02
2.082950257289879801e+02
2.082349914236706638e+02
2.082161234991423555e+02
2.081972555746140472e+02
2.081646655231560601e+02
2.081715265866209279e+02
2.081783876500857673e+02
2.081852487135506067e+02
2.081921097770154461e+02
2.082384219554030835e+02
2.082847341337907494e+02
2.083310463121783869e+02
2.083773584905660528e+02
2.083790737564322626e+02
2.084253859348199285e+02
2.084716981132075659e+02
2.084819897084047966e+02
2.084922813036020557e+02
2.085025728987992863e+02
2.085128644939965739e+02
2.085231560891938045e+02
2.085334476843910920e+02
2.085454545454545325e+02
2.085574614065180015e+02
2.085694682675814704e+02
2.086329331046312063e+02
2.086466552315608851e+02
2.086603773584905639e+02
2.086740994854202427e+02
2.086861063464836832e+02
2.086963979416809423e+02
2.087066895368781729e+02
2.087186963979416703e+02
2.087307032590051392e+02
2.087409948542023983e+02
2.087512864493996290e+02
2.087341337907375589e+02
2.087169811320754604e+02
2.087015437392796002e+02
2.086843910806175018e+02
2.086672384219554033e+02
2.086518010291595147e+02
2.086157804459691363e+02
2.086174957118353177e+02
2.086397941680960741e+02
2.086620926243567737e+02
2.087221269296741184e+02
2.087821612349914062e+02
2.088421955403087509e+02
2.088782161234991577e+02
2.089142367066895360e+02
2.089176672384219557e+02
2.089519725557461243e+02
2.089451114922812849e+02
2.089382504288164455e+02
2.088816466552315205e+02
2.088250428816466524e+02
2.087701543739279373e+02
2.087152658662092506e+02
2.086603773584905639e+02
2.086174957118353177e+02
2.085626072041166310e+02
2.085506003430531621e+02
2.085385934819896931e+02
2.085248713550600428e+02
2.085111492281303640e+02
2.084888507718696360e+02
2.084665523156089364e+02
2.084442538593481800e+02
2.085025728987993148e+02
2.084802744425385868e+02
2.084150943396226410e+02
2.083499142367066952e+02
2.083121783876500785e+02
2.082847341337907210e+02
2.082590051457975733e+02
2.082590051457976017e+02
2.082315608919382441e+02
2.082332761578044256e+02
2.082349914236706638e+02
2.082092624356775161e+02
2.082109777015437544e+02
2.082126929674099358e+02
2.081715265866208995e+02
2.081303602058318916e+02
2.080497427101200572e+02
2.080085763293310492e+02
2.079674099485420129e+02
2.079262435677529766e+02
2.078850771869639402e+02
2.079125214408233262e+02
2.079399656946826553e+02
2.079382504288164455e+02
2.079931389365351606e+02
2.080480274442538473e+02
2.081029159519725340e+02
2.081578044596912491e+02
