6.754030874785593141e+01
6.749228130360205569e+01
6.749742710120068523e+01
6.744939965694682371e+01
6.740137221269296219e+01
6.735334476843911489e+01
6.733104631217838687e+01
6.730874785591765885e+01
6.732761578044596718e+01
6.734648370497427550e+01
6.741166380789022128e+01
6.746140651801027843e+01
6.751114922813034980e+01
6.756260720411663101e+01
6.757289879931389009e+01
6.758147512864493933e+01
6.759005145797598857e+01
6.761921097770154176e+01
6.766895368782161313e+01
6.767581475128645252e+01
6.769982847341337617e+01
6.771183533447684511e+01
6.769982847341339038e+01
6.766209262435677374e+01
6.762264150943396146e+01
6.758662092624356887e+01
6.756432246998284086e+01
6.754030874785591720e+01
6.751629502572897934e+01
6.750600343053173447e+01
6.746998284734132767e+01
6.743224699828472524e+01
6.739622641509433265e+01
6.735849056603771601e+01
6.732590051457975733e+01
6.728816466552314068e+01
6.725214408233274810e+01
6.721440823327614567e+01
6.717667238421955744e+01
6.713893653516294080e+01
6.710120068610633837e+01
6.706518010291594578e+01
6.705145797598626700e+01
6.703945111492281228e+01
6.703430531732416853e+01
6.705145797598626700e+01
6.705660377358489654e+01
6.705831903945110639e+01
6.707547169811320487e+01
6.709090909090909349e+01
6.709262435677530334e+01
6.709262435677530334e+01
6.706003430531731624e+01
6.703430531732419695e+01
6.702058319039451817e+01
6.700857632933104924e+01
6.699485420240138467e+01
6.697941680960551025e+01
6.696569468267583147e+01
6.695197255574615269e+01
6.693996569468268376e+01
6.694168096054889361e+01
6.692967409948542468e+01
6.691766723842195574e+01
6.690566037735848681e+01
6.689365351629501788e+01
6.688164665523154895e+01
6.686963979416809423e+01
6.685763293310463951e+01
6.684562607204117057e+01
6.683190394511149179e+01
6.681818181818181301e+01
6.680445969125213423e+01
6.680617495711835829e+01
6.679416809605488936e+01
6.678216123499142043e+01
6.677015437392795150e+01
6.675814751286449678e+01
6.674785591766723769e+01
6.673756432246997861e+01
6.672555746140650967e+01
6.671526586620926480e+01
6.668096054888508206e+01
6.664493996569467527e+01
6.663293310463120633e+01
6.662264150943396146e+01
6.661063464837049253e+01
6.660034305317324765e+01
6.657461406518009994e+01
6.657975986277872948e+01
6.658490566037735903e+01
6.659691252144082796e+01
6.663979416809604572e+01
6.666552315608919344e+01
6.664322469982846542e+01
6.662092624356775161e+01
6.659519725557461811e+01
6.656946826758147040e+01
6.655746140651800147e+01
6.653001715265867233e+01
6.647684391080618127e+01
6.642710120068610991e+01
6.637907375643224839e+01
6.636706689536879367e+01
6.635506003430531052e+01
6.634305317324185580e+01
6.637049742710119915e+01
6.636020583190395428e+01
6.634991423670669519e+01
6.634133790737564595e+01
6.633104631217838687e+01
6.631732418524870809e+01
6.630360205831904352e+01
6.630188679245283367e+01
6.628644939965694505e+01
6.627101200686107063e+01
6.625557461406518200e+01
6.623842195540308353e+01
6.623499142367066383e+01
6.621783876500857957e+01
6.620068610634648110e+01
6.618353344768439683e+01
6.616638078902229836e+01
6.614751286449399004e+01
6.614751286449399004e+01
6.614751286449399004e+01
6.614751286449399004e+01
6.614579759862778019e+01
6.614408233276157034e+01
6.614408233276157034e+01
6.614408233276157034e+01
6.614408233276158455e+01
6.614236706689536049e+01
6.615608919382503927e+01
6.616981132075471805e+01
6.618353344768439683e+01
6.620926243567753033e+01
6.622126929674098506e+01
6.622298456260719490e+01
6.622469982847341896e+01
6.622641509433961460e+01
6.622813036020582445e+01
6.621783876500857957e+01
6.620583190394511064e+01
6.623156089193824414e+01
6.621955403087477521e+01
6.621955403087477521e+01
6.619725557461406140e+01
6.619897084048027125e+01
6.620068610634648110e+01
6.618867924528302638e+01
6.616638078902229836e+01
6.615780445969124912e+01
6.613550600343053532e+01
6.611320754716982151e+01
6.609090909090909349e+01
6.611492281303601715e+01
6.613722126929673095e+01
6.615951972555745897e+01
6.618181818181818699e+01
6.620411663807890079e+01
6.622469982847341896e+01
6.623156089193824414e+01
6.621955403087478942e+01
6.619382504288164171e+01
6.616809605488850821e+01
6.621097770154372597e+01
6.625214408233276231e+01
6.628130360205831551e+01
6.632246998284733763e+01
6.635162950257290504e+01
6.636878216123498930e+01
6.638593481989708778e+01
6.641680960548885082e+01
6.643739279588336899e+01
6.645797598627785874e+01
6.646483704974269813e+01
6.646998284734132767e+01
6.648885077186963599e+01
6.650771869639793010e+01
6.652658662092623842e+01
6.654545454545453254e+01
6.656432246998284086e+01
6.658319039451114918e+01
6.661578044596912207e+01
6.663464837049744460e+01
6.663979416809604572e+01
6.663121783876501070e+01
6.662607204116638115e+01
6.662092624356776582e+01
6.661749571183534613e+01
6.661578044596912207e+01
6.661234991423670238e+01
6.661063464837049253e+01
6.660891938250429689e+01
6.660720411663808704e+01
6.660548885077187720e+01
6.660377358490566735e+01
6.660377358490565314e+01
6.660377358490565314e+01
6.660377358490565314e+01
6.659519725557461811e+01
6.658662092624356887e+01
6.658662092624356887e+01
6.657118353344768025e+01
6.657118353344768025e+01
6.655746140651801568e+01
6.654202401372214126e+01
6.652830188679246248e+01
6.651801029159520340e+01
6.650428816466552462e+01
6.649228130360205569e+01
6.648198970840481081e+01
6.647169811320756594e+01
6.646312178387651670e+01
6.645454545454546746e+01
6.644596912521441823e+01
6.643739279588336899e+01
6.642881646655231975e+01
6.642195540308748036e+01
6.641509433962264097e+01
6.640823327615780158e+01
6.640137221269296219e+01
6.640308747855917204e+01
6.640480274442538189e+01
6.637907375643224839e+01
6.635334476843911489e+01
6.632761578044596718e+01
6.630188679245283367e+01
6.627787307032589581e+01
6.625385934819897216e+01
6.624356775300171307e+01
6.624699828473413277e+01
6.622298456260719490e+01
6.621269296740995003e+01
6.618867924528302638e+01
6.617667238421955744e+01
6.614065180102915065e+01
6.609777015437393288e+01
6.607032590051457532e+01
6.604288164665523198e+01
6.603087478559177725e+01
6.601886792452830832e+01
6.600686106346483939e+01
6.600857632933104924e+01
6.601029159519725908e+01
6.601200686106346893e+01
6.600000000000000000e+01
6.600000000000000000e+01
6.598627787307032122e+01
6.597255574614065665e+01
6.597255574614065665e+01
6.597084048027443259e+01
6.596226415094339757e+01
6.593996569468266955e+01
6.591423670668953605e+01
6.591938250428816559e+01
6.591938250428816559e+01
6.591938250428816559e+01
6.591938250428816559e+01
6.593138936535163452e+01
6.593138936535163452e+01
6.594339622641508925e+01
6.595540308747855818e+01
6.596569468267581726e+01
6.596397941680960741e+01
6.595025728987994285e+01
6.594854202401373300e+01
6.593310463121784437e+01
6.591766723842196996e+01
6.591423670668953605e+01
6.590909090909090651e+01
6.590222984562608133e+01
6.591252144082332620e+01
6.591080617495711635e+01
6.592109777015437544e+01
6.591938250428816559e+01
6.592967409948542468e+01
6.593996569468268376e+01
6.594854202401373300e+01
6.599656946826758031e+01
6.601715265866209847e+01
6.603773584905661664e+01
6.605831903945112060e+01
6.606346483704975014e+01
6.606861063464837969e+01
6.607375643224699502e+01
6.607890222984562456e+01
6.612864493996568171e+01
6.613550600343053532e+01
6.618181818181817277e+01
6.622813036020582445e+01
6.623327615780446820e+01
6.623842195540309774e+01
6.625728987993139185e+01
6.626243567753002139e+01
6.626586620926244109e+01
6.625557461406518200e+01
6.624699828473413277e+01
6.622469982847340475e+01
6.625728987993139185e+01
6.628816466552315489e+01
6.631903945111491794e+01
6.634991423670669519e+01
6.633962264150943611e+01
6.634305317324185580e+01
6.634476843910806565e+01
6.634648370497427550e+01
6.634819897084048534e+01
6.634991423670669519e+01
6.638250428816466808e+01
6.641509433962264097e+01
6.637049742710119915e+01
6.632590051457975733e+01
6.635849056603773022e+01
6.635677530017153458e+01
6.635677530017152037e+01
6.635677530017153458e+01
6.635677530017153458e+01
6.635677530017153458e+01
6.632590051457977154e+01
6.632075471698112779e+01
6.631560891938249824e+01
6.631046312178388291e+01
6.630703259005146322e+01
6.630360205831904352e+01
6.630017152658662383e+01
6.629845626072041398e+01
6.629674099485420413e+01
6.629502572898799428e+01
6.629331046312178444e+01
6.629502572898799428e+01
6.629845626072041398e+01
6.631389365351630261e+01
6.632933104631217702e+01
6.634648370497427550e+01
6.636363636363635976e+01
6.638078902229847245e+01
6.641509433962264097e+01
6.641852487135506067e+01
6.642195540308748036e+01
6.642538593481990006e+01
6.639108061749571732e+01
6.635677530017153458e+01
6.632246998284733763e+01
6.629331046312179865e+01
6.626072041166381155e+01
6.622813036020583866e+01
6.621269296740995003e+01
6.618353344768439683e+01
6.622984562607204850e+01
6.627615780445970017e+01
6.632418524871354748e+01
6.637221269296740900e+01
6.638765008576328341e+01
6.640308747855917204e+01
6.641852487135506067e+01
6.643396226415094930e+01
6.644939965694683792e+01
6.646483704974271234e+01
6.648027444253858675e+01
6.649571183533447538e+01
6.651114922813036401e+01
6.652658662092625264e+01
6.654202401372214126e+01
6.655746140651801568e+01
6.657289879931389009e+01
6.658833619210977872e+01
6.660377358490566735e+01
6.661921097770155598e+01
6.663464837049744460e+01
6.665008576329331902e+01
6.666552315608919344e+01
6.668096054888508206e+01
6.669639794168097069e+01
6.671183533447684511e+01
6.670325900514581008e+01
6.669468267581476084e+01
6.668610634648371160e+01
6.667581475128645252e+01
6.666552315608919344e+01
6.665523156089193435e+01
6.664493996569468948e+01
6.663464837049743039e+01
6.662435677530015710e+01
6.661406518010291222e+01
6.660377358490565314e+01
6.659348198970840826e+01
6.658147512864493933e+01
6.656946826758147040e+01
6.655746140651801568e+01
6.654545454545454675e+01
6.653344768439109203e+01
6.652144082332762309e+01
6.650943396226415416e+01
6.649742710120068523e+01
6.648542024013721630e+01
6.647169811320753752e+01
6.645626072041166310e+01
6.644082332761578868e+01
6.642538593481990006e+01
6.640137221269296219e+01
6.636363636363637397e+01
6.636535162950258382e+01
6.636706689536879367e+01
6.636878216123500351e+01
6.637049742710121336e+01
6.637221269296742321e+01
6.634648370497427550e+01
6.634819897084048534e+01
6.633619210977701641e+01
6.634991423670669519e+01
6.638250428816466808e+01
6.639622641509433265e+01
6.640994854202401143e+01
6.642367066895369021e+01
6.643910806174957884e+01
6.642538593481990006e+01
6.642710120068610991e+01
6.644253859348199853e+01
6.644425385934820838e+01
6.643224699828473945e+01
6.642024013722127052e+01
6.640823327615780158e+01
6.639622641509433265e+01
6.638421955403087793e+01
6.642538593481990006e+01
6.641509433962264097e+01
6.640308747855917204e+01
6.637221269296739479e+01
6.641166380789022128e+01
6.645111492281303356e+01
6.648885077186963599e+01
6.648027444253858675e+01
6.649571183533447538e+01
6.650771869639794431e+01
6.651972555746141325e+01
6.653173241852486797e+01
6.654202401372212705e+01
6.655403087478558177e+01
6.649571183533447538e+01
6.649228130360205569e+01
6.643396226415093508e+01
6.637735849056603854e+01
6.632075471698112779e+01
6.626415094339623124e+01
6.620754716981132049e+01
6.615094339622642394e+01
6.613550600343052110e+01
6.612006861063464669e+01
6.610463121783877227e+01
6.607547169811320487e+01
6.603430531732418274e+01
6.599313893653516061e+01
6.597255574614064244e+01
6.595368782161233412e+01
6.594854202401371879e+01
6.594168096054889361e+01
6.593653516295026407e+01
6.593138936535163452e+01
6.592795883361921483e+01
6.592452830188679513e+01
6.592281303602058529e+01
6.592109777015437544e+01
6.591938250428816559e+01
6.591766723842195574e+01
6.587821612349914346e+01
6.583876500857633118e+01
6.579759862778730906e+01
6.575814751286449678e+01
6.571869639794168449e+01
6.570325900514581008e+01
6.567409948542024267e+01
6.564493996569467527e+01
6.565351629502572450e+01
6.562607204116638115e+01
6.559691252144081375e+01
6.555917667238422553e+01
6.552144082332762309e+01
6.549399656946826553e+01
6.546655231560892219e+01
6.543910806174956463e+01
6.541166380789022128e+01
6.538593481989707357e+01
6.536363636363635976e+01
6.534648370497426129e+01
6.532418524871354748e+01
6.530188679245281946e+01
6.526415094339623124e+01
6.524185248713550322e+01
6.520411663807890079e+01
6.516638078902229836e+01
6.516638078902229836e+01
6.516638078902229836e+01
6.519897084048028546e+01
6.519897084048027125e+01
6.519725557461407561e+01
6.519725557461407561e+01
6.519897084048027125e+01
6.520068610634648110e+01
6.520068610634648110e+01
6.520240137221269094e+01
6.520411663807890079e+01
6.520583190394512485e+01
6.520754716981130628e+01
6.521097770154372597e+01
6.521440823327614567e+01
6.521783876500856536e+01
6.522126929674098506e+01
6.522469982847340475e+01
6.522984562607203429e+01
6.523327615780445399e+01
6.523842195540308353e+01
6.524356775300171307e+01
6.526072041166381155e+01
6.530360205831902931e+01
6.532246998284733763e+01
6.534133790737564595e+01
6.533447684391080656e+01
6.533104631217838687e+01
6.537049742710119915e+01
6.541166380789022128e+01
6.542710120068610991e+01
6.546826758147513203e+01
6.548542024013721630e+01
6.545454545454545325e+01
6.544768439108062807e+01
6.543910806174957884e+01
6.544425385934819417e+01
6.543567753001715914e+01
6.541509433962264097e+01
6.543053173241852960e+01
6.543396226415094930e+01
6.543739279588336899e+01
6.544082332761578868e+01
6.544425385934820838e+01
6.544768439108062807e+01
6.545111492281303356e+01
6.545626072041166310e+01
6.545969125214406859e+01
6.546483704974269813e+01
6.545283018867924341e+01
6.543396226415094930e+01
6.540137221269296219e+01
6.540480274442538189e+01
6.539965694682675235e+01
6.538936535162950747e+01
6.539279588336191296e+01
6.538250428816465387e+01
6.538936535162949326e+01
6.539451114922812280e+01
6.540308747855918625e+01
6.539279588336191296e+01
6.541509433962264097e+01
6.542538593481990006e+01
6.544768439108062807e+01
6.546483704974271234e+01
6.548198970840479660e+01
6.551114922813036401e+01
6.552830188679246248e+01
6.554545454545453254e+01
6.556260720411663101e+01
6.556603773584906492e+01
6.555746140651801568e+01
6.555917667238421132e+01
6.554716981132075659e+01
6.553687821612349751e+01
6.553859348198970736e+01
6.552658662092623842e+01
6.551457975986276949e+01
6.550257289879931477e+01
6.548885077186963599e+01
6.548885077186963599e+01
6.547684391080616706e+01
6.546312178387650249e+01
6.543739279588335478e+01
6.544596912521440402e+01
6.549056603773584584e+01
6.549914236706689508e+01
6.550600343053173447e+01
6.551286449399657386e+01
6.551972555746141325e+01
6.552658662092625264e+01
6.554373927958833690e+01
6.554888507718695223e+01
6.555403087478559598e+01
6.558662092624356887e+01
6.563121783876501070e+01
6.563636363636364024e+01
6.563979416809604572e+01
6.564322469982846542e+01
6.564665523156088511e+01
6.565008576329330481e+01
6.560720411663808704e+01
6.557804459691251964e+01
6.554888507718695223e+01
6.551801029159518919e+01
6.548713550600342614e+01
6.550085763293310492e+01
6.551457975986278370e+01
6.552830188679246248e+01
6.554202401372212705e+01
6.556775300171526055e+01
6.554545454545454675e+01
6.552487135506004279e+01
6.551801029159520340e+01
6.551114922813036401e+01
6.554716981132074238e+01
6.553859348198970736e+01
6.553001715265865812e+01
6.552315608919381873e+01
6.551629502572899355e+01
6.549742710120068523e+01
6.550600343053173447e+01
6.551457975986278370e+01
6.552315608919381873e+01
6.553173241852486797e+01
6.553687821612349751e+01
6.554888507718696644e+01
6.556089193825042116e+01
6.557289879931389009e+01
6.557118353344768025e+01
6.556946826758147040e+01
6.556775300171526055e+01
6.556603773584905070e+01
6.556432246998285507e+01
6.556260720411663101e+01
6.556089193825042116e+01
6.554545454545454675e+01
6.554373927958833690e+01
6.554373927958832269e+01
6.552830188679244827e+01
6.551457975986278370e+01
6.551629502572897934e+01
6.551972555746139903e+01
6.549571183533447538e+01
6.547169811320753752e+01
6.544939965694682371e+01
6.542538593481988585e+01
6.541680960548885082e+01
6.543910806174956463e+01
6.543053173241852960e+01
6.540823327615780158e+01
6.538593481989707357e+01
6.540137221269296219e+01
6.539279588336192717e+01
6.545283018867925762e+01
6.546655231560892219e+01
6.545797598627787295e+01
6.544768439108061386e+01
6.543739279588335478e+01
6.542710120068610991e+01
6.541680960548885082e+01
6.540651801029159174e+01
6.539622641509433265e+01
6.538593481989707357e+01
6.535506003430531052e+01
6.534476843910805144e+01
6.531389365351628840e+01
6.530360205831902931e+01
6.530703259005144901e+01
6.529502572898798007e+01
6.528301886792452535e+01
6.527272727272728048e+01
6.527444253859347612e+01
6.530017152658662383e+01
6.532590051457975733e+01
6.532761578044596718e+01
6.532761578044595296e+01
6.532933104631217702e+01
6.532933104631217702e+01
6.532933104631217702e+01
6.532933104631217702e+01
6.533104631217838687e+01
6.532590051457975733e+01
6.528987993138936474e+01
6.526929674099486078e+01
6.528301886792452535e+01
6.531217838765009276e+01
6.534305317324185580e+01
6.537392795883363306e+01
6.538936535162950747e+01
6.541852487135506067e+01
6.542024013722127052e+01
6.543739279588336899e+01
6.545454545454546746e+01
6.547169811320755173e+01
6.549914236706689508e+01
6.551286449399657386e+01
6.551286449399657386e+01
6.552658662092625264e+01
6.554202401372214126e+01
6.555231560891938614e+01
6.556432246998284086e+01
6.557975986277872948e+01
6.559691252144082796e+01
6.560034305317324765e+01
6.561749571183533192e+01
6.563293310463122054e+01
6.564837049742709496e+01
6.566380789022298359e+01
6.567924528301885800e+01
6.570668953687821556e+01
6.572212692967408998e+01
6.573756432246997861e+01
6.575300171526586723e+01
6.576843910806175586e+01
6.578387650085764449e+01
6.578559176672385433e+01
6.578730703259004997e+01
6.578902229845625982e+01
6.579073756432248388e+01
6.579073756432246967e+01
6.579073756432246967e+01
6.579073756432248388e+01
6.579073756432246967e+01
6.577530017152659525e+01
6.580617495711835829e+01
6.583704974271012134e+01
6.585591766723841545e+01
6.586792452830189859e+01
6.587993138936535331e+01
6.586620926243568874e+01
6.585248713550600996e+01
6.583876500857633118e+01
6.581303602058318347e+01
6.579759862778729484e+01
6.581989708404802286e+01
6.582675814751286225e+01
6.581303602058318347e+01
6.579931389365350469e+01
6.584048027444254103e+01
6.587993138936533910e+01
6.591252144082332620e+01
6.595540308747854397e+01
6.598456260720411137e+01
6.602744425385934335e+01
6.607032590051457532e+01
6.611149228130359745e+01
6.610634648370496791e+01
6.610291595197254821e+01
6.609948542024012852e+01
6.609605488850772304e+01
6.609262435677528913e+01
6.609090909090909349e+01
6.608919382504286943e+01
6.611835334476843684e+01
6.616123499142366882e+01
6.620411663807890079e+01
6.617838765008576729e+01
6.615437392795882943e+01
6.613036020583189156e+01
6.610634648370496791e+01
6.608233276157804426e+01
6.608233276157804426e+01
6.608233276157804426e+01
6.608233276157803004e+01
6.608233276157804426e+01
6.608233276157804426e+01
6.608233276157804426e+01
6.608404802744425410e+01
6.608576329331046395e+01
6.608747855917667380e+01
6.609090909090909349e+01
6.609262435677530334e+01
6.609605488850770882e+01
6.609948542024012852e+01
6.610291595197256242e+01
6.609262435677528913e+01
6.609605488850772304e+01
6.609948542024012852e+01
6.610291595197256242e+01
6.610634648370496791e+01
6.610977701543740181e+01
6.611320754716979309e+01
6.611663807890222699e+01
6.612006861063464669e+01
6.612349914236706638e+01
6.612692967409947187e+01
6.613036020583190577e+01
6.613550600343052110e+01
6.614065180102915065e+01
6.614579759862778019e+01
6.615094339622640973e+01
6.619897084048027125e+01
6.624699828473413277e+01
6.627272727272726627e+01
6.629845626072041398e+01
6.632418524871354748e+01
6.634991423670669519e+01
6.637564322469982869e+01
6.637735849056602433e+01
6.637735849056603854e+01
6.637735849056603854e+01
6.637564322469982869e+01
6.634305317324185580e+01
6.631217838765007855e+01
6.629674099485418992e+01
6.628130360205831551e+01
6.628644939965694505e+01
6.626929674099486078e+01
6.625214408233276231e+01
6.623499142367066383e+01
6.621783876500856536e+01
6.619897084048028546e+01
6.618010291595197714e+01
6.615437392795882943e+01
6.614236706689536049e+01
6.615608919382503927e+01
6.616981132075471805e+01
6.618353344768438262e+01
6.619725557461406140e+01
6.621097770154372597e+01
6.622469982847340475e+01
6.622298456260720911e+01
6.620754716981132049e+01
6.621955403087477521e+01
6.621783876500857957e+01
6.622813036020582445e+01
6.622641509433961460e+01
6.624871355060034261e+01
6.627958833619210566e+01
6.629159519725556038e+01
6.630531732418523916e+01
6.631732418524870809e+01
6.633104631217838687e+01
6.634476843910806565e+01
6.634305317324185580e+01
6.634305317324185580e+01
6.634133790737564595e+01
6.635506003430532473e+01
6.635334476843911489e+01
6.636706689536877946e+01
6.638078902229845824e+01
6.638078902229845824e+01
6.638078902229845824e+01
6.638078902229845824e+01
6.638078902229844402e+01
6.638078902229844402e+01
6.638078902229845824e+01
6.638078902229845824e+01
6.638078902229844402e+01
6.642024013722127052e+01
6.646655231560892219e+01
6.652487135506004279e+01
6.651286449399657386e+01
6.650085763293310492e+01
6.646998284734132767e+01
6.645797598627787295e+01
6.650085763293310492e+01
6.654373927958832269e+01
6.653344768439107781e+01
6.657461406518009994e+01
6.661749571183534613e+01
6.665866209262435405e+01
6.669811320754718054e+01
6.668953687821613130e+01
6.673070325900513922e+01
6.677015437392796571e+01
6.681132075471697362e+01
6.682847341337907210e+01
6.683190394511149179e+01
6.681132075471697362e+01
6.677530017152658104e+01
6.676672384219554601e+01
6.675643224699828693e+01
6.674614065180102784e+01
6.674957118353344754e+01
6.675300171526586723e+01
6.679416809605488936e+01
6.683533447684391149e+01
6.680789022298455393e+01
6.680617495711834408e+01
6.678044596912521058e+01
6.675471698113207708e+01
6.675643224699828693e+01
6.675643224699827272e+01
6.675643224699828693e+01
6.675643224699828693e+01
6.675814751286449678e+01
6.677358490566037119e+01
6.677530017152658104e+01
6.679073756432245546e+01
6.676329331046312632e+01
6.673756432246997861e+01
6.671183533447684511e+01
6.668610634648369739e+01
6.668953687821611709e+01
6.669125214408232694e+01
6.669468267581474663e+01
6.669811320754718054e+01
6.670154373927958602e+01
6.670497427101200572e+01
6.671012006861063526e+01
6.671526586620925059e+01
6.672041166380788013e+01
6.672555746140650967e+01
6.673070325900513922e+01
6.669296740994855099e+01
6.665694682675814420e+01
6.662092624356775161e+01
6.658490566037735903e+01
6.654888507718695223e+01
6.657118353344768025e+01
6.659519725557461811e+01
6.662264150943396146e+01
6.661406518010291222e+01
6.660548885077186299e+01
6.659862778730702360e+01
6.659005145797598857e+01
6.658147512864493933e+01
6.657289879931389009e+01
6.656432246998284086e+01
6.653173241852485376e+01
6.649742710120068523e+01
6.646140651801027843e+01
6.642710120068610991e+01
6.639279588336191296e+01
6.635677530017152037e+01
6.634991423670668098e+01
6.634476843910806565e+01
6.632246998284733763e+01
6.629845626072041398e+01
6.627444253859349033e+01
6.625042881646655246e+01
6.626243567753002139e+01
6.627444253859347612e+01
6.624871355060034261e+01
6.625900514579760170e+01
6.627615780445968596e+01
6.629502572898798007e+01
6.630017152658660962e+01
6.627101200686107063e+01
6.624871355060034261e+01
6.619210977701543186e+01
6.618353344768438262e+01
6.613550600343052110e+01
6.612006861063463248e+01
6.610463121783875806e+01
6.605831903945110639e+01
6.601886792452829411e+01
6.600343053173241969e+01
6.596397941680959320e+01
6.592452830188679513e+01
6.588336192109775880e+01
6.586620926243567453e+01
6.584905660377359027e+01
6.583190394511149179e+01
6.581475128644939332e+01
6.579759862778729484e+01
6.578044596912522479e+01
6.576157804459691647e+01
6.574271012006860815e+01
6.572555746140650967e+01
6.570668953687821556e+01
6.568782161234992145e+01
6.568439108061750176e+01
6.570668953687821556e+01
6.572898799313892937e+01
6.577530017152658104e+01
6.576672384219554601e+01
6.577186963979416134e+01
6.577873070325900073e+01
6.583018867924528195e+01
6.588164665523154895e+01
6.593310463121783016e+01
6.598456260720411137e+01
6.603430531732416853e+01
6.608404802744425410e+01
6.613379073756432547e+01
6.616981132075470384e+01
6.622126929674098506e+01
6.625900514579760170e+01
6.631046312178386870e+01
6.636192109777014991e+01
6.641337907375643113e+01
6.646483704974269813e+01
6.651457975986276949e+01
6.656603773584905070e+01
6.661578044596910786e+01
6.662607204116638115e+01
6.663636363636364024e+01
6.668782161234990724e+01
6.673927958833618845e+01
6.679073756432245546e+01
6.684219554030873667e+01
6.686792452830188438e+01
6.687993138936533910e+01
6.689193825042882224e+01
6.690394511149227696e+01
6.690394511149227696e+01
6.691595197255574590e+01
6.690394511149227696e+01
6.690394511149227696e+01
6.690394511149227696e+01
6.694511149228131330e+01
6.693481989708405422e+01
6.697427101200686650e+01
6.701372212692967878e+01
6.700514579759862954e+01
6.701029159519725908e+01
6.700000000000000000e+01
6.703087478559177725e+01
6.707375643224699502e+01
6.706518010291594578e+01
6.708404802744425410e+01
6.711320754716980730e+01
6.715437392795882943e+01
6.713722126929673095e+01
6.709777015437393288e+01
6.714579759862778019e+01
6.719382504288165592e+01
6.727787307032591002e+01
6.728987993138936474e+01
6.726415094339623124e+01
6.724185248713550322e+01
6.722469982847341896e+01
6.722298456260719490e+01
6.718353344768439683e+01
6.718353344768439683e+01
6.714408233276158455e+01
6.718524871355060668e+01
6.722469982847341896e+01
6.727958833619210566e+01
6.725728987993139185e+01
6.731046312178386870e+01
6.728816466552315489e+01
6.726586620926244109e+01
6.731903945111493215e+01
6.729674099485421834e+01
6.727444253859349033e+01
6.720583190394511064e+01
6.713722126929674516e+01
6.715094339622640973e+01
6.719210977701544607e+01
6.723327615780445399e+01
6.727444253859349033e+01
6.731732418524870809e+01
6.731903945111491794e+01
6.732246998284733763e+01
6.732590051457975733e+01
6.732933104631216281e+01
6.733276157804459672e+01
6.733447684391080656e+01
6.733619210977700220e+01
6.733790737564321205e+01
6.734133790737563174e+01
6.734305317324184159e+01
6.734476843910806565e+01
6.734819897084047113e+01
6.734991423670669519e+01
6.735162950257290504e+01
6.735506003430532473e+01
6.735849056603773022e+01
6.737907375643224839e+01
6.739965694682676656e+01
6.742538593481990006e+01
6.741337907375643113e+01
6.739965694682675235e+01
6.738765008576328341e+01
6.737392795883363306e+01
6.736020583190395428e+01
6.734648370497427550e+01
6.733276157804459672e+01
6.731903945111491794e+01
6.730531732418523916e+01
6.728987993138937895e+01
6.727444253859349033e+01
6.725900514579760170e+01
6.724356775300171307e+01
6.722813036020582445e+01
6.722813036020582445e+01
6.721269296740995003e+01
6.723670668953687368e+01
6.727444253859349033e+01
6.729845626072041398e+01
6.732418524871354748e+01
6.731732418524870809e+01
6.731560891938251245e+01
6.735677530017153458e+01
6.735334476843911489e+01
6.734819897084048534e+01
6.731903945111491794e+01
6.731560891938249824e+01
6.730874785591765885e+01
6.730188679245281946e+01
6.729502572898799428e+01
6.728987993138936474e+01
6.728473413379073520e+01
6.727958833619210566e+01
6.727101200686105642e+01
6.729331046312178444e+01
6.731732418524870809e+01
6.733962264150943611e+01
6.736535162950256961e+01
6.738936535162950747e+01
6.741337907375643113e+01
6.743910806174957884e+01
6.737907375643223418e+01
6.734305317324185580e+01
6.730703259005144901e+01
6.731046312178386870e+01
6.729674099485418992e+01
6.725385934819897216e+01
6.719725557461407561e+01
6.717838765008576729e+01
6.713379073756432547e+01
6.711320754716980730e+01
6.712692967409947187e+01
6.711835334476843684e+01
6.712349914236706638e+01
6.710291595197254821e+01
6.710806174957119197e+01
6.712521440823327623e+01
6.710463121783877227e+01
6.708576329331046395e+01
6.706518010291594578e+01
6.704288164665521776e+01
6.703773584905660243e+01
6.703259005145797289e+01
6.701200686106346893e+01
6.699142367066895076e+01
6.697084048027444680e+01
6.694854202401373300e+01
6.694339622641510346e+01
6.693825042881645970e+01
6.694682675814749473e+01
6.699828473413379015e+01
6.703430531732418274e+01
6.704459691252144182e+01
6.704116638078900792e+01
6.705145797598626700e+01
6.704459691252142761e+01
6.702572898799314771e+01
6.701715265866209847e+01
6.702572898799313350e+01
6.703430531732419695e+01
6.708404802744425410e+01
6.713379073756431126e+01
6.716638078902229836e+01
6.719897084048027125e+01
6.722984562607203429e+01
6.726586620926244109e+01
6.726415094339623124e+01
6.726072041166381155e+01
6.725728987993139185e+01
6.725214408233276231e+01
6.724699828473413277e+01
6.724528301886793713e+01
6.724185248713550322e+01
6.727444253859349033e+01
6.728473413379074941e+01
6.729502572898800850e+01
6.730531732418525337e+01
6.732761578044596718e+01
6.733619210977701641e+01
6.734476843910806565e+01
6.736706689536876524e+01
6.734819897084048534e+01
6.734819897084047113e+01
6.731046312178386870e+01
6.730874785591765885e+01
6.730874785591765885e+01
6.730874785591765885e+01
6.730874785591765885e+01
6.730874785591765885e+01
6.731046312178386870e+01
6.731217838765007855e+01
6.731389365351628840e+01
6.728816466552315489e+01
6.725042881646655246e+01
6.725214408233276231e+01
6.725557461406516779e+01
6.725900514579760170e+01
6.726243567753002139e+01
6.726586620926244109e+01
6.726929674099484657e+01
6.727444253859349033e+01
6.728130360205831551e+01
6.728816466552315489e+01
6.729502572898799428e+01
6.725900514579760170e+01
6.722298456260719490e+01
6.718867924528302638e+01
6.715437392795882943e+01
6.713550600343053532e+01
6.716123499142366882e+01
6.718524871355060668e+01
6.714751286449399004e+01
6.717495711835334760e+01
6.720240137221267673e+01
6.719554030874783734e+01
6.718867924528301216e+01
6.718181818181818699e+01
6.714236706689536049e+01
6.710120068610635258e+01
6.706003430531731624e+01
6.701886792452830832e+01
6.701029159519725908e+01
6.700343053173241969e+01
6.699656946826758031e+01
6.698799313893653107e+01
6.694339622641510346e+01
6.693653516295024986e+01
6.694168096054887940e+01
6.692109777015437544e+01
6.690051457975985727e+01
6.687993138936533910e+01
6.689708404802743758e+01
6.694511149228131330e+01
6.699313893653516061e+01
6.704459691252144182e+01
6.710120068610635258e+01
6.711492281303601715e+01
6.711835334476845105e+01
6.712178387650087075e+01
6.716981132075471805e+01
6.721783876500859378e+01
6.728130360205832972e+01
6.734305317324185580e+01
6.735506003430532473e+01
6.741852487135506067e+01
6.740651801029159174e+01
6.742538593481990006e+01
6.747512864493995721e+01
6.749742710120068523e+01
6.756089193825043537e+01
6.760205831903945750e+01
6.766723842195540328e+01
6.763293310463122054e+01
6.765694682675814420e+01
6.770325900514579587e+01
6.775128644939965739e+01
6.775986277873070662e+01
6.776843910806175586e+01
6.777701543739279089e+01
6.781303602058318347e+01
6.780789022298455393e+01
6.778902229845625982e+01
6.781646655231560317e+01
6.782332761578044256e+01
6.785077186963980012e+01
6.785763293310463951e+01
6.785077186963980012e+01
6.785763293310463951e+01
6.785077186963980012e+01
6.785763293310463951e+01
6.784905660377359027e+01
6.784048027444254103e+01
6.783190394511149179e+01
6.782332761578044256e+01
6.781475128644940753e+01
6.780617495711835829e+01
6.779759862778730906e+01
6.778902229845627403e+01
6.778044596912521058e+01
6.777015437392795150e+01
6.775986277873070662e+01
6.774957118353344754e+01
6.777530017152659525e+01
6.778044596912522479e+01
6.780445969125213423e+01
6.784048027444254103e+01
6.786277873070326905e+01
6.790051457975985727e+01
6.792281303602058529e+01
6.796054888507718772e+01
6.796569468267581726e+01
6.797084048027444680e+01
6.797598627787307635e+01
6.797084048027444680e+01
6.796569468267581726e+01
6.795883361921097787e+01
6.795197255574615269e+01
6.794339622641510346e+01
6.793825042881647391e+01
6.793310463121784437e+01
6.797084048027443259e+01
6.800686106346483939e+01
6.804459691252142761e+01
6.807890222984562456e+01
6.811492281303603136e+01
6.815094339622640973e+01
6.818353344768439683e+01
6.820411663807890079e+01
6.818696397941680232e+01
6.815265866209261958e+01
6.814751286449399004e+01
6.814236706689536049e+01
6.813722126929674516e+01
6.817152658662092790e+01
6.821783876500856536e+01
6.823842195540308353e+01
6.825900514579760170e+01
6.831732418524872230e+01
6.833790737564322626e+01
6.835677530017153458e+01
6.837564322469982869e+01
6.839451114922813701e+01
6.845626072041166310e+01
6.847169811320755173e+01
6.848713550600342614e+01
6.850257289879931477e+01
6.852487135506002858e+01
6.855917667238421132e+01
6.861921097770152755e+01
6.866723842195540328e+01
6.872727272727271952e+01
6.879931389365351890e+01
6.886106346483705920e+01
6.888507718696398285e+01
6.892452830188679513e+01
6.898456260720411137e+01
6.905488850771868670e+01
6.905831903945112060e+01
6.907547169811320487e+01
6.910120068610635258e+01
6.912692967409950029e+01
6.915265866209261958e+01
6.917838765008576729e+01
6.921612349914235551e+01
6.921269296740995003e+01
6.920926243567753033e+01
6.920583190394511064e+01
6.920240137221270516e+01
6.919897084048027125e+01
6.919725557461407561e+01
6.919554030874786577e+01
6.919382504288165592e+01
6.919210977701544607e+01
6.919210977701544607e+01
6.922984562607203429e+01
6.926758147512865094e+01
6.930531732418523916e+01
6.934305317324185580e+01
6.938078902229845824e+01
6.940651801029159174e+01
6.943224699828473945e+01
6.945797598627787295e+01
6.944425385934819417e+01
6.943053173241852960e+01
6.941680960548885082e+01
6.940480274442538189e+01
6.939279588336192717e+01
6.938078902229845824e+01
6.936878216123498930e+01
6.935506003430532473e+01
6.935677530017153458e+01
6.938078902229845824e+01
6.941337907375643113e+01
6.941337907375643113e+01
6.940308747855917204e+01
6.944082332761577447e+01
6.947855917667237691e+01
6.951629502572899355e+01
6.951457975986278370e+01
6.951286449399657386e+01
6.952487135506002858e+01
6.953687821612351172e+01
6.954888507718696644e+01
6.960205831903945750e+01
6.961406518010292643e+01
6.962607204116638115e+01
6.965008576329330481e+01
6.968439108061750176e+01
6.971869639794167028e+01
6.975300171526586723e+01
6.973070325900513922e+01
6.966895368782161313e+01
6.964322469982846542e+01
6.960377358490566735e+01
6.956432246998284086e+01
6.956775300171526055e+01
6.952658662092623842e+01
6.952315608919383294e+01
6.950600343053173447e+01
6.950428816466552462e+01
6.950257289879931477e+01
6.953001715265867233e+01
6.955746140651801568e+01
6.956775300171526055e+01
6.957632933104630979e+01
6.956432246998284086e+01
6.957461406518009994e+01
6.958490566037735903e+01
6.959519725557461811e+01
6.960548885077187720e+01
6.961578044596913628e+01
6.967581475128645252e+01
6.973584905660376876e+01
6.976843910806175586e+01
6.979931389365351890e+01
6.984391080617496073e+01
6.987478559176672377e+01
6.991938250428816559e+01
6.996569468267581726e+01
6.999656946826758031e+01
7.002915951972555320e+01
7.006174957118352609e+01
7.010806174957119197e+01
7.015437392795882943e+01
7.018696397941681653e+01
7.018181818181818699e+01
7.019039451114923622e+01
7.019725557461407561e+01
7.020583190394512485e+01
7.019897084048027125e+01
7.019382504288164171e+01
7.018696397941681653e+01
7.018010291595197714e+01
7.017667238421955744e+01
7.017152658662092790e+01
7.016809605488850821e+01
7.016295025728987866e+01
7.019554030874786577e+01
7.022641509433962881e+01
7.025557461406518200e+01
7.028473413379073520e+01
7.031389365351628840e+01
7.034305317324184159e+01
7.037221269296740900e+01
7.038421955403087793e+01
7.042024013722127052e+01
7.042024013722127052e+01
7.042024013722127052e+01
7.037907375643223418e+01
7.031903945111491794e+01
7.024699828473413277e+01
7.024528301886790871e+01
7.024356775300171307e+01
7.029159519725557459e+01
7.034476843910805144e+01
7.031560891938249824e+01
7.028644939965693084e+01
7.030874785591765885e+01
7.027958833619211987e+01
7.025042881646655246e+01
7.022126929674099927e+01
7.019382504288165592e+01
7.021440823327615988e+01
7.018524871355060668e+01
7.015780445969124912e+01
7.017152658662092790e+01
7.021097770154374018e+01
7.026243567753002139e+01
7.033790737564322626e+01
7.038936535162950747e+01
7.042881646655231975e+01
7.046998284734134188e+01
7.044253859348199853e+01
7.041509433962264097e+01
7.038765008576329762e+01
7.033447684391080656e+01
7.026929674099486078e+01
7.024013722126929338e+01
7.021097770154372597e+01
7.018181818181818699e+01
7.014065180102915065e+01
7.009948542024014273e+01
7.006003430531731624e+01
7.003259005145795868e+01
7.003259005145797289e+01
7.000514579759862954e+01
6.997770154373927198e+01
6.997941680960548183e+01
6.998113207547169168e+01
6.998284734133790153e+01
6.998456260720411137e+01
6.998627787307032122e+01
6.998970840480274092e+01
6.999313893653516061e+01
6.999656946826758031e+01
7.000000000000000000e+01
7.002572898799314771e+01
6.999656946826758031e+01
7.002229845626072802e+01
6.999142367066896497e+01
6.994854202401371879e+01
6.990566037735850102e+01
6.986277873070326905e+01
6.981989708404802286e+01
6.977701543739280510e+01
6.974271012006860815e+01
6.970840480274442541e+01
6.967409948542024267e+01
6.962778730703259100e+01
6.957632933104632400e+01
6.951114922813036401e+01
6.948198970840481081e+01
6.948713550600342614e+01
6.949228130360205569e+01
6.948198970840479660e+01
6.949742710120068523e+01
6.951114922813036401e+01
6.956775300171526055e+01
6.962435677530015710e+01
6.963636363636362603e+01
6.964837049742709496e+01
6.966037735849056389e+01
6.967238421955403282e+01
6.966209262435677374e+01
6.972555746140652388e+01
6.975814751286449678e+01
6.973756432246997861e+01
6.977015437392795150e+01
6.983533447684391149e+01
6.990051457975985727e+01
6.997941680960548183e+01
7.002229845626071381e+01
7.004459691252144182e+01
7.010463121783877227e+01
7.012864493996569593e+01
7.013036020583189156e+01
7.014579759862779440e+01
7.015951972555745897e+01
7.022641509433961460e+01
7.022984562607203429e+01
7.026758147512863673e+01
7.025728987993139185e+01
7.024013722126929338e+01
7.022298456260719490e+01
7.021955403087477521e+01
7.024699828473413277e+01
7.031389365351628840e+01
7.035677530017152037e+01
7.042367066895369021e+01
7.049056603773584584e+01
7.055917667238421132e+01
7.060377358490566735e+01
7.064837049742710917e+01
7.069296740994855099e+01
7.073756432246997861e+01
7.078216123499143464e+01
7.082675814751286225e+01
7.087307032590051392e+01
7.091938250428816559e+01
7.096397941680962163e+01
7.101029159519725908e+01
7.105660377358491075e+01
7.108747855917667380e+01
7.105488850771868670e+01
7.100857632933104924e+01
7.097598627787307635e+01
7.099828473413379015e+01
7.100686106346483939e+01
7.101715265866209847e+01
7.098284734133790153e+01
7.094854202401373300e+01
7.091423670668953605e+01
7.087993138936535331e+01
7.084734133790738042e+01
7.080102915951972875e+01
7.075471698113207708e+01
7.072212692967408998e+01
7.072555746140650967e+01
7.074271012006860815e+01
7.074614065180102784e+01
7.074785591766723769e+01
7.074957118353344754e+01
7.075128644939965739e+01
7.075471698113207708e+01
7.074957118353344754e+01
7.074614065180102784e+01
7.075986277873070662e+01
7.075986277873070662e+01
7.071869639794167028e+01
7.067753001715266237e+01
7.063636363636364024e+01
7.063979416809604572e+01
7.066723842195540328e+01
7.070840480274442541e+01
7.072041166380789434e+01
7.073070325900515343e+01
7.075300171526586723e+01
7.076500857632933617e+01
7.078559176672385433e+01
7.079416809605488936e+01
7.080274442538593860e+01
7.081475128644939332e+01
7.087821612349914346e+01
7.087993138936535331e+01
7.089365351629501788e+01
7.094339622641510346e+01
7.099313893653516061e+01
7.104288164665523198e+01
7.106346483704973593e+01
7.108576329331046395e+01
7.115951972555745897e+01
7.120583190394512485e+01
7.124185248713550322e+01
7.125385934819897216e+01
7.133619210977701641e+01
7.138593481989708778e+01
7.140137221269296219e+01
7.141509433962264097e+01
7.141337907375643113e+01
7.140137221269296219e+01
7.142881646655231975e+01
7.145454545454546746e+01
7.152144082332762309e+01
7.154888507718696644e+01
7.162778730703259100e+01
7.166723842195540328e+01
7.174614065180102784e+01
7.173413379073755891e+01
7.172212692967408998e+01
7.171012006861063526e+01
7.177530017152659525e+01
7.176500857632933617e+01
7.184219554030875088e+01
7.190737564322469666e+01
7.186792452830188438e+01
7.190394511149227696e+01
7.192795883361921483e+01
7.195883361921099208e+01
7.200343053173241969e+01
7.196569468267580305e+01
7.192795883361921483e+01
7.189022298456259819e+01
7.185248713550600996e+01
7.181303602058318347e+01
7.181646655231560317e+01
7.178559176672382591e+01
7.180960548885076378e+01
7.183361921097770164e+01
7.179073756432245546e+01
7.174785591766723769e+01
7.170497427101200572e+01
7.169296740994855099e+01
7.167924528301887221e+01
7.168096054888506785e+01
7.168267581475129191e+01
7.168267581475127770e+01
7.168439108061750176e+01
7.171183533447683089e+01
7.173756432246997861e+01
7.176329331046311211e+01
7.176843910806175586e+01
7.178902229845625982e+01
7.180445969125213423e+01
7.176672384219553180e+01
7.178044596912521058e+01
7.183533447684391149e+01
7.184905660377357606e+01
7.186277873070325484e+01
7.187478559176670956e+01
7.188679245283019270e+01
7.192452830188679513e+01
7.196226415094339757e+01
7.200171526586620985e+01
7.204116638078902213e+01
7.208233276157804426e+01
7.212349914236708059e+01
7.212006861063466090e+01
7.210291595197256242e+01
7.208576329331046395e+01
7.205831903945110639e+01
7.201715265866209847e+01
7.198799313893653107e+01
7.195711835334476802e+01
7.192624356775300498e+01
7.192281303602058529e+01
7.187650085763291941e+01
7.187478559176672377e+01
7.187307032590051392e+01
7.189365351629501788e+01
7.189022298456259819e+01
7.188850771869638834e+01
7.188679245283019270e+01
7.188507718696398285e+01
7.191080617495711635e+01
7.195883361921096366e+01
7.200686106346483939e+01
7.205660377358489654e+01
7.207718696397941471e+01
7.209605488850772304e+01
7.211492281303603136e+01
7.213207547169811562e+01
7.214922813036019988e+01
7.215265866209261958e+01
7.215437392795882943e+01
7.221612349914235551e+01
7.226415094339623124e+01
7.227444253859349033e+01
7.228473413379073520e+01
7.231046312178386870e+01
7.232075471698112779e+01
7.234648370497427550e+01
7.236878216123500351e+01
7.239108061749571732e+01
7.238936535162950747e+01
7.240137221269297640e+01
7.246483704974269813e+01
7.251286449399657386e+01
7.258662092624356887e+01
7.263464837049741618e+01
7.268096054888508206e+01
7.274099485420239830e+01
7.278559176672384012e+01
7.281646655231560317e+01
7.284905660377359027e+01
7.286277873070325484e+01
7.286449399656947890e+01
7.288164665523156316e+01
7.289708404802745179e+01
7.291252144082332620e+01
7.292795883361921483e+01
7.298456260720411137e+01
7.304116638078902213e+01
7.308233276157804426e+01
7.305660377358489654e+01
7.304459691252144182e+01
7.305831903945110639e+01
7.308576329331046395e+01
7.308747855917665959e+01
7.308919382504288365e+01
7.310291595197256242e+01
7.308919382504288365e+01
7.307547169811320487e+01
7.311835334476843684e+01
7.305317324185247685e+01
7.300000000000000000e+01
7.294854202401373300e+01
7.288507718696398285e+01
7.282332761578044256e+01
7.276843910806175586e+01
7.275128644939965739e+01
7.272384219554029983e+01
7.270840480274441120e+01
7.269468267581474663e+01
7.268096054888508206e+01
7.270325900514579587e+01
7.268782161234992145e+01
7.262607204116639537e+01
7.259691252144082796e+01
7.256775300171526055e+01
7.253859348198970736e+01
7.250085763293310492e+01
7.247341337907374736e+01
7.243567753001715914e+01
7.239622641509433265e+01
7.239794168096054250e+01
7.237049742710119915e+01
7.234305317324185580e+01
7.230360205831902931e+01
7.226415094339623124e+01
7.222469982847340475e+01
7.218524871355059247e+01
7.214579759862778019e+01
7.210634648370496791e+01
7.206689536878215563e+01
7.202744425385934335e+01
7.202572898799313350e+01
7.202401372212692365e+01
7.202229845626071381e+01
7.203430531732418274e+01
7.204802744425384731e+01
7.206174957118352609e+01
7.208576329331044974e+01
7.210806174957117776e+01
7.213207547169811562e+01
7.215608919382503927e+01
7.218010291595196293e+01
7.220411663807890079e+01
7.215951972555745897e+01
7.214579759862778019e+01
7.214408233276157034e+01
7.216638078902228415e+01
7.217324185248713775e+01
7.213036020583190577e+01
7.210291595197256242e+01
7.217667238421955744e+01
7.219897084048028546e+01
7.222126929674098506e+01
7.227787307032591002e+01
7.228987993138936474e+01
7.232590051457975733e+01
7.235506003430531052e+01
7.238421955403086372e+01
7.241337907375643113e+01
7.244253859348199853e+01
7.243910806174957884e+01
7.244768439108061386e+01
7.245626072041166310e+01
7.248885077186963599e+01
7.255917667238421132e+01
7.259176672384219842e+01
7.262435677530017131e+01
7.268439108061748755e+01
7.268953687821611709e+01
7.269468267581476084e+01
7.267581475128645252e+01
7.262607204116638115e+01
7.257632933104630979e+01
7.252144082332760888e+01
7.246140651801027843e+01
7.244253859348198432e+01
7.243396226415093508e+01
7.242538593481988585e+01
7.237049742710118494e+01
7.231560891938249824e+01
7.227101200686107063e+01
7.222813036020582445e+01
7.223499142367066383e+01
7.219039451114922201e+01
7.220754716981132049e+01
7.216123499142366882e+01
7.211492281303603136e+01
7.210977701543740181e+01
7.206346483704975014e+01
7.200171526586620985e+01
7.193996569468266955e+01
7.189536878216122773e+01
7.183876500857633118e+01
7.184391080617496073e+01
7.185077186963980012e+01
7.189708404802743758e+01
7.194168096054889361e+01
7.197255574614064244e+01
7.198970840480274092e+01
7.204631217838766588e+01
7.211663807890224120e+01
7.212864493996569593e+01
7.214065180102915065e+01
7.215265866209261958e+01
7.216638078902229836e+01
7.217838765008576729e+01
7.219210977701543186e+01
7.220411663807888658e+01
7.220411663807890079e+01
7.218867924528301216e+01
7.219039451114922201e+01
7.223842195540308353e+01
7.228644939965694505e+01
7.233276157804459672e+01
7.237907375643223418e+01
7.242710120068610991e+01
7.247512864493995721e+01
7.252315608919381873e+01
7.257118353344768025e+01
7.261406518010292643e+01
7.263464837049743039e+01
7.258319039451114918e+01
7.259005145797598857e+01
7.253001715265867233e+01
7.245797598627787295e+01
7.240994854202401143e+01
7.236878216123498930e+01
7.232933104631217702e+01
7.232761578044596718e+01
7.228816466552315489e+01
7.230531732418523916e+01
7.232246998284733763e+01
7.233962264150943611e+01
7.235677530017152037e+01
7.233276157804459672e+01
7.230874785591765885e+01
7.227272727272726627e+01
7.224699828473413277e+01
7.222126929674098506e+01
7.215265866209261958e+01
7.208404802744423989e+01
7.208404802744425410e+01
7.201715265866209847e+01
7.201886792452830832e+01
7.195025728987992863e+01
7.196740994854202711e+01
7.191766723842195574e+01
7.190566037735848681e+01
7.192281303602058529e+01
7.191080617495711635e+01
7.189879931389364742e+01
7.188679245283019270e+01
7.183361921097770164e+01
7.177015437392796571e+01
7.174442538593481800e+01
7.170668953687822977e+01
7.163121783876499649e+01
7.159348198970840826e+01
7.155746140651800147e+01
7.150943396226413995e+01
7.155231560891937193e+01
7.154030874785590299e+01
7.154030874785591720e+01
7.154030874785591720e+01
7.154030874785591720e+01
7.155231560891937193e+01
7.155231560891938614e+01
7.155231560891937193e+01
7.156432246998284086e+01
7.149571183533447538e+01
7.150771869639793010e+01
7.147684391080616706e+01
7.144596912521440402e+01
7.142881646655231975e+01
7.141166380789022128e+01
7.139622641509433265e+01
7.140480274442538189e+01
7.136363636363637397e+01
7.136020583190395428e+01
7.135677530017153458e+01
7.135677530017153458e+01
7.129674099485420413e+01
7.124185248713550322e+01
7.122984562607203429e+01
7.121783876500856536e+01
7.118696397941681653e+01
7.114579759862778019e+01
7.117324185248713775e+01
7.119897084048028546e+01
7.122469982847340475e+01
7.125042881646655246e+01
7.125385934819897216e+01
7.125557461406518200e+01
7.124528301886792292e+01
7.124871355060034261e+01
7.121097770154374018e+01
7.115780445969124912e+01
7.111835334476842263e+01
7.109262435677530334e+01
7.106518010291595999e+01
7.104802744425386152e+01
7.107032590051457532e+01
7.109433962264151319e+01
7.111835334476843684e+01
7.115608919382503927e+01
7.115265866209261958e+01
7.114922813036019988e+01
7.114579759862778019e+01
7.114236706689536049e+01
7.112349914236706638e+01
7.108061749571183441e+01
7.102915951972555320e+01
7.101029159519725908e+01
7.101543739279588863e+01
7.097255574614064244e+01
7.092967409948542468e+01
7.088679245283017849e+01
7.088336192109775880e+01
7.087993138936533910e+01
7.086277873070326905e+01
7.084391080617496073e+01
7.082504288164665240e+01
7.076500857632933617e+01
7.074614065180102784e+01
7.072727272727273373e+01
7.069468267581474663e+01
7.070154373927958602e+01
7.069468267581474663e+01
7.070154373927958602e+01
7.070840480274442541e+01
7.076843910806174165e+01
7.081475128644939332e+01
7.087478559176672377e+01
7.093481989708404001e+01
7.095025728987992863e+01
7.099656946826758031e+01
7.104288164665523198e+01
7.106689536878215563e+01
7.107718696397941471e+01
7.108747855917667380e+01
7.109777015437393288e+01
7.110806174957119197e+01
7.111835334476843684e+01
7.113036020583190577e+01
7.112864493996569593e+01
7.112692967409947187e+01
7.117667238421955744e+01
7.117667238421955744e+01
7.117667238421954323e+01
7.117667238421954323e+01
7.117495711835334760e+01
7.117152658662092790e+01
7.118181818181817277e+01
7.119382504288164171e+01
7.117838765008575308e+01
7.118867924528302638e+01
7.118524871355060668e+01
7.117838765008576729e+01
7.116295025728987866e+01
7.114922813036019988e+01
7.111835334476843684e+01
7.107375643224699502e+01
7.103087478559176304e+01
7.098113207547169168e+01
7.096912521440822275e+01
7.096397941680960741e+01
7.095883361921097787e+01
7.099142367066895076e+01
7.103773584905660243e+01
7.108404802744425410e+01
7.114408233276157034e+01
7.120411663807891500e+01
7.119382504288165592e+01
7.121440823327614567e+01
7.119382504288165592e+01
7.116123499142366882e+01
7.109262435677530334e+01
7.102401372212693786e+01
7.096912521440822275e+01
7.090222984562606712e+01
7.083533447684391149e+01
7.079245283018867951e+01
7.073756432246997861e+01
7.071183533447684511e+01
7.066209262435677374e+01
7.064837049742709496e+01
7.063464837049741618e+01
7.061234991423668816e+01
7.059005145797597436e+01
7.057975986277872948e+01
7.056775300171526055e+01
7.055746140651800147e+01
7.050428816466552462e+01
7.043910806174956463e+01
7.040137221269296219e+01
7.037392795883360463e+01
7.034819897084048534e+01
7.034819897084047113e+01
7.035849056603773022e+01
7.037392795883361885e+01
7.038936535162949326e+01
7.037735849056603854e+01
7.039279588336192717e+01
7.040823327615780158e+01
7.038078902229844402e+01
7.035162950257289083e+01
7.028473413379073520e+01
7.028130360205831551e+01
7.027787307032589581e+01
7.028644939965693084e+01
7.029502572898798007e+01
7.037221269296740900e+01
7.042538593481990006e+01
7.043567753001715914e+01
7.049056603773584584e+01
7.055746140651800147e+01
7.061234991423670238e+01
7.066723842195540328e+01
