mass_A
t	x
0.000000000E0	9.288824383E-1
2.240333333E-1	9.260903579E-1
4.000000000E-1	9.176756299E-1
5.601000000E-1	9.077576690E-1
7.201000000E-1	9.203902815E-1
8.960333333E-1	9.195232048E-1
1.056000000E0	9.367102604E-1
1.232000000E0	9.339846021E-1
1.392033333E0	9.327869771E-1
1.552100000E0	9.369570738E-1
1.728033333E0	9.330784574E-1
1.888100000E0	9.267041452E-1
2.064000000E0	9.273656974E-1
2.224000000E0	-1.016579424E0
2.399966667E0	-4.852971801E0
2.560033333E0	-8.875078058E0
2.720000000E0	-1.307058489E1
2.896000000E0	-1.717501340E1
3.056100000E0	-2.133981591E1
3.231966667E0	-2.617977436E1
3.391966667E0	-3.104149635E1
3.552033333E0	-3.535612412E1
3.727933333E0	-3.991980855E1
3.888000000E0	-4.410387359E1
4.064000000E0	-4.831525230E1
4.223966667E0	-5.245469046E1
4.384066667E0	-5.616222363E1
4.559966667E0	-6.039730188E1
4.719966667E0	-6.448514116E1
4.895933333E0	-6.823663612E1
5.056000000E0	-7.197712061E1
5.216066667E0	-7.496091022E1
5.391933333E0	-7.842547460E1
5.552033333E0	-8.223912798E1
5.727966667E0	-8.474316230E1
5.887933333E0	-8.777253205E1
6.063900000E0	-9.028456302E1
6.224000000E0	-9.221465314E1
6.384066667E0	-9.472038771E1
6.559933333E0	-9.666815982E1
6.720200000E0	-9.894655733E1
6.895933333E0	-1.006896539E2
7.055966667E0	-1.023685387E2
7.215900000E0	-1.044934089E2
7.391933333E0	-1.066166616E2
7.552000000E0	-1.080806763E2
7.727900000E0	-1.096731673E2
7.887966667E0	-1.109832583E2
8.048000000E0	-1.118745370E2
8.223900000E0	-1.122606392E2
8.383900000E0	-1.124194415E2
8.559900000E0	-1.125549829E2
8.719866667E0	-1.127062349E2
8.879933333E0	-1.126303947E2
9.055966667E0	-1.126522708E2
9.216000000E0	-1.125150027E2
9.391933333E0	-1.121221739E2
9.551900000E0	-1.119522848E2
9.727833333E0	-1.113145937E2
9.887933333E0	-1.107206893E2
1.004796667E1	-1.098801440E2
1.022386667E1	-1.087806430E2
1.038386667E1	-1.072991475E2
1.055983333E1	-1.051726571E2
1.071986667E1	-1.023359690E2
1.087996667E1	-9.918700547E1
1.105583333E1	-9.557085677E1
1.121586667E1	-9.161880339E1
1.139186667E1	-8.723274548E1
1.155183333E1	-8.369096319E1
1.171196667E1	-7.985764734E1
1.188790000E1	-7.611776059E1
1.204786667E1	-7.264234739E1
1.222386667E1	-6.872657231E1
1.238393333E1	-6.504251610E1
1.255983333E1	-6.139559433E1
1.271983333E1	-5.777123828E1
1.287993333E1	-5.414875096E1
1.305586667E1	-5.019353777E1
1.321583333E1	-4.632182789E1
1.339176667E1	-4.243242895E1
1.355183333E1	-3.925602034E1
1.371183333E1	-3.595438617E1
1.388786667E1	-3.248698377E1
1.404793333E1	-2.910328559E1
1.422376667E1	-2.594597675E1
1.438386667E1	-2.268384729E1
1.454390000E1	-1.930619229E1
1.471980000E1	-1.624896314E1
1.487993333E1	-1.308529547E1
1.505576667E1	-9.990259238E0
1.521580000E1	-7.009266114E0
1.537583333E1	-3.864723742E0
1.555183333E1	-1.239741504E0
1.571186667E1	1.825250933E0
1.588780000E1	4.702405349E0
1.604786667E1	8.063368647E0
1.622373333E1	1.191037401E1
1.638376667E1	1.533749414E1
1.654386667E1	1.867603207E1
1.671980000E1	2.190703234E1
1.687983333E1	2.529506451E1
1.705576667E1	2.729464786E1
1.721576667E1	2.916071765E1
1.737580000E1	3.040247145E1
1.755180000E1	3.096261055E1
1.771180000E1	3.180827772E1
1.788776667E1	3.281654197E1
1.804783333E1	3.358510143E1
1.820783333E1	3.392991373E1
1.838380000E1	3.435070849E1
1.854376667E1	3.465942384E1
1.871976667E1	3.474782032E1
1.887976667E1	3.477711036E1
1.903986667E1	3.460125012E1
1.921576667E1	3.427408214E1
1.937580000E1	3.384468520E1
1.955173333E1	3.152325211E1
1.971180000E1	3.006800966E1
1.988770000E1	2.802248333E1
2.004780000E1	2.603778163E1
2.020783333E1	2.338200107E1
2.038373333E1	1.995682025E1
2.054380000E1	1.508749399E1
2.071966667E1	9.112974585E0
2.087980000E1	4.909379471E0
2.103980000E1	-1.030290462E0
2.121576667E1	-7.115272365E0
2.137580000E1	-1.324119022E1
2.155170000E1	-2.004232686E1
2.171176667E1	-2.701003437E1
2.187173333E1	-3.335429263E1
2.204776667E1	-4.019089085E1
2.220770000E1	-4.630315708E1
2.238370000E1	-5.274009908E1
2.254370000E1	-5.880812196E1
2.271966667E1	-6.513989278E1
2.287973333E1	-7.097894478E1
2.303976667E1	-7.624367468E1
2.321566667E1	-8.098445001E1
2.337570000E1	-8.593313895E1
2.355163333E1	-8.971362282E1
2.371173333E1	-9.286323313E1
2.387170000E1	-9.622749328E1
2.404773333E1	-9.872333604E1
2.420770000E1	-1.012607084E2
2.438366667E1	-1.043738437E2
2.454373333E1	-1.072326220E2
2.470370000E1	-1.093586707E2
2.487966667E1	-1.112905657E2
2.503966667E1	-1.121318879E2
2.521566667E1	-1.125106127E2
2.537570000E1	-1.127371121E2
2.553576667E1	-1.126038887E2
2.571166667E1	-1.126335643E2
2.587170000E1	-1.119049231E2
2.604773333E1	-1.114532702E2
2.620770000E1	-1.103871311E2
2.638360000E1	-1.088584580E2
2.654370000E1	-1.065885410E2
2.670366667E1	-1.031015171E2
2.687970000E1	-9.817885167E1
2.703973333E1	-9.241261438E1
2.721560000E1	-8.605159979E1
2.737570000E1	-8.040062189E1
2.753563333E1	-7.478744588E1
2.771163333E1	-6.943524129E1
2.787170000E1	-6.373975967E1
2.804760000E1	-5.845179953E1
2.820763333E1	-5.279716006E1
2.836770000E1	-4.776271223E1
2.854363333E1	-4.259885039E1
2.870360000E1	-3.762957544E1
2.887960000E1	-3.284825578E1
2.903963333E1	-2.809172033E1
2.919963333E1	-2.300577449E1
2.937560000E1	-1.828743412E1
2.953566667E1	-1.396500386E1
2.971163333E1	-9.350769303E0
2.987163333E1	-4.949985054E0
3.004756667E1	-1.280021783E0
3.020763333E1	3.915366737E0
3.036766667E1	8.489275358E0
3.054360000E1	1.300971972E1
3.070366667E1	1.777717138E1
3.087956667E1	2.240868341E1
3.103963333E1	2.580038353E1
3.119963333E1	2.764161340E1
3.137556667E1	2.922907723E1
3.153563333E1	3.065034239E1
3.171156667E1	3.201446267E1
3.187163333E1	3.223661654E1
3.203160000E1	3.291458767E1
3.220756667E1	3.327852025E1
3.236760000E1	3.387579901E1
3.254360000E1	3.399035349E1
3.270363333E1	3.374691847E1
3.287953333E1	3.282326558E1
3.303953333E1	3.096445435E1
3.319956667E1	2.899157735E1
3.337553333E1	2.632937208E1
3.353560000E1	2.398138816E1
3.371150000E1	1.973160498E1
3.387153333E1	1.472369879E1
3.403160000E1	6.984501252E0
3.420750000E1	-5.468013860E-1
3.436760000E1	-8.027453713E0
3.454350000E1	-1.527459029E1
3.470360000E1	-2.241335131E1
3.486366667E1	-3.102672801E1
3.503953333E1	-3.922802382E1
3.519960000E1	-4.709148952E1
3.537546667E1	-5.466142861E1
3.553553333E1	-6.203525207E1
3.569553333E1	-6.918768744E1
3.587156667E1	-7.605578073E1
3.603153333E1	-8.263019276E1
3.620753333E1	-8.832940145E1
3.636756667E1	-9.219692387E1
3.654350000E1	-9.664230342E1
3.670350000E1	-9.993318208E1
3.686356667E1	-1.037113877E2
3.703950000E1	-1.071137665E2
3.719950000E1	-1.100796706E2
3.737546667E1	-1.126526148E2
3.753556667E1	-1.128223016E2
3.769560000E1	-1.127069397E2
3.787150000E1	-1.127931888E2
3.803156667E1	-1.118245169E2
3.820746667E1	-1.109778719E2
3.836753333E1	-1.098134411E2
3.852756667E1	-1.075977654E2
3.870350000E1	-1.039437245E2
3.886350000E1	-9.836959486E1
3.903943333E1	-9.076163670E1
3.919946667E1	-8.279838798E1
3.935946667E1	-7.568625914E1
3.953546667E1	-6.888075976E1
3.969556667E1	-6.240752796E1
3.987146667E1	-5.559248054E1
4.003150000E1	-4.934803043E1
4.020743333E1	-4.334392888E1
4.036750000E1	-3.793068313E1
4.052750000E1	-3.201258263E1
4.070343333E1	-2.654686262E1
4.086353333E1	-2.104894182E1
4.103956667E1	-1.566999920E1
4.119946667E1	-9.924627178E0
4.135953333E1	-4.371833571E0
4.153543333E1	-8.493641445E-1
4.169550000E1	5.761766620E0
4.187146667E1	1.198791093E1
4.203150000E1	1.773087875E1
4.219153333E1	2.288271548E1
4.236743333E1	2.607382189E1
4.252746667E1	2.784716149E1
4.270340000E1	2.895553186E1
4.286346667E1	3.055042474E1
4.303940000E1	3.136162620E1
4.319940000E1	3.202810075E1
4.335950000E1	3.249189397E1
4.353543333E1	3.276513602E1
4.369540000E1	3.267137575E1
4.387143333E1	3.202990622E1
4.403140000E1	3.040654836E1
4.419150000E1	2.806730819E1
4.436743333E1	2.527960454E1
4.452746667E1	2.117792981E1
4.470336667E1	1.653857343E1
4.486346667E1	9.036475393E0
4.502343333E1	1.009073962E0
4.519943333E1	-7.148452838E0
4.535940000E1	-1.638040748E1
4.553540000E1	-2.528468995E1
4.569536667E1	-3.518808409E1
4.585546667E1	-4.419827420E1
4.603136667E1	-5.334093677E1
4.619143333E1	-6.230363707E1
4.636736667E1	-7.107470625E1
4.652743333E1	-7.820144930E1
4.670333333E1	-8.582862615E1
4.686336667E1	-9.184055091E1
4.702340000E1	-9.664164505E1
4.719940000E1	-1.006772729E2
4.735936667E1	-1.049233443E2
4.753533333E1	-1.084377747E2
4.769540000E1	-1.113155016E2
4.785543333E1	-1.127834570E2
4.803133333E1	-1.125741429E2
4.819143333E1	-1.126514804E2
4.836733333E1	-1.120737926E2
4.852736667E1	-1.112802982E2
4.868736667E1	-1.091831338E2
4.886340000E1	-1.058099129E2
4.902343333E1	-1.002852083E2
4.919933333E1	-9.289999036E1
4.935936667E1	-8.390461274E1
4.951940000E1	-7.621798581E1
4.969530000E1	-6.865235915E1
4.985540000E1	-6.123177074E1
5.003133333E1	-5.357029182E1
5.019140000E1	-4.655558782E1
5.036726667E1	-4.010442634E1
5.052733333E1	-3.334272240E1
5.068740000E1	-2.697343516E1
5.086333333E1	-2.066288862E1
5.102336667E1	-1.429578490E1
5.119926667E1	-8.260109085E0
5.135933333E1	-2.785387013E0
5.151933333E1	2.928584560E0
5.169530000E1	8.333753751E0
5.185536667E1	1.500961570E1
5.203133333E1	2.120397671E1
5.219136667E1	2.559015707E1
5.235133333E1	2.699058909E1
5.252730000E1	2.911620601E1
5.268730000E1	3.085198694E1
5.286326667E1	3.189004325E1
5.302333333E1	3.222418923E1
5.319926667E1	3.275003837E1
5.335933333E1	3.290213029E1
5.351936667E1	3.264675663E1
5.369530000E1	3.188726403E1
5.385533333E1	2.899979154E1
5.403126667E1	2.663287729E1
5.419133333E1	2.307781351E1
5.435133333E1	1.767319773E1
5.452726667E1	1.080450773E1
5.468733333E1	1.746323297E0
5.486323333E1	-7.277808791E0
5.502333333E1	-1.707847793E1
5.518333333E1	-2.675183966E1
5.535930000E1	-3.726231667E1
5.551933333E1	-4.655223253E1
5.569520000E1	-5.660824700E1
5.585530000E1	-6.588654326E1
5.601536667E1	-7.463423885E1
5.619126667E1	-8.267314082E1
5.635123333E1	-8.947183891E1
5.652723333E1	-9.502008719E1
5.668730000E1	-9.984072161E1
5.686320000E1	-1.043812748E2
5.702326667E1	-1.083073324E2
5.718333333E1	-1.114461101E2
5.735926667E1	-1.126143586E2
5.751930000E1	-1.128323666E2
5.769520000E1	-1.127571243E2
5.785526667E1	-1.119926937E2
5.801533333E1	-1.107201823E2
5.819123333E1	-1.079786033E2
5.835126667E1	-1.031240628E2
5.852723333E1	-9.624274025E1
5.868726667E1	-8.644306115E1
5.884733333E1	-7.718167641E1
5.902323333E1	-6.900451477E1
5.918326667E1	-6.133749242E1
5.935916667E1	-5.358202886E1
5.951923333E1	-4.501238494E1
5.967930000E1	-3.838983476E1
5.985523333E1	-3.131608109E1
6.001520000E1	-2.459230452E1
6.019120000E1	-1.806861798E1
6.035120000E1	-1.162163441E1
6.052716667E1	-5.232302032E0
6.068720000E1	-6.573604548E-1
6.084716667E1	6.819353247E0
6.102316667E1	1.443068611E1
6.118323333E1	2.075607556E1
6.135913333E1	2.566800706E1
6.151920000E1	2.725880212E1
6.167920000E1	2.902916027E1
6.185520000E1	3.096960109E1
6.201523333E1	3.207600545E1
6.219113333E1	3.278625488E1
6.235116667E1	3.293839455E1
6.251126667E1	3.263153148E1
6.268716667E1	3.181134265E1
6.284723333E1	2.905117138E1
6.302316667E1	2.684519258E1
6.318316667E1	2.342500701E1
6.335913333E1	1.875564443E1
6.351913333E1	1.266774261E1
6.367920000E1	2.961843067E0
6.385513333E1	-6.958822767E0
6.401513333E1	-1.705669295E1
6.419110000E1	-2.687908174E1
6.435116667E1	-3.787235349E1
6.451113333E1	-4.799276808E1
6.468713333E1	-5.832914371E1
6.484720000E1	-6.748589370E1
6.502310000E1	-7.662688574E1
6.518310000E1	-8.501012274E1
6.534310000E1	-9.137730256E1
6.551913333E1	-9.697850386E1
6.567910000E1	-1.015149726E2
6.585506667E1	-1.064952831E2
6.601510000E1	-1.102073496E2
6.617516667E1	-1.125696849E2
6.635106667E1	-1.122586400E2
6.651116667E1	-1.122616309E2
6.668710000E1	-1.119041481E2
6.684716667E1	-1.105626091E2
6.702306667E1	-1.081249895E2
6.718313333E1	-1.023269664E2
6.734313333E1	-9.470923425E1
6.751910000E1	-8.433812269E1
6.767913333E1	-7.588451679E1
6.785503333E1	-6.781886634E1
6.801513333E1	-5.994120526E1
6.817540000E1	-5.140252401E1
6.835106667E1	-4.340169638E1
6.851113333E1	-3.650109914E1
6.868706667E1	-2.898137700E1
6.884713333E1	-2.220346374E1
6.900703333E1	-1.561452401E1
6.918310000E1	-8.668312447E0
6.934316667E1	-2.517506193E0
6.951903333E1	3.999195560E0
6.967913333E1	1.023409360E1
6.983916667E1	1.711786010E1
7.001506667E1	2.391394200E1
7.017510000E1	2.710986267E1
7.035103333E1	2.916297923E1
7.051110000E1	3.035007815E1
7.068696667E1	3.128347639E1
7.084703333E1	3.204856897E1
7.100713333E1	3.268673645E1
7.118303333E1	3.273571520E1
7.134310000E1	3.194631836E1
7.151896667E1	2.985895979E1
7.167903333E1	2.725566293E1
7.183913333E1	2.346016783E1
7.201500000E1	1.829111728E1
7.217510000E1	1.112075699E1
7.235100000E1	1.284321222E0
7.251100000E1	-9.020090106E0
7.267100000E1	-2.007088024E1
7.284706667E1	-3.037913795E1
7.300706667E1	-4.181014977E1
7.318296667E1	-5.286991290E1
7.334306667E1	-6.379293412E1
7.351896667E1	-7.393982394E1
7.367903333E1	-8.285531306E1
7.383900000E1	-9.084718224E1
7.401496667E1	-9.766215524E1
7.417503333E1	-1.019680004E2
7.435093333E1	-1.070625992E2
7.451100000E1	-1.102158743E2
7.467106667E1	-1.128743373E2
7.484700000E1	-1.131498330E2
7.500700000E1	-1.125989939E2
7.518293333E1	-1.107840612E2
7.534296667E1	-1.082185301E2
7.550306667E1	-1.037259477E2
7.567896667E1	-9.600851742E1
7.583906667E1	-8.523693471E1
7.601496667E1	-7.462315722E1
7.617500000E1	-6.506528870E1
7.633506667E1	-5.599830620E1
7.651093333E1	-4.780341521E1
7.667096667E1	-3.850355794E1
7.684696667E1	-3.120481821E1
7.700700000E1	-2.316553592E1
7.718290000E1	-1.591603713E1
7.734306667E1	-8.503667228E0
7.750296667E1	-1.948860180E0
7.767893333E1	6.084548796E0
7.783900000E1	1.345124892E1
7.801493333E1	2.035467168E1
7.817496667E1	2.586654098E1
7.833506667E1	2.752367310E1
7.851093333E1	2.940497884E1
7.867096667E1	3.137606255E1
7.884690000E1	3.199791740E1
7.900696667E1	3.230169711E1
7.916693333E1	3.209060976E1
7.934296667E1	3.167687111E1
7.950300000E1	2.859155602E1
7.967890000E1	2.609729032E1
7.983890000E1	2.221203441E1
7.999896667E1	1.593349177E1
8.017490000E1	7.016979362E0
8.033496667E1	-2.806100041E0
8.051086667E1	-1.275373471E1
8.067086667E1	-2.480801585E1
8.084683333E1	-3.768755698E1
8.100690000E1	-4.895448468E1
8.116696667E1	-6.017841953E1
8.134290000E1	-7.101737651E1
8.150286667E1	-8.074028569E1
8.167880000E1	-9.013280314E1
8.183893333E1	-9.675878419E1
8.199896667E1	-1.012841569E2
8.217483333E1	-1.065514096E2
8.233493333E1	-1.103241547E2
8.251086667E1	-1.127878325E2
8.267090000E1	-1.129022857E2
8.283096667E1	-1.126519580E2
8.300686667E1	-1.104230561E2
8.316693333E1	-1.078889805E2
8.334286667E1	-1.030237064E2
8.350290000E1	-9.478494026E1
8.367883333E1	-8.299891853E1
8.383890000E1	-7.198619868E1
8.399886667E1	-6.153092511E1
8.417483333E1	-5.291390798E1
8.433493333E1	-4.415400167E1
8.451083333E1	-3.441832387E1
8.467083333E1	-2.682713657E1
8.483093333E1	-1.853473154E1
8.500686667E1	-1.095607444E1
8.516690000E1	-3.738830116E0
8.534276667E1	3.715346915E0
8.550283333E1	1.077601064E1
8.566290000E1	1.918022448E1
8.583883333E1	2.529896205E1
8.599883333E1	2.722630563E1
8.617483333E1	2.931681074E1
8.633486667E1	3.156164114E1
8.649490000E1	3.211841121E1
8.667086667E1	3.222859383E1
8.683093333E1	3.211392611E1
8.700683333E1	3.144352215E1
8.716686667E1	2.801791457E1
8.734273333E1	2.481419715E1
8.750283333E1	1.982637814E1
8.766286667E1	1.311940700E1
8.783883333E1	1.328364975E0
8.799886667E1	-1.008886809E1
8.817473333E1	-2.190725861E1
8.833486667E1	-3.374869810E1
8.849480000E1	-4.587711244E1
8.867076667E1	-5.816755086E1
8.883086667E1	-6.967572881E1
8.900673333E1	-8.012016878E1
8.916676667E1	-8.917314821E1
8.932680000E1	-9.630163258E1
8.950280000E1	-1.016652654E2
8.966286667E1	-1.069977076E2
8.983880000E1	-1.104480137E2
8.999880000E1	-1.122607340E2
9.015876667E1	-1.128633003E2
9.033473333E1	-1.121574550E2
9.049476667E1	-1.096081182E2
9.067073333E1	-1.050307602E2
9.083080000E1	-9.738206208E1
9.100666667E1	-8.574893393E1
9.116676667E1	-7.393757455E1
9.132680000E1	-6.380941736E1
9.150270000E1	-5.385942285E1
9.166273333E1	-4.381505877E1
9.183876667E1	-3.349624917E1
9.199880000E1	-2.552165512E1
9.215876667E1	-1.704636088E1
9.233476667E1	-9.066627903E0
9.249480000E1	-1.845537476E0
9.267073333E1	6.933371315E0
9.283073333E1	1.485187018E1
9.299083333E1	2.193030513E1
9.316670000E1	2.662643548E1
9.332680000E1	2.912834218E1
9.350270000E1	3.041815804E1
9.366270000E1	3.166684612E1
9.383866667E1	3.214985767E1
9.399870000E1	3.222298736E1
9.415876667E1	3.184949032E1
9.433470000E1	2.874737387E1
9.449476667E1	2.571411369E1
9.467063333E1	2.076384477E1
9.483073333E1	1.386305597E1
9.499073333E1	1.857825362E0
9.516676667E1	-9.342705879E0
9.532673333E1	-2.223900995E1
9.550263333E1	-3.507293165E1
9.566273333E1	-4.721760904E1
9.582270000E1	-5.906534137E1
9.599866667E1	-7.095446191E1
9.615873333E1	-8.174622803E1
9.633463333E1	-9.108618120E1
9.649473333E1	-9.826824118E1
9.665476667E1	-1.033596449E2
9.683070000E1	-1.087914025E2
9.699073333E1	-1.120475426E2
9.716663333E1	-1.127476191E2
9.732670000E1	-1.131349768E2
9.750260000E1	-1.110635838E2
9.766263333E1	-1.074020051E2
9.782266667E1	-9.965695889E1
9.799870000E1	-8.986625866E1
9.815866667E1	-7.784863423E1
9.833460000E1	-6.782287268E1
9.849466667E1	-5.695819160E1
9.865473333E1	-4.725851097E1
9.883076667E1	-3.687823639E1
9.899066667E1	-2.757113048E1
9.916666667E1	-1.871689129E1
9.932670000E1	-9.889830039E0
9.948673333E1	-2.081664572E0
9.966260000E1	6.622123073E0
9.982263333E1	1.485853760E1
9.999860000E1	2.221904908E1
1.001586667E2	2.661679257E1
1.003186667E2	2.919058302E1
1.004946333E2	3.094282211E1
1.006547000E2	3.147493337E1
1.008305667E2	3.191298730E1
1.009906000E2	3.193752329E1
1.011665333E2	3.135538628E1
1.013266000E2	2.725194514E1
1.014867333E2	2.353041045E1
1.016626333E2	1.678873314E1
1.018226667E2	8.171688203E0
1.019985333E2	-5.162449787E0
1.021586333E2	-1.712868633E1
1.023186333E2	-3.133203467E1
1.024945667E2	-4.517635466E1
1.026546667E2	-5.782964298E1
1.028306000E2	-7.001856489E1
1.029905667E2	-8.094515864E1
1.031506333E2	-9.033786338E1
1.033265333E2	-9.812490890E1
1.034865667E2	-1.032830014E2
1.036625667E2	-1.086152835E2
1.038226333E2	-1.114281984E2
1.039985333E2	-1.129399279E2
1.041585667E2	-1.124717477E2
1.043186667E2	-1.098786866E2
1.044946000E2	-1.061313404E2
1.046546333E2	-9.829905494E1
1.048305333E2	-8.616626005E1
1.049906000E2	-7.346559058E1
1.051505667E2	-6.289061800E1
1.053266000E2	-5.276825158E1
1.054865333E2	-4.234996317E1
1.056624667E2	-3.231526618E1
1.058226000E2	-2.329391520E1
1.059826333E2	-1.409347036E1
1.061585667E2	-5.250351802E0
1.063186000E2	1.845861251E0
1.064945000E2	1.078169752E1
1.066546000E2	2.053254593E1
1.068146667E2	2.602303495E1
1.069906000E2	2.809702938E1
1.071505333E2	2.998402874E1
1.073265667E2	3.139586472E1
1.074865333E2	3.201465566E1
1.076625000E2	3.193437590E1
1.078225000E2	3.023339632E1
1.079825333E2	2.760174896E1
1.081585000E2	2.364784548E1
1.083185000E2	1.683769157E1
1.084944333E2	8.148382224E0
1.086544667E2	-4.942740461E0
1.088145667E2	-1.779584703E1
1.089905333E2	-3.130854589E1
1.091505667E2	-4.651720828E1
1.093264667E2	-6.052245097E1
1.094865000E2	-7.369451432E1
1.096466333E2	-8.461696578E1
1.098225333E2	-9.408590857E1
1.099826000E2	-1.013946799E2
1.101584667E2	-1.074694081E2
1.103185000E2	-1.115994889E2
1.104944333E2	-1.128825609E2
1.106545000E2	-1.130159044E2
1.108145333E2	-1.118509371E2
1.109904667E2	-1.077835198E2
1.111505000E2	-9.998381675E1
1.113264667E2	-8.918819889E1
1.114864667E2	-7.517976339E1
1.116464667E2	-6.295740879E1
1.118225000E2	-5.251783124E1
1.119824667E2	-4.299403910E1
1.121583667E2	-3.165202734E1
1.123184333E2	-2.196310287E1
1.124785667E2	-1.226050636E1
1.126545000E2	-3.746609953E0
1.128145000E2	4.444392234E0
1.129904667E2	1.297067533E1
1.131505000E2	2.201120909E1
1.133105333E2	2.665571337E1
1.134864333E2	2.965026009E1
1.136464333E2	3.109339140E1
1.138224333E2	3.193967558E1
1.139824333E2	3.228789344E1
1.141584000E2	3.210111903E1
1.143184000E2	2.929695350E1
1.144784333E2	2.609826753E1
1.146544333E2	2.155942849E1
1.148145000E2	1.411477452E1
1.149904000E2	1.476862712E0
1.151504333E2	-1.239347825E1
1.153105000E2	-2.728801521E1
1.154864333E2	-4.168657288E1
1.156464000E2	-5.536104497E1
1.158224000E2	-6.859782064E1
1.159824000E2	-8.089346677E1
1.161425000E2	-9.124122557E1
1.163184000E2	-9.907071253E1
1.164784667E2	-1.046904654E2
1.166544000E2	-1.104504706E2
1.168144333E2	-1.127278833E2
1.169744000E2	-1.125823783E2
1.171503667E2	-1.121702839E2
1.173104667E2	-1.086186389E2
1.174864000E2	-1.020205760E2
1.176464333E2	-9.095340055E1
1.178223333E2	-7.521522943E1
1.179824000E2	-6.401935619E1
1.181423667E2	-5.179425446E1
1.183183333E2	-4.029716554E1
1.184784000E2	-2.996537757E1
1.186543333E2	-1.922522546E1
1.188143333E2	-9.389830562E0
1.189743667E2	-9.701850994E-1
1.191503333E2	9.030168186E0
1.193103667E2	1.854891322E1
1.194863667E2	2.534707162E1
1.196463333E2	2.754520346E1
1.198064000E2	3.013340501E1
1.199823333E2	3.174097270E1
1.201424000E2	3.210198594E1
1.203183333E2	3.214160048E1
1.204784000E2	3.159407923E1
1.206543000E2	2.719095401E1
1.208143333E2	2.314952622E1
1.209744333E2	1.579657194E1
1.211503000E2	5.016725210E0
1.213103000E2	-9.517707706E0
1.214863000E2	-2.381872003E1
1.216463667E2	-3.840913393E1
1.218064333E2	-5.271025420E1
1.219823333E2	-6.599134489E1
1.221424000E2	-7.973854468E1
1.223182333E2	-9.041459686E1
1.224783000E2	-9.883436805E1
1.226383000E2	-1.041452553E2
1.228143333E2	-1.093349152E2
1.229743333E2	-1.125964119E2
1.231502667E2	-1.120951185E2
1.233106333E2	-1.113187492E2
1.234703667E2	-1.075039947E2
1.236463333E2	-9.935482854E1
1.238063000E2	-8.628085854E1
1.239823000E2	-7.160405874E1
1.241423667E2	-6.016867232E1
1.243182667E2	-4.835809293E1
1.244782667E2	-3.841764465E1
1.246383333E2	-2.608141638E1
1.248143000E2	-1.627537345E1
1.249742667E2	-6.719466550E0
1.251502667E2	1.036984742E0
1.253103667E2	1.190416853E1
1.254703000E2	2.220317975E1
1.256462333E2	2.697150733E1
1.258062667E2	2.987347002E1
1.259822333E2	3.179725411E1
1.261422667E2	3.203700949E1
1.263022667E2	3.258758598E1
1.264782333E2	3.208980880E1
1.266383000E2	2.852268318E1
1.268142333E2	2.484313482E1
1.269742667E2	1.789503310E1
1.271342667E2	7.910889080E0
1.273103333E2	-6.787984173E0
1.274702667E2	-2.110868828E1
1.276462333E2	-3.547754803E1
1.278063000E2	-5.108464479E1
1.279822000E2	-6.492804204E1
1.281422333E2	-7.889969365E1
1.283023000E2	-9.020582446E1
1.284782333E2	-9.989504198E1
1.286382000E2	-1.051691410E2
1.288141333E2	-1.100344765E2
1.289742333E2	-1.132450911E2
1.291342667E2	-1.126213344E2
1.293102333E2	-1.108008141E2
1.294702333E2	-1.064538378E2
1.296462000E2	-9.817586178E1
1.298062333E2	-8.427301800E1
1.299662000E2	-6.817090835E1
1.301422000E2	-5.562387879E1
1.303022000E2	-4.474749765E1
1.304781667E2	-3.443726042E1
1.306382667E2	-2.091556832E1
1.308141667E2	-1.073226752E1
1.309742000E2	-1.178012321E0
1.311343000E2	8.762194535E0
1.313101667E2	1.787346509E1
1.314701667E2	2.595543095E1
1.316461333E2	2.824147380E1
1.318062333E2	3.059855116E1
1.319662000E2	3.187749857E1
1.321422000E2	3.263404684E1
1.323022000E2	3.218133014E1
1.324781667E2	3.035496475E1
1.326381667E2	2.617784040E1
1.327982667E2	2.071886740E1
1.329741333E2	1.090602384E1
1.331342333E2	-4.104609051E0
1.333101667E2	-1.967880217E1
1.334701667E2	-3.476481734E1
1.336302333E2	-5.075233750E1
1.338061667E2	-6.536522072E1
1.339662000E2	-7.916069093E1
1.341421667E2	-9.039728740E1
1.343021667E2	-1.002367931E2
1.344781000E2	-1.057678555E2
1.346381667E2	-1.102437989E2
1.347982333E2	-1.121981822E2
1.349741333E2	-1.120039371E2
1.351342000E2	-1.100478077E2
1.353100667E2	-1.047200206E2
1.354701333E2	-9.316157846E1
1.356302000E2	-7.804000746E1
1.358061667E2	-6.488729346E1
1.359661667E2	-5.069421255E1
1.361421000E2	-3.876537020E1
1.363021333E2	-2.827533073E1
1.364621333E2	-1.703877324E1
1.366381000E2	-6.208275685E0
1.367982000E2	2.042511835E0
1.369741333E2	1.368008934E1
1.371341000E2	2.348354613E1
1.372942000E2	2.633038040E1
1.374701000E2	2.978395418E1
1.376301000E2	3.131110000E1
1.378061000E2	3.180686940E1
1.379661000E2	3.171399693E1
1.381420333E2	3.025953779E1
1.383020667E2	2.600181924E1
1.384621333E2	1.954610608E1
1.386381000E2	1.003140354E1
1.387981000E2	-5.233116062E0
1.389740000E2	-1.993370899E1
1.391340667E2	-3.679804808E1
1.392941333E2	-5.340810621E1
1.394701000E2	-6.833365430E1
1.396301000E2	-8.243348859E1
1.398061000E2	-9.254814859E1
1.399661333E2	-1.012753023E2
1.401261667E2	-1.078613087E2
1.403021000E2	-1.120595708E2
1.404621667E2	-1.124243248E2
1.406380333E2	-1.121364402E2
1.407981000E2	-1.091485146E2
1.409740333E2	-1.016620201E2
1.411340667E2	-8.800568862E1
1.412941667E2	-7.081275488E1
1.414700667E2	-5.811899187E1
1.416300333E2	-4.526568051E1
1.418059667E2	-3.298788114E1
1.419660667E2	-2.047794473E1
1.421261333E2	-9.300905989E0
1.423021000E2	2.344974884E-1
1.424621000E2	1.139636989E1
1.426380000E2	2.197349741E1
1.427980333E2	2.680452508E1
1.429581667E2	3.011941066E1
1.431340667E2	3.130669269E1
1.432941000E2	3.179226355E1
1.434699667E2	3.169935152E1
1.436300000E2	3.106000082E1
1.437900333E2	2.664089331E1
1.439660000E2	2.101433921E1
1.441260667E2	1.242538538E1
1.443020000E2	-1.235787078E0
1.444620000E2	-1.900893438E1
1.446379667E2	-3.525303202E1
1.447980667E2	-5.171806470E1
1.449580667E2	-6.727421138E1
1.451339667E2	-8.165687722E1
1.452940667E2	-9.307904381E1
1.454699667E2	-1.019883433E2
1.456300333E2	-1.079809237E2
1.457901000E2	-1.112980664E2
1.459660000E2	-1.131455140E2
1.461260333E2	-1.123211276E2
1.463019667E2	-1.070672293E2
1.464620333E2	-9.896162069E1
1.466220333E2	-8.489851244E1
1.467979667E2	-6.878912660E1
1.469580333E2	-5.611413427E1
1.471339667E2	-4.268128987E1
1.472940333E2	-3.218625841E1
1.474539667E2	-1.803753999E1
1.476300000E2	-7.609529527E0
1.477900333E2	1.039296985E0
1.479659667E2	1.303178618E1
1.481259333E2	2.388693629E1
1.483018667E2	2.712835848E1
1.484619667E2	3.042763382E1
1.486219333E2	3.184255539E1
1.487979000E2	3.242889282E1
1.489579333E2	3.229709788E1
1.491339333E2	3.143703678E1
1.492939667E2	2.683672655E1
1.494540667E2	2.079835232E1
1.496299000E2	1.061750543E1
1.497899667E2	-5.421040674E0
1.499659000E2	-2.172272197E1
1.501259667E2	-3.820770602E1
1.502859333E2	-5.444738443E1
1.504619000E2	-7.042222301E1
1.506219667E2	-8.530619152E1
1.507979333E2	-9.617895434E1
1.509579333E2	-1.038036821E2
1.511338667E2	-1.099286059E2
1.512939333E2	-1.131265164E2
1.514540000E2	-1.126309028E2
1.516299000E2	-1.107901994E2
1.517900000E2	-1.057335452E2
1.519658667E2	-9.571975654E1
1.521259000E2	-7.993700975E1
1.522860000E2	-6.363083337E1
1.524618667E2	-5.149254917E1
1.526219000E2	-3.938888470E1
1.527978000E2	-2.765461579E1
1.529578667E2	-1.413529235E1
1.531180000E2	-3.164236523E0
1.532939000E2	6.086759075E0
1.534538667E2	1.685055292E1
1.536298667E2	2.619749428E1
1.537898667E2	2.828821185E1
1.539500000E2	3.080007358E1
1.541258333E2	3.199388833E1
1.542860000E2	3.269641023E1
1.544618667E2	3.194188863E1
1.546218333E2	2.700203166E1
1.547978333E2	2.208902695E1
1.549578333E2	1.297016795E1
1.551178667E2	-1.135940930E0
1.552938667E2	-1.886080696E1
1.554538333E2	-3.510741818E1
1.556298000E2	-5.220678309E1
1.557898667E2	-6.915549978E1
1.559498333E2	-8.337529721E1
1.561258000E2	-9.510394501E1
1.562858667E2	-1.037224016E2
1.564618000E2	-1.095364886E2
1.566218333E2	-1.130503987E2
1.567819333E2	-1.124369790E2
1.569578333E2	-1.101061288E2
1.571178667E2	-1.043996494E2
1.572938333E2	-9.236356018E1
1.574538667E2	-7.454231304E1
1.576138333E2	-6.018152565E1
1.577898333E2	-4.642133144E1
1.579498333E2	-3.485911853E1
1.581258000E2	-2.201694886E1
1.582858667E2	-9.611448947E0
1.584617667E2	8.967769382E-1
1.586217667E2	1.221458073E1
1.587818667E2	2.294752357E1
1.589577667E2	2.702413025E1
1.591178333E2	3.027952517E1
1.592937667E2	3.160702272E1
1.594538000E2	3.188053992E1
1.596137667E2	3.141758598E1
1.597898000E2	2.807754399E1
1.599497667E2	2.336756792E1
1.601257667E2	1.456509849E1
1.602858000E2	1.881908618E0
1.604457667E2	-1.306996134E1
1.606218000E2	-3.021313241E1
1.607818000E2	-4.889343243E1
1.609577667E2	-6.456778761E1
1.611178000E2	-7.926958180E1
1.612937333E2	-9.186306261E1
1.614537667E2	-1.021659491E2
1.616138000E2	-1.092714714E2
1.617897333E2	-1.127245726E2
1.619498000E2	-1.123713729E2
1.621256667E2	-1.107576845E2
1.622857333E2	-1.058643063E2
1.624457333E2	-9.489175307E1
1.626217000E2	-7.692539788E1
1.627818000E2	-6.143173132E1
1.629577333E2	-4.702675883E1
1.631177333E2	-3.446511053E1
1.632778667E2	-2.219124159E1
1.634537000E2	-1.019872645E1
1.636137667E2	6.932724783E-1
1.637897000E2	1.209731357E1
1.639497667E2	2.281533780E1
1.641097333E2	2.664121995E1
1.642857000E2	3.007852707E1
1.644457333E2	3.150851211E1
1.646217000E2	3.172638324E1
1.647818000E2	3.123703618E1
1.649576667E2	2.776578309E1
1.651177333E2	2.284314530E1
1.652777333E2	1.422603421E1
1.654537333E2	9.047403764E-1
1.656137333E2	-1.693695485E1
1.657896667E2	-3.371760247E1
1.659496667E2	-5.205453274E1
1.661097667E2	-6.929699253E1
1.662856667E2	-8.346174482E1
1.664456667E2	-9.450374195E1
1.666216667E2	-1.031388861E2
1.667817333E2	-1.104398547E2
1.669417333E2	-1.135983130E2
1.671177000E2	-1.124942095E2
1.672777333E2	-1.088957144E2
1.674536333E2	-1.026444077E2
1.676137333E2	-8.887170348E1
1.677738000E2	-6.900033262E1
1.679497333E2	-5.587487529E1
1.681097667E2	-4.046594318E1
1.682856333E2	-2.807283360E1
1.684457333E2	-1.530920572E1
1.686216333E2	-3.803959638E0
1.687817000E2	6.960740366E0
1.689417000E2	1.803760204E1
1.691176000E2	2.587695180E1
1.692777000E2	2.956075860E1
1.694536000E2	3.082041162E1
1.696137000E2	3.133505257E1
1.697737667E2	3.147797522E1
1.699496667E2	2.909371305E1
1.701096667E2	2.420328058E1
1.702856333E2	1.612813344E1
1.704456667E2	3.850858326E0
1.706057333E2	-1.400173719E1
1.707816667E2	-3.116055802E1
1.709417000E2	-5.008842036E1
1.711176000E2	-6.688097645E1
1.712776000E2	-8.246400083E1
1.714536000E2	-9.455724737E1
1.716136000E2	-1.033279681E2
1.717737000E2	-1.096829177E2
1.719496333E2	-1.129128209E2
1.721096667E2	-1.134120910E2
1.722856000E2	-1.091611626E2
1.724456667E2	-1.010809010E2
1.726056667E2	-8.573883192E1
1.727816333E2	-6.918436713E1
1.729416667E2	-5.500352470E1
1.731175667E2	-4.005959540E1
1.732776000E2	-2.747725303E1
1.734376000E2	-1.406865856E1
1.736135667E2	-2.900425977E0
1.737736000E2	9.310890428E0
1.739495667E2	2.092585464E1
1.741096333E2	2.687425087E1
1.742696667E2	3.015991275E1
1.744455333E2	3.185599932E1
1.746056333E2	3.200429575E1
1.747815667E2	3.129913236E1
1.749415667E2	2.799186440E1
1.751175000E2	2.283324728E1
1.752776000E2	1.435241960E1
1.754376333E2	8.380851895E-2
1.756135667E2	-1.677808651E1
1.757736333E2	-3.457210141E1
1.759495333E2	-5.307864681E1
1.761096000E2	-7.023014141E1
1.762696667E2	-8.573618672E1
1.764455333E2	-9.706097694E1
1.766055667E2	-1.045521318E2
1.767815667E2	-1.108399697E2
1.769415333E2	-1.121588012E2
1.771016000E2	-1.113335362E2
1.772776000E2	-1.083360308E2
1.774375667E2	-9.930829905E1
1.776135667E2	-8.080412391E1
1.777736000E2	-6.356516092E1
1.779336333E2	-4.870655675E1
1.781095000E2	-3.309366626E1
1.782696333E2	-2.065814173E1
1.784455000E2	-7.050506201E0
1.786055000E2	2.801866799E0
1.787815000E2	1.581619684E1
1.789415333E2	2.548392912E1
1.791015667E2	2.776490633E1
1.792775000E2	3.006566102E1
1.794375333E2	3.134651707E1
1.796134667E2	3.157368092E1
1.797734667E2	2.893165225E1
1.799335333E2	2.383652615E1
1.801094667E2	1.567561491E1
1.802695000E2	1.845166811E0
1.804454333E2	-1.779268748E1
1.806055333E2	-3.531354471E1
1.807656000E2	-5.403909187E1
1.809415333E2	-7.211164572E1
1.811015667E2	-8.808329005E1
1.812775000E2	-1.004578945E2
1.814374667E2	-1.073280254E2
1.816134333E2	-1.117267628E2
1.817734667E2	-1.125623976E2
1.819335667E2	-1.107973920E2
1.821095000E2	-1.046038173E2
1.822695667E2	-9.201197843E1
1.824454333E2	-7.110526853E1
1.826054667E2	-5.514544136E1
1.827655000E2	-3.987036872E1
1.829414333E2	-2.724365469E1
1.831014667E2	-1.271196820E1
1.832774333E2	-3.150379384E-1
1.834374333E2	1.201159942E1
1.835975333E2	2.334186290E1
1.837734667E2	2.667212655E1
1.839335333E2	3.023411008E1
1.841094333E2	3.092998837E1
1.842694333E2	3.126297717E1
1.844294333E2	3.004402335E1
1.846054333E2	2.522480483E1
1.847655000E2	1.718025466E1
1.849414000E2	3.700204806E0
1.851015000E2	-1.465597128E1
1.852773667E2	-3.282041327E1
1.854374667E2	-5.234427864E1
1.855975000E2	-7.093832960E1
1.857734333E2	-8.697702117E1
1.859335000E2	-9.965183664E1
1.861094000E2	-1.066398070E2
1.862694667E2	-1.118911538E2
1.864294000E2	-1.126092131E2
1.866054333E2	-1.106524925E2
1.867654333E2	-1.048080740E2
1.869414667E2	-9.069121066E1
1.871014000E2	-6.875311089E1
1.872614667E2	-5.408757973E1
1.874374000E2	-3.708377274E1
1.875974333E2	-2.536661592E1
1.877733667E2	-1.004003530E1
1.879334333E2	1.600822753E0
1.880934667E2	1.480949604E1
1.882693667E2	2.472301884E1
1.884294333E2	2.705096058E1
1.886053667E2	3.040966208E1
1.887654000E2	3.156595689E1
1.889413333E2	3.135466120E1
1.891014333E2	2.816594414E1
1.892614333E2	2.270331243E1
1.894373333E2	1.386722504E1
1.895974333E2	-2.929778977E0
1.897733333E2	-2.322205173E1
1.899333667E2	-4.209175189E1
1.900934667E2	-6.129475908E1
1.902694333E2	-7.921320654E1
1.904294000E2	-9.397996482E1
1.906053667E2	-1.044861333E2
1.907653667E2	-1.097218968E2
1.909254667E2	-1.121796089E2
1.911013333E2	-1.120057154E2
1.912614667E2	-1.062689713E2
1.914373667E2	-9.373157199E1
1.915973667E2	-7.221634144E1
1.917733000E2	-5.496863803E1
1.919333667E2	-3.789232013E1
1.920933333E2	-2.330608440E1
1.922693667E2	-9.731760395E0
1.924293333E2	2.066274796E0
1.926053000E2	1.586171590E1
1.927653667E2	2.582665328E1
1.929253667E2	2.815729574E1
1.931012667E2	3.108347166E1
1.932613667E2	3.193068027E1
1.934372667E2	3.180513537E1
1.935972667E2	2.715659229E1
1.937573333E2	2.171495539E1
1.939332667E2	1.083363033E1
1.940934000E2	-7.317814064E0
1.942693000E2	-2.779267359E1
1.944293000E2	-4.804105391E1
1.945893000E2	-6.687885883E1
1.947653333E2	-8.342719088E1
1.949252667E2	-9.705545606E1
1.951013333E2	-1.059352361E2
1.952613667E2	-1.119879164E2
1.954372333E2	-1.119032439E2
1.955972667E2	-1.099456943E2
1.957573667E2	-1.048693224E2
1.959333000E2	-9.116702805E1
1.960933000E2	-6.867996478E1
1.962692667E2	-5.205885680E1
1.964293000E2	-3.635030327E1
1.965892667E2	-2.360946702E1
1.967653000E2	-8.837179766E0
1.969253000E2	3.135888619E0
1.971012667E2	1.727244419E1
1.972612667E2	2.596902946E1
1.974212667E2	2.900865468E1
1.975973333E2	3.089924883E1
1.977573333E2	3.123589668E1
1.979332667E2	3.055719083E1
1.980932333E2	2.523369081E1
1.982532667E2	1.726733903E1
1.984292333E2	3.696098299E0
1.985893333E2	-1.577427241E1
1.987652667E2	-3.686713633E1
1.989253000E2	-5.744744663E1
1.991011667E2	-7.619777507E1
1.992612667E2	-9.197895986E1
1.994213333E2	-1.035471314E2
1.995972333E2	-1.098944226E2
1.997573000E2	-1.132961462E2
1.999332000E2	-1.118883666E2
2.000932333E2	-1.052510430E2
2.002533333E2	-9.552152293E1
2.004292000E2	-7.369610516E1
2.005892333E2	-5.414866577E1
2.007652000E2	-3.685157618E1
2.009252000E2	-2.244365424E1
2.010852333E2	-8.020440635E0
2.012612000E2	4.663537600E0
2.014212667E2	1.895800815E1
2.015972333E2	2.656132432E1
2.017572667E2	3.072273251E1
2.019331667E2	3.172846129E1
2.020932333E2	3.170164429E1
2.022532000E2	2.955136634E1
2.024292000E2	2.320328836E1
2.025892333E2	1.440491443E1
2.027651333E2	-3.265300998E0
2.029252333E2	-2.333744843E1
2.030852667E2	-4.325099118E1
2.032611667E2	-6.543337563E1
2.034212000E2	-8.334986495E1
2.035971667E2	-9.706585082E1
2.037572333E2	-1.062564135E2
2.039172000E2	-1.122983299E2
2.040932000E2	-1.124037653E2
2.042532333E2	-1.086155259E2
2.044291333E2	-1.007638287E2
2.045891333E2	-8.245290286E1
2.047492667E2	-6.116678387E1
2.049251333E2	-4.459536046E1
2.050851667E2	-2.521859105E1
2.052612000E2	-1.216247627E1
2.054212333E2	1.869652770E0
2.055971000E2	1.563915913E1
2.057571000E2	2.683895885E1
2.059171333E2	2.990573609E1
2.060932333E2	3.130071269E1
2.062531333E2	3.222283892E1
2.064291000E2	3.109114863E1
2.065892000E2	2.542306592E1
2.067491333E2	1.705296687E1
2.069251667E2	3.724925881E-1
2.070851667E2	-2.296123242E1
2.072611000E2	-4.410679247E1
2.074211667E2	-6.342127046E1
2.075812333E2	-8.236926121E1
2.077571667E2	-9.803454238E1
2.079172000E2	-1.069358213E2
2.080931333E2	-1.123149179E2
2.082532000E2	-1.126762506E2
2.084132000E2	-1.079129383E2
2.085891333E2	-1.008923947E2
2.087491333E2	-8.255440930E1
2.089252000E2	-5.942803830E1
2.090851667E2	-4.424159995E1
2.092610667E2	-2.616248545E1
2.094210667E2	-1.157199256E1
2.095811000E2	2.740467003E0
2.097570667E2	1.611887320E1
2.099171333E2	2.592102615E1
2.100930333E2	2.932923070E1
2.102531333E2	3.080827136E1
2.104131333E2	3.153590953E1
2.105890333E2	2.951842071E1
2.107491333E2	2.339194667E1
2.109250333E2	1.491651871E1
2.110851000E2	4.276808023E-1
2.112451667E2	-2.353301161E1
2.114211667E2	-4.586642264E1
2.115810667E2	-6.566413239E1
2.117570667E2	-8.368598934E1
2.119171333E2	-9.690906307E1
2.120930333E2	-1.072915732E2
2.122530667E2	-1.120887787E2
2.124130667E2	-1.130900726E2
2.125890667E2	-1.076175387E2
2.127491333E2	-9.842689519E1
2.129250000E2	-7.910443131E1
2.130850667E2	-5.824512638E1
2.132450667E2	-4.205401371E1
2.134210333E2	-2.314481633E1
2.135810667E2	-9.133437949E0
2.137570000E2	4.810535106E0
2.139170667E2	1.846204085E1
2.140770667E2	2.560671099E1
2.142530333E2	3.010147196E1
2.144130000E2	3.122399887E1
2.145890000E2	3.131485470E1
2.147490667E2	2.798196017E1
2.149091333E2	2.195863319E1
2.150850000E2	1.159091412E1
2.152450000E2	-7.111498833E0
2.154210333E2	-2.905778460E1
2.155811000E2	-5.178444755E1
2.157569667E2	-7.170900315E1
2.159170333E2	-8.963489156E1
2.160771000E2	-1.030459492E2
2.162530333E2	-1.098590151E2
2.164130333E2	-1.119039147E2
2.165889333E2	-1.116719712E2
2.167489667E2	-1.058573098E2
2.169090000E2	-9.291032708E1
2.170850000E2	-6.579036467E1
2.172450000E2	-4.869114386E1
2.174210000E2	-3.192890466E1
2.175809667E2	-1.604982870E1
2.177411000E2	-4.757192423E-1
2.179170000E2	1.454299383E1
2.180770000E2	2.649660907E1
2.182529667E2	2.809633253E1
2.184130000E2	3.028237257E1
2.185730667E2	3.102668434E1
2.187489333E2	2.926174634E1
2.189090333E2	2.288480349E1
2.190849667E2	1.312652886E1
2.192449667E2	-3.063657440E0
2.194209000E2	-2.647606274E1
2.195809333E2	-4.862113194E1
2.197410333E2	-6.921616303E1
2.199169333E2	-8.803611178E1
2.200770333E2	-1.014576757E2
2.202529333E2	-1.099066098E2
2.204129333E2	-1.130033332E2
2.205730333E2	-1.110309021E2
2.207489000E2	-1.033661735E2
2.209089333E2	-8.963393688E1
2.210849333E2	-6.387768078E1
2.212449000E2	-4.527709658E1
2.214049333E2	-2.725195637E1
2.215811000E2	-1.208878753E1
2.217410333E2	1.478855417E0
2.219169333E2	1.757770325E1
2.220769667E2	2.670626616E1
2.222528667E2	3.072245735E1
2.224128667E2	3.138694398E1
2.225730333E2	3.201651095E1
2.227489333E2	2.720446790E1
2.229089333E2	2.102981444E1
2.230848667E2	7.263225438E0
2.232449000E2	-1.203278221E1
2.234049333E2	-3.548438083E1
2.235808667E2	-5.850639191E1
2.237409000E2	-7.992362471E1
2.239168333E2	-9.424006688E1
2.240769333E2	-1.031062917E2
2.242369667E2	-1.117585181E2
2.244128667E2	-1.132377631E2
2.245728667E2	-1.077499989E2
2.247488667E2	-9.722029621E1
2.249088667E2	-7.488259284E1
2.250689667E2	-5.340245477E1
2.252448667E2	-3.387005040E1
2.254049333E2	-1.813346923E1
2.255808333E2	-3.193091199E0
2.257409333E2	1.361031160E1
2.259168000E2	2.637626538E1
2.260768333E2	2.871005815E1
2.262369333E2	3.112978734E1
2.264128000E2	3.188076545E1
2.265729000E2	2.926235221E1
2.267488000E2	2.379631560E1
2.269089000E2	1.113263256E1
2.270688667E2	-7.260983695E0
2.272449000E2	-3.013969246E1
2.274048333E2	-5.097899461E1
2.275808000E2	-7.430675871E1
2.277409000E2	-9.287858461E1
2.279009333E2	-1.037434622E2
2.280768333E2	-1.094371191E2
2.282368667E2	-1.113627145E2
2.284128000E2	-1.087527343E2
2.285728333E2	-9.825460709E1
2.287329333E2	-7.766661871E1
2.289088333E2	-5.605233942E1
2.290688000E2	-3.639986835E1
2.292448333E2	-1.854195195E1
2.294049000E2	-3.725764591E0
2.295807667E2	1.367711812E1
2.297408000E2	2.578427679E1
2.299008667E2	2.864838522E1
2.300768333E2	3.093966242E1
2.302368333E2	3.106540190E1
2.304127667E2	2.912817694E1
2.305728000E2	2.228352786E1
2.307328333E2	9.787195284E0
2.309088333E2	-1.111331719E1
2.310688333E2	-3.530411373E1
2.312447333E2	-5.684534764E1
2.314048333E2	-7.857278522E1
2.315648000E2	-9.620884966E1
2.317407667E2	-1.061814937E2
2.319008333E2	-1.103391146E2
2.320767333E2	-1.100535135E2
2.322367667E2	-1.035384796E2
2.324127333E2	-8.993721216E1
2.325727667E2	-6.563487387E1
2.327328000E2	-4.691406190E1
2.329087667E2	-2.786593497E1
2.330688333E2	-1.164388797E1
2.332447000E2	2.086711082E0
2.334047333E2	1.998262605E1
2.335648000E2	2.715541345E1
2.337407667E2	3.155044925E1
2.339007667E2	3.205364643E1
2.340767000E2	3.178312470E1
2.342368000E2	2.606519995E1
2.343968333E2	1.645067507E1
2.345727333E2	-1.821780652E0
2.347328000E2	-2.646300931E1
2.349087333E2	-4.811440253E1
2.350688000E2	-7.081743982E1
2.352287333E2	-9.003650548E1
2.354048333E2	-1.029061967E2
2.355648000E2	-1.096997194E2
2.357407333E2	-1.106959098E2
2.359008000E2	-1.063215323E2
2.360766667E2	-9.352284429E1
2.362367667E2	-7.306859116E1
2.363967333E2	-5.026690287E1
2.365726667E2	-3.111575543E1
2.367328000E2	-1.518016560E1
2.369087000E2	1.654259671E0
2.370687000E2	1.747930083E1
2.372288000E2	2.712686630E1
2.374047000E2	3.101876480E1
2.375647000E2	3.152816913E1
2.377407000E2	3.075836935E1
2.379006667E2	2.512629709E1
2.380607667E2	1.530664503E1
2.382366667E2	-3.867656102E0
2.383967333E2	-2.821029724E1
2.385727000E2	-5.097844581E1
2.387327333E2	-7.294910189E1
2.389086667E2	-9.117882165E1
2.390686667E2	-1.037574152E2
2.392287000E2	-1.108372261E2
2.394047000E2	-1.095648911E2
2.395646667E2	-1.014865447E2
2.397406333E2	-8.934109569E1
2.399007000E2	-6.821763633E1
2.400607667E2	-4.677120673E1
2.402366667E2	-2.699228806E1
2.403967333E2	-1.082817692E1
2.405726000E2	3.149718124E0
2.407326667E2	2.118812295E1
2.408928000E2	2.770741047E1
2.410687000E2	3.218185994E1
2.412286667E2	3.285113415E1
2.414046333E2	3.150198776E1
2.415646333E2	2.424068294E1
2.417247333E2	1.302511333E1
2.419006667E2	-1.021440379E1
2.420607000E2	-3.570116609E1
2.422366000E2	-5.933094323E1
2.423966667E2	-8.094882357E1
2.425725667E2	-9.765345876E1
2.427326333E2	-1.064344481E2
2.428926667E2	-1.103547481E2
2.430686333E2	-1.074962849E2
2.432286667E2	-9.412198449E1
2.434045667E2	-7.773929826E1
2.435646333E2	-5.798033048E1
2.437247000E2	-3.654419635E1
2.439006000E2	-1.827271439E1
2.440606667E2	-2.049253164E0
2.442365333E2	1.449994763E1
2.443966667E2	2.768069906E1
2.445566000E2	3.053853382E1
2.447326000E2	3.212317898E1
2.448926667E2	3.203998823E1
2.450686000E2	2.636569156E1
2.452286333E2	1.791563368E1
2.453887000E2	8.050467115E-1
2.455646333E2	-2.394344970E1
2.457247000E2	-5.083090379E1
2.459005667E2	-7.434848702E1
2.460606333E2	-9.228708245E1
2.462365667E2	-1.037565719E2
2.463966333E2	-1.092122250E2
2.465565667E2	-1.102575830E2
2.467326000E2	-1.002829821E2
2.468926333E2	-8.198567261E1
2.470685333E2	-6.330765452E1
2.472285667E2	-4.308754450E1
2.473885667E2	-2.277484004E1
2.475645667E2	-5.850399046E0
2.477246667E2	9.110751060E0
2.479005667E2	2.424892015E1
2.480606000E2	2.788275773E1
2.482205667E2	3.186495671E1
2.483965333E2	3.245754544E1
2.485566000E2	2.846558138E1
2.487325667E2	2.072349986E1
2.488926000E2	4.559109824E0
2.490684667E2	-1.936377057E1
2.492285000E2	-4.503743145E1
2.493885333E2	-7.033798314E1
2.495645333E2	-9.083799605E1
2.497246000E2	-1.047280174E2
2.499004667E2	-1.092791855E2
2.500605333E2	-1.103448975E2
2.502205333E2	-1.036820264E2
2.503965333E2	-8.544795384E1
2.505565667E2	-6.069894335E1
2.507324667E2	-4.262088169E1
2.508926000E2	-2.210378893E1
2.510526000E2	-5.894942443E0
2.512285667E2	9.956260300E0
2.513885000E2	2.557797194E1
2.515645000E2	2.898581157E1
2.517245667E2	3.109009394E1
2.518845667E2	3.199747928E1
2.520605000E2	2.727834029E1
2.522205333E2	1.920369473E1
2.523964667E2	-4.462312941E-1
2.525564667E2	-2.271753142E1
2.527324333E2	-4.878591732E1
2.528924667E2	-7.369056261E1
2.530525000E2	-9.374719392E1
2.532284667E2	-1.067266153E2
2.533884667E2	-1.114768718E2
2.535644000E2	-1.093232237E2
2.537245000E2	-1.003334543E2
2.538845333E2	-8.118853670E1
2.540604333E2	-5.589678183E1
2.542205333E2	-3.479701786E1
2.543964000E2	-1.604789299E1
2.545565333E2	8.562935244E-1
2.547165000E2	1.826344718E1
2.548924667E2	2.786017540E1
2.550525333E2	3.205174880E1
2.552284667E2	3.226410806E1
2.553884667E2	3.090381297E1
2.555485333E2	2.293130855E1
2.557244667E2	1.004179866E1
2.558845000E2	-1.546800716E1
2.560604000E2	-3.897048715E1
2.562204333E2	-6.408772478E1
2.563964000E2	-8.715914535E1
2.565564000E2	-1.044788723E2
2.567165000E2	-1.096696020E2
2.568924333E2	-1.113525554E2
2.570524667E2	-1.051936306E2
2.572283667E2	-8.893645198E1
2.573884000E2	-6.370238305E1
2.575484333E2	-4.198128452E1
2.577244667E2	-2.152701402E1
2.578844667E2	-4.128003532E0
2.580604000E2	1.286940098E1
2.582204000E2	2.678379374E1
2.583805000E2	3.006833218E1
2.585563667E2	3.172294693E1
2.587164000E2	3.198094841E1
2.588923667E2	2.594316108E1
2.590524333E2	1.490078224E1
2.592284000E2	-8.263778018E0
2.593884333E2	-3.433941186E1
2.595484000E2	-5.819114982E1
2.597244000E2	-8.191035696E1
2.598844000E2	-1.029267429E2
2.600603667E2	-1.107670685E2
2.602203667E2	-1.098380071E2
2.603804667E2	-1.056292993E2
2.605563667E2	-9.296956530E1
2.607164333E2	-6.787614303E1
2.608923333E2	-4.586089735E1
2.610524000E2	-2.401348662E1
2.612124667E2	-6.523013139E0
2.613883667E2	8.770504416E0
2.615484333E2	2.645051185E1
2.617244000E2	2.980623789E1
2.618844000E2	3.168535387E1
2.620444333E2	3.204422363E1
2.622203333E2	2.680007136E1
2.623804333E2	1.619752636E1
2.625563667E2	-6.629509614E0
2.627164000E2	-3.301542793E1
2.628923333E2	-5.854447307E1
2.630523333E2	-8.113841381E1
2.632124000E2	-1.001681767E2
2.633883333E2	-1.109871062E2
2.635484333E2	-1.122752252E2
2.637242667E2	-1.066233647E2
2.638843667E2	-9.315644535E1
2.640444333E2	-6.945762608E1
2.642203667E2	-4.636090780E1
2.643804000E2	-2.599528994E1
2.645562667E2	-8.237678620E0
2.647163333E2	6.640020582E0
2.648764000E2	2.507531280E1
2.650523667E2	2.832618366E1
2.652123000E2	3.092861693E1
2.653883000E2	3.181145346E1
2.655483333E2	2.703472177E1
2.657084000E2	1.690225010E1
2.658843333E2	-4.528492204E0
2.660443667E2	-3.423254716E1
2.662202667E2	-5.952310642E1
2.663802667E2	-8.211857418E1
2.665562333E2	-1.015986552E2
2.667163333E2	-1.121733875E2
2.668763667E2	-1.122633787E2
2.670522667E2	-1.057276192E2
2.672123000E2	-9.200826244E1
2.673882333E2	-6.545920654E1
2.675482667E2	-4.089967254E1
2.677083000E2	-1.952645055E1
2.678843000E2	-2.344571135E0
2.680442667E2	1.491723800E1
2.682202333E2	2.770477669E1
2.683802667E2	3.207643429E1
2.685403667E2	3.201002027E1
2.687163000E2	3.082442753E1
2.688762667E2	2.365653506E1
2.690522667E2	1.166701384E1
2.692123000E2	-1.601406119E1
2.693882000E2	-4.473317742E1
2.695483000E2	-7.067383007E1
2.697083333E2	-8.974377512E1
2.698842667E2	-1.042059823E2
2.700443000E2	-1.126192128E2
2.702201667E2	-1.129334111E2
2.703802667E2	-1.013459175E2
2.705402333E2	-8.046199802E1
2.707162333E2	-5.609519509E1
2.708762667E2	-3.252882506E1
2.710521667E2	-1.003952982E1
2.712122000E2	3.619803244E0
2.713722000E2	2.371605731E1
2.715482333E2	2.842892219E1
2.717083333E2	3.202872099E1
2.718842000E2	3.253026063E1
2.720442667E2	2.727297334E1
2.722043333E2	1.861896901E1
2.723802667E2	7.741898844E-1
2.725402000E2	-2.949604053E1
2.727162000E2	-5.842761565E1
2.728762333E2	-8.246222742E1
2.730521667E2	-9.690421276E1
2.732122000E2	-1.072510395E2
2.733722333E2	-1.124701016E2
2.735482000E2	-1.086875382E2
2.737082000E2	-9.293050536E1
2.738841667E2	-6.788298481E1
2.740442000E2	-5.014826528E1
2.742042333E2	-2.441957124E1
2.743802000E2	-6.112807974E0
2.745402667E2	9.267694451E0
2.747161667E2	2.485219114E1
2.748762000E2	2.946356036E1
2.750361667E2	3.181025600E1
2.752122000E2	3.218183435E1
2.753721333E2	2.668077627E1
2.755481667E2	1.654274085E1
2.757082333E2	-3.061944177E0
2.758682000E2	-3.006008752E1
2.760441667E2	-5.729807737E1
2.762041667E2	-8.181082574E1
2.763801333E2	-9.851672858E1
2.765402000E2	-1.079372271E2
2.767161000E2	-1.119835694E2
2.768761667E2	-1.081563462E2
2.770362000E2	-9.264889575E1
2.772121333E2	-6.862057112E1
2.773722000E2	-4.927429380E1
2.775481000E2	-2.292013557E1
2.777081667E2	-5.362634560E0
2.778683333E2	1.046936037E1
2.780441333E2	2.621611353E1
2.782041333E2	2.997643797E1
2.783801000E2	3.177048027E1
2.785401333E2	3.194454696E1
2.787001667E2	2.624473481E1
2.788761333E2	1.507006981E1
2.790361000E2	-6.238061071E0
2.792121000E2	-3.269819985E1
2.793721333E2	-5.901308055E1
2.795480667E2	-8.329468872E1
2.797081333E2	-9.991123353E1
2.798681333E2	-1.092009568E2
2.800441333E2	-1.129043557E2
2.802040667E2	-1.066311899E2
2.803800333E2	-9.097600130E1
2.805401333E2	-6.636694675E1
2.807001667E2	-4.598809082E1
2.808761000E2	-2.135259221E1
2.810361333E2	-4.261767905E0
2.812120667E2	1.303430541E1
2.813721000E2	2.672504102E1
2.815321000E2	3.062524070E1
2.817080667E2	3.182014039E1
2.818680667E2	3.151671800E1
2.820440667E2	2.525124487E1
2.822041000E2	1.319461654E1
2.823641667E2	-1.209090994E1
2.825400333E2	-3.810332503E1
2.827001333E2	-6.395990098E1
2.828760667E2	-8.675609186E1
2.830360333E2	-1.032977243E2
2.832120333E2	-1.110579756E2
2.833720333E2	-1.115069842E2
2.835321667E2	-1.017721483E2
2.837081000E2	-8.325237856E1
2.838681000E2	-6.030474015E1
2.840440000E2	-3.750132190E1
2.842041000E2	-1.577333428E1
2.843640667E2	1.552466864E-1
2.845400000E2	1.922371669E1
2.847000000E2	2.775443926E1
2.848760333E2	3.201182473E1
2.850360333E2	3.270989147E1
2.851961333E2	2.851932684E1
2.853720333E2	2.164986091E1
2.855321000E2	4.229926799E0
2.857080000E2	-2.320551351E1
2.858681000E2	-5.022133746E1
2.860280333E2	-7.548087721E1
2.862040333E2	-9.401819353E1
2.863640667E2	-1.058342400E2
2.865400333E2	-1.119359450E2
2.867001000E2	-1.092835592E2
2.868759667E2	-9.384080981E1
2.870359667E2	-7.035178030E1
2.871961000E2	-5.060951869E1
2.873719667E2	-2.487829158E1
2.875320667E2	-6.240252853E0
2.877079333E2	9.815234371E0
2.878679667E2	2.674300514E1
2.880280667E2	3.091506186E1
2.882040333E2	3.228506004E1
2.883640667E2	3.216414253E1
2.885400000E2	2.591593780E1
2.886999667E2	1.430747545E1
2.888600000E2	-8.856988622E0
2.890360000E2	-3.779048299E1
2.891960333E2	-6.541905136E1
2.893719333E2	-8.809361411E1
2.895319667E2	-1.045024812E2
2.897079000E2	-1.105653806E2
2.898680000E2	-1.120920231E2
2.900279667E2	-1.035302045E2
2.902039667E2	-8.047889674E1
2.903640000E2	-5.589163703E1
2.905399000E2	-3.596631221E1
2.906999333E2	-9.613546630E0
2.908600000E2	4.192897137E0
2.910359333E2	2.364047437E1
2.911960333E2	2.871057568E1
2.913719000E2	3.201985726E1
2.915320000E2	3.300638812E1
2.916920667E2	2.738796418E1
2.918679333E2	1.693890449E1
2.920280333E2	-4.472168176E0
2.922039333E2	-3.214005696E1
2.923639000E2	-6.041831914E1
2.925240000E2	-8.503227841E1
2.926999333E2	-1.036440638E2
2.928599333E2	-1.105985453E2
2.930359333E2	-1.106757595E2
2.931959667E2	-1.049010209E2
2.933718667E2	-8.684524937E1
2.935319667E2	-5.568322433E1
2.936919667E2	-3.790516919E1
2.938679000E2	-1.318577751E1
2.940279333E2	5.757449383E0
2.942038333E2	2.274680632E1
2.943639333E2	2.724803009E1
2.945239667E2	3.178169046E1
2.946999000E2	3.208126028E1
2.948599667E2	2.699442301E1
2.950358333E2	1.700933537E1
2.951958667E2	-5.099591884E0
2.953559667E2	-3.306747681E1
2.955318667E2	-6.158757345E1
2.956919333E2	-8.531821713E1
2.958678667E2	-1.027684028E2
2.960279333E2	-1.101126624E2
2.961879333E2	-1.109911630E2
2.963638333E2	-1.028161595E2
2.965239333E2	-8.457603076E1
2.966999000E2	-5.569337731E1
2.968599333E2	-3.546760772E1
2.970358667E2	-1.586371441E1
2.971958667E2	2.727664980E0
2.973558333E2	2.127066911E1
2.975318333E2	2.668640642E1
2.976918667E2	3.024885784E1
2.978678333E2	3.070702979E1
2.980279000E2	2.518898160E1
2.981880667E2	1.507460054E1
2.983639000E2	-4.222669788E0
2.985239000E2	-3.491671011E1
2.986998000E2	-6.317965383E1
2.988598667E2	-8.762719539E1
2.990198667E2	-1.045777657E2
2.991958667E2	-1.098309554E2
2.993558667E2	-1.107767224E2
2.995318333E2	-1.006241721E2
2.996918667E2	-7.882228996E1
2.998677333E2	-5.390614134E1
3.000278667E2	-3.003993137E1
3.001879000E2	-1.009795205E1
3.003638333E2	6.965536061E0
3.005238000E2	2.627406596E1
3.006998000E2	2.926986804E1
3.008598333E2	3.184222573E1
3.010198000E2	3.180951919E1
3.011958333E2	2.400657561E1
3.013558667E2	1.065125130E1
3.015317667E2	-1.478380696E1
3.016917667E2	-4.378157374E1
3.018518000E2	-7.092477266E1
3.020277667E2	-9.324802278E1
3.021878000E2	-1.065142535E2
3.023637667E2	-1.114076643E2
3.025238333E2	-1.086293177E2
3.026838333E2	-9.529807591E1
3.028598000E2	-6.861910655E1
3.030198333E2	-4.520106035E1
3.031957333E2	-2.385507318E1
3.033557667E2	-2.673968146E0
3.035317667E2	1.503004956E1
3.036918000E2	2.793265413E1
3.038517667E2	3.219093271E1
3.040277667E2	3.211701736E1
3.041878333E2	2.890030319E1
3.043637000E2	2.077882289E1
3.045237667E2	2.372472890E0
3.046838667E2	-2.465494086E1
3.048598000E2	-5.422335129E1
3.050198333E2	-7.936456969E1
3.051957000E2	-1.009282032E2
3.053557000E2	-1.084037628E2
3.055158333E2	-1.116987253E2
3.056917333E2	-1.049052158E2
3.058517667E2	-8.683961856E1
3.060277333E2	-5.888563900E1
3.061877000E2	-3.696225102E1
3.063477333E2	-1.401656150E1
3.065237333E2	2.920636302E0
3.066838000E2	2.279105062E1
3.068596667E2	2.765448393E1
3.070197000E2	3.183580805E1
3.071956667E2	3.202064605E1
3.073557333E2	2.587211387E1
3.075157667E2	1.400935598E1
3.076917333E2	-1.110657535E1
3.078517000E2	-3.882489140E1
3.080276667E2	-6.772740139E1
3.081877000E2	-9.085318237E1
3.083477667E2	-1.076770500E2
3.085237000E2	-1.110172961E2
3.086837333E2	-1.097318191E2
3.088597333E2	-9.892096777E1
3.090197000E2	-7.106545088E1
3.091798000E2	-4.492836573E1
3.093557333E2	-2.410980040E1
3.095157667E2	-2.703131928E0
3.096916667E2	1.554367908E1
3.098516667E2	2.751206325E1
3.100276333E2	3.208606827E1
3.101877333E2	3.187905226E1
3.103477333E2	2.793254858E1
3.105236667E2	1.855650626E1
3.106837000E2	5.651296131E-1
3.108596667E2	-2.915075092E1
3.110196667E2	-5.841914508E1
3.111797000E2	-8.364609753E1
3.113556333E2	-1.040523480E2
3.115156667E2	-1.105902091E2
3.116916333E2	-1.115323864E2
3.118517000E2	-1.026974088E2
3.120117333E2	-8.272826830E1
3.121876667E2	-5.269848173E1
3.123477000E2	-3.104626207E1
3.125236000E2	-9.762343703E0
3.126836667E2	6.858278165E0
3.128437667E2	2.613678820E1
3.130196000E2	3.011797523E1
3.131797000E2	3.173375284E1
3.133556000E2	3.049876509E1
3.135157000E2	2.232324830E1
3.136915667E2	6.885462894E0
3.138516000E2	-2.213142420E1
3.140117000E2	-5.005298907E1
3.141876000E2	-7.802122231E1
3.143476667E2	-1.002802560E2
3.145235667E2	-1.093160362E2
3.146836667E2	-1.110724244E2
3.148436333E2	-1.042933439E2
3.150196000E2	-8.627669976E1
3.151796000E2	-5.594252770E1
3.153555667E2	-3.388775134E1
3.155156333E2	-1.174572286E1
3.156756667E2	4.588979798E0
3.158516000E2	2.500969975E1
3.160116667E2	2.890745117E1
3.161876000E2	3.133771083E1
3.163476667E2	3.095910229E1
3.165076333E2	2.266157535E1
3.166835667E2	9.232528666E0
3.168436333E2	-2.092413493E1
3.170195333E2	-4.935915605E1
3.171796333E2	-7.717955422E1
3.173555667E2	-9.845109489E1
3.175155667E2	-1.088850403E2
3.176756667E2	-1.108899898E2
3.178515667E2	-1.048677253E2
3.180116333E2	-8.359911297E1
3.181875333E2	-5.674880758E1
3.183476000E2	-3.136073772E1
3.185076667E2	-9.228751168E0
3.186836000E2	6.895201834E0
3.188436333E2	2.623127666E1
3.190195333E2	3.079483576E1
3.191795667E2	3.233285735E1
3.193395667E2	3.154429830E1
3.195155667E2	2.134443814E1
3.196756333E2	5.623844254E0
3.198515333E2	-2.356155307E1
3.200116000E2	-5.307904718E1
3.201875333E2	-8.057135478E1
3.203475667E2	-1.018630676E2
3.205076333E2	-1.096317952E2
3.206835333E2	-1.098909210E2
3.208436000E2	-1.026351725E2
3.210194667E2	-8.032892455E1
3.211795333E2	-5.237534233E1
3.213396000E2	-2.805397823E1
3.215155333E2	-4.860194099E0
3.216756000E2	1.206243894E1
3.218515000E2	2.817691323E1
3.220115333E2	3.316274040E1
3.221715000E2	3.429433286E1
3.223475000E2	2.968784528E1
3.225075333E2	1.927749569E1
3.226835000E2	-2.580931345E0
3.228435667E2	-3.034596143E1
3.230035667E2	-6.271308824E1
3.231794667E2	-8.801466255E1
3.233395667E2	-1.072156127E2
3.235154667E2	-1.102821051E2
3.236755333E2	-1.086281405E2
3.238514333E2	-9.666771470E1
3.240115667E2	-6.973546791E1
3.241714667E2	-4.296730728E1
3.243475000E2	-1.911113197E1
3.245075333E2	2.818402873E0
3.246834333E2	1.942658102E1
3.248435333E2	2.799049548E1
3.250035000E2	3.360614863E1
3.251794333E2	3.330690722E1
3.253395333E2	2.619210876E1
3.255154667E2	1.179675580E1
3.256754667E2	-1.551147906E1
3.258355667E2	-4.240569000E1
3.260114667E2	-7.318262151E1
3.261715333E2	-9.566202399E1
3.263474333E2	-1.101256387E2
3.265074333E2	-1.103955803E2
3.266675333E2	-1.031418594E2
3.268434667E2	-8.463969067E1
3.270035667E2	-5.542998719E1
3.271794667E2	-3.100167268E1
3.273395000E2	-5.541962961E0
3.275154000E2	1.096172099E1
3.276755000E2	2.793835948E1
3.278354667E2	3.196596307E1
3.280114333E2	3.223226698E1
3.281715333E2	2.985523422E1
3.283474000E2	1.967549879E1
3.285074667E2	-4.039392844E0
3.286675333E2	-3.528009397E1
3.288434000E2	-6.298046313E1
3.290034333E2	-8.905223175E1
3.291794333E2	-1.073633221E2
3.293394667E2	-1.120446910E2
3.294995000E2	-1.077067627E2
3.296754333E2	-9.111800497E1
3.298354667E2	-6.310041954E1
3.300113667E2	-4.095287297E1
3.301714000E2	-1.285648262E1
3.303473333E2	7.852377422E0
3.305073667E2	2.639669788E1
3.306674667E2	2.812367114E1
3.308433667E2	3.198245418E1
3.310033667E2	3.185719602E1
3.311793333E2	2.211039586E1
3.313394333E2	1.700315458E0
3.314994000E2	-3.144200784E1
3.316754000E2	-6.011444952E1
3.318354333E2	-8.605645276E1
3.320113667E2	-1.052308541E2
3.321714000E2	-1.121229357E2
3.323314333E2	-1.092786602E2
3.325073333E2	-9.378015638E1
3.326674000E2	-6.271985116E1
3.328433333E2	-4.028973388E1
3.330033333E2	-1.681069108E1
3.331633667E2	4.552762569E0
3.333393667E2	2.576375658E1
3.334993333E2	2.784727512E1
3.336753333E2	3.084395811E1
3.338353333E2	3.080759989E1
3.340113000E2	2.142438869E1
3.341713667E2	3.779548933E0
3.343313333E2	-3.114559572E1
3.345073333E2	-6.076102326E1
3.346674000E2	-8.790097142E1
3.348433000E2	-1.037646220E2
3.350033000E2	-1.122550820E2
3.351633667E2	-1.114851349E2
3.353393333E2	-9.747228426E1
3.354993667E2	-6.454122510E1
3.356753000E2	-3.902907723E1
3.358353667E2	-1.739054997E1
3.359954000E2	2.963738701E0
3.361713333E2	2.291240300E1
3.363313333E2	2.776402048E1
3.365073000E2	3.054091972E1
3.366673000E2	3.061780092E1
3.368273000E2	2.145750877E1
3.370033000E2	4.655800845E0
3.371633333E2	-2.636972294E1
3.373392667E2	-6.057804482E1
3.374993667E2	-8.704722119E1
3.376752667E2	-1.038662742E2
3.378353000E2	-1.094079046E2
3.379953333E2	-1.099155656E2
3.381712667E2	-9.674185853E1
3.383312667E2	-6.510343071E1
3.385072333E2	-3.726629056E1
3.386674000E2	-1.632526741E1
3.388273667E2	2.951424601E0
3.390033000E2	2.318757748E1
3.391633667E2	2.766890289E1
3.393392333E2	3.010357821E1
3.394993000E2	3.034033509E1
3.396593667E2	2.044130487E1
3.398353333E2	2.006299956E0
3.399953333E2	-2.879053035E1
3.401712667E2	-6.030199881E1
3.403312667E2	-8.852239692E1
3.405072333E2	-1.055785509E2
3.406673000E2	-1.100401875E2
3.408272333E2	-1.085729127E2
3.410032000E2	-9.437004891E1
3.411633000E2	-6.412111513E1
3.413391667E2	-3.659379941E1
3.414993000E2	-1.422661932E1
3.416592333E2	4.137940819E0
3.418352333E2	2.454743577E1
3.419952333E2	2.845521552E1
3.421712000E2	3.014789364E1
3.423312667E2	2.889468975E1
3.424912333E2	1.863148770E1
3.426672333E2	-2.893875474E0
3.428273000E2	-3.700550735E1
3.430032333E2	-6.658476565E1
3.431632000E2	-9.230674670E1
3.433233000E2	-1.080855757E2
3.434992000E2	-1.109298187E2
3.436594000E2	-1.064502329E2
3.438352667E2	-8.605556319E1
3.439952667E2	-5.364642092E1
3.441711333E2	-3.022235396E1
3.443311667E2	-6.057882719E0
3.444912333E2	1.248399307E1
3.446672000E2	2.830341886E1
3.448272333E2	3.244762274E1
3.450031000E2	3.172657331E1
3.451632333E2	2.573128402E1
3.453232333E2	1.221591146E1
3.454992000E2	-1.547508160E1
3.456592333E2	-5.009684421E1
3.458351667E2	-7.964184256E1
3.459952000E2	-1.005626686E2
3.461552667E2	-1.098231838E2
3.463311333E2	-1.107960208E2
3.464911667E2	-9.972253105E1
3.466671333E2	-7.150508873E1
3.468272333E2	-4.044337137E1
3.469872333E2	-1.742101372E1
3.471631333E2	4.326184331E0
3.473232333E2	2.377025761E1
3.474992000E2	2.804922311E1
3.476592000E2	3.082263450E1
3.478351333E2	2.942838073E1
3.479951333E2	1.916190532E1
3.481551667E2	-2.598182982E-1
3.483311667E2	-3.390784664E1
3.484912000E2	-6.828353967E1
3.486670667E2	-9.344860426E1
3.488271000E2	-1.078608620E2
3.489872000E2	-1.096908787E2
3.491631667E2	-1.029534594E2
3.493231333E2	-8.268223492E1
3.494991000E2	-5.163923129E1
3.496591667E2	-2.627630400E1
3.498191333E2	-1.922345880E0
3.499951333E2	1.567700345E1
3.501551333E2	2.852220145E1
3.503311333E2	3.288667100E1
3.504911333E2	3.191387043E1
3.506670667E2	2.223335793E1
3.508271667E2	4.917874714E0
3.509872000E2	-2.258744471E1
3.511631000E2	-5.732635472E1
3.513231000E2	-8.578438544E1
3.514990667E2	-1.069128706E2
3.516591667E2	-1.107646782E2
3.518191667E2	-1.061479204E2
3.519951000E2	-9.085477865E1
3.521551333E2	-5.928605052E1
3.523310333E2	-3.342701858E1
3.524910667E2	-8.776892275E0
3.526511000E2	9.372520589E0
3.528271333E2	2.740660755E1
3.529870667E2	3.089985172E1
3.531630667E2	3.137576866E1
3.533230333E2	2.622835749E1
3.534831000E2	1.187759350E1
3.536590667E2	-1.685294558E1
3.538191333E2	-4.680663774E1
3.539950667E2	-8.019703387E1
3.541551000E2	-1.036776250E2
3.543310333E2	-1.101963383E2
3.544910667E2	-1.092589967E2
3.546511000E2	-9.617560452E1
3.548270667E2	-6.747324806E1
3.549871667E2	-3.606944421E1
3.551629667E2	-1.290268146E1
3.553230333E2	6.861016977E0
3.554831000E2	2.592774076E1
3.556590000E2	2.869116206E1
3.558190667E2	3.072010426E1
3.559950333E2	2.708281334E1
3.561550333E2	1.406767547E1
3.563150333E2	-1.149797786E1
3.564910333E2	-4.292665121E1
3.566510333E2	-7.611771374E1
3.568269667E2	-1.020022098E2
3.569870000E2	-1.101004664E2
3.571470333E2	-1.091971589E2
3.573230000E2	-9.766907410E1
3.574831000E2	-7.178631718E1
3.576590000E2	-4.014479438E1
3.578190667E2	-1.385518725E1
3.579949333E2	5.839409699E0
3.581550667E2	2.522752626E1
3.583150000E2	2.897124322E1
3.584910000E2	3.104463410E1
3.586511000E2	2.705792650E1
3.588269667E2	1.329210541E1
3.589870333E2	-1.577872323E1
3.591471667E2	-4.562370855E1
3.593229667E2	-7.769700269E1
3.594829667E2	-1.048122187E2
3.596589333E2	-1.110938214E2
3.598190000E2	-1.090792303E2
3.599790333E2	-9.434341665E1
3.601550000E2	-6.282219383E1
3.603150333E2	-3.732855561E1
3.604909333E2	-7.105497132E0
3.606510000E2	1.121272864E1
3.608269000E2	2.815285785E1
3.609869333E2	3.117964103E1
3.611470333E2	3.218557531E1
3.613229000E2	2.638435842E1
3.614830000E2	8.330655130E0
3.616589000E2	-2.459224651E1
3.618189667E2	-5.326177062E1
3.619790333E2	-8.378095367E1
3.621549667E2	-1.073299766E2
3.623150000E2	-1.119694057E2
3.624909333E2	-1.068767200E2
3.626509667E2	-8.994103236E1
3.628110333E2	-5.800869628E1
3.629869000E2	-3.155828416E1
3.631470000E2	-4.025839781E0
3.633229333E2	1.457888743E1
3.634830000E2	2.799867523E1
3.636430333E2	3.171855761E1
3.638189333E2	3.158572137E1
3.639789667E2	2.310534066E1
3.641549333E2	4.827828967E0
3.643149333E2	-3.035625714E1
3.644909000E2	-5.932257451E1
3.646509333E2	-8.859596959E1
3.648110000E2	-1.085710242E2
3.649869333E2	-1.128358984E2
3.651470000E2	-1.058957579E2
3.653228667E2	-8.484830930E1
3.654829000E2	-5.300089208E1
3.656430000E2	-2.672021038E1
3.658189000E2	9.149550229E-2
3.659789667E2	2.012951164E1
3.661548667E2	2.808610078E1
3.663149333E2	3.218086437E1
3.664749667E2	3.095208495E1
3.666509000E2	2.011039607E1
3.668109333E2	-2.248746839E0
3.669868667E2	-3.947904637E1
3.671469000E2	-7.062330247E1
3.673069667E2	-9.424390305E1
3.674828667E2	-1.099067149E2
3.676428667E2	-1.109108695E2
3.678188667E2	-9.956699007E1
3.679789000E2	-7.179748311E1
3.681548333E2	-4.400291255E1
3.683149000E2	-1.643054439E1
3.684748667E2	7.594224402E0
3.686508667E2	2.662853144E1
3.688109000E2	2.822500864E1
3.689868333E2	3.004357171E1
3.691469000E2	2.608168793E1
3.693069667E2	1.269010600E1
3.694828000E2	-1.805073384E1
3.696429000E2	-5.259404043E1
3.698188000E2	-8.314099346E1
3.699788667E2	-1.039466015E2
3.701389333E2	-1.107369601E2
3.703148333E2	-1.081394452E2
3.704748333E2	-8.659289638E1
3.706508333E2	-5.409124938E1
3.708108667E2	-3.146481774E1
3.709867667E2	-1.418557359E0
3.711468000E2	1.707471529E1
3.713068667E2	2.848539113E1
3.714828000E2	3.211518253E1
3.716428667E2	3.184693574E1
3.718187667E2	2.093014322E1
3.719788667E2	4.136874325E-2
3.721388333E2	-3.780456729E1
3.723148333E2	-7.211852817E1
3.724748000E2	-9.659943721E1
3.726508000E2	-1.097003620E2
3.728108667E2	-1.088598383E2
3.729708667E2	-9.569842210E1
3.731467667E2	-6.560888842E1
3.733068667E2	-3.846449330E1
3.734827667E2	-1.130481428E1
3.736431000E2	1.110250618E1
3.738029333E2	2.895054297E1
3.739787667E2	3.193399381E1
3.741388000E2	3.124401731E1
3.743147667E2	2.338496860E1
3.744748333E2	5.200430887E0
3.746507000E2	-2.799721044E1
3.748108000E2	-6.281589411E1
3.749708667E2	-9.121224229E1
3.751469667E2	-1.092445474E2
3.753068333E2	-1.101675576E2
3.754827333E2	-9.932265880E1
3.756428333E2	-7.248834826E1
3.758027667E2	-4.309177333E1
3.759787333E2	-1.883000332E1
3.761388333E2	7.048574051E0
3.763147333E2	2.705477359E1
3.764747333E2	2.997604428E1
3.766347333E2	3.089385148E1
3.768107333E2	2.598683700E1
3.769708000E2	1.014200841E1
3.771467333E2	-2.002916609E1
3.773067667E2	-5.331356521E1
3.774826667E2	-8.587271160E1
3.776427333E2	-1.079606103E2
3.778028000E2	-1.115450402E2
3.779787333E2	-1.025751097E2
3.781388000E2	-7.719495073E1
3.783147000E2	-4.602638933E1
3.784747667E2	-2.230889719E1
3.786347333E2	4.784024721E0
3.788106667E2	2.600969970E1
3.789707667E2	2.998339204E1
3.791466667E2	3.134389464E1
3.793067000E2	2.613219129E1
3.794668333E2	1.021873116E1
3.796427333E2	-2.122056631E1
3.798027667E2	-5.517700917E1
3.799786667E2	-8.693890625E1
3.801387333E2	-1.081925923E2
3.802987000E2	-1.109877699E2
3.804747000E2	-1.033281774E2
3.806347667E2	-7.719617264E1
3.808106667E2	-4.325296677E1
3.809706667E2	-2.073700129E1
3.811466667E2	4.850300074E0
3.813067000E2	2.578812131E1
3.814667333E2	2.991786913E1
3.816426333E2	3.108715830E1
3.818027333E2	2.568947230E1
3.819786000E2	7.105614900E0
3.821387333E2	-2.492974350E1
3.822986667E2	-5.905382072E1
3.824746333E2	-8.959577577E1
3.826347000E2	-1.089429906E2
3.828106333E2	-1.110359051E2
3.829706667E2	-1.014392680E2
3.831307667E2	-7.272056769E1
3.833066667E2	-3.721373204E1
3.834666333E2	-1.393456509E1
3.836426333E2	9.848917096E0
3.838026667E2	2.703886914E1
3.839627000E2	3.140560182E1
3.841386333E2	3.051640349E1
3.842987000E2	2.186431879E1
3.844746333E2	7.126130165E-1
3.846346667E2	-3.682467269E1
3.848106333E2	-6.845710734E1
3.849706667E2	-9.277666565E1
3.851307333E2	-9.306406047E1
3.853066000E2	-9.299207379E1
3.854666333E2	-9.402298460E1
3.856425667E2	-9.279324223E1
3.858026667E2	-9.246763458E1
3.859627000E2	-9.279321511E1
3.861386333E2	-9.393834174E1
3.862987000E2	-9.249220938E1
3.864745667E2	-9.274015052E1
3.866345667E2	-9.318255532E1
3.867946667E2	-9.269604847E1
