mass_A
t	x
0.000000000E0	-9.288824383E-1
1.759333333E-1	-9.265702076E-1
3.360000000E-1	-9.290569654E-1
5.119000000E-1	-9.312862885E-1
6.719666667E-1	-9.365152764E-1
8.319666667E-1	-9.212714899E-1
1.007933333E0	-9.395873445E-1
1.167933333E0	-9.376472852E-1
1.343866667E0	-9.350205572E-1
1.503900000E0	-9.376455068E-1
1.664000000E0	-9.363921562E-1
1.839933333E0	-9.394775493E-1
1.999966667E0	-9.228240107E-1
2.175866667E0	-9.308219376E-1
2.335933333E0	-9.248408903E-1
2.495900000E0	-9.290218052E-1
2.671833333E0	-9.202428725E-1
2.831866667E0	-9.241402953E-1
3.007833333E0	-9.279043311E-1
3.167933333E0	-9.315888924E-1
3.343800000E0	-9.264482050E-1
3.503900000E0	-9.340534758E-1
3.663900000E0	-9.384234933E-1
3.839900000E0	9.790893431E-1
3.999833333E0	1.924898815E1
4.175800000E0	3.883179112E1
4.335900000E0	5.077000097E1
4.495933333E0	5.472767422E1
4.671833333E0	5.385051219E1
4.831833333E0	4.416746926E1
5.007833333E0	2.338145828E1
5.167900000E0	-7.790636759E0
5.327933333E0	-3.626376041E1
5.503800000E0	-5.830774790E1
5.663900000E0	-6.762836550E1
5.839833333E0	-6.545104518E1
5.999866667E0	-5.161055513E1
6.159900000E0	-2.404102812E1
6.335866667E0	4.741843241E-2
6.495866667E0	2.211647671E1
6.671800000E0	4.068408448E1
6.831866667E0	5.039209518E1
7.007800000E0	5.407370057E1
7.167800000E0	5.292212440E1
7.327900000E0	4.198424851E1
7.503800000E0	2.010279968E1
7.663800000E0	-1.222916029E1
7.839800000E0	-4.064066335E1
7.999900000E0	-6.110331330E1
8.159933333E0	-6.806558382E1
8.335800000E0	-6.431937113E1
8.495800000E0	-4.860121381E1
8.671800000E0	-1.972789969E1
8.831800000E0	3.108202038E0
8.992066667E0	2.577712038E1
9.167833333E0	4.428917529E1
9.327800000E0	5.190934584E1
9.503766667E0	5.385640877E1
9.663833333E0	5.093564891E1
9.839733333E0	3.876728695E1
9.999800000E0	1.442921375E1
1.015976667E1	-1.710023448E1
1.033576667E1	-4.457325153E1
1.049576667E1	-6.367994280E1
1.067173333E1	-6.831436298E1
1.083180000E1	-6.325082722E1
1.099176667E1	-4.470575752E1
1.116773333E1	-1.488468245E1
1.132783333E1	6.015487672E0
1.150373333E1	2.822382395E1
1.166373333E1	4.642468163E1
1.182400000E1	5.207686600E1
1.199980000E1	5.324719289E1
1.215980000E1	4.996676253E1
1.233573333E1	3.698699380E1
1.249580000E1	1.302222640E1
1.265583333E1	-1.736917620E1
1.283176667E1	-4.559609504E1
1.299173333E1	-6.430344154E1
1.316773333E1	-6.802629739E1
1.332776667E1	-6.277906994E1
1.350370000E1	-4.478679847E1
1.366370000E1	-1.574542068E1
1.382383333E1	6.308895952E0
1.399970000E1	2.780801321E1
1.415980000E1	4.619636412E1
1.433570000E1	5.221450243E1
1.449576667E1	5.379548367E1
1.465580000E1	5.053599814E1
1.483170000E1	3.734286713E1
1.499180000E1	1.279896951E1
1.516766667E1	-1.740872777E1
1.532773333E1	-4.486095585E1
1.548780000E1	-6.434620854E1
1.566373333E1	-6.829097169E1
1.582376667E1	-6.293930955E1
1.599966667E1	-4.472450304E1
1.615966667E1	-1.588927997E1
1.631980000E1	5.863591337E0
1.649570000E1	2.748976499E1
1.665576667E1	4.551237829E1
1.683170000E1	5.218723141E1
1.699176667E1	5.352634738E1
1.716760000E1	5.082659693E1
1.732773333E1	3.913917493E1
1.748770000E1	1.557941434E1
1.766366667E1	-1.534247840E1
1.782376667E1	-4.317433148E1
1.799960000E1	-6.293225425E1
1.815973333E1	-6.819437478E1
1.831973333E1	-6.438235071E1
1.849566667E1	-4.793354896E1
1.865573333E1	-1.861675127E1
1.883163333E1	3.842452798E0
1.899166667E1	2.476653409E1
1.915166667E1	4.397113575E1
1.932766667E1	5.191232861E1
1.948773333E1	5.386841353E1
1.966370000E1	5.184327244E1
1.982370000E1	4.081348210E1
1.999960000E1	1.922576248E1
2.015963333E1	-1.278127692E1
2.031970000E1	-4.081169149E1
2.049563333E1	-6.119022624E1
2.065560000E1	-6.785138472E1
2.083160000E1	-6.459453577E1
2.099166667E1	-5.037798872E1
2.115170000E1	-2.233385220E1
2.132763333E1	1.245645689E0
2.148763333E1	2.168716811E1
2.166360000E1	4.102350097E1
2.182370000E1	5.120416670E1
2.198366667E1	5.468336875E1
2.215960000E1	5.397851930E1
2.231986667E1	4.425323615E1
2.249560000E1	2.461771560E1
2.265560000E1	-7.062678086E0
2.281566667E1	-3.523083951E1
2.299156667E1	-5.578898567E1
2.315160000E1	-6.717363364E1
2.332756667E1	-6.654748321E1
2.348766667E1	-5.481390193E1
2.366353333E1	-2.817246279E1
2.382360000E1	-3.316014070E0
2.398366667E1	1.696079786E1
2.415960000E1	3.610365582E1
2.431963333E1	4.962374304E1
2.449553333E1	5.348106250E1
2.465556667E1	5.361729733E1
2.481563333E1	4.598822742E1
2.499153333E1	2.904644119E1
2.515163333E1	-1.052822414E0
2.532753333E1	-2.944929067E1
2.548753333E1	-5.217375871E1
2.564760000E1	-6.622532825E1
2.582356667E1	-6.736786296E1
2.598353333E1	-5.971969219E1
2.615956667E1	-3.570957212E1
2.631963333E1	-8.489751717E0
2.647963333E1	1.096329222E1
2.665556667E1	3.154838956E1
2.681556667E1	4.787472505E1
2.699153333E1	5.198570391E1
2.715153333E1	5.277758383E1
2.732750000E1	4.876463603E1
2.748753333E1	3.574575409E1
2.764760000E1	1.014593476E1
2.782353333E1	-1.893564286E1
2.798350000E1	-4.515714484E1
2.815950000E1	-6.442946827E1
2.831950000E1	-6.779154242E1
2.847953333E1	-6.401802562E1
2.865556667E1	-4.628843815E1
2.881556667E1	-1.677411016E1
2.899146667E1	2.336965234E0
2.915150000E1	2.577094866E1
2.931150000E1	4.441232903E1
2.948750000E1	5.188450628E1
2.964753333E1	5.401445590E1
2.982353333E1	5.319055063E1
2.998353333E1	4.219076305E1
3.015946667E1	2.130151692E1
3.031950000E1	-1.027025777E1
3.047956667E1	-3.778472373E1
3.065546667E1	-5.888321061E1
3.081553333E1	-6.771879902E1
3.099143333E1	-6.653746567E1
3.115153333E1	-5.469233103E1
3.131153333E1	-2.648836860E1
3.148750000E1	-4.963036117E0
3.164746667E1	1.693700526E1
3.182340000E1	3.670458793E1
3.198350000E1	4.915071175E1
3.214346667E1	5.372719810E1
3.231950000E1	5.421290287E1
3.247946667E1	4.726900277E1
3.265543333E1	3.133879350E1
3.281546667E1	2.163101482E0
3.297556667E1	-2.506514330E1
3.315146667E1	-4.961017150E1
3.331150000E1	-6.540549135E1
3.348743333E1	-6.790351113E1
3.364746667E1	-6.312461415E1
3.382340000E1	-4.123889114E1
3.398343333E1	-1.398637742E1
3.414343333E1	5.698070090E0
3.431946667E1	3.010171146E1
3.447943333E1	4.709959604E1
3.465536667E1	5.266931028E1
3.481546667E1	5.425480207E1
3.497550000E1	5.148180450E1
3.515143333E1	4.035007993E1
3.531150000E1	1.685096248E1
3.548743333E1	-1.238559913E1
3.564750000E1	-4.021127133E1
3.580823333E1	-6.178542633E1
3.598346667E1	-6.788111731E1
3.614350000E1	-6.708292231E1
3.631940000E1	-5.289146616E1
3.647953333E1	-2.481005657E1
3.663943333E1	-4.813907072E0
3.681546667E1	1.905359038E1
3.697546667E1	3.724127807E1
3.715136667E1	4.989527653E1
3.731146667E1	5.449283293E1
3.748736667E1	5.462609981E1
3.764743333E1	4.776716905E1
3.780743333E1	3.133684377E1
3.798340000E1	3.270780257E0
3.814346667E1	-2.461166375E1
3.831933333E1	-4.940328714E1
3.847936667E1	-6.517765037E1
3.863943333E1	-6.858335698E1
3.881533333E1	-6.255597575E1
3.897540000E1	-4.120154235E1
3.915140000E1	-1.538943180E1
3.931136667E1	5.078896205E0
3.947136667E1	2.887200017E1
3.964736667E1	4.613773334E1
3.980746667E1	5.244926709E1
3.998340000E1	5.427316230E1
4.014336667E1	5.224224971E1
4.031930000E1	4.200387421E1
4.047936667E1	2.098614746E1
4.063940000E1	-8.696622131E0
4.081530000E1	-3.738584676E1
4.097540000E1	-5.771166785E1
4.115130000E1	-6.764852994E1
4.131130000E1	-6.760973113E1
4.147140000E1	-5.541336344E1
4.164733333E1	-3.038786766E1
4.180733333E1	-8.851817149E0
4.198340000E1	1.416087135E1
4.214336667E1	3.442411668E1
4.230340000E1	4.833530302E1
4.247933333E1	5.303648957E1
4.263936667E1	5.390245050E1
4.281526667E1	4.947505820E1
4.297530000E1	3.690747999E1
4.313533333E1	1.203051717E1
4.331133333E1	-1.789780348E1
4.347143333E1	-4.367510589E1
4.364733333E1	-6.345166980E1
4.380730000E1	-6.835317838E1
4.398326667E1	-6.555343249E1
4.414330000E1	-4.937100122E1
4.430336667E1	-2.368663656E1
4.447930000E1	-2.882735635E0
4.463946667E1	2.251342842E1
4.481526667E1	3.892747241E1
4.497526667E1	5.086341508E1
4.513536667E1	5.510408546E1
4.531133333E1	5.494439660E1
4.547136667E1	4.715075064E1
4.564726667E1	3.100269552E1
4.580733333E1	1.981193693E0
4.596736667E1	-2.673964207E1
4.614326667E1	-4.959504166E1
4.630333333E1	-6.561318477E1
4.647923333E1	-6.860201998E1
4.663930000E1	-6.204280076E1
4.679940000E1	-4.293734369E1
4.697530000E1	-1.936855921E1
4.713533333E1	3.333692500E0
4.731123333E1	2.701978257E1
4.747130000E1	4.373122748E1
4.764720000E1	5.254992630E1
4.780730000E1	5.572722122E1
4.796733333E1	5.490928467E1
4.814320000E1	4.556849148E1
4.830336667E1	2.718769106E1
4.847923333E1	-3.161970179E0
4.863923333E1	-3.101031762E1
4.879933333E1	-5.334447209E1
4.897526667E1	-6.695589655E1
4.913523333E1	-6.805926635E1
4.931123333E1	-5.929998223E1
4.947120000E1	-3.940699936E1
4.963130000E1	-1.497343432E1
4.980720000E1	8.926633817E0
4.996730000E1	2.937796787E1
5.014316667E1	4.687934704E1
5.030323333E1	5.257274800E1
5.047920000E1	5.483534094E1
5.063926667E1	5.304423254E1
5.079923333E1	4.252243834E1
5.097520000E1	2.150269976E1
5.113520000E1	-9.147538977E0
5.131113333E1	-3.585844997E1
5.147120000E1	-5.729121535E1
5.163123333E1	-6.754175468E1
5.180723333E1	-6.633363371E1
5.196736667E1	-5.633789928E1
5.214316667E1	-3.463412410E1
5.230320000E1	-1.041844406E1
5.246320000E1	1.286130836E1
5.263916667E1	3.119053562E1
5.279923333E1	4.829345407E1
5.297513333E1	5.208327144E1
5.313516667E1	5.406806205E1
5.329530000E1	5.215921091E1
5.347120000E1	4.103226048E1
5.363120000E1	1.797130710E1
5.380716667E1	-1.140513338E1
5.396716667E1	-3.800318739E1
5.414310000E1	-5.905891131E1
5.430320000E1	-6.752167362E1
5.446313333E1	-6.622843623E1
5.463913333E1	-5.576680977E1
5.479913333E1	-3.298718924E1
5.497513333E1	-9.208762041E0
5.513520000E1	1.419952967E1
5.529516667E1	3.158330765E1
5.547113333E1	4.839718695E1
5.563120000E1	5.199194483E1
5.580713333E1	5.395138774E1
5.596716667E1	5.177168325E1
5.612723333E1	4.000027509E1
5.630316667E1	1.712039775E1
5.646313333E1	-1.120742455E1
5.663906667E1	-3.818771184E1
5.679910000E1	-5.900436619E1
5.695920000E1	-6.738332272E1
5.713516667E1	-6.690981501E1
5.729513333E1	-5.653935573E1
5.747120000E1	-3.455668352E1
5.763113333E1	-9.297290163E0
5.780706667E1	1.289022640E1
5.796710000E1	3.092062131E1
5.812713333E1	4.782816367E1
5.830316667E1	5.196726712E1
5.846313333E1	5.432113121E1
5.863903333E1	5.259841689E1
5.879910000E1	4.159160702E1
5.895916667E1	1.927418530E1
5.913513333E1	-9.611824570E0
5.929513333E1	-3.624912681E1
5.947106667E1	-5.658055363E1
5.963110000E1	-6.682621901E1
5.979116667E1	-6.736080650E1
5.996710000E1	-5.767688233E1
6.012716667E1	-3.693303921E1
6.030306667E1	-1.101494050E1
6.046310000E1	1.066754756E1
6.063900000E1	3.004029588E1
6.079903333E1	4.694232025E1
6.095913333E1	5.218042374E1
6.113503333E1	5.507152303E1
6.129510000E1	5.423350541E1
6.147103333E1	4.411933783E1
6.163110000E1	2.361649772E1
6.179106667E1	-4.922538028E0
6.196710000E1	-3.117161339E1
6.212716667E1	-5.295570990E1
6.230300000E1	-6.556673143E1
6.246303333E1	-6.835847408E1
6.262313333E1	-6.076642768E1
6.279906667E1	-4.307197147E1
6.295916667E1	-1.703952178E1
6.313503333E1	4.906664271E0
6.329510000E1	2.524294225E1
6.345506667E1	4.159097136E1
6.363106667E1	5.177469437E1
6.379113333E1	5.588231199E1
6.396706667E1	5.555187888E1
6.412706667E1	4.716113627E1
6.430296667E1	2.926413512E1
6.446303333E1	3.115804919E0
6.462300000E1	-2.267685931E1
6.479903333E1	-4.657922231E1
6.495940000E1	-6.481964718E1
6.513493333E1	-6.841036094E1
6.529496667E1	-6.437529982E1
6.545506667E1	-5.054937846E1
6.563103333E1	-2.449549670E1
6.579100000E1	-1.935957279E0
6.596696667E1	1.891192835E1
6.612696667E1	3.481977936E1
6.628710000E1	4.930888069E1
6.646296667E1	5.359137411E1
6.662296667E1	5.465373912E1
6.679900000E1	5.007091480E1
6.695900000E1	3.709711922E1
6.711910000E1	1.427815285E1
6.729503333E1	-1.205859281E1
6.745503333E1	-3.794580365E1
6.763096667E1	-6.029081548E1
6.779096667E1	-6.730198662E1
6.796693333E1	-6.635668473E1
6.812700000E1	-5.700563819E1
6.828696667E1	-3.577466286E1
6.846296667E1	-1.077211422E1
6.862296667E1	1.086599679E1
6.879893333E1	2.867413135E1
6.895893333E1	4.601548611E1
6.911896667E1	5.199278716E1
6.929500000E1	5.505116963E1
6.945496667E1	5.348154182E1
6.963093333E1	4.378720321E1
6.979100000E1	2.524114765E1
6.995100000E1	-1.072630675E0
7.012693333E1	-2.768643680E1
7.028696667E1	-5.139453239E1
7.046296667E1	-6.522806872E1
7.062300000E1	-6.742855113E1
7.079890000E1	-6.230619329E1
7.095896667E1	-4.707074380E1
7.111900000E1	-2.218253638E1
7.129493333E1	1.984356286E0
7.145496667E1	2.045958294E1
7.163090000E1	3.712759484E1
7.179096667E1	5.026633624E1
7.195103333E1	5.497748850E1
7.212696667E1	5.511613771E1
7.228693333E1	4.957987845E1
7.246286667E1	3.628239002E1
7.262293333E1	1.380319430E1
7.278296667E1	-1.269714141E1
7.295890000E1	-4.026925533E1
7.311890000E1	-6.025727104E1
7.329490000E1	-6.706608141E1
7.345493333E1	-6.589196938E1
7.361496667E1	-5.754390668E1
7.379093333E1	-3.798787116E1
7.395096667E1	-1.024832657E1
7.412690000E1	9.685656747E0
7.428696667E1	2.832494146E1
7.446290000E1	4.460214753E1
7.462290000E1	5.235360268E1
7.478293333E1	5.494384803E1
7.495886667E1	5.388808862E1
7.511893333E1	4.483246338E1
7.529486667E1	2.864796589E1
7.545493333E1	3.452329650E0
7.561490000E1	-2.513533412E1
7.579090000E1	-4.924827273E1
7.595096667E1	-6.411304905E1
7.612686667E1	-6.681788575E1
7.628690000E1	-6.388932497E1
7.644693333E1	-5.213224910E1
7.662290000E1	-2.664485448E1
7.678286667E1	-1.864757702E0
7.695883333E1	1.695915864E1
7.711883333E1	3.251308962E1
7.729483333E1	4.866136455E1
7.745480000E1	5.276551469E1
7.761490000E1	5.404378128E1
7.779080000E1	5.147511745E1
7.795086667E1	4.117020948E1
7.812676667E1	2.204364961E1
7.828680000E1	-6.145330429E0
7.844686667E1	-3.408770262E1
7.862276667E1	-5.380964342E1
7.878280000E1	-6.481553882E1
7.895876667E1	-6.690551508E1
7.911883333E1	-6.163897829E1
7.927886667E1	-4.606635739E1
7.945483333E1	-1.734867755E1
7.961480000E1	2.450243674E0
7.979076667E1	2.125997158E1
7.995083333E1	3.679739522E1
8.011083333E1	5.084405736E1
8.028683333E1	5.495109311E1
8.044690000E1	5.492625011E1
8.062276667E1	4.943780906E1
8.078286667E1	3.717585891E1
8.095873333E1	1.681657555E1
8.111883333E1	-1.268169640E1
8.127876667E1	-3.772070717E1
8.145473333E1	-5.574049720E1
8.161476667E1	-6.530871192E1
8.179073333E1	-6.675669282E1
8.195076667E1	-6.158670962E1
8.211083333E1	-4.167065922E1
8.228673333E1	-1.484828745E1
8.244683333E1	3.104503415E0
8.262270000E1	2.291783197E1
8.278280000E1	3.990791975E1
8.294283333E1	5.071911963E1
8.311873333E1	5.467867934E1
8.327883333E1	5.420979827E1
8.345473333E1	4.825985725E1
8.361480000E1	3.553175609E1
8.377476667E1	1.481137918E1
8.395076667E1	-1.589854190E1
8.411083333E1	-3.895107164E1
8.428673333E1	-5.669386294E1
8.444680000E1	-6.545295719E1
8.462270000E1	-6.731437693E1
8.478276667E1	-6.073582050E1
8.494280000E1	-3.946146319E1
8.511870000E1	-1.488868711E1
8.527880000E1	3.787379266E0
8.545470000E1	2.402052926E1
8.561476667E1	4.180944876E1
8.577480000E1	5.063158058E1
8.595073333E1	5.434924251E1
8.611076667E1	5.408499204E1
8.628670000E1	4.833345603E1
8.644676667E1	3.533986524E1
8.660676667E1	1.334051529E1
8.678270000E1	-1.504015960E1
8.694276667E1	-3.895306583E1
8.711870000E1	-5.603761634E1
8.727873333E1	-6.534751872E1
8.745470000E1	-6.849552610E1
8.761476667E1	-6.140488120E1
8.777476667E1	-4.179683593E1
8.795073333E1	-1.704178114E1
8.811076667E1	2.070551944E0
8.828663333E1	2.217948924E1
8.844670000E1	3.898076932E1
8.860673333E1	5.031521039E1
8.878266667E1	5.448673355E1
8.894273333E1	5.450945981E1
8.911863333E1	4.933309126E1
8.927873333E1	3.788046342E1
8.943870000E1	1.618343382E1
8.961470000E1	-1.026886930E1
8.977470000E1	-3.486501879E1
8.995066667E1	-5.381666556E1
9.011063333E1	-6.567617069E1
9.027076667E1	-6.884698571E1
9.044666667E1	-6.247431806E1
9.060673333E1	-4.623602347E1
9.078260000E1	-1.928550781E1
9.094263333E1	5.290769878E-2
9.111860000E1	1.955270020E1
9.127860000E1	3.544582987E1
9.143873333E1	4.931190882E1
9.161463333E1	5.378831222E1
9.177463333E1	5.402844998E1
9.195060000E1	5.116874719E1
9.211070000E1	4.017248002E1
9.227073333E1	2.036235531E1
9.244660000E1	-6.105360297E0
9.260663333E1	-3.134385467E1
9.278263333E1	-5.167251968E1
9.294266667E1	-6.508763210E1
9.310270000E1	-6.817136536E1
9.327863333E1	-6.381342246E1
9.343863333E1	-5.034034049E1
9.361456667E1	-2.292385276E1
9.377460000E1	-2.713201097E0
9.393466667E1	1.620801486E1
9.411056667E1	3.215910367E1
9.427066667E1	4.744645342E1
9.444660000E1	5.205662813E1
9.460663333E1	5.290286711E1
9.478256667E1	5.182752274E1
9.494263333E1	4.277987784E1
9.510266667E1	2.591662740E1
9.527860000E1	-2.019118381E0
9.543856667E1	-2.793857851E1
9.561450000E1	-4.876161424E1
9.577463333E1	-6.380253289E1
9.593463333E1	-6.733824840E1
9.611060000E1	-6.670157713E1
9.627066667E1	-5.598283334E1
9.644660000E1	-3.029106461E1
9.660656667E1	-7.899555338E0
9.676666667E1	1.019697632E1
9.694253333E1	2.795535045E1
9.710263333E1	4.486604250E1
9.727856667E1	5.002455949E1
9.743860000E1	5.288009367E1
9.761450000E1	5.340316095E1
9.777460000E1	4.644499871E1
9.793453333E1	3.268802767E1
9.811050000E1	9.263685826E0
9.827060000E1	-1.705573676E1
9.844650000E1	-4.001738578E1
9.860650000E1	-5.697804497E1
9.876660000E1	-6.594543319E1
9.894253333E1	-6.844442749E1
9.910256667E1	-6.160527499E1
9.927846667E1	-4.308707584E1
9.943860000E1	-1.777880250E1
9.959853333E1	-7.458563694E-1
9.977450000E1	2.024161641E1
9.993450000E1	3.597675635E1
1.001105000E2	4.987041568E1
1.002705667E2	5.409946782E1
1.004305333E2	5.472559053E1
1.006065333E2	5.170565362E1
1.007665667E2	4.261309032E1
1.009425000E2	2.537450762E1
1.011025667E2	-2.399623591E0
1.012784667E2	-2.583711045E1
1.014385000E2	-4.729376588E1
1.015986000E2	-6.325918224E1
1.017745333E2	-6.901738856E1
1.019345667E2	-6.656648078E1
1.021104667E2	-5.591814761E1
1.022705333E2	-3.438898659E1
1.024305333E2	-1.313071225E1
1.026064667E2	7.086204959E0
1.027665667E2	2.671916439E1
1.029424667E2	4.265882961E1
1.031025333E2	5.035524576E1
1.032626000E2	5.585781943E1
1.034385000E2	5.533367311E1
1.035985667E2	4.991372416E1
1.037744667E2	3.824894020E1
1.039344667E2	1.796707575E1
1.040945667E2	-7.205021104E0
1.042705000E2	-3.178317610E1
1.044305333E2	-5.114158220E1
1.046064333E2	-6.506477635E1
1.047665333E2	-6.782572300E1
1.049424000E2	-6.405390784E1
1.051024667E2	-5.076355185E1
1.052625333E2	-2.804743093E1
1.054384333E2	-7.831813802E0
1.055984333E2	1.316520852E1
1.057743667E2	2.987591216E1
1.059344667E2	4.612392474E1
1.060945333E2	5.106568541E1
1.062704667E2	5.475823047E1
1.064304667E2	5.425610724E1
1.066064333E2	4.795386731E1
1.067664667E2	3.405451968E1
1.069264333E2	1.095157602E1
1.071024333E2	-1.346868970E1
1.072624000E2	-3.714658666E1
1.074383667E2	-5.481126223E1
1.075984000E2	-6.628654329E1
1.077743667E2	-6.763637916E1
1.079344333E2	-6.192271961E1
1.080944000E2	-4.715549317E1
1.082704000E2	-2.360718660E1
1.084306000E2	-4.180513272E0
1.086063667E2	1.829559394E1
1.087664667E2	3.252733285E1
1.089264000E2	4.828984361E1
1.091023333E2	5.286879803E1
1.092623667E2	5.503422574E1
1.094383333E2	5.490751351E1
1.095984333E2	4.696049330E1
1.097584000E2	3.029487640E1
1.099344000E2	4.804714145E0
1.100944667E2	-1.899868847E1
1.102703667E2	-4.095047116E1
1.104303667E2	-5.998799633E1
1.105904667E2	-6.758465040E1
1.107663667E2	-6.619801692E1
1.109263667E2	-6.014086515E1
1.111023333E2	-4.229671350E1
1.112623667E2	-1.990780820E1
1.114383333E2	9.421659343E-2
1.115984000E2	2.203984011E1
1.117584333E2	3.533417108E1
1.119343333E2	5.046204900E1
1.120944000E2	5.514910205E1
1.122703000E2	5.597945745E1
1.124303333E2	5.470324627E1
1.125904000E2	4.621201690E1
1.127663667E2	2.779759996E1
1.129264000E2	2.333288834E0
1.131023333E2	-2.081525031E1
1.132624333E2	-4.292773591E1
1.134224000E2	-6.172799329E1
1.135983000E2	-6.757137678E1
1.137583000E2	-6.684757662E1
1.139342667E2	-5.933914085E1
1.140943667E2	-4.031513192E1
1.142543333E2	-1.951325440E1
1.144303000E2	2.616905304E0
1.145903333E2	2.192476735E1
1.147663667E2	3.677900021E1
1.149263333E2	5.018492564E1
1.151022333E2	5.498768574E1
1.152623333E2	5.594072670E1
1.154223000E2	5.374877954E1
1.155982667E2	4.491182865E1
1.157583667E2	2.661178234E1
1.159342333E2	1.883671292E0
1.160943667E2	-2.173300926E1
1.162544000E2	-4.381063577E1
1.164302667E2	-6.261698091E1
1.165903000E2	-6.748594142E1
1.167663000E2	-6.662068330E1
1.169262667E2	-5.928221133E1
1.170863333E2	-4.150317513E1
1.172622667E2	-1.912874462E1
1.174222667E2	2.854027909E0
1.175983333E2	2.183689102E1
1.177583000E2	3.618729158E1
1.179342000E2	5.002810917E1
1.180942333E2	5.477274440E1
1.182544000E2	5.596798504E1
1.184302333E2	5.374618255E1
1.185902667E2	4.469364305E1
1.187662000E2	2.644256937E1
1.189262333E2	2.171263158E0
1.190863333E2	-2.167827810E1
1.192623000E2	-4.367811185E1
1.194222333E2	-6.268626972E1
1.195981667E2	-6.732238731E1
1.197582333E2	-6.655685429E1
1.199183000E2	-5.907119380E1
1.200942000E2	-4.124632443E1
1.202543000E2	-1.829436847E1
1.204302333E2	3.384880189E0
1.205902333E2	2.210931893E1
1.207502333E2	3.677297816E1
1.209262667E2	5.036624823E1
1.210862333E2	5.525973031E1
1.212622333E2	5.601337115E1
1.214222667E2	5.320179646E1
1.215981333E2	4.393507834E1
1.217582000E2	2.557509884E1
1.219183000E2	5.142233201E-1
1.220942000E2	-2.404934500E1
1.222542667E2	-4.607239728E1
1.224301333E2	-6.417397105E1
1.225902333E2	-6.732703648E1
1.227503000E2	-6.549749673E1
1.229261667E2	-5.626275592E1
1.230861667E2	-3.708376981E1
1.232621333E2	-1.411971469E1
1.234222333E2	8.987146671E0
1.235822000E2	2.615751424E1
1.237582000E2	4.225074782E1
1.239181667E2	5.183373635E1
1.240941667E2	5.675489061E1
1.242542000E2	5.662306129E1
1.244142000E2	5.126136880E1
1.245902000E2	3.972486572E1
1.247502667E2	1.828105238E1
1.249261667E2	-5.033165936E0
1.250861333E2	-2.958141032E1
1.252621000E2	-5.042565963E1
1.254222000E2	-6.508546089E1
1.255822000E2	-6.733187510E1
1.257581667E2	-6.432517592E1
1.259181333E2	-5.288456331E1
1.260941333E2	-3.236982539E1
1.262542000E2	-9.999453236E0
1.264142000E2	1.220863104E1
1.265901000E2	2.844554991E1
1.267502000E2	4.481005756E1
1.269261333E2	5.186858618E1
1.270862333E2	5.632891106E1
1.272461667E2	5.621468335E1
1.274221667E2	5.037962656E1
1.275821333E2	3.743736524E1
1.277581333E2	1.522957051E1
1.279181000E2	-6.835616891E0
1.280940333E2	-3.151117161E1
1.282541667E2	-5.206619303E1
1.284141333E2	-6.538082163E1
1.285901000E2	-6.722059378E1
1.287501333E2	-6.399134186E1
1.289260667E2	-5.323694665E1
1.290861000E2	-3.213629412E1
1.292462000E2	-9.770927024E0
1.294221000E2	1.202134182E1
1.295821667E2	2.805748477E1
1.297580667E2	4.403744761E1
1.299181000E2	5.161574844E1
1.300781000E2	5.612286677E1
1.302540667E2	5.609022622E1
1.304141000E2	5.065656447E1
1.305900667E2	3.874129142E1
1.307500667E2	1.755808610E1
1.309101000E2	-3.919691888E0
1.310861333E2	-2.913665054E1
1.312461667E2	-4.987332148E1
1.314220667E2	-6.518825828E1
1.315821333E2	-6.680929790E1
1.317580333E2	-6.497186344E1
1.319181333E2	-5.593519356E1
1.320781000E2	-3.650668014E1
1.322540667E2	-1.268884778E1
1.324140667E2	8.314275357E0
1.325900000E2	2.500648422E1
1.327500333E2	4.056753277E1
1.329101333E2	5.122229915E1
1.330860333E2	5.603343684E1
1.332460667E2	5.594578001E1
1.334220333E2	5.211192947E1
1.335821000E2	4.233029931E1
1.337421667E2	2.395490219E1
1.339180667E2	1.630230614E0
1.340781000E2	-2.413538148E1
1.342540333E2	-4.587778791E1
1.344140000E2	-6.300682653E1
1.345740333E2	-6.610840608E1
1.347500000E2	-6.596451599E1
1.349101000E2	-5.916787340E1
1.350860333E2	-4.209296098E1
1.352461000E2	-1.763620366E1
1.354220000E2	3.128544139E0
1.355820333E2	1.925180217E1
1.357420333E2	3.412161194E1
1.359179667E2	4.855561577E1
1.360780667E2	5.379516599E1
1.362539333E2	5.522666244E1
1.364140667E2	5.462753974E1
1.365740333E2	4.714364946E1
1.367500333E2	3.313581911E1
1.369100333E2	1.125239211E1
1.370859667E2	-1.442804688E1
1.372460000E2	-3.763549423E1
1.374061000E2	-5.578466914E1
1.375820000E2	-6.447209890E1
1.377420333E2	-6.680701911E1
1.379180000E2	-6.471598943E1
1.380780333E2	-5.229425324E1
1.382539333E2	-2.862019044E1
1.384140000E2	-6.109457608E0
1.385740667E2	1.099302856E1
1.387500000E2	2.564017903E1
1.389100333E2	4.323417496E1
1.390859000E2	5.074655835E1
1.392460333E2	5.411237842E1
1.394060000E2	5.412690731E1
1.395819667E2	4.980368075E1
1.397419333E2	4.034688051E1
1.399179000E2	2.392025281E1
1.400780000E2	-3.054170048E0
1.402380333E2	-2.753276362E1
1.404139333E2	-4.740695230E1
1.405740000E2	-6.099050983E1
1.407499333E2	-6.595979354E1
1.409100000E2	-6.817131518E1
1.410700333E2	-6.012373305E1
1.412459333E2	-4.154223503E1
1.414059333E2	-1.632959231E1
1.415819000E2	-5.502826402E-1
1.417419333E2	1.704876322E1
1.419179333E2	3.161149597E1
1.420779000E2	4.721406549E1
1.422379333E2	5.219264415E1
1.424139000E2	5.404449727E1
1.425739667E2	5.341172212E1
1.427498667E2	4.731720718E1
1.429099000E2	3.528035045E1
1.430700667E2	1.279380727E1
1.432459000E2	-1.304754931E1
1.434059000E2	-3.502158965E1
1.435819000E2	-5.167941636E1
1.437419000E2	-6.302282945E1
1.439020000E2	-6.865252211E1
1.440778667E2	-6.676804733E1
1.442379000E2	-5.487433315E1
1.444139000E2	-3.147154511E1
1.445739333E2	-1.180304638E1
1.447340000E2	6.110485398E0
1.449098667E2	2.366848296E1
1.450699667E2	4.023198688E1
1.452458667E2	4.948975872E1
1.454059333E2	5.418211826E1
1.455818667E2	5.403514945E1
1.457418667E2	5.126399333E1
1.459019000E2	4.299371593E1
1.460778667E2	2.710533422E1
1.462379333E2	1.541902637E0
1.464138333E2	-2.188145439E1
1.465738333E2	-4.172730890E1
1.467338667E2	-5.859844390E1
1.469099000E2	-6.636144946E1
1.470699333E2	-6.834441697E1
1.472458667E2	-6.248670574E1
1.474059333E2	-4.705246115E1
1.475659667E2	-2.358603484E1
1.477419000E2	-5.353017325E0
1.479019333E2	1.399227694E1
1.480778333E2	2.867646627E1
1.482378667E2	4.596028559E1
1.484138000E2	5.041481604E1
1.485738333E2	5.372974445E1
1.487338667E2	5.401454948E1
1.489098000E2	4.933224354E1
1.490698333E2	3.784682007E1
1.492458000E2	1.784028796E1
1.494058333E2	-6.086367950E0
1.495658000E2	-2.858551366E1
1.497418333E2	-4.861105651E1
1.499018667E2	-6.382161790E1
1.500777333E2	-6.811850493E1
1.502378000E2	-6.714980449E1
1.503978000E2	-5.760012592E1
1.505737667E2	-3.966914392E1
1.507338000E2	-1.696630077E1
1.509097667E2	1.956632965E0
1.510698333E2	1.905952588E1
1.512299000E2	3.347637057E1
1.514057667E2	4.817008155E1
1.515658000E2	5.306325500E1
1.517417667E2	5.467193610E1
1.519018333E2	5.457986706E1
1.520777667E2	4.803264512E1
1.522378667E2	3.438453392E1
1.523978667E2	1.340288895E1
1.525737667E2	-9.787882511E0
1.527338667E2	-3.202949680E1
1.529097333E2	-5.193088879E1
1.530698333E2	-6.380756609E1
1.532298000E2	-6.779978390E1
1.534057333E2	-6.571842291E1
1.535658333E2	-5.659294862E1
1.537417667E2	-3.750835520E1
1.539017667E2	-1.495049312E1
1.540618333E2	2.157193885E0
1.542378000E2	1.905033360E1
1.543977333E2	3.463601738E1
1.545737000E2	4.797181755E1
1.547337333E2	5.309977501E1
1.548937333E2	5.398499900E1
1.550697667E2	5.368914388E1
1.552297667E2	4.687517599E1
1.554057333E2	3.484011444E1
1.555657667E2	1.397995582E1
1.557417000E2	-9.888352454E0
1.559018000E2	-3.327801042E1
1.560618000E2	-5.097057041E1
1.562377000E2	-6.334568935E1
1.563977000E2	-6.730844431E1
1.565737000E2	-6.650567863E1
1.567337667E2	-5.706891112E1
1.568937667E2	-3.808588418E1
1.570697333E2	-1.650836238E1
1.572298000E2	-5.132440165E-1
1.574056667E2	1.758359876E1
1.575657667E2	3.212427398E1
1.577258333E2	4.675722315E1
1.579017333E2	5.143018741E1
1.580617667E2	5.348703250E1
1.582377000E2	5.366700589E1
1.583977333E2	4.809600727E1
1.585736667E2	3.739813708E1
1.587337000E2	1.832607069E1
1.588938000E2	-6.333002347E0
1.590697000E2	-2.888967101E1
1.592297333E2	-4.807370519E1
1.594056000E2	-6.276419354E1
1.595657667E2	-6.683564688E1
1.597257667E2	-6.715478348E1
1.599017000E2	-5.944830231E1
1.600617333E2	-4.276126496E1
1.602376333E2	-2.160360765E1
1.603976667E2	-4.559629326E0
1.605577667E2	1.593868257E1
1.607336667E2	3.016420730E1
1.608937333E2	4.636053077E1
1.610696667E2	5.062796499E1
1.612297000E2	5.457573858E1
1.613897667E2	5.474433017E1
1.615657000E2	5.031381008E1
1.617257333E2	4.084959199E1
1.619016333E2	2.378840165E1
1.620617000E2	-9.627387439E-1
1.622375667E2	-2.377158605E1
1.623976333E2	-4.466069047E1
1.625577000E2	-5.954785397E1
1.627336333E2	-6.575388398E1
1.628937000E2	-6.759329520E1
1.630696333E2	-6.251498815E1
1.632296000E2	-4.913015103E1
1.633896333E2	-2.746830789E1
1.635656333E2	-8.956373057E0
1.637257000E2	1.196124160E1
1.639016333E2	2.632239044E1
1.640616667E2	4.325883116E1
1.642217000E2	5.054755266E1
1.643975667E2	5.566367060E1
1.645577000E2	5.538169588E1
1.647336000E2	5.286024506E1
1.648936333E2	4.510418156E1
1.650536333E2	3.024155762E1
1.652295667E2	6.149587185E0
1.653896667E2	-1.818568146E1
1.655656000E2	-4.056608850E1
1.657256667E2	-5.385941597E1
1.659015667E2	-6.395908481E1
1.660616000E2	-6.798204625E1
1.662216667E2	-6.544877694E1
1.663975333E2	-5.502885271E1
1.665575667E2	-3.374274561E1
1.667335667E2	-1.373394241E1
1.668935667E2	5.144945338E0
1.670536667E2	2.137754099E1
1.672295333E2	3.692229822E1
1.673896333E2	4.843341092E1
1.675655667E2	5.345380503E1
1.677255667E2	5.472993173E1
1.678856667E2	5.440593237E1
1.680615333E2	4.822372161E1
1.682215667E2	3.557282720E1
1.683975333E2	1.506096025E1
1.685576333E2	-1.006193536E1
1.687335000E2	-3.167165186E1
1.688935333E2	-4.855025830E1
1.690536333E2	-6.245836896E1
1.692295000E2	-6.774065267E1
1.693896000E2	-6.701436637E1
1.695655000E2	-5.942550526E1
1.697255667E2	-4.264815529E1
1.698856333E2	-2.001638173E1
1.700615667E2	-2.999118899E0
1.702215333E2	1.477231009E1
1.703975000E2	3.014069114E1
1.705575667E2	4.569239503E1
1.707176333E2	5.095536755E1
1.708935333E2	5.386910486E1
1.710535667E2	5.429712390E1
1.712295000E2	4.999334657E1
1.713895000E2	4.097935394E1
1.715496000E2	2.402444883E1
1.717255000E2	-7.350437287E-1
1.718855667E2	-2.243399889E1
1.720615000E2	-4.220372175E1
1.722214667E2	-5.774604219E1
1.723974667E2	-6.522938881E1
1.725574667E2	-6.739862584E1
1.727175000E2	-6.441839807E1
1.728935000E2	-5.317205730E1
1.730535333E2	-3.033674525E1
1.732294667E2	-1.189218449E1
1.733895333E2	5.914307362E0
1.735495000E2	2.320263704E1
1.737255000E2	3.632045031E1
1.738855667E2	4.875009257E1
1.740615000E2	5.349408279E1
1.742214667E2	5.470229384E1
1.743815667E2	5.403151471E1
1.745575000E2	4.844335261E1
1.747175667E2	3.653787859E1
1.748934667E2	1.717551158E1
1.750535000E2	-7.001177224E0
1.752135333E2	-2.829247754E1
1.753894333E2	-4.695289973E1
1.755495000E2	-6.092099673E1
1.757254667E2	-6.691843659E1
1.758854667E2	-6.821522497E1
1.760614000E2	-6.264641772E1
1.762214667E2	-4.862833141E1
1.763814333E2	-2.714162311E1
1.765574000E2	-1.095107582E1
1.767175000E2	1.015904326E1
1.768934000E2	2.429446291E1
1.770534667E2	4.033312037E1
1.772135333E2	4.968793328E1
1.773894667E2	5.468050135E1
1.775495000E2	5.490844620E1
1.777254667E2	5.422700204E1
1.778854667E2	4.817958147E1
1.780454333E2	3.624309246E1
1.782214333E2	1.508095475E1
1.783814667E2	-8.212162894E0
1.785574000E2	-2.923472960E1
1.787174000E2	-4.678936220E1
1.788933667E2	-6.171729680E1
1.790534000E2	-6.719749769E1
1.792135000E2	-6.803847812E1
1.793894000E2	-6.212819489E1
1.795494667E2	-4.804268699E1
1.797253333E2	-2.776630759E1
1.798855333E2	-8.791567616E0
1.800454667E2	1.024885818E1
1.802213667E2	2.443275663E1
1.803814333E2	4.046438401E1
1.805573333E2	5.015002080E1
1.807176667E2	5.420567749E1
1.808774333E2	5.486699364E1
1.810533667E2	5.384437554E1
1.812133667E2	4.782141318E1
1.813893333E2	3.615031598E1
1.815494333E2	1.462279731E1
1.817094667E2	-7.863291170E0
1.818853667E2	-2.964136893E1
1.820454667E2	-4.731329835E1
1.822213333E2	-6.121816916E1
1.823814333E2	-6.720376621E1
1.825573000E2	-6.792852878E1
1.827173667E2	-6.131372258E1
1.828774000E2	-4.820459799E1
1.830533333E2	-2.845029751E1
1.832134000E2	-9.492182297E0
1.833893000E2	1.030345827E1
1.835494000E2	2.433253246E1
1.837094667E2	4.013084985E1
1.838853333E2	5.022426691E1
1.840453333E2	5.428561602E1
1.842213000E2	5.529641652E1
1.843813333E2	5.451978292E1
1.845414000E2	4.878892212E1
1.847173333E2	3.640903060E1
1.848775333E2	1.536684763E1
1.850533333E2	-7.634818114E0
1.852133000E2	-2.855397935E1
1.853734000E2	-4.539648521E1
1.855493333E2	-5.954992250E1
1.857093333E2	-6.730624450E1
1.858853333E2	-6.802489373E1
1.860453000E2	-6.235994300E1
1.862212333E2	-5.072632256E1
1.863813333E2	-3.212637578E1
1.865413667E2	-1.128528324E1
1.867173333E2	7.020638134E0
1.868772667E2	2.082860455E1
1.870532667E2	3.630682102E1
1.872133333E2	4.826737540E1
1.873733667E2	5.279804552E1
1.875492667E2	5.494553580E1
1.877093667E2	5.523164184E1
1.878853000E2	5.066466991E1
1.880452667E2	4.076937036E1
1.882053333E2	2.320597013E1
1.883812333E2	-1.041943885E0
1.885413333E2	-2.220992983E1
1.887172667E2	-4.077453242E1
1.888773000E2	-5.598436391E1
1.890532000E2	-6.529727879E1
1.892132667E2	-6.814178852E1
1.893732333E2	-6.400398256E1
1.895492000E2	-5.470715017E1
1.897093333E2	-3.697784127E1
1.898852000E2	-1.507083080E1
1.900453000E2	2.052356896E0
1.902052667E2	1.692540150E1
1.903812667E2	3.080708589E1
1.905413000E2	4.561338472E1
1.907172333E2	5.092178192E1
1.908773000E2	5.430217705E1
1.910373667E2	5.479605278E1
1.912132667E2	5.136629023E1
1.913733333E2	4.352378623E1
1.915492000E2	2.884858317E1
1.917092333E2	4.931183077E0
1.918693000E2	-1.634473585E1
1.920452333E2	-3.556565460E1
1.922052667E2	-5.241681612E1
1.923812333E2	-6.374844983E1
1.925412667E2	-6.820441880E1
1.927172000E2	-6.549910955E1
1.928772667E2	-5.906000723E1
1.930372333E2	-4.434793095E1
1.932132333E2	-2.219516631E1
1.933732000E2	-5.085069420E0
1.935491333E2	1.183864271E1
1.937092667E2	2.624430390E1
1.938693000E2	4.184665531E1
1.940452000E2	5.101412141E1
1.942051667E2	5.485819852E1
1.943811667E2	5.486817820E1
1.945414333E2	5.383334191E1
1.947013333E2	4.783364406E1
1.948771667E2	3.599432831E1
1.950372000E2	1.402983102E1
1.952131667E2	-7.909995501E0
1.953732000E2	-2.757321247E1
1.955332667E2	-4.566297570E1
1.957092333E2	-6.051495303E1
1.958692333E2	-6.724867017E1
1.960451333E2	-6.704250375E1
1.962051667E2	-6.418477735E1
1.963811333E2	-5.330625578E1
1.965411667E2	-3.405803804E1
1.967012667E2	-1.497719373E1
1.968771667E2	2.492090292E0
1.970371333E2	1.682089582E1
1.972131000E2	2.987237711E1
1.973731667E2	4.520424424E1
1.975331667E2	5.002772308E1
1.977091333E2	5.363919994E1
1.978692000E2	5.475687069E1
1.980451000E2	5.265954892E1
1.982052000E2	4.575015925E1
1.983651333E2	3.192301728E1
1.985411000E2	9.871297608E0
1.987011667E2	-9.888678272E0
1.988771667E2	-2.982952171E1
1.990371333E2	-4.870052995E1
1.992130667E2	-6.273983709E1
1.993731000E2	-6.628731830E1
1.995331333E2	-6.666083686E1
1.997091333E2	-6.239303316E1
1.998691667E2	-5.036790430E1
2.000450667E2	-2.982142560E1
2.002051667E2	-1.183044358E1
2.003652000E2	4.920506884E0
2.005411000E2	1.958603296E1
2.007011000E2	3.341162757E1
2.008770667E2	4.621182065E1
2.010371333E2	5.047974013E1
2.011971000E2	5.377463420E1
2.013730667E2	5.493971823E1
2.015331000E2	5.159915288E1
2.017091000E2	4.415166346E1
2.018691000E2	2.882006923E1
2.020291000E2	8.287931550E0
2.022051000E2	-1.074625534E1
2.023651333E2	-3.152845421E1
2.025410667E2	-5.011100737E1
2.027011333E2	-6.257583642E1
2.028770333E2	-6.528453517E1
2.030371000E2	-6.683423793E1
2.031971333E2	-6.271043241E1
2.033730667E2	-4.995862785E1
2.035330333E2	-2.996705281E1
2.037090333E2	-1.384066035E1
2.038691000E2	4.090818085E0
2.040291333E2	1.904476334E1
2.042051000E2	3.249919569E1
2.043651000E2	4.538868548E1
2.045410333E2	4.997365258E1
2.047011000E2	5.404630774E1
2.048611667E2	5.494825043E1
2.050370333E2	5.243347773E1
2.051971000E2	4.519907063E1
2.053730333E2	3.125699269E1
2.055330667E2	1.223284926E1
2.057089667E2	-8.517085263E0
2.058690333E2	-2.966687335E1
2.060290667E2	-4.809253741E1
2.062050333E2	-6.015769328E1
2.063650333E2	-6.523294609E1
2.065409667E2	-6.804168392E1
2.067010333E2	-6.428046060E1
2.068610000E2	-5.365503686E1
2.070370333E2	-3.599286201E1
2.071971000E2	-1.872686659E1
2.073729667E2	-7.434767803E-1
2.075330000E2	1.435560266E1
2.076930333E2	2.863336988E1
2.078690333E2	4.268977894E1
2.080290000E2	5.024398921E1
2.082050000E2	5.466132745E1
2.083650333E2	5.469577146E1
2.085251000E2	5.388360353E1
2.087010333E2	4.814883329E1
2.088610000E2	3.752798839E1
2.090370333E2	2.004677834E1
2.091970333E2	-3.506208085E-1
2.093729667E2	-2.293323394E1
2.095330667E2	-4.118970599E1
2.096930333E2	-5.389387268E1
2.098690000E2	-6.339066453E1
2.100289667E2	-6.789623875E1
2.102049000E2	-6.681497214E1
2.103649667E2	-5.867109514E1
2.105250000E2	-4.440802759E1
2.107010000E2	-2.559336613E1
2.108609667E2	-8.956128039E0
2.110369333E2	9.045529781E0
2.111969333E2	2.210714853E1
2.113569667E2	3.578834997E1
2.115329667E2	4.766755930E1
2.116930333E2	5.194843639E1
2.118689333E2	5.511763026E1
2.120290000E2	5.571583384E1
2.121890333E2	5.336646863E1
2.123649000E2	4.702945335E1
2.125249333E2	3.508513939E1
2.127009000E2	1.684184927E1
2.128609000E2	-4.642259247E0
2.130369000E2	-2.535417523E1
2.131969667E2	-4.216129495E1
2.133569667E2	-5.598684609E1
2.135329333E2	-6.364074816E1
2.136929667E2	-6.627902202E1
2.138688333E2	-6.706435030E1
2.140289333E2	-6.021519909E1
2.141890000E2	-4.578408721E1
2.143648667E2	-2.690818969E1
2.145249000E2	-1.086344793E1
2.147008667E2	5.463952951E0
2.148609000E2	1.865937495E1
2.150209000E2	3.222435050E1
2.151969333E2	4.487054758E1
2.153569667E2	4.921086409E1
2.155328667E2	5.320168592E1
2.156929667E2	5.452840015E1
2.158688667E2	5.368839222E1
2.160289333E2	4.846571471E1
2.161889333E2	3.900516784E1
2.163649000E2	2.267770923E1
2.165249000E2	7.252597968E-1
2.167008667E2	-1.796895484E1
2.168609333E2	-3.612448504E1
2.170209667E2	-5.124081311E1
2.171969000E2	-6.135959412E1
2.173569333E2	-6.724605350E1
2.175328333E2	-6.863464200E1
2.176928667E2	-6.244736164E1
2.178529667E2	-5.233064682E1
2.180288667E2	-3.535818453E1
2.181889333E2	-1.766469700E1
2.183648667E2	-1.087159994E0
2.185249333E2	1.297853320E1
2.186848667E2	2.644489463E1
2.188608667E2	4.055931624E1
2.190209000E2	4.980210790E1
2.191968333E2	5.375063171E1
2.193569000E2	5.422921909E1
2.195327667E2	5.400285729E1
2.196928667E2	5.049068762E1
2.198529333E2	4.273401637E1
2.200288333E2	2.938832589E1
2.201888667E2	8.701125923E0
2.203647667E2	-9.976448195E0
2.205250000E2	-2.915899912E1
2.206848333E2	-4.576545885E1
2.208608333E2	-5.997202013E1
2.210208333E2	-6.539008648E1
2.211967667E2	-6.725570227E1
2.213568667E2	-6.432803731E1
2.215169000E2	-5.735621407E1
2.216928333E2	-4.369964938E1
2.218528000E2	-2.487951531E1
2.220288000E2	-8.472386620E0
2.221888333E2	5.153795378E0
2.223489000E2	1.910679124E1
2.225248000E2	3.115734495E1
2.226848333E2	4.448562328E1
2.228608000E2	4.993242269E1
2.230207667E2	5.370421878E1
2.231967000E2	5.455119030E1
2.233568000E2	5.335429820E1
2.235168667E2	4.865348407E1
2.236927667E2	3.892065861E1
2.238527667E2	2.375133943E1
2.240287000E2	3.265071799E0
2.241888333E2	-1.705171387E1
2.243488000E2	-3.428444471E1
2.245248000E2	-5.003981039E1
2.246848333E2	-6.167786158E1
2.248607667E2	-6.602540446E1
2.250207667E2	-6.635688186E1
2.251807667E2	-6.343307575E1
2.253567667E2	-5.399133205E1
2.255168333E2	-3.788031391E1
2.256927333E2	-2.063306273E1
2.258527667E2	-4.802215227E0
2.260287000E2	9.462768813E0
2.261887333E2	2.313183190E1
2.263487333E2	3.724690739E1
2.265247667E2	4.853822217E1
2.266847333E2	5.211134161E1
2.268606667E2	5.419452170E1
2.270207333E2	5.505587863E1
2.271807667E2	5.259630983E1
2.273567333E2	4.661157207E1
2.275167333E2	3.534348615E1
2.276926667E2	1.699139419E1
2.278527667E2	-2.226899690E0
2.280127000E2	-2.001874440E1
2.281887333E2	-3.786619186E1
2.283487000E2	-5.292487559E1
2.285246667E2	-6.229457927E1
2.286847667E2	-6.586239385E1
2.288447333E2	-6.663385294E1
2.290207000E2	-6.179505920E1
2.291807333E2	-5.155348824E1
2.293567333E2	-3.502510134E1
2.295167667E2	-1.771971912E1
2.296926333E2	-2.909043073E0
2.298527333E2	1.067302615E1
2.300127667E2	2.484198461E1
2.301887000E2	3.747492210E1
2.303487333E2	4.834680692E1
2.305246333E2	5.185480846E1
2.306846667E2	5.460487709E1
2.308447667E2	5.486732223E1
2.310206667E2	5.202225386E1
2.311807333E2	4.582068482E1
2.313566000E2	3.410245416E1
2.315167333E2	1.717622701E1
2.316767667E2	-9.091974673E-1
2.318526667E2	-1.985964350E1
2.320127333E2	-3.830690652E1
2.321886667E2	-5.284449652E1
2.323487000E2	-6.140538602E1
2.325087333E2	-6.574298746E1
2.326847000E2	-6.641533556E1
2.328447333E2	-6.311738178E1
2.330206000E2	-5.345015419E1
2.331806333E2	-3.703686300E1
2.333565667E2	-1.997410343E1
2.335166667E2	-5.568041145E0
2.336767000E2	9.014393196E0
2.338526333E2	2.218183457E1
2.340127000E2	3.522148819E1
2.341886333E2	4.689783787E1
2.343486667E2	5.016960781E1
2.345087000E2	5.343838415E1
2.346846333E2	5.473317382E1
2.348446667E2	5.268781473E1
2.350206000E2	4.784224509E1
2.351806667E2	3.807382392E1
2.353407000E2	2.269572631E1
2.355165667E2	3.140482502E0
2.356766333E2	-1.509002315E1
2.358526000E2	-3.338793261E1
2.360126667E2	-4.887328649E1
2.361886000E2	-5.879343104E1
2.363486000E2	-6.440712742E1
2.365087000E2	-6.814459735E1
2.366846333E2	-6.494711820E1
2.368446667E2	-5.653200131E1
2.370205667E2	-4.231379381E1
2.371806000E2	-2.663580056E1
2.373406333E2	-1.177545584E1
2.375166000E2	4.948589387E0
2.376766000E2	1.766531583E1
2.378525667E2	2.998938797E1
2.380126667E2	4.329834620E1
2.381727000E2	4.975906205E1
2.383486000E2	5.382844006E1
2.385085667E2	5.487536581E1
2.386845333E2	5.432720873E1
2.388446000E2	5.035338021E1
2.390046667E2	4.312006162E1
2.391806000E2	3.097231793E1
2.393406333E2	1.236189132E1
2.395165667E2	-6.946200606E0
2.396765667E2	-2.565828518E1
2.398525000E2	-4.195090752E1
2.400125333E2	-5.471365735E1
2.401726000E2	-6.270524884E1
2.403485333E2	-6.629934836E1
2.405086000E2	-6.733752118E1
2.406844667E2	-6.131923552E1
2.408446000E2	-4.991538909E1
2.410045333E2	-3.447671721E1
2.411805000E2	-1.802285668E1
2.413406333E2	-8.944558315E-1
2.415164667E2	1.141259259E1
2.416765000E2	2.488817365E1
2.418365333E2	3.796386590E1
2.420125333E2	4.816118156E1
2.421725667E2	5.170581278E1
2.423485000E2	5.422691709E1
2.425085667E2	5.486400216E1
2.426685333E2	5.375985789E1
2.428445000E2	4.886616907E1
2.430045667E2	3.914091967E1
2.431805000E2	2.395263982E1
2.433405667E2	5.632078379E0
2.435164667E2	-1.215021366E1
2.436765667E2	-2.957165692E1
2.438366000E2	-4.544720496E1
2.440125000E2	-5.785253419E1
2.441725000E2	-6.429633303E1
2.443484667E2	-6.758978676E1
2.445085000E2	-6.692945692E1
2.446685667E2	-6.109442113E1
2.448445000E2	-5.156337201E1
2.450045000E2	-3.307598801E1
2.451804333E2	-1.591289373E1
2.453405000E2	-9.188241939E-1
2.455005000E2	1.254265220E1
2.456764667E2	2.503567443E1
2.458365333E2	3.865601952E1
2.460125000E2	4.830478112E1
2.461725667E2	5.182291234E1
2.463484333E2	5.373258204E1
2.465084333E2	5.440830485E1
2.466685333E2	5.330860793E1
2.468444667E2	4.820445682E1
2.470044667E2	3.859469372E1
2.471804333E2	2.582473082E1
2.473404333E2	7.253737580E0
2.475005333E2	-1.168039578E1
2.476764333E2	-2.997065528E1
2.478365000E2	-4.543553295E1
2.480124000E2	-5.753347477E1
2.481725000E2	-6.417310136E1
2.483325000E2	-6.792718461E1
2.485084333E2	-6.784558163E1
2.486684333E2	-6.274596070E1
2.488444333E2	-5.393824806E1
2.490044333E2	-3.523282336E1
2.491645000E2	-1.705935618E1
2.493404000E2	-3.724324548E0
2.495004667E2	1.175704767E1
2.496764000E2	2.344330288E1
2.498364667E2	3.707608076E1
2.500123667E2	4.750650062E1
2.501724667E2	5.043664826E1
2.503324667E2	5.330759524E1
2.505084000E2	5.417690416E1
2.506684667E2	5.350746328E1
2.508443667E2	4.848458063E1
2.510044000E2	3.991089348E1
2.511644667E2	2.873077849E1
2.513404333E2	9.438251155E0
2.515003667E2	-7.906093133E0
2.516763333E2	-2.646257275E1
2.518363667E2	-4.255187886E1
2.519964000E2	-5.543346565E1
2.521724333E2	-6.306411071E1
2.523323667E2	-6.873736017E1
2.525083667E2	-6.766388340E1
2.526684000E2	-6.406998840E1
2.528284667E2	-5.731960774E1
2.530043333E2	-4.218785021E1
2.531644667E2	-2.170335192E1
2.533403333E2	-7.850628738E0
2.535003667E2	5.972001934E0
2.536763333E2	1.831439858E1
2.538363333E2	3.086119833E1
2.539963333E2	4.290499013E1
2.541723333E2	4.830408822E1
2.543323333E2	5.228712731E1
2.545083000E2	5.380470297E1
2.546683333E2	5.402404069E1
2.548283667E2	5.092926172E1
2.550043333E2	4.485325807E1
2.551644000E2	3.505799865E1
2.553403333E2	2.001118305E1
2.555003333E2	2.060324371E-1
2.556604333E2	-1.900403358E1
2.558363333E2	-3.604650067E1
2.559964000E2	-4.934107165E1
2.561723333E2	-6.050019199E1
2.563323333E2	-6.729512093E1
2.565083000E2	-6.811640245E1
2.566683000E2	-6.722835081E1
2.568283333E2	-6.158023779E1
2.570042667E2	-5.128687046E1
2.571643000E2	-3.149768414E1
2.573402667E2	-1.571214922E1
2.575003333E2	-1.853151871E0
2.576603000E2	1.191996865E1
2.578363000E2	2.310177797E1
2.579963000E2	3.613124379E1
2.581722667E2	4.696713931E1
2.583323333E2	4.986184878E1
2.584923667E2	5.281032479E1
2.586682667E2	5.397445319E1
2.588283667E2	5.326259367E1
2.590042667E2	4.964351359E1
2.591643000E2	4.371306770E1
2.593243667E2	3.396503365E1
2.595002333E2	1.807834843E1
2.596603667E2	-2.269011388E0
2.598362667E2	-2.033483364E1
2.599963333E2	-3.607298663E1
2.601722000E2	-4.972609012E1
2.603323000E2	-6.132997617E1
2.604923000E2	-6.641354565E1
2.606683000E2	-6.854780915E1
2.608283333E2	-6.743091539E1
2.610042333E2	-6.173035008E1
2.611642667E2	-5.468431400E1
2.613243000E2	-3.576896442E1
2.615002667E2	-1.939015175E1
2.616602667E2	-6.334016887E0
2.618362000E2	7.136538680E0
2.619963000E2	1.936523200E1
2.621563333E2	3.110662165E1
2.623322000E2	4.329187018E1
2.624922333E2	4.863287022E1
2.626682333E2	5.275993709E1
2.628282667E2	5.415274951E1
2.629882667E2	5.394232266E1
2.631642000E2	5.226663852E1
2.633243000E2	4.693785885E1
2.635002000E2	3.846145003E1
2.636602333E2	2.409359713E1
2.638362000E2	5.288072364E0
2.639962667E2	-1.277077600E1
2.641562667E2	-2.863755108E1
2.643322667E2	-4.417558734E1
2.644922333E2	-5.663640528E1
2.646681667E2	-6.422667338E1
2.648282000E2	-6.733062356E1
2.649882000E2	-6.801313033E1
2.651641667E2	-6.469880585E1
2.653241667E2	-5.861769222E1
2.655001667E2	-4.375455002E1
2.656602000E2	-2.674584058E1
2.658203000E2	-1.426753535E1
2.659961667E2	1.097890419E0
2.661562000E2	1.289349677E1
2.663322000E2	2.467045357E1
2.664922000E2	3.497006243E1
2.666681333E2	4.475383482E1
2.668281667E2	4.943732396E1
2.669882667E2	5.274861346E1
2.671641667E2	5.403338089E1
2.673241333E2	5.380964426E1
2.675001000E2	5.115257026E1
2.676601333E2	4.560870091E1
2.678203333E2	3.628683634E1
2.679961667E2	2.122117350E1
2.681561333E2	3.900792419E0
2.683321333E2	-1.201225607E1
2.684921333E2	-2.961944929E1
2.686522000E2	-4.452767924E1
2.688281667E2	-5.664728735E1
2.689882000E2	-6.343521547E1
2.691641333E2	-6.820950965E1
2.693242000E2	-6.826077336E1
2.694842333E2	-6.513144191E1
2.696601000E2	-5.972003844E1
2.698202000E2	-4.710147007E1
2.699961000E2	-2.992871459E1
2.701561667E2	-1.479399089E1
2.703320667E2	1.130174753E0
2.704921667E2	1.207187109E1
2.706522000E2	2.420138631E1
2.708281000E2	3.434450238E1
2.709881333E2	4.501382476E1
2.711641000E2	4.944528399E1
2.713241667E2	5.341474431E1
2.714841333E2	5.505725145E1
2.716601333E2	5.517294288E1
2.718201667E2	5.330650556E1
2.719960667E2	4.864025630E1
2.721560667E2	3.982288435E1
2.723162000E2	2.738098447E1
2.724921333E2	9.373955399E0
2.726522000E2	-6.835828935E0
2.728281000E2	-2.374108822E1
2.729881000E2	-3.908508922E1
2.731481667E2	-5.146339541E1
2.733241000E2	-6.122085916E1
2.734841000E2	-6.665944854E1
2.736600333E2	-6.776411603E1
2.738200667E2	-6.800285617E1
2.739960000E2	-6.306930119E1
2.741561000E2	-5.562240412E1
2.743160667E2	-3.901052088E1
2.744920667E2	-2.346783006E1
2.746521333E2	-1.014404274E1
2.748280333E2	3.260541344E0
2.749880667E2	1.423607810E1
2.751481667E2	2.650773699E1
2.753240667E2	3.702745428E1
2.754841667E2	4.660922018E1
2.756600667E2	5.020466416E1
2.758201000E2	5.339404219E1
2.759801667E2	5.434456810E1
2.761561000E2	5.433839155E1
2.763161000E2	5.185564344E1
2.764920667E2	4.664899586E1
2.766520667E2	3.762606342E1
2.768280333E2	2.421962177E1
2.769881000E2	8.002642489E0
2.771481333E2	-7.970393151E0
2.773240000E2	-2.505831818E1
2.774841000E2	-3.948704737E1
2.776599667E2	-5.228110170E1
2.778200667E2	-6.145657104E1
2.779800667E2	-6.572224784E1
2.781560667E2	-6.814945498E1
2.783160000E2	-6.763025514E1
2.784919667E2	-6.311852521E1
2.786520333E2	-5.621716897E1
2.788121000E2	-4.029170860E1
2.789880333E2	-2.368627767E1
2.791481000E2	-1.095151873E1
2.793240000E2	1.611186751E0
2.794840667E2	1.281784786E1
2.796440667E2	2.500980072E1
2.798200333E2	3.517575916E1
2.799801000E2	4.510474115E1
2.801560000E2	4.849013254E1
2.803160333E2	5.276789975E1
2.804919667E2	5.397509138E1
2.806520333E2	5.433463759E1
2.808119667E2	5.206645846E1
2.809879333E2	4.723033329E1
2.811479667E2	3.903531394E1
2.813239333E2	2.791275008E1
2.814839667E2	1.105604207E1
2.816439667E2	-5.295432641E0
2.818199333E2	-2.121310231E1
2.819800333E2	-3.689756407E1
2.821559667E2	-4.963848718E1
2.823159333E2	-6.043874726E1
2.824760667E2	-6.498572342E1
2.826520000E2	-6.811747813E1
2.828120000E2	-6.802084489E1
2.829879333E2	-6.471376065E1
2.831479667E2	-5.939390443E1
2.833079667E2	-4.457484384E1
2.834840000E2	-2.781542128E1
2.836440000E2	-1.477037755E1
2.838199667E2	-1.071908033E0
2.839800000E2	9.718231525E0
2.841559000E2	2.186904631E1
2.843159000E2	3.127351306E1
2.844759333E2	4.283064603E1
2.846519667E2	4.786598542E1
2.848120000E2	5.195023194E1
2.849878667E2	5.372819326E1
2.851479000E2	5.379805251E1
2.853079667E2	5.334136078E1
2.854839333E2	4.914849552E1
2.856439000E2	4.290944368E1
2.858198667E2	3.314147445E1
2.859799667E2	1.757689589E1
2.861400000E2	-1.265982130E-1
2.863158667E2	-1.680837579E1
2.864760000E2	-3.185765232E1
2.866519000E2	-4.496568797E1
2.868119333E2	-5.604573853E1
2.869878333E2	-6.345335182E1
2.871479000E2	-6.766412781E1
2.873079667E2	-6.774306990E1
2.874838667E2	-6.684223243E1
2.876439667E2	-6.254143157E1
2.878198333E2	-5.211668997E1
2.879798667E2	-3.509712715E1
2.881400000E2	-2.189445425E1
2.883159000E2	-8.576573257E0
2.884759000E2	3.324842833E0
2.886518000E2	1.491831199E1
2.888119000E2	2.620629208E1
2.889719667E2	3.686227034E1
2.891478667E2	4.568565556E1
2.893079000E2	4.919817973E1
2.894838333E2	5.294361457E1
2.896438333E2	5.387961847E1
2.898039333E2	5.387877898E1
2.899798667E2	5.208981342E1
2.901399000E2	4.795273316E1
2.903158333E2	4.062860159E1
2.904759000E2	2.936716236E1
2.906518000E2	1.218551354E1
2.908118667E2	-3.553793652E0
2.909719333E2	-1.882806274E1
2.911479000E2	-3.393457029E1
2.913079000E2	-4.760179230E1
2.914838333E2	-5.914999377E1
2.916438667E2	-6.442043898E1
2.918039000E2	-6.756727608E1
2.919798667E2	-6.768051235E1
2.921399000E2	-6.699559812E1
2.923157667E2	-6.246755511E1
2.924758000E2	-5.145999805E1
2.926358333E2	-3.363311913E1
2.928118667E2	-2.117395693E1
2.929718333E2	-7.478131965E0
2.931477667E2	3.734682035E0
2.933078667E2	1.512343054E1
2.934679000E2	2.601942885E1
2.936438333E2	3.714454780E1
2.938038000E2	4.561897324E1
2.939798000E2	4.906125837E1
2.941398333E2	5.251746005E1
2.943157667E2	5.351226813E1
2.944757667E2	5.368580256E1
2.946358000E2	5.229710574E1
2.948117333E2	4.809044709E1
2.949717667E2	4.043348380E1
2.951477000E2	2.942285220E1
2.953077667E2	1.355763605E1
2.954678667E2	-1.566952305E0
2.956438000E2	-1.781228385E1
2.958039667E2	-3.378304527E1
2.959797667E2	-4.676070846E1
2.961397667E2	-5.786989040E1
2.962998000E2	-6.362466678E1
2.964757667E2	-6.657615758E1
2.966357333E2	-6.912883592E1
2.968117667E2	-6.683666357E1
2.969718333E2	-6.204319868E1
2.971477333E2	-5.143800401E1
2.973078000E2	-3.528497055E1
2.974677667E2	-2.357496455E1
2.976437333E2	-9.361544983E0
2.978037667E2	1.948191643E0
2.979797000E2	1.319135605E1
2.981397667E2	2.402409662E1
2.982998000E2	3.387446150E1
2.984757333E2	4.372412876E1
2.986358000E2	4.769758774E1
2.988116667E2	5.183321084E1
2.989717667E2	5.356950610E1
2.991317333E2	5.379893450E1
2.993077000E2	5.324245187E1
2.994678000E2	4.922431036E1
2.996437000E2	4.348692824E1
2.998037000E2	3.435521961E1
2.999638000E2	2.086310729E1
3.001397667E2	5.229177571E0
3.002997000E2	-1.047725392E1
3.004757000E2	-2.616508506E1
3.006357667E2	-3.929206794E1
3.008116667E2	-5.133533925E1
3.009716667E2	-6.026664828E1
3.011317000E2	-6.521590380E1
3.013077000E2	-6.856024655E1
3.014677667E2	-6.780751157E1
3.016436667E2	-6.516467414E1
3.018037333E2	-6.071433855E1
3.019638000E2	-4.998049240E1
3.021397333E2	-3.336513952E1
3.022997667E2	-2.068655761E1
3.024757000E2	-6.990316586E0
3.026357333E2	2.434106949E0
3.027957667E2	1.432477260E1
3.029716333E2	2.484046241E1
3.031317667E2	3.492791455E1
3.033077000E2	4.411203028E1
3.034677333E2	4.802122956E1
3.036278000E2	5.218235638E1
3.038037000E2	5.371949626E1
3.039636667E2	5.425404697E1
3.041396667E2	5.383614386E1
3.042996667E2	4.974231698E1
3.044756333E2	4.501296981E1
3.046356333E2	3.635663288E1
3.047956667E2	2.379642286E1
3.049716333E2	8.601324636E0
3.051317000E2	-6.844566185E0
3.053076000E2	-2.221178013E1
3.054676333E2	-3.695463904E1
3.056277333E2	-4.876850195E1
3.058036667E2	-5.868958915E1
3.059637000E2	-6.407531513E1
3.061396333E2	-6.773840478E1
3.062997000E2	-6.802564036E1
3.064597000E2	-6.775584202E1
3.066356333E2	-6.311556942E1
3.067956667E2	-5.461152656E1
3.069716000E2	-3.983680902E1
3.071316000E2	-2.629832322E1
3.073075667E2	-1.488079545E1
3.074676333E2	-2.008635100E0
3.076277000E2	8.401818814E0
3.078036000E2	1.884431982E1
3.079636667E2	2.822335701E1
3.081396000E2	3.866260799E1
3.082996667E2	4.742077120E1
3.084596333E2	5.018085841E1
3.086356000E2	5.270171669E1
3.087956667E2	5.376109503E1
3.089715333E2	5.421989930E1
3.091319333E2	5.377989396E1
3.092917667E2	4.974465448E1
3.094676000E2	4.392698281E1
3.096275667E2	3.497382134E1
3.098035333E2	2.124584560E1
3.099636000E2	6.719263286E0
3.101236667E2	-9.950406812E0
3.102996000E2	-2.382094989E1
3.104595667E2	-3.794916241E1
3.106355333E2	-4.969107823E1
3.107955667E2	-5.907117075E1
3.109715000E2	-6.422439144E1
3.111315667E2	-6.729122606E1
3.112915667E2	-6.852496387E1
3.114676333E2	-6.744597914E1
3.116275667E2	-6.345438089E1
3.118035333E2	-5.519719724E1
3.119635333E2	-4.080077221E1
3.121235667E2	-2.880620943E1
3.122995667E2	-1.586968940E1
3.124596000E2	-4.482599522E0
3.126355333E2	6.033308445E0
3.127955000E2	1.640765306E1
3.129556000E2	2.608316870E1
3.131315333E2	3.601748924E1
3.132915333E2	4.514612118E1
3.134675000E2	4.840563403E1
3.136275667E2	5.217277567E1
3.137875333E2	5.406808906E1
3.139635000E2	5.469853256E1
3.141236000E2	5.407715734E1
3.142995333E2	5.113427604E1
3.144595667E2	4.671363599E1
3.146354667E2	3.892694214E1
3.147954667E2	2.808121713E1
3.149555000E2	1.328943494E1
3.151315000E2	-1.002365154E0
3.152915333E2	-1.594791521E1
3.154674333E2	-2.997094721E1
3.156275333E2	-4.289309110E1
3.157875000E2	-5.251771191E1
3.159634333E2	-6.082179214E1
3.161235667E2	-6.532538597E1
3.162994667E2	-6.835250799E1
3.164595000E2	-6.759695994E1
3.166195000E2	-6.591753624E1
3.167954333E2	-6.141341425E1
3.169555333E2	-5.252557204E1
3.171314333E2	-3.713201278E1
3.172915000E2	-2.569381439E1
3.174674000E2	-1.342335363E1
3.176275000E2	-1.950114201E0
3.177875667E2	8.793785005E0
3.179635000E2	1.869670949E1
3.181234333E2	2.799136671E1
3.182994333E2	3.809282757E1
3.184594333E2	4.638806253E1
3.186194333E2	4.928431211E1
3.187954667E2	5.279669509E1
3.189554667E2	5.423541258E1
3.191313667E2	5.468452302E1
3.192914667E2	5.413082372E1
3.194515333E2	5.088001478E1
3.196274667E2	4.617569700E1
3.197875000E2	3.864769210E1
3.199634000E2	2.814043822E1
3.201235000E2	1.382179956E1
3.202834333E2	-1.755616397E0
3.204594667E2	-1.596623787E1
3.206194333E2	-2.979385301E1
3.207954000E2	-4.160080805E1
3.209554000E2	-5.176746426E1
3.211313667E2	-6.061395175E1
3.212914333E2	-6.542135319E1
3.214514333E2	-6.822049235E1
3.216274333E2	-6.818247040E1
3.217874667E2	-6.727730757E1
3.219633333E2	-6.339820202E1
3.221234000E2	-5.467863234E1
3.222834667E2	-4.146886440E1
3.224594000E2	-2.919521071E1
3.226194333E2	-1.565845573E1
3.227953667E2	-5.081953505E0
3.229554000E2	4.874827563E0
3.231155000E2	1.536407006E1
3.232914000E2	2.504677501E1
3.234514333E2	3.412623581E1
3.236274000E2	4.310567290E1
3.237874333E2	4.834848236E1
3.239473667E2	5.204614602E1
3.241234333E2	5.394790296E1
3.242834333E2	5.431840041E1
3.244593667E2	5.441860143E1
3.246193667E2	5.291462411E1
3.247953333E2	4.894111725E1
3.249553667E2	4.206329577E1
3.251154333E2	3.292284609E1
3.252913333E2	1.943240633E1
3.254514333E2	5.144152454E0
3.256273333E2	-9.676864800E0
3.257873667E2	-2.350167831E1
3.259473667E2	-3.630104565E1
3.261233667E2	-4.808428816E1
3.262834000E2	-5.754327098E1
3.264593667E2	-6.317705459E1
3.266193333E2	-6.760548679E1
3.267794333E2	-6.835267600E1
3.269553000E2	-6.823108963E1
3.271153333E2	-6.494692228E1
3.272913000E2	-5.964861313E1
3.274513667E2	-4.824273788E1
3.276272667E2	-3.446338751E1
3.277873333E2	-2.313906578E1
3.279473667E2	-1.046671042E1
3.281233667E2	-1.043377042E0
3.282833000E2	1.003100945E1
3.284592333E2	1.929845057E1
3.286193667E2	2.837920476E1
3.287793667E2	3.827041608E1
3.289553333E2	4.656474540E1
3.291153000E2	4.948021551E1
3.292913000E2	5.267050347E1
3.294513000E2	5.399348679E1
3.296113333E2	5.453096466E1
3.297873333E2	5.411157656E1
3.299473667E2	5.110101563E1
3.301233000E2	4.701723043E1
3.302833333E2	3.962938603E1
3.304433333E2	2.952494197E1
3.306193000E2	1.609718313E1
3.307793333E2	2.208800175E0
3.309552667E2	-1.303183932E1
3.311153667E2	-2.593682081E1
3.312912333E2	-3.793698595E1
3.314512667E2	-4.888487490E1
3.316114000E2	-5.845262533E1
3.317872667E2	-6.370572346E1
3.319472667E2	-6.775133724E1
3.321232333E2	-6.855556813E1
3.322832333E2	-6.818672124E1
3.324433333E2	-6.519336548E1
3.326192667E2	-5.968429205E1
3.327792667E2	-4.878556352E1
3.329552667E2	-3.491032954E1
3.331152667E2	-2.310226417E1
3.332752667E2	-1.204892195E1
3.334512667E2	-2.074182098E0
3.336112667E2	8.428450170E0
3.337872667E2	1.816537027E1
3.339472333E2	2.702739480E1
3.341073333E2	3.637114312E1
3.342832667E2	4.514879636E1
3.344433000E2	4.883883661E1
3.346192667E2	5.214890873E1
3.347792333E2	5.388393416E1
3.349552333E2	5.460370207E1
3.351152667E2	5.413577174E1
3.352753333E2	5.266485830E1
3.354512667E2	4.895544211E1
3.356113000E2	4.262903115E1
3.357871667E2	3.421913841E1
3.359472333E2	2.128435185E1
3.361073000E2	6.931693212E0
3.362832333E2	-6.874457919E0
3.364432000E2	-2.056769602E1
3.366192000E2	-3.361581667E1
3.367792667E2	-4.497261691E1
3.369393000E2	-5.506289437E1
3.371152000E2	-6.146904538E1
3.372752667E2	-6.535294417E1
3.374512333E2	-6.845931163E1
3.376112667E2	-6.840310664E1
3.377871333E2	-6.704204787E1
3.379471667E2	-6.254239888E1
3.381073000E2	-5.443696459E1
3.382832000E2	-4.096515300E1
3.384432333E2	-2.900429498E1
3.386191333E2	-1.780342927E1
3.387791667E2	-6.925674142E0
3.389392667E2	2.269582888E0
3.391151667E2	1.320405625E1
3.392751333E2	2.237630987E1
3.394511000E2	3.010581169E1
3.396111333E2	3.956696907E1
3.397711667E2	4.739925551E1
3.399471667E2	5.035751789E1
3.401071333E2	5.281991889E1
3.402831333E2	5.401026014E1
3.404432000E2	5.476923088E1
3.406031667E2	5.419919945E1
3.407791667E2	5.135233090E1
3.409391667E2	4.720934154E1
3.411151000E2	4.021766399E1
3.412752000E2	3.174478043E1
3.414510667E2	1.743598976E1
3.416111667E2	3.875239904E0
3.417711333E2	-9.777027973E0
3.419471333E2	-2.210211003E1
3.421072333E2	-3.496671766E1
3.422830333E2	-4.684479600E1
3.424431667E2	-5.595699725E1
3.426032000E2	-6.147705257E1
3.427791000E2	-6.620548584E1
3.429391333E2	-6.927945494E1
3.431151000E2	-6.809635377E1
3.432751000E2	-6.584924901E1
3.434351000E2	-6.249250739E1
3.436111333E2	-5.565127095E1
3.437711667E2	-4.277997123E1
3.439470667E2	-2.993266998E1
3.441071667E2	-1.899712182E1
3.442830667E2	-8.312898838E0
3.444431000E2	1.054160248E0
3.446031000E2	1.205063765E1
3.447791000E2	2.088186024E1
3.449391333E2	2.846666812E1
3.451150000E2	3.859723458E1
3.452751000E2	4.690670464E1
3.454351333E2	4.965715520E1
3.456110667E2	5.277745821E1
3.457711333E2	5.469839614E1
3.459470333E2	5.509896493E1
3.461071000E2	5.494509769E1
3.462670667E2	5.395463898E1
3.464430667E2	5.015538690E1
3.466031000E2	4.564417406E1
3.467790000E2	3.797680198E1
3.469390333E2	2.643653436E1
3.470990667E2	1.322399995E1
3.472750667E2	-8.329252569E-1
3.474350667E2	-1.446817662E1
3.476110333E2	-2.696085307E1
3.477711000E2	-3.887723780E1
3.479469667E2	-4.879675326E1
3.481070000E2	-5.739306808E1
3.482670333E2	-6.307392088E1
3.484430000E2	-6.670340950E1
3.486030000E2	-6.814512458E1
3.487790000E2	-6.814947487E1
3.489390667E2	-6.649788154E1
3.490991333E2	-6.292082921E1
3.492750333E2	-5.452753968E1
3.494350000E2	-4.114679777E1
3.496110000E2	-3.104115521E1
3.497710667E2	-1.997465486E1
3.499310333E2	-9.033771107E0
3.501070333E2	2.817908000E-1
3.502670667E2	1.031353501E1
3.504430333E2	1.911037031E1
3.506030667E2	2.730455958E1
3.507631000E2	3.681662771E1
3.509390333E2	4.538519094E1
3.510991000E2	4.876628881E1
3.512750000E2	5.183164670E1
3.514350333E2	5.386685414E1
3.516110000E2	5.468619278E1
3.517710000E2	5.477248690E1
3.519310000E2	5.405522630E1
3.521070333E2	5.076248634E1
3.522670333E2	4.614704140E1
3.524429333E2	3.836918105E1
3.526030333E2	2.805045182E1
3.527630333E2	1.508970410E1
3.529389667E2	1.234582281E0
3.530990333E2	-1.277315155E1
3.532749333E2	-2.586515716E1
3.534349667E2	-3.738533278E1
3.535950667E2	-4.807847523E1
3.537709667E2	-5.700822989E1
3.539309333E2	-6.254549814E1
3.541069667E2	-6.620400960E1
3.542669333E2	-6.881808642E1
3.544429000E2	-6.798631183E1
3.546030000E2	-6.664118012E1
3.547629333E2	-6.277077265E1
3.549389667E2	-5.405021032E1
3.550989333E2	-4.177995256E1
3.552748667E2	-2.994041348E1
3.554349667E2	-1.875243227E1
3.555950333E2	-7.222578020E0
3.557710000E2	2.042858264E0
3.559310000E2	1.176639762E1
3.561069000E2	2.069405471E1
3.562669667E2	2.834732609E1
3.564269333E2	3.794507682E1
3.566030333E2	4.616352467E1
3.567630333E2	4.895913206E1
3.569389000E2	5.206405904E1
3.570989000E2	5.378613667E1
3.572590000E2	5.483340448E1
3.574348667E2	5.477239212E1
3.575949000E2	5.306010197E1
3.577709000E2	5.007397968E1
3.579309000E2	4.570672869E1
3.581068333E2	3.809901967E1
3.582669333E2	2.809733726E1
3.584269667E2	1.400292258E1
3.586029000E2	1.249103043E-1
3.587629000E2	-1.356462293E1
3.589388333E2	-2.588912431E1
3.590989333E2	-3.734680382E1
3.592589667E2	-4.809917147E1
3.594348667E2	-5.694465212E1
3.595949333E2	-6.238183584E1
3.597708333E2	-6.608088825E1
3.599308333E2	-6.850852981E1
3.600909333E2	-6.866127127E1
3.602668667E2	-6.691929070E1
3.604268333E2	-6.328760960E1
3.606028000E2	-5.648728692E1
3.607629000E2	-4.459490171E1
3.609229333E2	-3.295081271E1
3.610988333E2	-2.283334706E1
3.612588667E2	-1.164654931E1
3.614348667E2	-2.726610504E0
3.615948333E2	7.362229246E0
3.617708000E2	1.590677242E1
3.619308667E2	2.426343254E1
3.620908667E2	3.208782345E1
3.622668000E2	4.013887581E1
3.624269000E2	4.714531316E1
3.626028000E2	5.009792770E1
3.627628000E2	5.270209075E1
3.629228667E2	5.408979165E1
3.630988667E2	5.459261572E1
3.632589000E2	5.430513805E1
3.634348000E2	5.344015763E1
3.635948333E2	4.978981230E1
3.637549000E2	4.483396845E1
3.639308000E2	3.706545609E1
3.640908333E2	2.597447658E1
3.642668333E2	1.390659346E1
3.644268000E2	1.846884317E-1
3.646028000E2	-1.392236100E1
3.647627667E2	-2.609755058E1
3.649228667E2	-3.743002306E1
3.650988000E2	-4.790197521E1
3.652588333E2	-5.588135517E1
3.654347667E2	-6.164900347E1
3.655948000E2	-6.537496030E1
3.657548333E2	-6.742198342E1
3.659307667E2	-6.823303059E1
3.660909667E2	-6.791948881E1
3.662667667E2	-6.404104681E1
3.664268333E2	-5.847139457E1
3.665868000E2	-4.825656536E1
3.667627667E2	-3.569930064E1
3.669228667E2	-2.434720362E1
3.670987333E2	-1.325069267E1
3.672588000E2	-5.134373063E0
3.674188667E2	5.899993358E0
3.675947667E2	1.416671891E1
3.677547667E2	2.288396060E1
3.679307667E2	2.979022098E1
3.680907667E2	3.845114643E1
3.682667333E2	4.630784579E1
3.684267333E2	4.928798392E1
3.685868333E2	5.265434355E1
3.687627000E2	5.438071233E1
3.689227333E2	5.494673457E1
3.690987333E2	5.498785776E1
3.692588333E2	5.439021611E1
3.694187667E2	5.118386080E1
3.695948000E2	4.694054839E1
3.697548000E2	3.994757811E1
3.699306667E2	3.116602827E1
3.700907000E2	1.793046548E1
3.702507333E2	5.112984100E0
3.704267333E2	-7.691405179E0
3.705867333E2	-1.972706640E1
3.707627333E2	-3.143219819E1
3.709227333E2	-4.214353119E1
3.710828333E2	-5.078163937E1
3.712587333E2	-5.866632284E1
3.714187667E2	-6.271687077E1
3.715947333E2	-6.612433048E1
3.717547667E2	-6.852478278E1
3.719306667E2	-6.820174135E1
3.720907333E2	-6.688638528E1
3.722506667E2	-6.302863277E1
3.724266667E2	-5.732751386E1
3.725867333E2	-4.741548569E1
3.727626333E2	-3.469998658E1
3.729227333E2	-2.367732936E1
3.730828000E2	-1.316293385E1
3.732587000E2	-5.495929137E0
3.734187333E2	4.996292320E0
3.735946667E2	1.318917405E1
3.737547000E2	2.149819852E1
3.739147333E2	2.841996971E1
3.740906667E2	3.721375118E1
3.742507333E2	4.581857187E1
3.744266333E2	4.932213720E1
3.745866333E2	5.256917183E1
3.747626000E2	5.392016737E1
3.749226667E2	5.464343283E1
3.750827333E2	5.525492819E1
3.752586333E2	5.487171494E1
3.754187333E2	5.242717924E1
3.755946333E2	4.878321945E1
3.757546333E2	4.263284922E1
3.759147333E2	3.488543352E1
3.760906333E2	2.242140515E1
3.762506667E2	1.052339782E1
3.764265667E2	-1.950284039E0
3.765866000E2	-1.514825597E1
3.767467000E2	-2.683298768E1
3.769226333E2	-3.798005505E1
3.770827000E2	-4.749173177E1
3.772586000E2	-5.538560512E1
3.774186667E2	-6.140032004E1
3.775787333E2	-6.509812197E1
3.777546333E2	-6.803184443E1
3.779147000E2	-6.803789204E1
3.780906333E2	-6.747445089E1
3.782506667E2	-6.528050210E1
3.784265667E2	-6.168080615E1
3.785866333E2	-5.454501187E1
3.787466667E2	-4.132780030E1
3.789226000E2	-3.014805981E1
3.790826000E2	-2.076539119E1
3.792585667E2	-1.198303027E1
3.794185667E2	-2.935327072E0
3.795787000E2	6.954088010E0
3.797545667E2	1.500275981E1
3.799146000E2	2.255045184E1
3.800905667E2	3.009689573E1
3.802506333E2	3.786641299E1
3.804106000E2	4.579831587E1
3.805866333E2	4.888915634E1
3.807467000E2	5.219933757E1
3.809226000E2	5.391426656E1
3.810826000E2	5.458358870E1
3.812427333E2	5.488710251E1
3.814186000E2	5.442360348E1
3.815786667E2	5.266675084E1
3.817546000E2	4.973387670E1
3.819145667E2	4.429188199E1
3.820905000E2	3.699359862E1
3.822505333E2	2.663616541E1
3.824106667E2	1.510898526E1
3.825865333E2	3.224272230E0
3.827466000E2	-8.871496534E0
3.829225000E2	-2.087767829E1
3.830825667E2	-3.202773837E1
3.832426333E2	-4.173749720E1
3.834185000E2	-5.095025071E1
3.835786333E2	-5.840414190E1
3.837545333E2	-6.305473932E1
3.839146000E2	-6.702189758E1
3.840746000E2	-6.761267823E1
3.842505000E2	-6.737203686E1
3.844106000E2	-6.766548852E1
3.845865333E2	-6.479345122E1
3.847465667E2	-5.950220910E1
3.849224667E2	-4.901334379E1
3.850825333E2	-3.814545659E1
3.852425333E2	-3.004426224E1
3.854185333E2	-1.932826843E1
3.855785667E2	-1.083920779E1
3.857544667E2	-3.471129340E-1
3.859144667E2	7.368637566E0
3.860746000E2	1.533784469E1
3.862505333E2	2.306424574E1
3.864105000E2	3.003874615E1
3.865864333E2	3.785961462E1
3.867465667E2	4.521746973E1
3.869065000E2	4.854470565E1
3.870824667E2	5.141886703E1
3.872425333E2	5.314207883E1
3.874185000E2	5.485958628E1
3.875785333E2	5.512312434E1
3.877385667E2	5.499846574E1
3.879145000E2	5.282201992E1
3.880744667E2	5.004095289E1
3.882504333E2	4.622051082E1
3.884105000E2	3.974311675E1
3.885864000E2	3.152831301E1
3.887465000E2	1.918099597E1
3.889065333E2	6.891936517E0
3.890825000E2	-4.913238109E0
3.892425000E2	-1.605685467E1
3.894184000E2	-2.732015366E1
3.895785000E2	-3.828641726E1
3.897384667E2	-4.733518894E1
3.899144667E2	-5.407095454E1
3.900745000E2	-6.016300022E1
3.902504000E2	-6.435966615E1
3.904105000E2	-6.746188670E1
3.905705000E2	-6.863126995E1
3.907464667E2	-6.865380423E1
3.909065000E2	-6.672009792E1
3.910824333E2	-6.347489670E1
3.912424333E2	-5.828974987E1
3.914024333E2	-4.957611901E1
3.915784667E2	-3.821456660E1
3.917385000E2	-2.829782817E1
3.919144667E2	-1.918819116E1
3.920745333E2	-1.082430272E1
3.922504333E2	-1.939831820E0
3.924104000E2	6.549489254E0
3.925704667E2	1.401763533E1
3.927464333E2	2.137809322E1
3.929064333E2	2.755370947E1
3.930824000E2	3.592701590E1
3.932424667E2	4.389588238E1
3.934025000E2	4.852235604E1
3.935784000E2	5.093666972E1
3.937384667E2	5.284861131E1
3.939144000E2	5.442605872E1
3.940744333E2	5.487675229E1
3.942344667E2	5.488833073E1
3.944104000E2	5.447627120E1
3.945705000E2	5.163461928E1
3.947464000E2	4.806914060E1
3.949064000E2	4.213858000E1
3.950823667E2	3.522153212E1
3.952423667E2	2.483129130E1
3.954023667E2	1.420473346E1
3.955783333E2	1.856551094E0
3.957383667E2	-9.911922708E0
3.959143333E2	-2.089490963E1
3.960744333E2	-3.085923305E1
3.962345000E2	-4.021549351E1
3.964103667E2	-4.914273841E1
3.965704000E2	-5.633438480E1
3.967463000E2	-6.125875821E1
3.969064333E2	-6.504136219E1
3.970664667E2	-6.736874545E1
3.972424000E2	-6.822508139E1
3.974024000E2	-6.834243201E1
3.975783333E2	-6.680636210E1
3.977384000E2	-6.346850798E1
3.978983333E2	-5.833462370E1
3.980743333E2	-4.885374837E1
3.982344333E2	-3.889027375E1
3.984103333E2	-2.955844816E1
3.985704000E2	-2.090946695E1
3.987463333E2	-1.265871339E1
3.989064000E2	-3.555611332E0
3.990664000E2	4.660120794E0
3.992423333E2	1.211144046E1
3.994023000E2	1.949716220E1
3.995782667E2	2.660431658E1
3.997383667E2	3.456007867E1
3.998983000E2	4.181165542E1
4.000744333E2	4.712580886E1
4.002344000E2	4.942876655E1
4.004102333E2	5.232962257E1
4.005703667E2	5.377135294E1
4.007303333E2	5.526106235E1
4.009063333E2	5.526610482E1
4.010663667E2	5.467286901E1
4.012423000E2	5.233609123E1
4.014023333E2	4.960763970E1
4.015624000E2	4.601090820E1
4.017383000E2	3.950346984E1
4.018983000E2	3.139899087E1
4.020743333E2	2.036297902E1
4.022343000E2	9.114617602E0
4.024102333E2	-2.632232027E0
4.025703000E2	-1.458886477E1
4.027303667E2	-2.521267863E1
4.029062667E2	-3.525815893E1
4.030663000E2	-4.474613407E1
4.032422333E2	-5.204737402E1
4.034022333E2	-5.854635963E1
4.035623667E2	-6.255736413E1
4.037382667E2	-6.616631202E1
4.038982333E2	-6.823290931E1
4.040742667E2	-6.838149712E1
4.042342333E2	-6.779167790E1
4.043943667E2	-6.539387747E1
4.045702667E2	-6.211609450E1
4.047303000E2	-5.593124082E1
4.049062333E2	-4.532538787E1
4.050662000E2	-3.477860082E1
4.052421667E2	-2.620039738E1
4.054022333E2	-1.720542524E1
4.055622333E2	-8.190327233E0
4.057382333E2	2.962065419E-1
4.058983333E2	7.990324184E0
4.060741667E2	1.517108982E1
4.062342333E2	2.266084492E1
4.063943000E2	2.880738674E1
4.065702333E2	3.668087045E1
4.067302000E2	4.416887009E1
4.069061333E2	4.827074919E1
4.070662667E2	5.070634807E1
4.072262333E2	5.232867042E1
4.074022333E2	5.347037480E1
4.075622667E2	5.419472090E1
4.077381667E2	5.465828162E1
4.078982667E2	5.419087879E1
4.080583000E2	5.257977855E1
4.082342333E2	4.961826018E1
4.083942667E2	4.498757398E1
4.085701667E2	3.820883580E1
4.087302333E2	2.974159719E1
4.089061667E2	1.891741688E1
4.090662000E2	7.308521490E0
4.092262333E2	-3.939309964E0
4.094021333E2	-1.486228629E1
4.095622333E2	-2.540454083E1
4.097381333E2	-3.541750158E1
4.098982333E2	-4.479210586E1
4.100583000E2	-5.279796719E1
4.102342000E2	-5.845770032E1
4.103942667E2	-6.336742340E1
4.105702000E2	-6.642250363E1
4.107301667E2	-6.835979616E1
4.108901667E2	-6.833023360E1
4.110661667E2	-6.808685763E1
4.112262000E2	-6.575308724E1
4.114021333E2	-6.291574798E1
4.115622000E2	-5.751207277E1
4.117222667E2	-4.822749142E1
4.118981333E2	-3.877979128E1
4.120582333E2	-3.125804150E1
4.122341667E2	-2.208826999E1
4.123942000E2	-1.406142027E1
4.125701000E2	-4.965018769E0
4.127301333E2	2.029229553E0
4.128902667E2	9.069904127E0
4.130661667E2	1.592450134E1
4.132262000E2	2.265342474E1
4.134020667E2	2.810393950E1
4.135621667E2	3.562734148E1
4.137222333E2	4.304564853E1
4.138981333E2	4.794117010E1
4.140581333E2	5.008414643E1
4.142340667E2	5.204979530E1
4.143941000E2	5.323487747E1
4.145541667E2	5.446633308E1
4.147301333E2	5.472164247E1
4.148901000E2	5.445962529E1
4.150661000E2	5.336981837E1
4.152261333E2	5.067541997E1
4.154020333E2	4.710261841E1
4.155620667E2	4.190586873E1
4.157221333E2	3.540878705E1
4.158980667E2	2.611572804E1
4.160581333E2	1.593569775E1
4.162340667E2	5.241197070E0
4.163941333E2	-4.852836469E0
4.165541000E2	-1.474381639E1
4.167300333E2	-2.441549547E1
4.168901000E2	-3.405250428E1
4.170660333E2	-4.238467655E1
4.172261000E2	-5.000095474E1
4.173861000E2	-5.626585159E1
4.175620333E2	-6.086665066E1
4.177221667E2	-6.446869179E1
4.178980667E2	-6.689215979E1
4.180581333E2	-6.812253873E1
4.182180667E2	-6.823152640E1
4.183940667E2	-6.814048957E1
4.185540333E2	-6.595304881E1
4.187300333E2	-6.296413783E1
4.188900333E2	-5.752426372E1
4.190660000E2	-4.865459731E1
4.192260667E2	-3.920225414E1
4.193861333E2	-3.147267980E1
4.195620333E2	-2.369976509E1
4.197220333E2	-1.580564270E1
4.198980000E2	-6.893949718E0
4.200580333E2	2.678873147E-1
4.202181333E2	7.163238476E0
4.203940333E2	1.385444556E1
4.205540000E2	2.051929115E1
4.207300000E2	2.641694263E1
4.208900333E2	3.376022046E1
4.210500333E2	4.041256200E1
4.212260000E2	4.615770750E1
4.213860000E2	4.874636669E1
4.215620000E2	5.138814622E1
4.217220000E2	5.316296705E1
4.218820667E2	5.408131514E1
4.220580333E2	5.474419349E1
4.222180667E2	5.459656381E1
4.223939667E2	5.410659765E1
4.225540667E2	5.162748667E1
4.227299667E2	4.868850184E1
4.228900333E2	4.455713716E1
4.230500667E2	3.841441181E1
4.232260000E2	2.941784840E1
4.233860000E2	1.882930190E1
4.235619000E2	8.205365829E0
4.237220000E2	-1.590240557E0
4.238820000E2	-1.258558569E1
4.240580000E2	-2.335534830E1
4.242180000E2	-3.315857534E1
4.243939667E2	-4.141165208E1
4.245540000E2	-4.922774417E1
4.247140667E2	-5.590252839E1
4.248900000E2	-6.075488899E1
4.250499667E2	-6.435943624E1
4.252259333E2	-6.694863614E1
4.253860000E2	-6.820214229E1
4.255619333E2	-6.834221490E1
4.257220000E2	-6.792395850E1
4.258820333E2	-6.542353294E1
4.260579667E2	-6.193026245E1
4.262180000E2	-5.602686716E1
4.263939000E2	-4.711415305E1
4.265539667E2	-3.783098554E1
4.267140333E2	-2.981468407E1
4.268899000E2	-2.134828353E1
4.270499667E2	-1.374793275E1
4.272258667E2	-5.176884433E0
4.273859667E2	2.039640537E0
4.275460000E2	8.492540437E0
4.277219000E2	1.522801824E1
4.278820000E2	2.210476343E1
4.280579000E2	2.725385725E1
4.282179000E2	3.489205950E1
4.283780000E2	4.195373545E1
4.285538667E2	4.703980552E1
4.287140000E2	4.908211182E1
4.288899000E2	5.195261538E1
4.290499333E2	5.341912975E1
4.292258667E2	5.416031809E1
4.293859333E2	5.469175267E1
4.295459333E2	5.474692007E1
4.297219000E2	5.420458379E1
4.298818667E2	5.174252165E1
4.300578333E2	4.864922456E1
4.302178667E2	4.429571611E1
4.303779000E2	3.846274869E1
4.305539000E2	2.978041011E1
4.307139333E2	1.883706994E1
4.308899000E2	8.560333326E0
4.310499333E2	-9.474483449E-1
4.312099667E2	-1.100987907E1
4.313859000E2	-2.170455225E1
4.315459333E2	-3.138794163E1
4.317218667E2	-3.980399098E1
4.318818333E2	-4.752912529E1
4.320418667E2	-5.369196107E1
4.322179000E2	-5.933308211E1
4.323779333E2	-6.329348010E1
4.325538667E2	-6.615287975E1
4.327138333E2	-6.838396549E1
4.328897667E2	-6.860656840E1
4.330499000E2	-6.833827107E1
4.332099000E2	-6.637426771E1
4.333858333E2	-6.355102325E1
4.335459000E2	-5.926779760E1
4.337218000E2	-5.189256256E1
4.338818000E2	-4.218192499E1
4.340419333E2	-3.421476920E1
4.342178667E2	-2.582665907E1
4.343778333E2	-1.810649919E1
4.345538333E2	-9.981186875E0
4.347138000E2	-2.049854259E0
4.348738333E2	4.307069233E0
4.350498667E2	1.123086315E1
4.352099000E2	1.787626901E1
4.353858333E2	2.453433684E1
4.355461000E2	3.058587166E1
4.357217667E2	3.707331684E1
4.358818667E2	4.399795102E1
4.360419000E2	4.859744792E1
4.362177667E2	5.047744536E1
4.363778000E2	5.210766814E1
4.365537333E2	5.364983890E1
4.367138000E2	5.417937436E1
4.368738000E2	5.456175426E1
4.370498000E2	5.450184754E1
4.372098333E2	5.397522227E1
4.373857333E2	5.119078191E1
4.375461667E2	4.819883581E1
4.377058333E2	4.386890056E1
4.378817333E2	3.787721535E1
4.380417667E2	2.897445560E1
4.382177333E2	1.882252088E1
4.383778000E2	9.348859513E0
4.385377667E2	-1.641028049E-1
4.387137333E2	-1.057673138E1
4.388737667E2	-2.103136569E1
4.390497333E2	-3.049542857E1
4.392098000E2	-3.869352784E1
4.393857000E2	-4.643260928E1
4.395458000E2	-5.276296811E1
4.397057333E2	-5.843814703E1
4.398817667E2	-6.253136966E1
4.400417667E2	-6.513783544E1
4.402177000E2	-6.789421873E1
4.403777667E2	-6.878150863E1
4.405378000E2	-6.849896989E1
4.407137667E2	-6.733420397E1
4.408737333E2	-6.536905422E1
4.410497333E2	-6.226167208E1
4.412097000E2	-5.646700678E1
4.413698333E2	-4.799609508E1
4.415457000E2	-3.978036307E1
4.417057333E2	-3.199782499E1
4.418817333E2	-2.416863786E1
4.420417000E2	-1.606323307E1
4.422017333E2	-8.543790266E0
4.423777667E2	-1.345513285E0
4.425377333E2	5.045923826E0
4.427136667E2	1.163960657E1
4.428736667E2	1.801416082E1
4.430496333E2	2.410684450E1
4.432098667E2	2.990150469E1
4.433697667E2	3.615168506E1
4.435457333E2	4.296399223E1
4.437057667E2	4.778866723E1
4.438816667E2	4.977923220E1
4.440417333E2	5.173209859E1
4.442018000E2	5.346194090E1
4.443777333E2	5.468010056E1
4.445377333E2	5.504571958E1
4.447136667E2	5.488029349E1
4.448737000E2	5.420038129E1
4.450337667E2	5.203252231E1
4.452096333E2	4.954565343E1
4.453697000E2	4.604564248E1
4.455456333E2	4.025245467E1
4.457056667E2	3.334385638E1
4.458816000E2	2.444105122E1
4.460416667E2	1.590017200E1
4.462017000E2	5.469538405E0
4.463776667E2	-4.744762306E0
4.465377333E2	-1.390040908E1
4.467136333E2	-2.302754745E1
4.468736667E2	-3.192926353E1
4.470337333E2	-4.019480069E1
4.472096333E2	-4.788854507E1
4.473697000E2	-5.280980813E1
4.475456000E2	-5.812475923E1
4.477056000E2	-6.223726769E1
4.478656333E2	-6.508714693E1
4.480416333E2	-6.720094793E1
4.482017000E2	-6.850851386E1
4.483776333E2	-6.870390399E1
4.485376667E2	-6.799257040E1
4.486977333E2	-6.595820143E1
4.488736667E2	-6.276134893E1
4.490338000E2	-5.876275041E1
4.492096333E2	-5.175366750E1
4.493696667E2	-4.279481216E1
4.495455667E2	-3.407330685E1
4.497056333E2	-2.592174727E1
4.498657333E2	-1.880023684E1
4.500416333E2	-1.091507592E1
4.502016667E2	-3.822301609E0
4.503775667E2	3.018684209E0
4.505376667E2	9.222392630E0
4.506977000E2	1.530331176E1
4.508735667E2	2.153700076E1
4.510336000E2	2.635013925E1
4.512096000E2	3.308335714E1
4.513696667E2	3.950310405E1
4.515296667E2	4.516264535E1
4.517056000E2	4.884442276E1
4.518656000E2	5.071618271E1
4.520415667E2	5.236283643E1
4.522016333E2	5.364856957E1
4.523616333E2	5.520965141E1
4.525376000E2	5.542219899E1
4.526975667E2	5.545040278E1
4.528735333E2	5.472136447E1
4.530336333E2	5.259931655E1
4.532095333E2	5.038280702E1
4.533696333E2	4.679568949E1
4.535296000E2	4.177271953E1
4.537055667E2	3.611681696E1
4.538656333E2	2.759433089E1
4.540415333E2	1.911161388E1
4.542016000E2	9.908461740E0
4.543616333E2	1.028828305E-1
4.545376000E2	-9.657614615E0
4.546975667E2	-1.880260193E1
4.548735333E2	-2.774150511E1
4.550336000E2	-3.602548984E1
4.551936333E2	-4.343174098E1
4.553695667E2	-4.997870977E1
4.555295667E2	-5.512054483E1
4.557055333E2	-5.943288491E1
4.558656000E2	-6.326309952E1
4.560415000E2	-6.603962855E1
4.562015333E2	-6.812858660E1
4.563615333E2	-6.853536231E1
4.565375333E2	-6.824739724E1
4.566975000E2	-6.762008749E1
4.568735000E2	-6.589716215E1
4.570335333E2	-6.317810141E1
4.571935333E2	-5.968445089E1
4.573695000E2	-5.350855076E1
4.575294667E2	-4.377584032E1
4.577054667E2	-3.584840848E1
4.578654667E2	-2.859037224E1
4.580255667E2	-2.149462742E1
4.582014667E2	-1.474443485E1
4.583616333E2	-6.981936595E0
4.585374667E2	-1.055703861E0
4.586975333E2	4.705796587E0
4.588575667E2	1.034569306E1
4.590334667E2	1.622571543E1
4.591935667E2	2.212249577E1
4.593694667E2	2.643857283E1
4.595295000E2	3.307157780E1
4.597054333E2	3.953798186E1
4.598654667E2	4.527479351E1
4.600254667E2	4.860099782E1
4.602014667E2	5.023324506E1
4.603614667E2	5.203613532E1
4.605374000E2	5.317054053E1
4.606974667E2	5.457858181E1
4.608574667E2	5.484084735E1
4.610334333E2	5.484502569E1
4.611934333E2	5.444655054E1
4.613694000E2	5.379631130E1
4.615294333E2	5.175851453E1
4.616895000E2	4.896167140E1
4.618654333E2	4.566153306E1
4.620255000E2	4.081710073E1
4.622014667E2	3.468750554E1
4.623614333E2	2.709689409E1
4.625214667E2	1.820462314E1
4.626974667E2	9.273514856E0
4.628575333E2	1.081104869E0
4.630334667E2	-7.870052259E0
4.631934333E2	-1.627519698E1
4.633693667E2	-2.493536978E1
4.635294333E2	-3.292957335E1
4.636895333E2	-4.001179413E1
4.638653667E2	-4.748097845E1
4.640254000E2	-5.330275612E1
4.642013667E2	-5.804694670E1
4.643614000E2	-6.215882084E1
4.645214000E2	-6.519971067E1
4.646974000E2	-6.747963504E1
4.648575000E2	-6.841704492E1
4.650334000E2	-6.839308565E1
4.651934667E2	-6.811449853E1
4.653534333E2	-6.725137389E1
4.655293667E2	-6.628159938E1
4.656895333E2	-6.346292994E1
4.658653667E2	-5.946991564E1
4.660253667E2	-5.308751889E1
4.662014000E2	-4.489045769E1
4.663613667E2	-3.785312027E1
4.665214667E2	-3.060197581E1
4.666973667E2	-2.400038307E1
4.668573667E2	-1.694965616E1
4.670333333E2	-1.073010210E1
4.671933667E2	-4.893839892E0
4.673533333E2	1.073934798E0
4.675293667E2	6.888779238E0
4.676894000E2	1.206639584E1
4.678653000E2	1.768362571E1
4.680253667E2	2.310194064E1
4.681854333E2	2.748454671E1
4.683613667E2	3.313812277E1
4.685214000E2	3.910570811E1
4.686973000E2	4.491235159E1
4.688573667E2	4.834071901E1
4.690174333E2	5.003596932E1
4.691933667E2	5.174403273E1
4.693533667E2	5.329052760E1
4.695293000E2	5.385580609E1
4.696893333E2	5.475722883E1
4.698652667E2	5.521405514E1
4.700253000E2	5.544897445E1
4.701854000E2	5.497562177E1
4.703613000E2	5.299128728E1
4.705213667E2	5.081629575E1
4.706972667E2	4.780995436E1
4.708573000E2	4.366799885E1
4.710174000E2	3.890948440E1
4.711933333E2	3.243659681E1
4.713533000E2	2.425999715E1
4.715293333E2	1.607410239E1
4.716893333E2	7.189670135E0
4.718494000E2	-1.400313343E0
4.720254000E2	-1.006073538E1
4.721853667E2	-1.838453863E1
4.723613000E2	-2.616278659E1
4.725213333E2	-3.336386733E1
4.726972667E2	-3.998114581E1
4.728573000E2	-4.697369760E1
4.730173000E2	-5.189472719E1
4.731932667E2	-5.646179873E1
4.733532667E2	-6.036738295E1
4.735292333E2	-6.364150799E1
4.736893000E2	-6.631643813E1
4.738493333E2	-6.778171385E1
4.740252333E2	-6.838569174E1
4.741852667E2	-6.821472247E1
4.743612000E2	-6.797391947E1
4.745213000E2	-6.722090221E1
4.746812667E2	-6.515108617E1
4.748572333E2	-6.191825891E1
4.750173000E2	-5.719793563E1
4.751932000E2	-5.089380754E1
4.753532667E2	-4.392278216E1
4.755132667E2	-3.744463516E1
4.756892333E2	-3.082849825E1
4.758492667E2	-2.395329427E1
4.760252667E2	-1.772509500E1
4.761853000E2	-1.115147531E1
4.763611667E2	-5.772477331E0
4.765212333E2	8.328162743E-2
4.766812333E2	5.391491246E0
4.768572000E2	1.089831995E1
4.770173000E2	1.590206322E1
4.771932000E2	2.114057600E1
4.773532333E2	2.550786593E1
4.775132333E2	3.141427582E1
4.776892000E2	3.678535773E1
4.778492667E2	4.171807416E1
4.780251667E2	4.665059136E1
4.781853000E2	4.944352200E1
4.783453000E2	5.131732212E1
4.785212000E2	5.271592698E1
4.786812667E2	5.387809917E1
4.788572000E2	5.445966668E1
4.790172333E2	5.498082155E1
4.791772000E2	5.523292244E1
4.793531667E2	5.503375883E1
4.795132000E2	5.464207667E1
4.796892333E2	5.377491599E1
4.798492000E2	5.128493429E1
4.800251333E2	4.853125504E1
4.801851667E2	4.502186734E1
4.803452000E2	4.030786695E1
4.805212333E2	3.390187446E1
4.806812333E2	2.646000180E1
4.808571667E2	1.890404914E1
4.810172333E2	1.016016945E1
4.811772000E2	2.309155821E0
4.813532000E2	-6.091407350E0
4.815132000E2	-1.372458058E1
4.816891667E2	-2.148163636E1
4.818493667E2	-2.889707583E1
4.820092667E2	-3.590714036E1
4.821851667E2	-4.205454005E1
4.823451333E2	-4.801828274E1
4.825211333E2	-5.268741508E1
4.826812667E2	-5.723718595E1
4.828571000E2	-6.079214055E1
4.830171000E2	-6.399335665E1
4.831771333E2	-6.630828356E1
4.833532333E2	-6.743712093E1
4.835132000E2	-6.807292389E1
4.836890667E2	-6.869364220E1
4.838491333E2	-6.825781015E1
4.840091333E2	-6.743499529E1
4.841851000E2	-6.632821847E1
4.843451000E2	-6.374453626E1
4.845211000E2	-6.057996402E1
4.846811000E2	-5.575939039E1
4.848411000E2	-4.875707925E1
4.850171667E2	-4.202261126E1
4.851772000E2	-3.560521492E1
4.853531333E2	-2.921544658E1
4.855132000E2	-2.280593659E1
4.856731333E2	-1.667947340E1
4.858490667E2	-1.082217740E1
4.860092000E2	-4.991556800E0
4.861851333E2	2.994659789E-2
4.863453333E2	5.015759360E0
4.865210667E2	9.781598194E0
4.866810667E2	1.433348897E1
4.868411000E2	1.928782914E1
4.870171000E2	2.394187729E1
4.871770667E2	2.811381843E1
4.873530333E2	3.291269465E1
4.875131000E2	3.814245255E1
4.876731667E2	4.352997378E1
4.878490667E2	4.729261063E1
4.880091333E2	4.916461610E1
4.881850333E2	5.092114495E1
4.883450667E2	5.266416964E1
4.885051333E2	5.368395674E1
4.886810667E2	5.410601430E1
4.888411667E2	5.464910350E1
4.890170333E2	5.490340446E1
4.891770667E2	5.491861382E1
4.893371333E2	5.473810502E1
4.895130333E2	5.419439731E1
4.896730667E2	5.208116647E1
4.898490667E2	4.991521073E1
4.900091333E2	4.718428857E1
4.901850000E2	4.304961947E1
4.903450333E2	3.857572150E1
4.905052000E2	3.210792284E1
4.906810667E2	2.433216822E1
4.908410667E2	1.751912286E1
4.910169667E2	9.962007622E0
4.911770333E2	2.437831456E0
4.913371333E2	-4.888729148E0
4.915130000E2	-1.158524396E1
4.916730333E2	-1.862616310E1
4.918490333E2	-2.547699985E1
4.920090000E2	-3.218224170E1
4.921690333E2	-3.808231571E1
4.923450000E2	-4.393600368E1
4.925050000E2	-4.925875118E1
4.926809667E2	-5.317966136E1
4.928410667E2	-5.689905027E1
4.930169667E2	-6.056860474E1
4.931769667E2	-6.361335717E1
4.933370667E2	-6.522654637E1
4.935130000E2	-6.681662683E1
4.936730000E2	-6.830385943E1
4.938489667E2	-6.825794076E1
4.940090333E2	-6.830481075E1
4.941690000E2	-6.806584717E1
4.943449667E2	-6.727265370E1
4.945050000E2	-6.643455208E1
4.946809667E2	-6.480197264E1
4.948410333E2	-6.211467911E1
4.950011000E2	-5.823358983E1
4.951770000E2	-5.236037652E1
4.953369667E2	-4.544594743E1
4.955130000E2	-3.976062253E1
4.956730333E2	-3.415357731E1
4.958329667E2	-2.889522221E1
4.960089667E2	-2.325500463E1
4.961689667E2	-1.806177158E1
4.963449333E2	-1.279180005E1
4.965051000E2	-7.325714396E0
4.966809333E2	-2.739709328E0
4.968410000E2	1.925706805E0
4.970010333E2	6.219699561E0
4.971769333E2	1.084291533E1
4.973370333E2	1.504494485E1
4.975129333E2	1.941210969E1
4.976729333E2	2.348163823E1
4.978329333E2	2.725049751E1
4.980089000E2	3.172335885E1
4.981690000E2	3.672142329E1
4.983449000E2	4.173964071E1
4.985049667E2	4.573302255E1
4.986650000E2	4.811579988E1
4.988409667E2	4.987156925E1
4.990010000E2	5.169115656E1
4.991769000E2	5.267955154E1
4.993370000E2	5.377698586E1
4.994970333E2	5.429037023E1
4.996729667E2	5.477634646E1
4.998330000E2	5.517465257E1
5.000089000E2	5.530814626E1
5.001689667E2	5.492184730E1
5.003448667E2	5.445024308E1
5.005049333E2	5.291173689E1
5.006649000E2	5.100355225E1
5.008409000E2	4.872711027E1
5.010009667E2	4.655775317E1
5.011769000E2	4.246269591E1
5.013368667E2	3.789972299E1
5.014969667E2	3.220012326E1
5.016729333E2	2.571261558E1
5.018329000E2	1.825075758E1
5.020089000E2	1.186088822E1
5.021689000E2	5.020878158E0
5.023289333E2	-2.094484569E0
5.025048667E2	-8.818523699E0
5.026648667E2	-1.560357028E1
5.028408333E2	-2.223287671E1
5.030009333E2	-2.855583991E1
5.031768333E2	-3.430412807E1
5.033369000E2	-3.959703389E1
5.034971667E2	-4.515299539E1
5.036728667E2	-4.961432153E1
5.038328667E2	-5.306785026E1
5.040088333E2	-5.657764513E1
5.041689000E2	-5.971692874E1
5.043289333E2	-6.279496123E1
5.045048000E2	-6.485890096E1
5.046649000E2	-6.691389791E1
5.048407667E2	-6.837632093E1
5.050008000E2	-6.877586104E1
5.051609000E2	-6.875319089E1
5.053368667E2	-6.843765922E1
5.054969333E2	-6.784251750E1
5.056728333E2	-6.665571215E1
5.058328333E2	-6.546656841E1
5.059928333E2	-6.409637939E1
5.061688667E2	-6.148380038E1
5.063288333E2	-5.755875246E1
5.065048333E2	-5.189714504E1
5.066648333E2	-4.588269150E1
5.068408000E2	-4.050890430E1
5.070008333E2	-3.505139884E1
5.071608667E2	-3.021216940E1
5.073367667E2	-2.445480472E1
5.074968667E2	-1.933263917E1
5.076727333E2	-1.451618482E1
5.078328333E2	-9.652338353E0
5.079928667E2	-4.997264927E0
5.081687667E2	-7.608402357E-1
5.083288000E2	3.901290825E0
5.085047000E2	8.016309698E0
5.086647667E2	1.211110204E1
5.088248000E2	1.632123385E1
5.090007667E2	2.036641117E1
5.091608000E2	2.414576488E1
5.093367667E2	2.808194910E1
5.094968333E2	3.208100670E1
5.096569000E2	3.640817369E1
5.098327667E2	4.115583437E1
5.099930000E2	4.524900860E1
5.101687667E2	4.795302786E1
5.103287667E2	4.955017091E1
5.105047000E2	5.158755041E1
5.106648000E2	5.301532027E1
5.108247667E2	5.441223102E1
5.110008000E2	5.462502458E1
5.111608000E2	5.486841552E1
5.113367000E2	5.519234425E1
5.114968000E2	5.550313957E1
5.116568333E2	5.560243615E1
5.118327667E2	5.522323682E1
5.119928000E2	5.458936626E1
5.121687667E2	5.284888145E1
5.123287333E2	5.107071723E1
5.124888333E2	4.878092809E1
5.126647333E2	4.616531581E1
5.128248000E2	4.226917908E1
5.130007333E2	3.803772322E1
5.131607333E2	3.188944075E1
5.133367000E2	2.569995379E1
5.134967667E2	1.939306085E1
5.136568000E2	1.285787932E1
5.138327000E2	6.162517146E0
5.139927000E2	-7.118419980E-1
5.141687000E2	-7.547028536E0
5.143287667E2	-1.418390864E1
5.144888000E2	-2.026096960E1
5.146647000E2	-2.621714017E1
5.148247667E2	-3.204048887E1
5.150006667E2	-3.728735991E1
5.151607333E2	-4.246889506E1
5.153207667E2	-4.739185047E1
5.154967000E2	-5.123834222E1
5.156567333E2	-5.468512133E1
5.158327000E2	-5.767098883E1
5.159927667E2	-6.094255885E1
5.161527667E2	-6.331688146E1
5.163286667E2	-6.522377242E1
5.164887667E2	-6.732565032E1
5.166646667E2	-6.815813127E1
5.168246667E2	-6.826576103E1
5.170006000E2	-6.857426063E1
5.171606333E2	-6.859704423E1
5.173206667E2	-6.823480529E1
5.174966667E2	-6.746785225E1
5.176567000E2	-6.665559903E1
5.178325667E2	-6.543199087E1
5.179927000E2	-6.405805892E1
5.181527333E2	-6.142010395E1
5.183286333E2	-5.798813436E1
5.184887000E2	-5.358559201E1
5.186646333E2	-4.777119152E1
5.188246333E2	-4.253850106E1
5.189847000E2	-3.742772605E1
5.191606000E2	-3.235740179E1
5.193207000E2	-2.732259049E1
5.194966333E2	-2.268812856E1
5.196566333E2	-1.791472498E1
5.198166333E2	-1.343754052E1
5.199926000E2	-8.943857468E0
5.201526000E2	-4.858259743E0
5.203286333E2	-8.746822346E-1
5.204886667E2	3.083869402E0
5.206646000E2	7.030628312E0
5.208246000E2	1.095638363E1
5.209846333E2	1.445042537E1
5.211606000E2	1.788198901E1
5.213207000E2	2.135754699E1
5.214965667E2	2.432625389E1
5.216565667E2	2.789016656E1
5.218166000E2	3.108289040E1
5.219926333E2	3.469118279E1
5.221526667E2	3.851127573E1
5.223285667E2	4.217451608E1
5.224886667E2	4.567879218E1
5.226486667E2	4.798949155E1
5.228246000E2	4.988703004E1
5.229845667E2	5.100921268E1
5.231605667E2	5.227201168E1
5.233206000E2	5.295823949E1
5.234965333E2	5.379946711E1
5.236565333E2	5.522187753E1
5.238166333E2	5.551929062E1
5.239925333E2	5.574311136E1
5.241525667E2	5.585510359E1
5.243285000E2	5.599599192E1
5.244886000E2	5.595306228E1
5.246485667E2	5.589448938E1
5.248245667E2	5.560456671E1
5.249846333E2	5.499412419E1
5.251605333E2	5.364214472E1
5.253206000E2	5.210377664E1
5.254806667E2	5.068493803E1
5.256566000E2	4.863912768E1
5.258166333E2	4.681426135E1
5.259925333E2	4.354049651E1
5.261525000E2	4.023880346E1
5.263126333E2	3.681966335E1
5.264886000E2	3.190396559E1
5.266485333E2	2.729690218E1
5.268246000E2	2.273470039E1
5.269845667E2	1.795225650E1
5.271604667E2	1.325442832E1
5.273205333E2	8.705093842E0
5.274806000E2	3.148067338E0
5.276565000E2	-1.795673899E0
5.278165333E2	-7.020593619E0
5.279924333E2	-1.190319636E1
5.281525667E2	-1.689600489E1
5.283125333E2	-2.122509526E1
5.284885000E2	-2.582141146E1
5.286485000E2	-3.003906308E1
5.288244667E2	-3.422962331E1
5.289844667E2	-3.799174474E1
5.291445000E2	-4.199470197E1
5.293204667E2	-4.545570421E1
5.294805000E2	-4.881848288E1
5.296565000E2	-5.143672439E1
5.298165667E2	-5.368678131E1
5.299765000E2	-5.580332638E1
5.301524667E2	-5.860367847E1
5.303125000E2	-6.063406815E1
5.304885000E2	-6.289738378E1
5.306485667E2	-6.400890144E1
5.308244333E2	-6.533975730E1
5.309845333E2	-6.632791027E1
5.311444667E2	-6.717638343E1
5.313204667E2	-6.787223080E1
5.314804667E2	-6.809990869E1
5.316564000E2	-6.841604422E1
5.318164667E2	-6.821728325E1
5.319764667E2	-6.850833442E1
5.321524333E2	-6.844826235E1
5.323125667E2	-6.798664892E1
5.324885000E2	-6.772585629E1
5.326484333E2	-6.742004114E1
5.328084667E2	-6.680680659E1
5.329844667E2	-6.555322135E1
5.331445333E2	-6.485166608E1
5.333204333E2	-6.357680830E1
5.334805333E2	-6.120672628E1
5.336564000E2	-5.894460709E1
5.338164667E2	-5.586877231E1
5.339766000E2	-5.195612136E1
5.341524333E2	-4.783648463E1
5.343124000E2	-4.407509870E1
5.344883667E2	-4.030207921E1
5.346484333E2	-3.713166064E1
5.348084333E2	-3.386238178E1
5.349844000E2	-3.043802706E1
5.351444667E2	-2.708614131E1
5.353203667E2	-2.346867480E1
5.354804333E2	-2.025976038E1
5.356405000E2	-1.698108614E1
5.358164000E2	-1.383928796E1
5.359764667E2	-1.082034691E1
5.361523667E2	-7.992782899E0
5.363124333E2	-5.064996975E0
5.364724333E2	-2.505062771E0
5.366484000E2	9.182783987E-2
5.368086667E2	2.836145544E0
5.369843667E2	5.111121922E0
5.371444000E2	7.364013520E0
5.373203000E2	1.002521188E1
5.374804333E2	1.237080966E1
5.376404667E2	1.494013630E1
5.378163667E2	1.726225272E1
5.379763667E2	1.981246648E1
5.381523333E2	2.221830882E1
5.383123667E2	2.433559626E1
5.384725000E2	2.602571389E1
5.386484000E2	2.914143372E1
5.388083667E2	3.204397026E1
5.389843333E2	3.482717332E1
5.391444333E2	3.720088157E1
5.393044000E2	3.996611794E1
5.394804000E2	4.241540451E1
5.396404333E2	4.499100735E1
5.398163333E2	4.730016948E1
5.399764333E2	4.900579122E1
5.401363667E2	5.021079995E1
5.403123667E2	5.142025796E1
5.404723667E2	5.246518371E1
5.406483667E2	5.302927306E1
5.408083667E2	5.389998088E1
5.409843333E2	5.433736025E1
5.411443667E2	5.535237762E1
5.413044000E2	5.562074997E1
5.414803000E2	5.597028833E1
5.416404000E2	5.618360322E1
5.418162667E2	5.665374914E1
5.419764000E2	5.667749596E1
5.421363333E2	5.662580025E1
5.423123000E2	5.682447510E1
5.424724000E2	5.671992106E1
5.426483000E2	5.649687836E1
5.428082667E2	5.614610944E1
