mass_A
t	x
0.000000000E0	-2.273736754E-13
2.399000000E-1	1.550376230E-2
3.999666667E-1	1.352019948E-2
5.759000000E-1	2.159016408E-2
7.359000000E-1	1.114001237E-2
8.960333333E-1	1.340401156E-2
1.071933333E0	1.667213570E-2
1.231966667E0	1.934766813E-2
1.407900000E0	1.616331658E-2
1.567900000E0	5.523660209E-3
1.727966667E0	4.260274148E-4
1.903866667E0	1.979948742E-2
2.063966667E0	3.106752837E-2
2.239900000E0	3.027447354E-2
2.399866667E0	1.819945780E-2
2.559900000E0	3.165768458E-2
2.735866667E0	1.759047267E-2
2.895900000E0	2.530354763E-2
3.071900000E0	3.147441693E-2
3.231866667E0	-8.518984626E0
3.392000000E0	-1.425706796E1
3.567933333E0	-8.660105318E0
3.727966667E0	1.006074058E1
3.903833333E0	3.835535231E1
4.063933333E0	6.002791322E1
4.239833333E0	8.328030891E1
4.399866667E0	1.016564555E2
4.559933333E0	1.066410735E2
4.735833333E0	1.076281387E2
4.895833333E0	1.027167236E2
5.071833333E0	8.696151269E1
5.231866667E0	5.813081358E1
5.391933333E0	2.914554338E1
5.567800000E0	3.120293258E0
5.727900000E0	-1.269354525E1
5.903866667E0	-1.427178707E1
6.063833333E0	-4.757070937E0
6.223866667E0	1.915508395E1
6.399833333E0	4.649490046E1
6.559900000E0	6.723430721E1
6.735833333E0	8.938895794E1
6.895900000E0	1.045669967E2
7.071800000E0	1.080853046E2
7.231833333E0	1.080691477E2
7.391933333E0	9.972545598E1
7.567800000E0	8.015198405E1
7.727866667E0	4.737236932E1
7.903800000E0	1.989409622E1
8.063866667E0	-1.691607113E0
8.223833333E0	-1.340389422E1
8.399766667E0	-1.273390225E1
8.560000000E0	-7.632675821E-1
8.735800000E0	2.627846976E1
8.895833333E0	5.167134724E1
9.055866667E0	7.221693380E1
9.231766667E0	9.211848029E1
9.391833333E0	1.050569407E2
9.567766667E0	1.092165213E2
9.727866667E0	1.086152375E2
9.887900000E0	9.784699645E1
1.006380000E1	7.482214761E1
1.022386667E1	4.362331378E1
1.039976667E1	1.506659364E1
1.055980000E1	-5.327716505E0
1.073573333E1	-1.449428606E1
1.089583333E1	-1.124797906E1
1.105586667E1	3.278652924E0
1.123173333E1	3.157520112E1
1.139183333E1	5.546642517E1
1.156773333E1	7.732112147E1
1.172776667E1	9.653124148E1
1.188786667E1	1.062214212E2
1.206380000E1	1.091917529E2
1.222380000E1	1.061128121E2
1.239973333E1	9.317372699E1
1.255973333E1	6.720270464E1
1.271976667E1	3.695329376E1
1.289580000E1	9.415218875E0
1.305583333E1	-8.837577129E0
1.323173333E1	-1.465979764E1
1.339180000E1	-9.833526026E0
1.355180000E1	7.374681475E0
1.372773333E1	3.575979046E1
1.388780000E1	5.834688790E1
1.406373333E1	7.972979695E1
1.422373333E1	9.871020704E1
1.439966667E1	1.064642636E2
1.455973333E1	1.087594036E2
1.471970000E1	1.058085598E2
1.489570000E1	9.250083262E1
1.505576667E1	6.590758284E1
1.523163333E1	3.609725251E1
1.539176667E1	8.492304917E0
1.555176667E1	-9.843149736E0
1.572770000E1	-1.456993038E1
1.588780000E1	-9.191062607E0
1.606373333E1	8.964012414E0
1.622376667E1	3.816046287E1
1.638390000E1	6.019407248E1
1.655973333E1	8.179628158E1
1.671970000E1	1.007071772E2
1.689570000E1	1.069087729E2
1.705566667E1	1.085387436E2
1.723163333E1	1.039938049E2
1.739173333E1	9.000311782E1
1.755166667E1	6.302250442E1
1.772766667E1	3.405365752E1
1.788776667E1	7.232282604E0
1.806363333E1	-1.083560562E1
1.822373333E1	-1.416345923E1
1.838370000E1	-8.723735201E0
1.855970000E1	9.030219027E0
1.871963333E1	3.738350688E1
1.889563333E1	5.997844032E1
1.905570000E1	8.075552753E1
1.921576667E1	1.000584644E2
1.939166667E1	1.067206951E2
1.955166667E1	1.088971843E2
1.972763333E1	1.056381298E2
1.988770000E1	9.189538051E1
2.004766667E1	6.573908200E1
2.022366667E1	3.595970449E1
2.038376667E1	8.249289154E0
2.055963333E1	-9.858243886E0
2.071970000E1	-1.417211115E1
2.089560000E1	-9.104071393E0
2.105566667E1	8.089415889E0
2.121573333E1	3.643214311E1
2.139163333E1	5.917381723E1
2.155163333E1	7.998607664E1
2.172756667E1	9.998297445E1
2.188766667E1	1.069782103E2
2.204763333E1	1.090166384E2
2.222366667E1	1.061360582E2
2.238373333E1	9.313102980E1
2.255963333E1	6.738716253E1
2.271960000E1	3.698138393E1
2.287973333E1	9.022188848E0
2.305563333E1	-9.313562108E0
2.321570000E1	-1.421334234E1
2.339160000E1	-9.610101269E0
2.355166667E1	6.954255529E0
2.371163333E1	3.632237960E1
2.388766667E1	5.869792344E1
2.404763333E1	7.966453070E1
2.422360000E1	9.937856937E1
2.438356667E1	1.069052113E2
2.455956667E1	1.091035055E2
2.471960000E1	1.062382520E2
2.487966667E1	9.398056545E1
2.505556667E1	6.894475667E1
2.521563333E1	3.945410506E1
2.539153333E1	1.112750210E1
2.555160000E1	-7.802403702E0
2.571156667E1	-1.411651203E1
2.588753333E1	-1.033295068E1
2.604763333E1	4.101944596E0
2.622353333E1	3.243948376E1
2.638353333E1	5.505866114E1
2.654360000E1	7.576203712E1
2.671956667E1	9.453236863E1
2.687960000E1	1.066200457E2
2.705556667E1	1.094591287E2
2.721560000E1	1.090519986E2
2.739150000E1	9.856615251E1
2.755153333E1	7.577596054E1
2.771153333E1	4.430480388E1
2.788753333E1	1.590853703E1
2.804753333E1	-3.331866230E0
2.822350000E1	-1.370292265E1
2.838353333E1	-1.195955246E1
2.854356667E1	3.735389936E-1
2.871950000E1	2.758658243E1
2.887960000E1	5.105514346E1
2.905546667E1	7.110652544E1
2.921556667E1	9.098734893E1
2.937563333E1	1.056426096E2
2.955150000E1	1.088260546E2
2.971180000E1	1.084952548E2
2.988750000E1	1.001666070E2
3.004756667E1	8.179118879E1
3.020753333E1	5.048394514E1
3.038353333E1	2.256338587E1
3.054350000E1	8.528696455E-1
3.071950000E1	-1.279192941E1
3.087946667E1	-1.316048679E1
3.105543333E1	-4.331481276E0
3.121556667E1	1.952646011E1
3.137556667E1	4.559534257E1
3.155150000E1	6.528291574E1
3.171146667E1	8.722969840E1
3.188743333E1	1.042429783E2
3.204750000E1	1.077533905E2
3.220746667E1	1.081131668E2
3.238350000E1	1.028172279E2
3.254356667E1	8.773191152E1
3.271946667E1	5.929353551E1
3.287946667E1	3.099655446E1
3.303960000E1	6.231287199E0
3.321550000E1	-1.099969785E1
3.337550000E1	-1.395855429E1
3.355143333E1	-8.527171675E0
3.371150000E1	1.155433365E1
3.387153333E1	3.900385171E1
3.404746667E1	5.803669695E1
3.420753333E1	8.080815609E1
3.438346667E1	9.970786093E1
3.454346667E1	1.068086305E2
3.471940000E1	1.090084730E2
3.487946667E1	1.071326955E2
3.503950000E1	9.597188401E1
3.521540000E1	7.223085189E1
3.537543333E1	4.232788533E1
3.555136667E1	1.492724152E1
3.571140000E1	-4.392994849E0
3.587153333E1	-1.376832284E1
3.604746667E1	-1.235626820E1
3.620740000E1	-2.062693413E-1
3.638343333E1	2.627438371E1
3.654346667E1	4.791618330E1
3.670350000E1	6.933948749E1
3.687940000E1	8.974532058E1
3.703940000E1	1.047779517E2
3.721540000E1	1.083762167E2
3.737546667E1	1.087220221E2
3.755136667E1	1.025578141E2
3.771143333E1	8.674438188E1
3.787150000E1	5.747932666E1
3.804740000E1	3.127655134E1
3.820746667E1	6.248024690E0
3.838336667E1	-1.105654698E1
3.854343333E1	-1.434797502E1
3.870346667E1	-1.048274176E1
3.887943333E1	7.992798506E0
3.903943333E1	3.469448197E1
3.921533333E1	5.437837703E1
3.937543333E1	7.923900065E1
3.953540000E1	9.620960655E1
3.971133333E1	1.061283573E2
3.987136667E1	1.096607724E2
4.004733333E1	1.087459104E2
4.020736667E1	9.907583260E1
4.036746667E1	7.755287984E1
4.054336667E1	4.796220385E1
4.070340000E1	1.988994161E1
4.087936667E1	-1.176265949E0
4.103940000E1	-1.307998732E1
4.121530000E1	-1.423948085E1
4.137540000E1	-4.459749162E0
4.153540000E1	1.879905040E1
4.171130000E1	4.171541011E1
4.187133333E1	6.409476934E1
4.204730000E1	8.561746510E1
4.220733333E1	1.023103279E2
4.236743333E1	1.071127894E2
4.254330000E1	1.081148623E2
4.270333333E1	1.056004412E2
4.287936667E1	9.266666347E1
4.303940000E1	6.872589160E1
4.319933333E1	3.996778996E1
4.337530000E1	1.239010332E1
4.353533333E1	-6.212436393E0
4.371130000E1	-1.447465290E1
4.387136667E1	-1.223529583E1
4.404726667E1	1.143745646E0
4.420733333E1	2.582714879E1
4.436743333E1	4.812356567E1
4.454333333E1	7.071592823E1
4.470336667E1	8.979698289E1
4.487926667E1	1.050508438E2
4.503930000E1	1.082946517E2
4.519940000E1	1.086596229E2
4.537530000E1	1.024553702E2
4.553536667E1	8.725684289E1
4.571126667E1	5.888685420E1
4.587126667E1	3.014038313E1
4.603140000E1	6.965711211E0
4.620730000E1	-1.097419998E1
4.636733333E1	-1.445246128E1
4.654326667E1	-9.601440697E0
4.670330000E1	7.792475874E0
4.686340000E1	3.218971587E1
4.703930000E1	5.321545935E1
4.719933333E1	7.712159948E1
4.737526667E1	9.394566090E1
4.753526667E1	1.062931981E2
4.771120000E1	1.096837919E2
4.787130000E1	1.091086084E2
4.803126667E1	1.003565924E2
4.820726667E1	8.259897983E1
4.836726667E1	5.166152822E1
4.854320000E1	2.458730482E1
4.870330000E1	2.156785934E0
4.886333333E1	-1.223147873E1
4.903926667E1	-1.423636507E1
4.919930000E1	-7.157860394E0
4.937523333E1	1.134434760E1
4.953530000E1	3.481446804E1
4.969533333E1	5.798388678E1
4.987126667E1	7.918174769E1
5.003130000E1	9.716528583E1
5.020720000E1	1.068440896E2
5.036726667E1	1.098679854E2
5.052726667E1	1.091818010E2
5.070323333E1	1.000543616E2
5.086333333E1	8.093829996E1
5.103923333E1	5.058360906E1
5.119926667E1	2.413638083E1
5.137520000E1	1.795223243E0
5.153523333E1	-1.241979216E1
5.169520000E1	-1.389644824E1
5.187120000E1	-6.912995057E0
5.203130000E1	1.099121878E1
5.220716667E1	3.549651806E1
5.236716667E1	5.887433135E1
5.252720000E1	7.873731931E1
5.270320000E1	9.716386146E1
5.286326667E1	1.066402883E2
5.303916667E1	1.097421108E2
5.319916667E1	1.091854793E2
5.335926667E1	1.001253146E2
5.353513333E1	8.183913919E1
5.369523333E1	5.142867311E1
5.387130000E1	2.564041051E1
5.403116667E1	2.538716985E0
5.420713333E1	-1.198652126E1
5.436723333E1	-1.385833927E1
5.452716667E1	-8.481515283E0
5.470313333E1	7.909881392E0
5.486313333E1	3.308759210E1
5.503910000E1	5.563739040E1
5.519920000E1	7.551383060E1
5.535916667E1	9.330844769E1
5.553513333E1	1.055741920E2
5.569516667E1	1.094068747E2
5.587110000E1	1.091308740E2
5.603120000E1	1.018738791E2
5.619123333E1	8.495618686E1
5.636726667E1	5.740062321E1
5.652716667E1	3.117276069E1
5.670316667E1	6.993615067E0
5.686320000E1	-1.013165157E1
5.702320000E1	-1.422291618E1
5.719916667E1	-1.085355976E1
5.735920000E1	2.560993608E0
5.753513333E1	2.679514226E1
5.769510000E1	5.002835430E1
5.787103333E1	7.047507712E1
5.803110000E1	8.822009895E1
5.819110000E1	1.047769118E2
5.836710000E1	1.077994927E2
5.852716667E1	1.088714026E2
5.870306667E1	1.050179266E2
5.886313333E1	9.213646938E1
5.902316667E1	6.761151053E1
5.919906667E1	4.042466896E1
5.935906667E1	1.426037525E1
5.953506667E1	-4.317551280E0
5.969506667E1	-1.362072549E1
5.985516667E1	-1.228680460E1
6.003106667E1	-3.069947970E0
6.019110000E1	1.857601763E1
6.036710000E1	4.381676390E1
6.052713333E1	6.460783725E1
6.068716667E1	8.380124027E1
6.086303333E1	1.005377226E2
6.102306667E1	1.067433122E2
6.119906667E1	1.095312679E2
6.135906667E1	1.083580779E2
6.153503333E1	9.858776986E1
6.169503333E1	7.788554118E1
6.185513333E1	5.042853897E1
6.203110000E1	2.490253556E1
6.219103333E1	2.294127168E0
6.236703333E1	-1.184174484E1
6.252710000E1	-1.388060266E1
6.268706667E1	-9.224685550E0
6.286303333E1	6.533699668E0
6.302303333E1	3.194058992E1
6.319900000E1	5.447954864E1
6.335906667E1	7.350047602E1
6.351916667E1	9.083604443E1
6.369510000E1	1.055760089E2
6.385503333E1	1.094918333E2
6.403100000E1	1.092518072E2
6.419103333E1	1.033536072E2
6.436696667E1	8.872895270E1
6.452700000E1	6.395100982E1
6.468703333E1	3.839873264E1
6.486300000E1	1.219699838E1
6.502303333E1	-7.734654324E0
6.519896667E1	-1.395265714E1
6.535906667E1	-1.275220975E1
6.551910000E1	-2.569858263E0
6.569503333E1	1.798798132E1
6.585510000E1	4.408809886E1
6.603100000E1	6.315928514E1
6.619106667E1	8.174377286E1
6.635103333E1	9.951218997E1
6.652703333E1	1.069708662E2
6.668700000E1	1.091247007E2
6.686313333E1	1.081680255E2
6.702310000E1	9.903124403E1
6.718300000E1	8.097446191E1
6.735896667E1	5.462384845E1
6.751896667E1	2.723701263E1
6.769506667E1	3.242008003E0
6.785500000E1	-1.106714622E1
6.803093333E1	-1.393879191E1
6.819100000E1	-9.755992723E0
6.835106667E1	2.336336715E0
6.852696667E1	2.743170132E1
6.868696667E1	5.099576564E1
6.886290000E1	6.960735501E1
6.902296667E1	8.732953153E1
6.918300000E1	1.039964176E2
6.935900000E1	1.070670141E2
6.951900000E1	1.088166420E2
6.969493333E1	1.053138257E2
6.985503333E1	9.523003626E1
7.001503333E1	7.537678103E1
7.019093333E1	4.698985069E1
7.035096667E1	2.004042161E1
7.052690000E1	5.853383595E-2
7.068700000E1	-1.112598513E1
7.084696667E1	-1.300275715E1
7.102296667E1	-8.736425320E0
7.118296667E1	5.668636275E0
7.135893333E1	3.248239741E1
7.151890000E1	5.297187662E1
7.169486667E1	7.130677069E1
7.185490000E1	8.751791523E1
7.201500000E1	1.047164159E2
7.219093333E1	1.088004724E2
7.235096667E1	1.090847978E2
7.252693333E1	1.056739593E2
7.268696667E1	9.547611074E1
7.284696667E1	7.536989441E1
7.302286667E1	4.484676032E1
7.318290000E1	1.939794056E1
7.335893333E1	1.172685260E0
7.351896667E1	-1.046940458E1
7.367893333E1	-1.315790904E1
7.385486667E1	-1.083984829E1
7.401496667E1	4.894986318E0
7.419086667E1	3.283661374E1
7.435096667E1	5.129242372E1
7.452683333E1	7.057464720E1
7.468686667E1	8.675078763E1
7.484693333E1	1.041259491E2
7.502286667E1	1.081197521E2
7.518286667E1	1.086962465E2
7.535883333E1	1.059122457E2
7.551886667E1	9.618339319E1
7.567896667E1	7.699244101E1
7.585486667E1	4.570176287E1
7.601493333E1	2.255650761E1
7.619083333E1	1.300714260E0
7.635086667E1	-1.043815396E1
7.651086667E1	-1.483438174E1
7.668690000E1	-1.180404258E1
7.684693333E1	4.675010025E0
7.702286667E1	3.098489812E1
7.718290000E1	4.967614660E1
7.734296667E1	6.914855982E1
7.751880000E1	8.701720291E1
7.767883333E1	1.028914506E2
7.785486667E1	1.070421635E2
7.801483333E1	1.082362367E2
7.819080000E1	1.062526056E2
7.835090000E1	9.720441907E1
7.851093333E1	7.780886647E1
7.868680000E1	4.788265181E1
7.884686667E1	2.370766786E1
7.902280000E1	2.755404617E0
7.918280000E1	-1.022863966E1
7.934290000E1	-1.506176965E1
7.951880000E1	-1.095477039E1
7.967886667E1	3.983898639E0
7.985476667E1	2.867950158E1
8.001483333E1	4.882943802E1
8.017480000E1	6.893276612E1
8.035080000E1	8.600441579E1
8.051086667E1	1.039303238E2
8.068683333E1	1.067201532E2
8.084683333E1	1.086436518E2
8.100690000E1	1.069571866E2
8.118286667E1	9.793548163E1
8.134286667E1	7.834815719E1
8.151883333E1	4.999922661E1
8.167883333E1	2.521332263E1
8.185473333E1	4.290701324E0
8.201483333E1	-1.014590149E1
8.217483333E1	-1.446668663E1
8.235073333E1	-1.099318360E1
8.251076667E1	1.929752246E0
8.268673333E1	2.598031310E1
8.284676667E1	4.802137562E1
8.300683333E1	6.677080636E1
8.318280000E1	8.368644536E1
8.334273333E1	1.016229402E2
8.351873333E1	1.060804868E2
8.367876667E1	1.080914000E2
8.383886667E1	1.081200947E2
8.401480000E1	9.937752898E1
8.417483333E1	8.115442573E1
8.435076667E1	5.337063049E1
8.451073333E1	2.884354357E1
8.468670000E1	6.583430825E0
8.484676667E1	-9.546413271E0
8.500673333E1	-1.406436444E1
8.518273333E1	-1.214996675E1
8.534280000E1	-1.274113161E0
8.551873333E1	2.292917084E1
8.567876667E1	4.546739929E1
8.583880000E1	6.362428909E1
8.601476667E1	8.086038859E1
8.617480000E1	9.907394204E1
8.635070000E1	1.055447692E2
8.651076667E1	1.078555664E2
8.667073333E1	1.082972426E2
8.684673333E1	1.006625562E2
8.700670000E1	8.594173976E1
8.718266667E1	6.037866956E1
8.734270000E1	3.426555866E1
8.750276667E1	1.070502877E1
8.767873333E1	-6.203799911E0
8.783880000E1	-1.305898183E1
8.801466667E1	-1.311867496E1
8.817470000E1	-6.250780711E0
8.835063333E1	1.469721998E1
8.851066667E1	3.957003875E1
8.867073333E1	5.720460482E1
8.884670000E1	7.645749472E1
8.900666667E1	9.364585618E1
8.918263333E1	1.053121480E2
8.934270000E1	1.091690131E2
8.950270000E1	1.091489478E2
8.967866667E1	1.032092574E2
8.983870000E1	9.139617779E1
9.001463333E1	7.018573179E1
9.017470000E1	4.277593840E1
9.033470000E1	1.896946066E1
9.051063333E1	6.211975417E-1
9.067070000E1	-1.092160588E1
9.084663333E1	-1.489829158E1
9.100670000E1	-1.071808683E1
9.116673333E1	5.107518628E0
9.134270000E1	3.017178105E1
9.150263333E1	4.869534214E1
9.167863333E1	6.853062498E1
9.183866667E1	8.676304485E1
9.201460000E1	1.030469474E2
9.217470000E1	1.063401048E2
9.233473333E1	1.088414896E2
9.251063333E1	1.080889882E2
9.267063333E1	9.977651268E1
9.284660000E1	8.254994373E1
9.300666667E1	5.431423123E1
9.316663333E1	3.110036805E1
9.334270000E1	8.773141763E0
9.350266667E1	-7.879265184E0
9.367860000E1	-1.426603043E1
9.383863333E1	-1.353099763E1
9.399873333E1	-4.071284189E0
9.417460000E1	1.593784291E1
9.433470000E1	3.832129705E1
9.451060000E1	5.730867870E1
9.467066667E1	7.667453769E1
9.484653333E1	9.358101121E1
9.500656667E1	1.049310483E2
9.516660000E1	1.097398083E2
9.534256667E1	1.095307122E2
9.550256667E1	1.051596023E2
9.567853333E1	9.398976891E1
9.583863333E1	7.302746265E1
9.599860000E1	4.667796351E1
9.617460000E1	2.287792094E1
9.633463333E1	2.629646331E0
9.651053333E1	-1.104157738E1
9.667053333E1	-1.430887270E1
9.683060000E1	-1.073900725E1
9.700660000E1	2.414427184E0
9.716656667E1	2.428425850E1
9.734256667E1	4.424271372E1
9.750253333E1	6.504606047E1
9.766256667E1	8.278549396E1
9.783856667E1	9.985542901E1
9.799856667E1	1.054777432E2
9.817453333E1	1.091333508E2
9.833460000E1	1.090233856E2
9.851050000E1	1.025641276E2
9.867060000E1	8.851438912E1
9.883063333E1	6.327344019E1
9.900653333E1	3.909426873E1
9.916663333E1	1.504749912E1
9.934250000E1	-1.313236598E0
9.950253333E1	-1.272601054E1
9.966263333E1	-1.405834634E1
9.983856667E1	-7.639192452E0
9.999860000E1	8.147012090E0
1.001744667E2	3.064953119E1
1.003345000E2	5.050157953E1
1.004946333E2	7.092128667E1
1.006705000E2	8.707273968E1
1.008305000E2	1.030509040E2
1.010065000E2	1.071285760E2
1.011665000E2	1.089424944E2
1.013265000E2	1.085260103E2
1.015025000E2	1.003008626E2
1.016626000E2	8.368292507E1
1.018384667E2	5.722164452E1
1.019985667E2	3.416477990E1
1.021744667E2	1.188625309E1
1.023344667E2	-6.109859579E0
1.024945667E2	-1.382698849E1
1.026704667E2	-1.284718342E1
1.028304667E2	-6.161948215E0
1.030064333E2	1.043271908E1
1.031664667E2	3.312269465E1
1.033265667E2	5.192898029E1
1.035025000E2	7.386897290E1
1.036627333E2	8.859929453E1
1.038385000E2	1.049951129E2
1.039984667E2	1.085774006E2
1.041588000E2	1.098032664E2
1.043344667E2	1.087902083E2
1.044944667E2	1.003321604E2
1.046704667E2	8.262051462E1
1.048305000E2	5.588201198E1
1.050064333E2	3.290556116E1
1.051666333E2	1.100231699E1
1.053265000E2	-7.090356981E0
1.055024667E2	-1.335968155E1
1.056625000E2	-1.315836761E1
1.058384333E2	-6.790034807E0
1.059984667E2	1.076970375E1
1.061585000E2	3.181357357E1
1.063344667E2	5.293336964E1
1.064944333E2	7.147077563E1
1.066704333E2	8.691554155E1
1.068304667E2	1.040408769E2
1.069905000E2	1.083537857E2
1.071664000E2	1.102137128E2
1.073264333E2	1.095664063E2
1.075024000E2	1.015333160E2
1.076626333E2	8.539640724E1
1.078225333E2	6.077845626E1
1.079984667E2	3.809440583E1
1.081585000E2	1.514551472E1
1.083344000E2	-3.891898454E0
1.084944000E2	-1.290286226E1
1.086703667E2	-1.373700959E1
1.088304333E2	-9.114822440E0
1.089905000E2	5.123138697E0
1.091664333E2	2.594279377E1
1.093264667E2	4.844467875E1
1.095024000E2	6.681715312E1
1.096624000E2	8.064306275E1
1.098225000E2	9.950864443E1
1.099984000E2	1.053670369E2
1.101584667E2	1.098344622E2
1.103344000E2	1.097717069E2
1.104944333E2	1.046552396E2
1.106544000E2	9.257919998E1
1.108304333E2	7.171399610E1
1.109904667E2	4.808227083E1
1.111664000E2	2.382825454E1
1.113264667E2	3.366100670E0
1.114865333E2	-1.002304103E1
1.116624333E2	-1.362972179E1
1.118225333E2	-1.226865077E1
1.119983333E2	-3.128343318E0
1.121584333E2	1.527765020E1
1.123343000E2	3.914185574E1
1.124944000E2	5.761145014E1
1.126544667E2	7.337617276E1
1.128304000E2	9.044919267E1
1.129904333E2	1.045906547E2
1.131663000E2	1.089407300E2
1.133263667E2	1.093005069E2
1.134863333E2	1.082636987E2
1.136623667E2	1.000249210E2
1.138224333E2	8.573041927E1
1.139983333E2	6.124413324E1
1.141583333E2	3.664886185E1
1.143184000E2	1.363161531E1
1.144943000E2	-2.447624970E0
1.146543000E2	-1.168790201E1
1.148302667E2	-1.365907526E1
1.149903000E2	-1.047520074E1
1.151662667E2	3.289523809E0
1.153263000E2	2.712146992E1
1.154864000E2	4.723702910E1
1.156623667E2	6.384556260E1
1.158223000E2	7.961381869E1
1.159982667E2	9.730037861E1
1.161583333E2	1.053101460E2
1.163185000E2	1.089029377E2
1.164943000E2	1.089015037E2
1.166542667E2	1.047122261E2
1.168302667E2	9.498679497E1
1.169903667E2	7.619881768E1
1.171503667E2	4.993719763E1
1.173263333E2	2.696902276E1
1.174862667E2	6.958360409E0
1.176623000E2	-7.702285810E0
1.178223333E2	-1.307302928E1
1.179822667E2	-1.462471501E1
1.181583000E2	-6.145999104E0
1.183183333E2	1.143344345E1
1.184942333E2	3.506342584E1
1.186542667E2	5.126732200E1
1.188302333E2	6.942177684E1
1.189903000E2	8.496600904E1
1.191502333E2	1.024249542E2
1.193262000E2	1.068100158E2
1.194863000E2	1.092893708E2
1.196622000E2	1.091708419E2
1.198222667E2	1.027134748E2
1.199823333E2	8.978937467E1
1.201582333E2	6.701134987E1
1.203183000E2	4.193943457E1
1.204942000E2	1.970704822E1
1.206543000E2	2.126517908E0
1.208143333E2	-9.978612839E0
1.209902333E2	-1.500213572E1
1.211503000E2	-1.320098210E1
1.213262000E2	-2.060980834E0
1.214862333E2	1.881223025E1
1.216463333E2	3.884196124E1
1.218222667E2	5.678196347E1
1.219823000E2	7.363878038E1
1.221582000E2	9.003335432E1
1.223182667E2	1.044537376E2
1.224941667E2	1.083049579E2
1.226542333E2	1.085288982E2
1.228143333E2	1.082523491E2
1.229902333E2	1.002743950E2
1.231502667E2	8.617274546E1
1.233261667E2	6.213967233E1
1.234862333E2	3.889006856E1
1.236462333E2	1.742133685E1
1.238222333E2	-8.852871069E-1
1.239822667E2	-1.162266295E1
1.241582000E2	-1.489661283E1
1.243182333E2	-1.115672498E1
1.244782667E2	5.969105829E-1
1.246542000E2	2.052032907E1
1.248142000E2	4.123414170E1
1.249902000E2	5.928998595E1
1.251502667E2	7.567345914E1
1.253261667E2	9.241210193E1
1.254862000E2	1.046613983E2
1.256462000E2	1.090755081E2
1.258221667E2	1.090456981E2
1.259822000E2	1.080410780E2
1.261581000E2	9.972826345E1
1.263182000E2	8.506668714E1
1.264781667E2	6.125130068E1
1.266542000E2	3.902555303E1
1.268141667E2	1.620711639E1
1.269901333E2	-1.027420788E0
1.271501333E2	-1.143691725E1
1.273101667E2	-1.401190044E1
1.274862000E2	-1.090963864E1
1.276461667E2	9.828097718E-2
1.278221667E2	2.089098165E1
1.279821333E2	4.121319884E1
1.281422333E2	5.923175929E1
1.283181667E2	7.515961226E1
1.284781333E2	9.251790965E1
1.286541000E2	1.045845252E2
1.288141000E2	1.087947584E2
1.289901000E2	1.090245404E2
1.291501000E2	1.073508803E2
1.293101000E2	9.922608042E1
1.294861333E2	8.500546205E1
1.296461333E2	6.168062724E1
1.298221333E2	3.757155306E1
1.299821333E2	1.485791696E1
1.301421667E2	-1.699984708E0
1.303181333E2	-1.129867159E1
1.304781000E2	-1.387915802E1
1.306541000E2	-1.063945065E1
1.308141667E2	1.048300677E0
1.309741667E2	2.207006985E1
1.311501333E2	4.189690530E1
1.313101667E2	5.904154086E1
1.314860667E2	7.567772197E1
1.316461667E2	9.267985999E1
1.318062000E2	1.044574676E2
1.319821000E2	1.089226416E2
1.321421000E2	1.090193302E2
1.323180667E2	1.073407643E2
1.324781333E2	9.950242761E1
1.326540333E2	8.471121245E1
1.328141000E2	6.065463401E1
1.329741333E2	3.666850612E1
1.331501000E2	1.508562479E1
1.333100667E2	-1.753933436E0
1.334860333E2	-1.109262085E1
1.336460333E2	-1.408552874E1
1.338060667E2	-1.111833317E1
1.339820333E2	4.254980433E-1
1.341420333E2	2.171020139E1
1.343180333E2	4.016350827E1
1.344781000E2	5.881181849E1
1.346381333E2	7.613695708E1
1.348140667E2	9.241801375E1
1.349740333E2	1.044686710E2
1.351500000E2	1.088802179E2
1.353101333E2	1.093400575E2
1.354860000E2	1.072301145E2
1.356460333E2	1.002749290E2
1.358060333E2	8.543729415E1
1.359820333E2	6.198956315E1
1.361421000E2	3.802872695E1
1.363180000E2	1.617933013E1
1.364780333E2	-1.250270846E0
1.366381000E2	-1.082004178E1
1.368140000E2	-1.434867721E1
1.369740333E2	-1.173817312E1
1.371499333E2	-1.067354625E-1
1.373100000E2	2.003348831E1
1.374700667E2	3.896464819E1
1.376460000E2	5.883216757E1
1.378060000E2	7.502176138E1
1.379820000E2	9.132997374E1
1.381420000E2	1.042222586E2
1.383021000E2	1.088683132E2
1.384780000E2	1.094797684E2
1.386380667E2	1.085600642E2
1.388140333E2	1.017315749E2
1.389740333E2	8.831630815E1
1.391499667E2	6.624559627E1
1.393099667E2	4.219442826E1
1.394700667E2	1.921701426E1
1.396460000E2	1.837583711E0
1.398059333E2	-9.711504653E0
1.399819333E2	-1.398751700E1
1.401419333E2	-1.282196868E1
1.403021667E2	-2.996715496E0
1.404780000E2	1.596439756E1
1.406379667E2	3.544557604E1
1.408139667E2	5.503228534E1
1.409739667E2	7.073705025E1
1.411340333E2	8.602758472E1
1.413100000E2	1.018676808E2
1.414700000E2	1.069485281E2
1.416459333E2	1.093033512E2
1.418059333E2	1.094582102E2
1.419660667E2	1.048562292E2
1.421419333E2	9.488761148E1
1.423019333E2	7.679736796E1
1.424779000E2	5.193848521E1
1.426379333E2	3.038022433E1
1.428139000E2	1.074180803E1
1.429739667E2	-3.592455098E0
1.431340000E2	-1.213075879E1
1.433099333E2	-1.409806250E1
1.434700000E2	-1.068504161E1
1.436458667E2	1.141479675E0
1.438059000E2	2.224815803E1
1.439660000E2	4.173634186E1
1.441419000E2	5.943220463E1
1.443019000E2	7.500757550E1
1.444779000E2	8.956376664E1
1.446378667E2	1.035595996E2
1.447980000E2	1.079249076E2
1.449740667E2	1.093782287E2
1.451339333E2	1.090765384E2
1.453099000E2	1.030692728E2
1.454700000E2	9.132239858E1
1.456458333E2	6.980935115E1
1.458058667E2	4.683817797E1
1.459658667E2	2.602899642E1
1.461418333E2	7.382729586E0
1.463019000E2	-7.807722949E0
1.464778333E2	-1.333209921E1
1.466379333E2	-1.413162897E1
1.467979333E2	-8.322066450E0
1.469738667E2	5.076088694E0
1.471338333E2	2.668333776E1
1.473098333E2	4.385820309E1
1.474698667E2	6.337762216E1
1.476299000E2	7.847911104E1
1.478059000E2	9.383628321E1
1.479659000E2	1.050015008E2
1.481418333E2	1.090826106E2
1.483019000E2	1.094984326E2
1.484619000E2	1.088111729E2
1.486378333E2	1.017836337E2
1.487979000E2	8.974261741E1
1.489738000E2	6.702012272E1
1.491338333E2	4.401591708E1
1.493097667E2	2.335549944E1
1.494698000E2	5.920551784E0
1.496298333E2	-7.756153865E0
1.498058667E2	-1.389590438E1
1.499658667E2	-1.463991128E1
1.501418000E2	-8.000972777E0
1.503018000E2	6.513523507E0
1.504619000E2	2.527371681E1
1.506377667E2	4.436869469E1
1.507978667E2	6.250603166E1
1.509737667E2	7.662184250E1
1.511338000E2	9.327385427E1
1.512939333E2	1.047963954E2
1.514698000E2	1.085798500E2
1.516299000E2	1.093531984E2
1.518058333E2	1.087530913E2
1.519658667E2	1.035759343E2
1.521258333E2	9.226575377E1
1.523018333E2	7.079009937E1
1.524618667E2	4.823401534E1
1.526378333E2	2.754561322E1
1.527978333E2	9.221611333E0
1.529737333E2	-5.956391589E0
1.531337667E2	-1.299557978E1
1.532938667E2	-1.472478571E1
1.534697667E2	-9.486225915E0
1.536298667E2	1.476409004E0
1.538057333E2	1.913970862E1
1.539658000E2	3.946888670E1
1.541258000E2	5.721509811E1
1.543017667E2	7.110459962E1
1.544618333E2	8.516750187E1
1.546377667E2	1.015869989E2
1.547978333E2	1.060716233E2
1.549578667E2	1.086910466E2
1.551337667E2	1.093610787E2
1.552938667E2	1.066001812E2
1.554697667E2	9.876461068E1
1.556297667E2	8.232877717E1
1.558057333E2	5.912403319E1
1.559657667E2	3.820441715E1
1.561258000E2	1.862321578E1
1.563017667E2	2.178501889E0
1.564617667E2	-1.001540080E1
1.566377000E2	-1.403967136E1
1.567977667E2	-1.307366089E1
1.569577333E2	-6.168516495E0
1.571337333E2	7.502132523E0
1.572937333E2	2.817470612E1
1.574697000E2	4.607748983E1
1.576297333E2	6.146785408E1
1.577897333E2	7.579974526E1
1.579657667E2	9.014801245E1
1.581257667E2	1.039428285E2
1.583016667E2	1.076215800E2
1.584617333E2	1.088298605E2
1.586217667E2	1.088543309E2
1.587977667E2	1.041452887E2
1.589578000E2	9.403300118E1
1.591337333E2	7.461737006E1
1.592937000E2	5.344630168E1
1.594696333E2	3.396309101E1
1.596297333E2	1.469033298E1
1.597897667E2	-2.012872280E0
1.599657000E2	-1.162266695E1
1.601257333E2	-1.317339481E1
1.603016000E2	-1.273987463E1
1.604616667E2	-5.060186066E0
1.606217333E2	1.218057923E1
1.607977000E2	3.142834689E1
1.609577333E2	4.743663944E1
1.611336667E2	6.486602461E1
1.612937333E2	7.845007272E1
1.614537000E2	9.515660260E1
1.616296667E2	1.044646727E2
1.617897333E2	1.081552137E2
1.619656667E2	1.093683112E2
1.621256333E2	1.088204881E2
1.622857667E2	1.035007125E2
1.624616333E2	9.337347634E1
1.626216667E2	7.386796438E1
1.627976667E2	5.364660430E1
1.629577333E2	3.458787096E1
1.631336000E2	1.434718028E1
1.632937000E2	-1.949491236E0
1.634537000E2	-1.024565757E1
1.636296333E2	-1.384353464E1
1.637897000E2	-1.282544563E1
1.639656333E2	-4.215731828E0
1.641256000E2	9.841731225E0
1.642856333E2	2.960546364E1
1.644616333E2	4.671339192E1
1.646217000E2	6.278763962E1
1.647975667E2	7.692292280E1
1.649576667E2	9.253403695E1
1.651176333E2	1.033964110E2
1.652936000E2	1.075670955E2
1.654536333E2	1.091131362E2
1.656296333E2	1.089341627E2
1.657896667E2	1.044527935E2
1.659655667E2	9.554658145E1
1.661256333E2	7.840827306E1
1.662856000E2	5.795002060E1
1.664616000E2	3.801838854E1
1.666216667E2	1.736186838E1
1.667975333E2	1.264043544E0
1.669576333E2	-8.830725209E0
1.671176000E2	-1.311195565E1
1.672936000E2	-1.407603369E1
1.674535667E2	-7.420906669E0
1.676295333E2	5.868746043E0
1.677895667E2	2.458944718E1
1.679496333E2	4.139632999E1
1.681255667E2	5.915770353E1
1.682856000E2	7.241884202E1
1.684615667E2	8.647209437E1
1.686215667E2	1.010944054E2
1.687816333E2	1.058650569E2
1.689575333E2	1.084979129E2
1.691175333E2	1.095055232E2
1.692935667E2	1.069691758E2
1.694536000E2	9.980939658E1
1.696295000E2	8.589963665E1
1.697896000E2	6.602852751E1
1.699495667E2	4.543442956E1
1.701255667E2	2.395823531E1
1.702856333E2	6.947265732E0
1.704615333E2	-4.957839873E0
1.706216000E2	-1.204585905E1
1.707816000E2	-1.423791769E1
1.709575333E2	-1.053357976E1
1.711176333E2	-1.674669772E0
1.712935000E2	1.492625053E1
1.714535667E2	3.330549880E1
1.716135333E2	5.061398266E1
1.717895000E2	6.585896835E1
1.719496000E2	7.998498996E1
1.721255000E2	9.486405207E1
1.722855667E2	1.051452165E2
1.724614333E2	1.086952192E2
1.726215333E2	1.093717949E2
1.727815667E2	1.091091619E2
1.729574667E2	1.041391149E2
1.731175333E2	9.507599500E1
1.732935000E2	7.829349046E1
1.734535333E2	5.784108597E1
1.736135667E2	3.654809327E1
1.737895000E2	1.872826565E1
1.739495667E2	3.034843782E0
1.741254667E2	-8.313530392E0
1.742855333E2	-1.242759286E1
1.744456667E2	-1.388938394E1
1.746215000E2	-9.565677740E0
1.747815333E2	2.573106818E0
1.749574667E2	2.061994872E1
1.751175333E2	3.828971180E1
1.752775333E2	5.484021120E1
1.754534667E2	6.773106987E1
1.756135333E2	8.174196955E1
1.757894667E2	9.756870926E1
1.759495333E2	1.044646055E2
1.761254000E2	1.083805237E2
1.762855000E2	1.092605581E2
1.764455333E2	1.083634924E2
1.766214667E2	1.030006291E2
1.767815000E2	9.293180316E1
1.769574333E2	7.664885332E1
1.771175000E2	5.380355556E1
1.772775333E2	3.526085478E1
1.774534667E2	1.672331311E1
1.776134667E2	1.929376978E0
1.777894333E2	-8.355349613E0
1.779495000E2	-1.290225898E1
1.781095333E2	-1.451747608E1
1.782854333E2	-8.164751945E0
1.784454667E2	3.986007298E0
1.786214333E2	2.185709088E1
1.787814000E2	3.851731245E1
1.789415333E2	5.604958855E1
1.791174667E2	6.898689806E1
1.792775333E2	8.374399803E1
1.794534333E2	9.817047455E1
1.796134333E2	1.047870008E2
1.797893667E2	1.085669282E2
1.799494667E2	1.094790858E2
1.801095000E2	1.085665852E2
1.802854000E2	1.028448203E2
1.804454667E2	9.283447879E1
1.806213667E2	7.437442622E1
1.807814000E2	5.227737596E1
1.809414667E2	3.366282498E1
1.811174000E2	1.606397441E1
1.812774667E2	1.929936620E0
1.814534000E2	-8.322827959E0
1.816134333E2	-1.413694866E1
1.817734333E2	-1.403866448E1
1.819493667E2	-7.710687482E0
1.821094333E2	3.879640555E0
1.822853667E2	1.998132968E1
1.824454000E2	3.801649387E1
1.826213333E2	5.487566292E1
1.827814000E2	6.747005785E1
1.829413667E2	8.222632334E1
1.831173667E2	9.702603204E1
1.832774000E2	1.049487073E2
1.834533333E2	1.086056918E2
1.836134000E2	1.094360668E2
1.837733667E2	1.086724980E2
1.839493667E2	1.042731082E2
1.841094000E2	9.580781192E1
1.842853000E2	7.905047177E1
1.844453667E2	5.778992685E1
1.846054667E2	3.943742826E1
1.847814000E2	2.025237274E1
1.849414333E2	4.367118710E0
1.851173667E2	-6.980988119E0
1.852774000E2	-1.291659664E1
1.854374333E2	-1.387573467E1
1.856133667E2	-9.257354060E0
1.857733333E2	-2.337718308E-1
1.859493000E2	1.521978517E1
1.861094000E2	3.432719427E1
1.862853000E2	5.010076769E1
1.864453333E2	6.329404102E1
1.866053333E2	7.757055070E1
1.867813333E2	9.054752691E1
1.869413000E2	1.030797726E2
1.871172667E2	1.069530901E2
1.872773000E2	1.089308701E2
1.874373000E2	1.092509068E2
1.876132667E2	1.068961211E2
1.877733667E2	1.000995534E2
1.879492667E2	8.725358520E1
1.881093333E2	6.742861708E1
1.882694000E2	4.840086897E1
1.884453000E2	2.860433193E1
1.886053000E2	1.200995801E1
1.887813000E2	-7.861029774E-1
1.889413667E2	-9.896124967E0
1.891013000E2	-1.381293777E1
1.892773000E2	-1.223717868E1
1.894373333E2	-5.917925840E0
1.896132667E2	6.204793238E0
1.897733000E2	2.386980528E1
1.899492000E2	4.043471863E1
1.901092667E2	5.602043865E1
1.902693667E2	6.915792136E1
1.904452333E2	8.365699759E1
1.906053333E2	9.768072788E1
1.907812333E2	1.049371168E2
1.909413000E2	1.084589885E2
1.911012333E2	1.089762361E2
1.912772000E2	1.089218001E2
1.914373333E2	1.043455685E2
1.916132333E2	9.575147286E1
1.917733333E2	8.001576340E1
1.919333667E2	5.919471802E1
1.921092667E2	4.092335480E1
1.922692667E2	2.399092031E1
1.924452333E2	7.231900830E0
1.926053000E2	-5.246252285E0
1.927811667E2	-1.139465471E1
1.929412667E2	-1.292149044E1
1.931013000E2	-1.174291514E1
1.932772333E2	-4.144049232E0
1.934372667E2	8.784927633E0
1.936132000E2	2.574626386E1
1.937732000E2	4.193492174E1
1.939332333E2	5.659321233E1
1.941092000E2	6.881152606E1
1.942693000E2	8.316030064E1
1.944451667E2	9.624024287E1
1.946052000E2	1.049569768E2
1.947653000E2	1.084000218E2
1.949412333E2	1.090644012E2
1.951012000E2	1.087903597E2
1.952771667E2	1.051066877E2
1.954372000E2	9.795906736E1
1.955972667E2	8.363437389E1
1.957732333E2	6.451840864E1
1.959332333E2	4.715615989E1
1.961092000E2	2.905883972E1
1.962692333E2	1.173814790E1
1.964451333E2	-9.037966943E-1
1.966052000E2	-8.920897233E0
1.967651667E2	-1.277306635E1
1.969411333E2	-1.250536954E1
1.971011667E2	-7.390841352E0
1.972771667E2	3.268794035E0
1.974372000E2	1.990282899E1
1.975971667E2	3.605948986E1
1.977731667E2	5.079884000E1
1.979332000E2	6.428894753E1
1.981091333E2	7.785346989E1
1.982692333E2	9.110617800E1
1.984292667E2	1.029987076E2
1.986052000E2	1.060686140E2
1.987652333E2	1.085099152E2
1.989411667E2	1.090428463E2
1.991012333E2	1.073536416E2
1.992611667E2	1.010635923E2
1.994371333E2	9.104944926E1
1.995972333E2	7.454673151E1
1.997731333E2	5.530190671E1
1.999331333E2	3.707016724E1
2.001091000E2	1.961317195E1
2.002692000E2	5.167931043E0
2.004291333E2	-5.234431114E0
2.006051667E2	-1.104153643E1
2.007651667E2	-1.391113577E1
2.009410667E2	-1.136542156E1
2.011013333E2	-3.509846455E0
2.012612000E2	9.034149994E0
2.014371000E2	2.468285222E1
2.015971000E2	4.142814832E1
2.017731333E2	5.567746665E1
2.019331667E2	6.799765938E1
2.020931667E2	8.194359962E1
2.022691000E2	9.418282266E1
2.024290667E2	1.039146634E2
2.026050667E2	1.079597213E2
2.027651667E2	1.092673239E2
2.029410667E2	1.093870950E2
2.031011000E2	1.060470584E2
2.032611333E2	9.977600921E1
2.034370333E2	8.901617743E1
2.035971333E2	7.270676023E1
2.037730333E2	5.336874041E1
2.039331000E2	3.476517430E1
2.040931667E2	1.843122338E1
2.042691000E2	4.187010644E0
2.044290667E2	-6.268082897E0
2.046050333E2	-1.205024484E1
2.047651333E2	-1.413801991E1
2.049250667E2	-1.143367916E1
2.051010667E2	-3.937769782E0
2.052610667E2	7.703593933E0
2.054370000E2	2.520211779E1
2.055971000E2	4.155865203E1
2.057571667E2	5.602293939E1
2.059330333E2	6.787075938E1
2.060931333E2	8.168827195E1
2.062690333E2	9.400506122E1
2.064291000E2	1.043308743E2
2.066050000E2	1.079526998E2
2.067651000E2	1.086684750E2
2.069251000E2	1.090609269E2
2.071010667E2	1.068127328E2
2.072611000E2	1.006612201E2
2.074369667E2	9.010847573E1
2.075970333E2	7.394616764E1
2.077571333E2	5.539940563E1
2.079330667E2	3.767536712E1
2.080931000E2	2.033180140E1
2.082689333E2	6.186698437E0
2.084290000E2	-5.705738485E0
2.085890333E2	-1.128163375E1
2.087650333E2	-1.437953397E1
2.089250667E2	-1.370458025E1
2.091010000E2	-7.902168098E0
2.092610333E2	1.887192288E0
2.094210667E2	1.985103140E1
2.095970000E2	3.608344159E1
2.097570667E2	5.006641517E1
2.099330000E2	6.357176345E1
2.100930333E2	7.599850536E1
2.102689333E2	8.851564946E1
2.104290000E2	1.008930833E2
2.105890333E2	1.041168998E2
2.107650000E2	1.079998060E2
2.109249667E2	1.090962052E2
2.111009000E2	1.083502887E2
2.112609333E2	1.040778029E2
2.114209667E2	9.719871888E1
2.115970000E2	8.492326944E1
2.117569333E2	6.716983250E1
2.119329667E2	4.817097555E1
2.120930000E2	3.062570861E1
2.122530667E2	1.432243556E1
2.124289333E2	2.023729309E0
2.125890333E2	-8.034584058E0
2.127649667E2	-1.414815922E1
2.129250000E2	-1.453729284E1
2.131009000E2	-1.227582957E1
2.132609333E2	-5.901046771E0
2.134209333E2	6.003942267E0
2.135969667E2	2.673694341E1
2.137570000E2	4.178531924E1
2.139329000E2	5.748750655E1
2.140930000E2	6.911579400E1
2.142530333E2	8.155368429E1
2.144289667E2	9.614781210E1
2.145890000E2	1.038404488E2
2.147648667E2	1.075346471E2
2.149249667E2	1.087262065E2
2.150850000E2	1.089601690E2
2.152609667E2	1.058311661E2
2.154209667E2	9.975169285E1
2.155969333E2	8.814294557E1
2.157570000E2	7.199247405E1
2.159170333E2	5.221796421E1
2.160929667E2	3.355678662E1
2.162529667E2	1.612692527E1
2.164288667E2	3.056063766E0
2.165889000E2	-7.963528697E0
2.167648667E2	-1.376101456E1
2.169249333E2	-1.418569978E1
2.170849667E2	-1.320529625E1
2.172609000E2	-6.808716034E0
2.174208667E2	5.405766415E0
2.175968333E2	2.619828699E1
2.177569333E2	4.077547590E1
2.179168667E2	5.537638258E1
2.180929000E2	6.765344228E1
2.182529000E2	8.023318830E1
2.184288667E2	9.499276735E1
2.185888667E2	1.036889938E2
2.187488667E2	1.070186434E2
2.189249667E2	1.083517473E2
2.190848667E2	1.087382319E2
2.192608667E2	1.068028251E2
2.194208667E2	1.007278471E2
2.195809333E2	9.024615721E1
2.197568667E2	7.559067974E1
2.199168667E2	5.541598528E1
2.200928333E2	3.679039215E1
2.202528333E2	1.864341647E1
2.204288000E2	4.814015997E0
2.205888333E2	-5.946965680E0
2.207488333E2	-1.271819098E1
2.209248333E2	-1.500759515E1
2.210849000E2	-1.396328518E1
2.212608000E2	-7.809565915E0
2.214208333E2	2.794081498E0
2.215808333E2	2.147876450E1
2.217568333E2	3.840436129E1
2.219168667E2	5.246271160E1
2.220928333E2	6.514526218E1
2.222528333E2	7.767239457E1
2.224129333E2	9.159687535E1
2.225888000E2	1.024720144E2
2.227488667E2	1.059178192E2
2.229247667E2	1.082158401E2
2.230848000E2	1.088101538E2
2.232607667E2	1.077505481E2
2.234208000E2	1.023083929E2
2.235809000E2	9.376844380E1
2.237568333E2	8.021054542E1
2.239168667E2	6.110987823E1
2.240927667E2	4.254923125E1
2.242528000E2	2.542478964E1
2.244128667E2	9.987213735E0
2.245888000E2	-9.067131448E-1
2.247488000E2	-1.011748975E1
2.249247667E2	-1.511474268E1
2.250848000E2	-1.457889566E1
2.252448667E2	-1.063063081E1
2.254207667E2	-3.355590376E0
2.255808333E2	1.117072720E1
2.257567667E2	3.126202743E1
2.259168000E2	4.468630289E1
2.260767667E2	5.922192085E1
2.262527667E2	7.086378823E1
2.264127667E2	8.460685432E1
2.265887667E2	9.762921154E1
2.267488000E2	1.029367177E2
2.269247000E2	1.072201438E2
2.270848000E2	1.081444265E2
2.272448000E2	1.082904596E2
2.274207333E2	1.052712171E2
2.275808000E2	9.907287359E1
2.277567000E2	8.803539643E1
2.279167667E2	7.215370947E1
2.280768333E2	5.187469745E1
2.282527000E2	3.388660745E1
2.284128333E2	1.696118114E1
2.285887000E2	4.173139081E0
2.287487667E2	-6.087657204E0
2.289087333E2	-1.302016196E1
2.290847333E2	-1.497517808E1
2.292447667E2	-1.409512559E1
2.294206667E2	-7.958673960E0
2.295807000E2	1.095415430E0
2.297407000E2	1.987468512E1
2.299167333E2	3.608518033E1
2.300767333E2	4.994800680E1
2.302527000E2	6.317184144E1
2.304127000E2	7.545349904E1
2.305887333E2	8.827401593E1
2.307487000E2	1.001534925E2
2.309087667E2	1.038850713E2
2.310847000E2	1.077989744E2
2.312447000E2	1.090848582E2
2.314206333E2	1.084398655E2
2.315807333E2	1.046185384E2
2.317407000E2	9.795432812E1
2.319166333E2	8.675020397E1
2.320767000E2	6.910616248E1
2.322526667E2	5.013229689E1
2.324127333E2	3.221641719E1
2.325727000E2	1.703275505E1
2.327486333E2	3.925020814E0
2.329087333E2	-7.642425365E0
2.330846667E2	-1.272866470E1
2.332446667E2	-1.494220128E1
2.334206000E2	-1.348130469E1
2.335806333E2	-8.637670205E0
2.337407333E2	-1.116524804E0
2.339166333E2	1.884235878E1
2.340766333E2	3.481735045E1
2.342526333E2	4.787634099E1
2.344126333E2	6.185176013E1
2.345727000E2	7.387173464E1
2.347486333E2	8.751121210E1
2.349086667E2	9.869255505E1
2.350845667E2	1.029477505E2
2.352446333E2	1.074256419E2
2.354047333E2	1.086094795E2
2.355806333E2	1.084136612E2
2.357407333E2	1.056271624E2
2.359165667E2	9.970841694E1
2.360766333E2	9.001939929E1
2.362367000E2	7.431179478E1
2.364126333E2	5.515532659E1
2.365727000E2	3.733967659E1
2.367486333E2	2.198742902E1
2.369086333E2	7.121577365E0
2.370845667E2	-4.650271818E0
2.372446000E2	-1.136735000E1
2.374046667E2	-1.421904735E1
2.375805667E2	-1.417472393E1
2.377406667E2	-1.135718246E1
2.379165333E2	-4.875850064E0
2.380765667E2	1.118264186E1
2.382366000E2	2.753986808E1
2.384125667E2	4.123492045E1
2.385726333E2	5.600402198E1
2.387485667E2	6.716727076E1
2.389085667E2	7.990273942E1
2.390686333E2	9.166944449E1
2.392445667E2	1.016477177E2
2.394045667E2	1.058229481E2
2.395805667E2	1.077991584E2
2.397406000E2	1.085743506E2
2.399005667E2	1.080696372E2
2.400765333E2	1.043706465E2
2.402365667E2	9.790031592E1
2.404125333E2	8.589290571E1
2.405725667E2	6.844457298E1
2.407485333E2	5.106105164E1
2.409085333E2	3.516578353E1
2.410686000E2	1.885034115E1
2.412445667E2	5.036070027E0
2.414046000E2	-5.632823718E0
2.415805000E2	-1.106778151E1
2.417405333E2	-1.508429870E1
2.419006333E2	-1.433662492E1
2.420765333E2	-1.084890464E1
2.422366000E2	-4.003360312E0
2.424125000E2	1.118662059E1
2.425725667E2	2.660155651E1
2.427325333E2	4.196361949E1
2.429085667E2	5.597409582E1
2.430686000E2	6.652555266E1
2.432445000E2	7.859182093E1
2.434045000E2	9.013725909E1
2.435804667E2	1.016881358E2
2.437405667E2	1.051289123E2
2.439006000E2	1.083303687E2
2.440765000E2	1.090164151E2
2.442365333E2	1.088944828E2
2.444124667E2	1.061165947E2
2.445724667E2	1.003671728E2
2.447325000E2	8.996898052E1
2.449084667E2	7.665845298E1
2.450685333E2	5.820293045E1
2.452444333E2	4.206476486E1
2.454044667E2	2.628055939E1
2.455645667E2	1.154426239E1
2.457404667E2	9.698024504E-1
2.459005667E2	-8.004056156E0
2.460764667E2	-1.347427876E1
2.462366000E2	-1.404708133E1
2.463965667E2	-1.392203696E1
2.465724667E2	-8.979363819E0
2.467325333E2	-1.522972451E-2
2.469084333E2	1.710510390E1
2.470684667E2	3.237682907E1
2.472444000E2	4.578968099E1
2.474045000E2	5.886752323E1
2.475644667E2	6.984818335E1
2.477404667E2	8.272699760E1
2.479005333E2	9.333143628E1
2.480764000E2	1.029325666E2
2.482364667E2	1.065512480E2
2.483964333E2	1.085431367E2
2.485724333E2	1.089479375E2
2.487325333E2	1.085499462E2
2.489084667E2	1.047453981E2
2.490684333E2	9.895682264E1
2.492284667E2	8.748868460E1
2.494044667E2	7.206369248E1
2.495645000E2	5.534429026E1
2.497404333E2	4.011148585E1
2.499004667E2	2.426136573E1
2.500604333E2	1.064458520E1
2.502364667E2	-7.119071092E-1
2.503964333E2	-8.748623491E0
2.505724333E2	-1.336895083E1
2.507324000E2	-1.492034138E1
2.509083667E2	-1.409271864E1
2.510684333E2	-9.055162082E0
2.512285000E2	-8.896763816E-1
2.514043667E2	1.625169013E1
2.515644000E2	3.205076468E1
2.517403667E2	4.463376933E1
2.519004667E2	5.687676983E1
2.520604667E2	6.750033104E1
2.522363667E2	7.938711268E1
2.523963667E2	9.047411232E1
2.525724000E2	1.013032346E2
2.527324000E2	1.043152663E2
2.528924000E2	1.076013565E2
2.530683667E2	1.086422509E2
2.532284000E2	1.085723022E2
2.534043667E2	1.062631343E2
2.535644000E2	1.010978681E2
2.537403333E2	9.264884103E1
2.539003333E2	8.057935296E1
2.540604667E2	6.277878338E1
2.542363667E2	4.680422172E1
2.543964333E2	3.168880028E1
2.545723333E2	1.600275315E1
2.547324000E2	3.990845306E0
2.548923333E2	-6.089505409E0
2.550683667E2	-1.131401217E1
2.552286000E2	-1.424625698E1
2.554043333E2	-1.444122407E1
2.555643667E2	-1.195626608E1
2.557244333E2	-6.290349049E0
2.559003000E2	7.254554634E0
2.560603333E2	2.395291595E1
2.562363333E2	3.693431604E1
2.563964000E2	5.013488426E1
2.565563333E2	6.103676989E1
2.567323333E2	7.304944266E1
2.568924000E2	8.502042574E1
2.570683000E2	9.623393847E1
2.572283333E2	1.026419300E2
2.574043000E2	1.060645251E2
2.575643000E2	1.081811265E2
2.577244333E2	1.085761244E2
2.579003333E2	1.081701860E2
2.580603667E2	1.043184146E2
2.582362667E2	9.906368887E1
2.583963000E2	8.906919552E1
2.585564000E2	7.409897151E1
2.587322667E2	5.649991410E1
2.588923000E2	4.112597474E1
2.590683000E2	2.636383433E1
2.592283333E2	1.250753251E1
2.593883667E2	1.068153275E0
2.595642667E2	-7.828469333E0
2.597244000E2	-1.283144166E1
2.599003000E2	-1.472834560E1
2.600603333E2	-1.443713022E1
2.602203000E2	-1.102503501E1
2.603963333E2	-3.957779624E0
2.605562667E2	1.106152562E1
2.607322333E2	2.613931060E1
2.608923000E2	3.897780036E1
2.610682333E2	5.213830412E1
2.612283000E2	6.262764482E1
2.613883000E2	7.376389872E1
2.615643000E2	8.413351907E1
2.617243667E2	9.585607916E1
2.619002000E2	1.028894976E2
2.620603333E2	1.063830847E2
2.622203333E2	1.085791460E2
2.623962333E2	1.090357220E2
2.625563000E2	1.084303135E2
2.627322000E2	1.054868171E2
2.628922333E2	1.001325234E2
2.630522667E2	9.067959558E1
2.632282333E2	7.676883333E1
2.633883000E2	6.058110760E1
2.635642333E2	4.584103325E1
2.637243000E2	3.021889665E1
2.639001667E2	1.509415809E1
2.640602333E2	3.040706194E0
2.642202333E2	-6.341382750E0
2.643962333E2	-1.098308863E1
2.645563000E2	-1.412177631E1
2.647321667E2	-1.497160244E1
2.648922333E2	-1.291599584E1
2.650522000E2	-7.265844791E0
2.652281667E2	4.378140412E0
2.653882667E2	2.033660645E1
2.655641333E2	3.269310408E1
2.657241667E2	4.632277312E1
2.658842667E2	5.708334257E1
2.660602000E2	6.832283964E1
2.662202667E2	7.910705287E1
2.663962000E2	8.976739685E1
2.665562000E2	1.006234966E2
2.667163000E2	1.037878980E2
2.668921667E2	1.074813343E2
2.670522667E2	1.081197882E2
2.672282000E2	1.083157771E2
2.673882000E2	1.078353695E2
2.675641333E2	1.028329495E2
2.677242000E2	9.610528523E1
2.678841667E2	8.557991677E1
2.680601333E2	7.007617350E1
2.682201667E2	5.386984499E1
2.683961333E2	3.861303572E1
2.685561333E2	2.400552770E1
2.687162333E2	1.136066994E1
2.688922000E2	7.290317138E-1
2.690522667E2	-6.869538321E0
2.692281333E2	-1.288134390E1
2.693881333E2	-1.539279932E1
2.695482333E2	-1.414252428E1
2.697242000E2	-1.173021379E1
2.698842000E2	-6.660332373E0
2.700601667E2	4.771640597E0
2.702202000E2	2.013961703E1
2.703802333E2	3.329271927E1
2.705561667E2	4.564380427E1
2.707162000E2	5.568939546E1
2.708921333E2	6.705911298E1
2.710521333E2	7.755476141E1
2.712281000E2	8.730437014E1
2.713881333E2	9.815294344E1
2.715482333E2	1.030436721E2
2.717241667E2	1.071674654E2
2.718841333E2	1.085581169E2
2.720600667E2	1.086510916E2
2.722201667E2	1.080917586E2
2.723802000E2	1.045704439E2
2.725561000E2	9.984400182E1
2.727162000E2	9.096105124E1
2.728920667E2	7.827465798E1
2.730521333E2	6.291828387E1
2.732122000E2	4.830076315E1
2.733881333E2	3.361566155E1
2.735481667E2	1.867184113E1
2.737240667E2	7.210366580E0
2.738841667E2	-1.605258179E0
2.740600333E2	-8.863953118E0
2.742200667E2	-1.312471038E1
2.743801667E2	-1.481063850E1
2.745561000E2	-1.512116438E1
2.747161667E2	-1.132719909E1
2.748920333E2	-5.253233464E0
2.750521333E2	7.328593055E0
2.752121667E2	2.113453093E1
2.753881000E2	3.390023171E1
2.755481333E2	4.688675734E1
2.757240333E2	5.683188340E1
2.758840667E2	6.758507828E1
2.760441333E2	7.791915276E1
2.762201000E2	8.735779402E1
2.763801333E2	9.810797061E1
2.765560667E2	1.028404753E2
2.767161333E2	1.067926727E2
2.768761667E2	1.084175903E2
2.770521000E2	1.086763858E2
2.772120667E2	1.082320203E2
2.773880333E2	1.052765306E2
2.775480333E2	1.006711391E2
2.777240000E2	9.305272963E1
2.778840333E2	8.198360600E1
2.780440333E2	6.690629663E1
2.782200333E2	5.139558921E1
2.783801000E2	3.760976970E1
2.785560000E2	2.353406191E1
2.787161000E2	1.145612749E1
2.788761000E2	8.772486310E-1
2.790520000E2	-6.967963075E0
2.792120333E2	-1.178338245E1
2.793880333E2	-1.452965265E1
2.795480000E2	-1.506175736E1
2.797080333E2	-1.304930119E1
2.798840333E2	-7.780032294E0
2.800441000E2	2.764729911E0
2.802200000E2	1.691253664E1
2.803800333E2	2.919976503E1
2.805400333E2	4.166760615E1
2.807160333E2	5.236201496E1
2.808760667E2	6.340840054E1
2.810519667E2	7.289854648E1
2.812120000E2	8.352129510E1
2.813879333E2	9.433311973E1
2.815479667E2	1.021895328E2
2.817080333E2	1.050817214E2
2.818839667E2	1.074104259E2
2.820441333E2	1.085082612E2
2.822199667E2	1.087028004E2
2.823799667E2	1.081832418E2
2.825399667E2	1.041060402E2
2.827159667E2	9.851003005E1
2.828760333E2	8.834467123E1
2.830519333E2	7.515832568E1
2.832120000E2	5.994952718E1
2.833719667E2	4.555574181E1
2.835479333E2	3.129306509E1
2.837080333E2	1.725538009E1
2.838839333E2	6.239693105E0
2.840440000E2	-2.543334233E0
2.842199000E2	-8.997949450E0
2.843800000E2	-1.384380575E1
2.845400000E2	-1.507089453E1
2.847159333E2	-1.459452787E1
2.848759333E2	-1.114782174E1
2.850519000E2	-5.196968608E0
2.852120000E2	7.242757527E0
2.853720000E2	2.110885177E1
2.855479000E2	3.277455090E1
2.857080000E2	4.506721432E1
2.858839000E2	5.558913732E1
2.860439667E2	6.558319111E1
2.862040000E2	7.508636249E1
2.863799000E2	8.495581363E1
2.865399667E2	9.533268977E1
2.867159000E2	1.021951730E2
2.868759333E2	1.050929108E2
2.870359000E2	1.074762512E2
2.872118667E2	1.082176902E2
2.873720000E2	1.085451243E2
2.875479000E2	1.078380487E2
2.877079667E2	1.035870440E2
2.878838333E2	9.827270019E1
2.880438667E2	8.873604655E1
2.882039667E2	7.572827027E1
2.883799000E2	6.036547615E1
2.885398667E2	4.680768808E1
2.887158000E2	3.167726746E1
2.888758667E2	1.841328828E1
2.890359667E2	7.572150075E0
2.892118333E2	-8.538357197E-1
2.893718667E2	-8.079456240E0
2.895478333E2	-1.293336316E1
2.897079333E2	-1.554852540E1
2.898680000E2	-1.424398485E1
2.900438667E2	-1.296824115E1
2.902039000E2	-8.159229341E0
2.903798333E2	1.079376641E0
2.905398667E2	1.490867558E1
2.906999000E2	2.742411607E1
2.908759000E2	3.929997501E1
2.910359000E2	4.984490295E1
2.912118000E2	5.998824009E1
2.913719000E2	6.928865336E1
2.915478000E2	7.951693876E1
2.917078333E2	8.899207335E1
2.918679000E2	9.826811377E1
2.920438667E2	1.035731056E2
2.922039000E2	1.070529486E2
2.923798000E2	1.084890134E2
2.925398333E2	1.085346585E2
2.926999000E2	1.083141273E2
2.928758000E2	1.065896867E2
2.930358000E2	1.020795756E2
2.932117667E2	9.593655536E1
2.933718000E2	8.690620303E1
2.935318000E2	7.305518761E1
2.937078000E2	5.834497321E1
2.938679000E2	4.508426801E1
2.940438333E2	3.169264175E1
2.942038667E2	1.890068424E1
2.943798000E2	7.320780265E0
2.945398000E2	-6.471942214E-1
2.946998667E2	-7.740999894E0
2.948758000E2	-1.253821418E1
2.950358000E2	-1.494979530E1
2.952117333E2	-1.497651777E1
2.953718333E2	-1.308153430E1
2.955318000E2	-8.263400436E0
2.957077667E2	6.118230856E-1
2.958678667E2	1.346784926E1
2.960437667E2	2.552500205E1
2.962038333E2	3.797151429E1
2.963638667E2	4.787865580E1
2.965398000E2	5.749717319E1
2.966997667E2	6.749993776E1
2.968757667E2	7.695046738E1
2.970358000E2	8.557507562E1
2.971958000E2	9.572435633E1
2.973717333E2	1.023476111E2
2.975317667E2	1.053153898E2
2.977077667E2	1.078648878E2
2.978678000E2	1.085884251E2
2.980436667E2	1.087549141E2
2.982037667E2	1.081560623E2
2.983637667E2	1.046659591E2
2.985397333E2	1.000785213E2
2.986998000E2	9.215167543E1
2.988757000E2	8.259013977E1
2.990357667E2	6.763863876E1
2.991958667E2	5.219131689E1
2.993718000E2	3.901808274E1
2.995318000E2	2.647121805E1
2.997077000E2	1.460252971E1
2.998677000E2	3.608636187E0
3.000277333E2	-5.316240098E0
3.002037333E2	-1.008006717E1
3.003637000E2	-1.349153519E1
3.005397000E2	-1.553247591E1
3.006997333E2	-1.486017364E1
3.008756333E2	-1.195794518E1
3.010357333E2	-7.164769838E0
3.011957000E2	2.164427023E0
3.013716667E2	1.591924018E1
3.015317667E2	2.682887392E1
3.017076333E2	3.864698910E1
3.018677667E2	4.847338196E1
3.020278000E2	5.857197522E1
3.022037333E2	6.756598896E1
3.023637000E2	7.695444994E1
3.025396333E2	8.564312039E1
3.026997000E2	9.571788366E1
3.028597667E2	1.024519882E2
3.030356667E2	1.050274332E2
3.031956667E2	1.072517942E2
3.033716333E2	1.083922971E2
3.035317000E2	1.090736949E2
3.036917667E2	1.085733859E2
3.038676667E2	1.056167017E2
3.040276667E2	1.010315115E2
3.042036333E2	9.396610730E1
3.043637000E2	8.397828932E1
3.045396333E2	6.993081898E1
3.046996667E2	5.592983501E1
3.048597333E2	4.270985789E1
3.050356667E2	3.040747298E1
3.051956667E2	1.784677935E1
3.053716333E2	7.189455195E0
3.055316333E2	-4.013661035E-1
3.056917000E2	-6.994981600E0
3.058676000E2	-1.193518582E1
3.060277000E2	-1.509494205E1
3.062036000E2	-1.494053293E1
3.063636333E2	-1.390517649E1
3.065236333E2	-9.966923425E0
3.066996000E2	-3.290684852E0
3.068596667E2	8.424474821E0
3.070356000E2	2.068822328E1
3.071956667E2	3.101912412E1
3.073557000E2	4.216881175E1
3.075316333E2	5.183891085E1
3.076916667E2	6.213291819E1
3.078676333E2	7.023985478E1
3.080276333E2	8.005767679E1
3.082035667E2	8.968408992E1
3.083636667E2	9.815949706E1
3.085236333E2	1.037229921E2
3.086996333E2	1.071813079E2
3.088596000E2	1.088690190E2
3.090355667E2	1.091485947E2
3.091956667E2	1.091837718E2
3.093556667E2	1.083305823E2
3.095316000E2	1.050638058E2
3.096916667E2	1.007386908E2
3.098676000E2	9.359263284E1
3.100275667E2	8.376154502E1
3.101876333E2	6.956348215E1
3.103635667E2	5.572177212E1
3.105236333E2	4.310543268E1
3.106996000E2	3.068025638E1
3.108596000E2	1.836349182E1
3.110355000E2	7.901646342E0
3.111955333E2	-2.926315361E-1
3.113556333E2	-7.115948135E0
3.115315333E2	-1.159070168E1
3.116917667E2	-1.485146683E1
3.118675667E2	-1.493933951E1
3.120275333E2	-1.419894813E1
3.121875333E2	-1.168734127E1
3.123635333E2	-5.864831866E0
3.125236333E2	5.445897246E0
3.126995000E2	1.716160083E1
3.128595667E2	2.850384162E1
3.130196333E2	4.005741339E1
3.131955333E2	4.952059544E1
3.133555667E2	5.901917435E1
3.135315000E2	6.759421411E1
3.136915333E2	7.678192789E1
3.138516000E2	8.475012846E1
3.140275000E2	9.413508599E1
3.141876000E2	1.015958284E2
3.143635333E2	1.041548858E2
3.145235333E2	1.063342650E2
3.146994667E2	1.084038765E2
3.148595000E2	1.087375896E2
3.150196000E2	1.087887472E2
3.151955333E2	1.067966309E2
3.153555000E2	1.030561032E2
3.155314333E2	9.793794615E1
3.156915000E2	9.011007000E1
3.158515667E2	7.806869877E1
3.160274667E2	6.523712260E1
3.161875333E2	5.138865245E1
3.163634667E2	3.796588890E1
3.165235333E2	2.572345100E1
3.166836000E2	1.482475490E1
3.168594667E2	4.988580492E0
3.170194667E2	-2.182440985E0
3.171954667E2	-7.869148174E0
3.173554667E2	-1.221214396E1
3.175155333E2	-1.429795723E1
3.176915000E2	-1.495519287E1
3.178514667E2	-1.389973230E1
3.180274333E2	-9.975106700E0
3.181875000E2	-3.940237521E0
3.183634333E2	5.901686292E0
3.185235000E2	1.700620277E1
3.186834667E2	2.805136432E1
3.188594667E2	3.913745796E1
3.190195000E2	4.792911545E1
3.191954000E2	5.751647327E1
3.193555000E2	6.651090091E1
3.195155667E2	7.488157672E1
3.196915000E2	8.374632050E1
3.198515333E2	9.255610499E1
3.200274667E2	1.008711606E2
3.201874333E2	1.045513153E2
3.203475333E2	1.076292718E2
3.205234667E2	1.088580424E2
3.206834333E2	1.093020344E2
3.208594000E2	1.092384314E2
3.210194667E2	1.087317855E2
3.211953667E2	1.055934624E2
3.213554000E2	1.017565676E2
3.215154333E2	9.474140939E1
3.216915333E2	8.651335248E1
3.218514333E2	7.339453720E1
3.220274000E2	6.061412015E1
3.221874333E2	4.764320588E1
3.223475000E2	3.604573157E1
3.225234333E2	2.424224167E1
3.226834000E2	1.334144262E1
3.228593333E2	4.276564669E0
3.230194333E2	-3.183663478E0
3.231794000E2	-8.013886952E0
3.233553667E2	-1.198114017E1
3.235154667E2	-1.492251789E1
3.236913667E2	-1.498266831E1
3.238514000E2	-1.415422470E1
3.240115000E2	-1.116835947E1
3.241873667E2	-6.074712074E0
3.243474333E2	2.494154082E0
3.245233333E2	1.559425781E1
3.246834333E2	2.659891847E1
3.248593333E2	3.707295456E1
3.250193667E2	4.597917517E1
3.251794333E2	5.500699462E1
3.253553333E2	6.362032449E1
3.255153667E2	7.135257541E1
3.256913000E2	8.013576063E1
3.258513333E2	8.857057147E1
3.260114333E2	9.665388475E1
3.261873333E2	1.027669944E2
3.263474667E2	1.052260324E2
3.265233000E2	1.073428170E2
3.266833667E2	1.087843370E2
3.268433667E2	1.095144445E2
3.270193333E2	1.093168276E2
3.271793667E2	1.085089732E2
3.273553667E2	1.047182670E2
3.275154000E2	1.004999618E2
3.276753333E2	9.281605373E1
3.278513333E2	8.238718191E1
3.280113667E2	7.013456330E1
3.281873333E2	5.707483367E1
3.283473667E2	4.507284979E1
3.285232667E2	3.403661854E1
3.286833667E2	2.259431604E1
3.288433333E2	1.221467976E1
3.290193000E2	3.339657796E0
3.291793667E2	-3.725349759E0
3.293552667E2	-8.144382152E0
3.295152667E2	-1.216391623E1
3.296753000E2	-1.508355667E1
3.298512667E2	-1.453900723E1
3.300113000E2	-1.378476863E1
3.301873333E2	-1.140819481E1
3.303472667E2	-7.225036318E0
3.305073000E2	1.157261074E0
3.306832667E2	1.416645955E1
3.308434333E2	2.359656665E1
3.310193000E2	3.336670905E1
3.311793333E2	4.264002171E1
3.313552333E2	5.215940714E1
3.315152667E2	6.141509796E1
3.316753667E2	6.869435812E1
3.318513000E2	7.689305404E1
3.320113000E2	8.431282080E1
3.321872333E2	9.352768427E1
3.323473000E2	1.009483860E2
3.325073000E2	1.036783241E2
3.326832667E2	1.069511006E2
3.328432333E2	1.086521839E2
3.330192000E2	1.092960102E2
3.331793333E2	1.093906880E2
3.333394000E2	1.088361163E2
3.335153000E2	1.066171286E2
3.336752667E2	1.028450685E2
3.338512667E2	9.769556571E1
3.340113000E2	8.982038880E1
3.341712667E2	7.852660344E1
3.343472333E2	6.739041692E1
3.345073000E2	5.427930865E1
3.346832000E2	4.222617153E1
3.348432333E2	3.078349373E1
3.350192000E2	2.037089485E1
3.351792333E2	1.075056293E1
3.353393000E2	2.146299380E0
3.355152667E2	-4.171204229E0
3.356753000E2	-9.258543990E0
3.358512000E2	-1.320617876E1
3.360112333E2	-1.500443415E1
3.361713333E2	-1.494079719E1
3.363472667E2	-1.488103484E1
3.365072667E2	-1.189334556E1
3.366832000E2	-6.190753678E0
3.368432000E2	2.992270335E0
3.370033000E2	1.320443430E1
3.371792667E2	2.286727419E1
3.373392333E2	3.382546814E1
3.375152000E2	4.257067064E1
3.376753000E2	5.208161798E1
3.378353000E2	5.993997825E1
3.380111667E2	6.756606671E1
3.381712000E2	7.521217383E1
3.383472000E2	8.374798179E1
3.385072333E2	9.179248558E1
3.386831667E2	9.949074132E1
3.388432333E2	1.038651959E2
3.390032667E2	1.064197366E2
3.391792000E2	1.078241861E2
3.393392333E2	1.086366913E2
3.395151000E2	1.091341362E2
3.396752333E2	1.089543789E2
3.398352667E2	1.073426477E2
3.400111667E2	1.041335460E2
3.401712333E2	1.005111083E2
3.403471333E2	9.409597341E1
3.405072000E2	8.575374124E1
3.406672333E2	7.290985682E1
3.408431667E2	6.101962653E1
3.410032333E2	4.962178024E1
3.411791667E2	3.860400500E1
3.413391667E2	2.719209658E1
3.415151000E2	1.631663005E1
3.416751667E2	7.934164752E0
3.418351333E2	1.020068738E0
3.420111000E2	-4.790666634E0
3.421711333E2	-9.910504733E0
3.423471000E2	-1.315002565E1
3.425071333E2	-1.486143691E1
3.426672333E2	-1.515114719E1
3.428431333E2	-1.415111046E1
3.430031667E2	-1.175560018E1
3.431790667E2	-7.167672212E0
3.433391667E2	3.190815061E-1
3.434991333E2	1.128833984E1
3.436751000E2	2.164343707E1
3.438352000E2	3.101346390E1
3.440111333E2	3.999784517E1
3.441711000E2	4.884750439E1
3.443311333E2	5.729759329E1
3.445071333E2	6.472892729E1
3.446672000E2	7.147863767E1
3.448430667E2	7.987637965E1
3.450030667E2	8.759070608E1
3.451790333E2	9.442602195E1
3.453391333E2	1.008201907E2
3.454991000E2	1.036234217E2
3.456751000E2	1.065216763E2
3.458350667E2	1.082900219E2
3.460110333E2	1.089539646E2
3.461711333E2	1.092180592E2
3.463311667E2	1.089280318E2
3.465070333E2	1.078220422E2
3.466671000E2	1.045129176E2
3.468430000E2	1.003525369E2
3.470031333E2	9.381664275E1
3.471631667E2	8.567996441E1
3.473390667E2	7.361052123E1
3.474991333E2	6.250043775E1
3.476750333E2	5.213192039E1
3.478351000E2	4.047082251E1
3.479950667E2	2.995553515E1
3.481710667E2	1.972451290E1
3.483311333E2	1.102349631E1
3.485070333E2	3.270709442E0
3.486671000E2	-3.702019346E0
3.488430000E2	-7.975147222E0
3.490030667E2	-1.168995864E1
3.491630667E2	-1.421490856E1
3.493390000E2	-1.557999281E1
3.494990667E2	-1.513411944E1
3.496749667E2	-1.385872691E1
3.498351000E2	-1.070813976E1
3.499950667E2	-5.786241215E0
3.501710000E2	1.380734755E0
3.503310667E2	1.223444123E1
3.505070000E2	2.083907245E1
3.506671000E2	2.989267952E1
3.508271000E2	3.829332594E1
3.510030333E2	4.765998245E1
3.511631000E2	5.463596353E1
3.513390333E2	6.187018122E1
3.514990667E2	6.839595176E1
3.516749333E2	7.591572582E1
3.518349667E2	8.358219602E1
3.519950333E2	9.125225067E1
3.521710000E2	9.868135773E1
3.523310000E2	1.033764782E2
3.525069333E2	1.057097975E2
3.526670333E2	1.070178765E2
3.528270667E2	1.081726278E2
3.530029667E2	1.089164182E2
3.531629667E2	1.091976412E2
3.533389000E2	1.087331867E2
3.534990333E2	1.069866851E2
3.536590333E2	1.038165991E2
3.538349667E2	1.000862633E2
3.539950333E2	9.377631007E1
3.541709667E2	8.557568928E1
3.543309333E2	7.492713427E1
3.544909667E2	6.470103629E1
3.546669667E2	5.296986832E1
3.548270667E2	4.252715627E1
3.550029333E2	3.259942011E1
3.551630333E2	2.300856223E1
3.553389333E2	1.403972318E1
3.554989333E2	6.052925264E0
3.556589333E2	2.589338867E-1
3.558349667E2	-4.909561281E0
3.559949333E2	-9.358540561E0
3.561709333E2	-1.298402281E1
3.563309000E2	-1.491794991E1
3.564909667E2	-1.478578566E1
3.566669000E2	-1.481291695E1
3.568269667E2	-1.335090458E1
3.570029000E2	-1.069483152E1
3.571629667E2	-5.783309710E0
3.573229333E2	1.508769667E0
3.574989333E2	1.077391480E1
3.576590000E2	1.936114064E1
3.578349000E2	2.793352050E1
3.579949667E2	3.605933507E1
3.581549333E2	4.414799062E1
3.583309333E2	5.168594738E1
3.584910000E2	5.880704800E1
3.586668667E2	6.544425925E1
3.588269000E2	7.133949542E1
3.590028333E2	7.897520174E1
3.591628667E2	8.523898535E1
3.593229000E2	9.257389202E1
3.594989000E2	9.955953540E1
3.596589333E2	1.031845665E2
3.598348333E2	1.057383420E2
3.599949333E2	1.074531448E2
3.601549667E2	1.083498072E2
3.603308667E2	1.091903730E2
3.604908667E2	1.095009091E2
3.606669000E2	1.092361825E2
3.608268667E2	1.072095765E2
3.609869333E2	1.044926126E2
3.611628333E2	1.007449204E2
3.613229333E2	9.550404509E1
3.614988667E2	8.833163147E1
3.616589000E2	7.856200848E1
3.618348000E2	6.924948326E1
3.619949000E2	5.822805948E1
3.621549667E2	4.895019091E1
3.623308333E2	3.991233752E1
3.624908333E2	3.064874108E1
3.626668333E2	2.149679277E1
3.628269000E2	1.358472966E1
3.629868333E2	5.978996718E0
3.631628000E2	8.808723426E-1
3.633228333E2	-4.531027901E0
3.634987667E2	-8.915924876E0
3.636588000E2	-1.202777175E1
3.638189000E2	-1.444096852E1
3.639948667E2	-1.558585561E1
3.641549333E2	-1.498091328E1
3.643308000E2	-1.435600296E1
3.644909000E2	-1.211397072E1
3.646508333E2	-8.857963510E0
3.648268333E2	-3.752226225E0
3.649868000E2	4.135104180E0
3.651628000E2	1.217994762E1
3.653228667E2	2.021847235E1
3.654988000E2	2.810922295E1
3.656588667E2	3.514940813E1
3.658189000E2	4.305949239E1
3.659948000E2	4.947261820E1
3.661548667E2	5.607969029E1
3.663307667E2	6.225645589E1
3.664908667E2	6.791948758E1
3.666508667E2	7.371221715E1
3.668268000E2	8.015774807E1
3.669868333E2	8.699776413E1
3.671627333E2	9.303730037E1
3.673228000E2	9.912847760E1
3.674828000E2	1.027595426E2
3.676588000E2	1.050888048E2
3.678187667E2	1.068767097E2
3.679947333E2	1.080656958E2
3.681547667E2	1.088618359E2
3.683147667E2	1.090705033E2
3.684907333E2	1.092426431E2
3.686508000E2	1.089409251E2
3.688267667E2	1.071614687E2
3.689868000E2	1.043778902E2
3.691627000E2	1.008869202E2
3.693227333E2	9.575368117E1
3.694828333E2	8.955244428E1
3.696587667E2	8.166442324E1
3.698188000E2	7.268245922E1
3.699947000E2	6.295454174E1
3.701547667E2	5.330567122E1
3.703147667E2	4.439630723E1
3.704907000E2	3.542304750E1
3.706507333E2	2.679518250E1
3.708267000E2	1.829661767E1
3.709867000E2	1.127627888E1
3.711468333E2	4.201140298E0
3.713227000E2	-1.372080553E-1
3.714828000E2	-4.962093459E0
3.716587000E2	-8.937711956E0
3.718187667E2	-1.205142370E1
3.719946667E2	-1.450172511E1
3.721547000E2	-1.563775230E1
3.723147000E2	-1.488958563E1
3.724906667E2	-1.428635511E1
3.726507667E2	-1.273090102E1
3.728266667E2	-1.023100233E1
3.729866667E2	-6.350744985E0
3.731468000E2	-2.765879461E-2
3.733226667E2	8.999915050E0
3.734827667E2	1.668283704E1
3.736586333E2	2.432048229E1
3.738187000E2	3.165530390E1
3.739787000E2	3.920894612E1
3.741547000E2	4.663742541E1
3.743146667E2	5.226583483E1
3.744907333E2	5.814574080E1
3.746507000E2	6.383362639E1
3.748107667E2	6.958887455E1
3.749867000E2	7.586091206E1
3.751467333E2	8.182906922E1
3.753226333E2	8.843608828E1
3.754827000E2	9.474061484E1
3.756586333E2	1.001602991E2
3.758187000E2	1.031375908E2
3.759787000E2	1.057667454E2
3.761546333E2	1.069616415E2
3.763146667E2	1.078475933E2
3.764905667E2	1.085356138E2
3.766507000E2	1.089078204E2
3.768107667E2	1.093023570E2
3.769867667E2	1.089560103E2
3.771467000E2	1.072259015E2
3.773226333E2	1.048008139E2
3.774826000E2	1.017055685E2
3.776427333E2	9.792169342E1
3.778186000E2	9.244299806E1
3.779786333E2	8.559387061E1
3.781546000E2	7.732568239E1
3.783146333E2	6.829837453E1
3.784747000E2	5.849140551E1
3.786506000E2	5.001716518E1
3.788107333E2	4.140013257E1
3.789866000E2	3.297612004E1
3.791466000E2	2.487039599E1
3.793226000E2	1.719617077E1
3.794826000E2	1.031499791E1
3.796426667E2	3.863023467E0
3.798185667E2	-5.498884732E-1
3.799786333E2	-5.052756285E0
3.801545667E2	-8.932132624E0
3.803146000E2	-1.209410567E1
3.804746333E2	-1.470303065E1
3.806506333E2	-1.498726944E1
3.808106000E2	-1.479060740E1
3.809866000E2	-1.424009580E1
3.811466333E2	-1.367401183E1
3.813067000E2	-1.198356441E1
3.814825667E2	-8.992981447E0
3.816427000E2	-4.166890661E0
3.818185667E2	2.626959657E0
3.819785667E2	1.064376279E1
3.821545333E2	1.756906336E1
3.823145667E2	2.500009249E1
3.824745667E2	3.155677001E1
3.826506000E2	3.874691032E1
3.828106333E2	4.487956612E1
3.829865333E2	5.082575618E1
3.831466000E2	5.649196996E1
3.833066333E2	6.214567320E1
3.834825333E2	6.764933743E1
3.836425667E2	7.272845751E1
3.838185333E2	7.899967773E1
3.839785667E2	8.377099751E1
3.841387000E2	8.982566105E1
3.843145333E2	9.595447742E1
3.844745333E2	1.013390134E2
3.846505333E2	1.038034036E2
3.848105000E2	1.057818320E2
3.849706333E2	1.071512626E2
3.851465667E2	1.080594829E2
3.853066000E2	1.090902050E2
3.854825000E2	1.096237278E2
3.856426000E2	1.096353882E2
3.858185000E2	1.096114062E2
3.859785333E2	1.088372297E2
3.861386000E2	1.068142672E2
3.863145000E2	1.041296567E2
3.864745000E2	1.009562463E2
3.866505333E2	9.645617650E1
3.868105000E2	9.080656757E1
3.869705000E2	8.389071430E1
3.871464667E2	7.517675015E1
3.873065000E2	6.717660765E1
3.874825000E2	5.820094429E1
3.876424667E2	4.902750900E1
3.878025000E2	4.070674287E1
3.879785667E2	3.268231756E1
3.881385667E2	2.495214807E1
3.883144667E2	1.761915980E1
3.884745333E2	1.114789326E1
3.886345667E2	4.776616812E0
3.888104333E2	6.262500879E-1
3.889704667E2	-3.482917435E0
3.891465000E2	-7.082204619E0
3.893064667E2	-1.029344385E1
3.894824333E2	-1.297574660E1
3.896424333E2	-1.468806526E1
3.898025333E2	-1.496497466E1
3.899784667E2	-1.489936860E1
3.901384667E2	-1.500178271E1
3.903144000E2	-1.453632813E1
3.904744333E2	-1.266058073E1
3.906345667E2	-1.002399720E1
3.908104333E2	-6.189888785E0
3.909704667E2	-1.095713552E0
3.911464333E2	5.774800953E0
3.913064333E2	1.197607313E1
3.914664333E2	1.850892229E1
3.916424667E2	2.486533676E1
3.918025000E2	3.101345595E1
3.919784000E2	3.777281571E1
3.921384333E2	4.311017441E1
3.923144000E2	4.897314728E1
3.924744000E2	5.442646781E1
3.926345000E2	5.940702154E1
3.928104000E2	6.429338833E1
3.929704667E2	6.888012766E1
3.931463667E2	7.361006011E1
3.933064333E2	7.905663508E1
3.934664000E2	8.364483021E1
3.936424000E2	8.928580696E1
3.938024000E2	9.471074065E1
3.939783333E2	1.002309703E2
3.941384333E2	1.029596943E2
3.942984667E2	1.047325065E2
3.944743667E2	1.065649966E2
3.946344667E2	1.081966883E2
3.948104000E2	1.091067196E2
3.949703667E2	1.093483969E2
3.951305000E2	1.095382767E2
3.953064000E2	1.095999051E2
3.954664333E2	1.094146815E2
3.956424000E2	1.088809314E2
3.958024000E2	1.070732637E2
3.959783667E2	1.048739817E2
3.961383667E2	1.015539383E2
3.962983667E2	9.793896877E1
3.964743333E2	9.293619933E1
3.966343667E2	8.680933078E1
3.968103333E2	7.953933257E1
3.969704000E2	7.215760991E1
3.971303667E2	6.407794528E1
3.973063333E2	5.635411868E1
3.974664333E2	4.908543739E1
3.976423333E2	4.208552598E1
3.978023667E2	3.530667956E1
3.979624000E2	2.800821216E1
3.981383333E2	2.117089211E1
3.982983667E2	1.515505976E1
3.984743333E2	9.335900315E0
3.986343333E2	4.062188641E0
3.987944000E2	6.287379382E-1
3.989704000E2	-3.681160542E0
3.991304667E2	-6.951734319E0
3.993063667E2	-1.001338656E1
3.994663333E2	-1.253897529E1
3.996423000E2	-1.435721907E1
3.998023000E2	-1.512434499E1
3.999624000E2	-1.513119438E1
4.001383333E2	-1.498206915E1
4.002983667E2	-1.447859137E1
4.004742667E2	-1.347317609E1
4.006343000E2	-1.168174671E1
4.007944000E2	-8.805617847E0
4.009703333E2	-4.727469225E0
4.011303667E2	1.058868981E0
4.013063000E2	7.530944119E0
4.014663667E2	1.351725802E1
4.016264000E2	2.010877991E1
4.018023333E2	2.609630959E1
4.019623667E2	3.223023571E1
4.021383000E2	3.781809606E1
4.022983667E2	4.327847040E1
4.024742667E2	4.854633795E1
4.026342667E2	5.369051016E1
4.027943667E2	5.827835956E1
4.029703000E2	6.301899621E1
4.031303333E2	6.757277794E1
4.033062333E2	7.189373177E1
4.034663333E2	7.680846481E1
4.036263000E2	8.171439420E1
4.038023000E2	8.793566820E1
4.039623333E2	9.289816859E1
4.041382333E2	9.727105760E1
4.042983333E2	1.016370847E2
4.044583333E2	1.040302228E2
4.046342667E2	1.056624957E2
4.047943000E2	1.065613943E2
4.049702000E2	1.079855223E2
4.051303000E2	1.086757129E2
4.052902333E2	1.092595340E2
4.054662667E2	1.094577166E2
4.056263000E2	1.094015914E2
4.058022000E2	1.093782997E2
4.059622667E2	1.087191212E2
4.061381667E2	1.068114781E2
4.062982667E2	1.045104081E2
4.064583000E2	1.019182071E2
4.066342667E2	9.825349555E1
4.067942333E2	9.370007884E1
4.069701667E2	8.827737216E1
4.071302000E2	8.113289403E1
4.072902333E2	7.386705727E1
4.074662333E2	6.746515007E1
4.076263000E2	5.937035185E1
4.078022000E2	5.189106237E1
4.079622667E2	4.456850801E1
4.081223333E2	3.708478168E1
4.082985000E2	2.979921968E1
4.084583667E2	2.311914567E1
4.086342000E2	1.696924576E1
4.087944667E2	1.139942429E1
4.089543333E2	6.074883009E0
4.091301667E2	2.003046614E0
4.092902000E2	-1.415677922E0
4.094662000E2	-4.898939413E0
4.096262667E2	-8.053661144E0
4.098021000E2	-1.069432073E1
4.099621667E2	-1.302169726E1
4.101224000E2	-1.505482874E1
4.102981667E2	-1.500430884E1
4.104582333E2	-1.490433807E1
4.106341000E2	-1.491547099E1
4.107941667E2	-1.425261749E1
4.109542333E2	-1.390797588E1
4.111302000E2	-1.212447764E1
4.112901667E2	-9.794722573E0
4.114661667E2	-6.049816547E0
4.116262000E2	-1.416858719E0
4.117862000E2	4.593205659E0
4.119621333E2	1.034455808E1
4.121223000E2	1.618056966E1
4.122981667E2	2.187105231E1
4.124582000E2	2.747910809E1
4.126341333E2	3.304264043E1
4.127941333E2	3.848396408E1
4.129542000E2	4.355044059E1
4.131301667E2	4.818639638E1
4.132901667E2	5.270837525E1
4.134661000E2	5.707249687E1
4.136261000E2	6.126223412E1
4.137861333E2	6.555775886E1
4.139621667E2	6.934850926E1
4.141221333E2	7.367399743E1
4.142980667E2	7.858513941E1
4.144581333E2	8.184560954E1
4.146182000E2	8.765350379E1
4.147941000E2	9.230369424E1
4.149542333E2	9.696585059E1
4.151301333E2	1.009364030E2
4.152901000E2	1.034029360E2
4.154501000E2	1.051376913E2
4.156260667E2	1.060515633E2
4.157861333E2	1.075804317E2
4.159620667E2	1.084356271E2
4.161220667E2	1.090571771E2
4.162980000E2	1.097651887E2
4.164581667E2	1.099864850E2
4.166181000E2	1.100264642E2
4.167940667E2	1.094805084E2
4.169541333E2	1.088569009E2
4.171300667E2	1.070022487E2
4.172901000E2	1.056517824E2
4.174501333E2	1.033607596E2
4.176260333E2	1.009140378E2
4.177862000E2	9.692284147E1
4.179620667E2	9.228936760E1
4.181221333E2	8.704196354E1
4.182821333E2	8.050971734E1
4.184581000E2	7.399297230E1
4.186181667E2	6.768273065E1
4.187940667E2	6.042240757E1
4.189540333E2	5.383877104E1
4.191141667E2	4.709162921E1
4.192901000E2	4.067213506E1
4.194500667E2	3.427401700E1
4.196260667E2	2.820005368E1
4.197861000E2	2.209306479E1
4.199620000E2	1.640970975E1
4.201221000E2	1.160889805E1
4.202820333E2	6.812757164E0
4.204580333E2	3.032258822E0
4.206180333E2	3.040209978E-2
4.207940000E2	-3.313053884E0
4.209540667E2	-6.123459947E0
4.211141000E2	-9.120186197E0
4.212900333E2	-1.121368142E1
4.214501000E2	-1.340912320E1
4.216260000E2	-1.490286610E1
4.217860000E2	-1.502988249E1
4.219460333E2	-1.504092122E1
4.221220333E2	-1.496058082E1
4.222821000E2	-1.474183651E1
4.224580333E2	-1.429827759E1
4.226180000E2	-1.355690737E1
4.227939667E2	-1.204346211E1
4.229540000E2	-9.941401903E0
4.231141000E2	-7.023469887E0
4.232899667E2	-3.013452998E0
4.234500000E2	1.933995866E0
4.236259667E2	7.862290961E0
4.237860333E2	1.301587027E1
4.239460000E2	1.814715059E1
4.241219667E2	2.349923019E1
4.242820000E2	2.885908549E1
4.244579667E2	3.376082468E1
4.246180667E2	3.862354255E1
4.247781000E2	4.303600556E1
4.249539333E2	4.733739196E1
4.251140000E2	5.163713511E1
4.252900000E2	5.543027559E1
4.254499667E2	5.925324306E1
4.256099667E2	6.307825634E1
4.257859333E2	6.682068699E1
4.259459667E2	7.040148044E1
4.261219667E2	7.451915184E1
4.262820000E2	7.818692653E1
4.264579000E2	8.170046437E1
4.266179667E2	8.641594095E1
4.267780000E2	9.080462343E1
4.269539667E2	9.453703292E1
4.271140000E2	9.853271005E1
4.272899000E2	1.016933060E2
4.274499667E2	1.039677054E2
4.276099333E2	1.055417954E2
4.277859000E2	1.060980856E2
4.279460000E2	1.076095326E2
4.281218667E2	1.085655900E2
4.282819000E2	1.092908878E2
4.284420000E2	1.097744510E2
4.286179667E2	1.099157524E2
4.287780000E2	1.097634621E2
4.289539000E2	1.096518820E2
4.291139667E2	1.095680295E2
4.292901000E2	1.092703169E2
4.294499000E2	1.075295749E2
4.296099333E2	1.059031076E2
4.297859000E2	1.037384836E2
4.299459000E2	1.017054941E2
4.301218667E2	9.855551880E1
4.302819333E2	9.423061426E1
4.304419000E2	8.983793584E1
4.306179333E2	8.464479096E1
4.307779333E2	7.860226171E1
4.309538333E2	7.284848625E1
4.311139333E2	6.681554613E1
4.312739000E2	6.028468358E1
4.314499000E2	5.416938216E1
4.316099667E2	4.786900154E1
4.317858667E2	4.232620189E1
4.319458333E2	3.639539683E1
4.321059667E2	3.108706690E1
4.322818333E2	2.557430489E1
4.324418667E2	2.021203657E1
4.326178333E2	1.534129307E1
4.327778333E2	1.086426802E1
4.329537667E2	6.331783370E0
4.331139000E2	3.178979098E0
4.332739333E2	4.475554759E-1
4.334498667E2	-2.128689655E0
4.336099333E2	-4.821310563E0
4.337858333E2	-7.360050537E0
4.339459000E2	-9.749945333E0
4.341059333E2	-1.165539301E1
4.342818000E2	-1.371238527E1
4.344419000E2	-1.486592140E1
4.346177667E2	-1.486548790E1
4.347779000E2	-1.487221686E1
4.349379333E2	-1.487235235E1
4.351138000E2	-1.471266706E1
4.352739000E2	-1.428426890E1
4.354498000E2	-1.436754846E1
4.356098667E2	-1.327787865E1
4.357698667E2	-1.190880009E1
4.359458000E2	-9.926140831E0
4.361058000E2	-7.209304399E0
4.362817667E2	-3.940477408E0
4.364420333E2	1.307877163E-1
4.366178000E2	4.893874154E0
4.367778000E2	9.322357887E0
4.369379000E2	1.378717476E1
4.371138333E2	1.804505029E1
4.372738000E2	2.271333936E1
4.374497333E2	2.695665594E1
4.376100000E2	3.128332424E1
4.377698000E2	3.530909128E1
4.379457667E2	3.920796287E1
4.381058667E2	4.308196307E1
4.382817667E2	4.659438898E1
4.384418333E2	5.025041822E1
4.386019000E2	5.372394893E1
4.387777667E2	5.735728130E1
4.389377667E2	6.095366400E1
4.391137667E2	6.442608019E1
4.392738000E2	6.752201188E1
4.394497333E2	7.075442348E1
4.396098000E2	7.391497738E1
4.397697667E2	7.804537170E1
4.399457333E2	8.123573569E1
4.401058333E2	8.495896803E1
4.402817333E2	8.847676083E1
4.404418333E2	9.204280561E1
4.406018000E2	9.614505529E1
4.407777667E2	9.925242939E1
4.409378333E2	1.023768145E2
4.411137333E2	1.043590276E2
4.412738000E2	1.057866967E2
4.414338333E2	1.070390494E2
4.416097667E2	1.082119018E2
4.417698333E2	1.088049683E2
4.419457000E2	1.091001535E2
4.421057000E2	1.099500543E2
4.422658333E2	1.101355464E2
4.424417333E2	1.103611237E2
4.426017333E2	1.103855861E2
4.427777333E2	1.106908015E2
4.429378000E2	1.105189067E2
4.431136667E2	1.101493544E2
4.432737000E2	1.098109722E2
4.434337000E2	1.083838626E2
4.436097333E2	1.067874814E2
4.437697000E2	1.049654607E2
4.439456333E2	1.028802558E2
4.441057333E2	1.001915179E2
4.442657000E2	9.698191193E1
4.444416667E2	9.284711811E1
4.446017667E2	8.855546398E1
4.447776333E2	8.402788636E1
4.449376667E2	7.982919181E1
4.450977000E2	7.469140572E1
4.452737000E2	6.994337791E1
4.454337000E2	6.348627751E1
4.456097000E2	5.792872450E1
4.457698000E2	5.273625434E1
4.459298333E2	4.745425910E1
4.461056667E2	4.267440063E1
4.462656667E2	3.785707706E1
4.464416667E2	3.302985212E1
4.466017333E2	2.855133792E1
4.467776000E2	2.375258359E1
4.469377000E2	1.970198522E1
4.470976667E2	1.540192104E1
4.472736333E2	1.133139284E1
4.474337000E2	7.765598615E0
4.476096000E2	4.274875777E0
4.477699333E2	2.031014647E0
4.479297667E2	-8.003526834E-1
4.481056000E2	-3.042019688E0
4.482656333E2	-5.072447116E0
4.484416333E2	-7.792198734E0
4.486016667E2	-9.811810255E0
4.487616667E2	-1.114029335E1
4.489376667E2	-1.258900489E1
4.490977000E2	-1.386683243E1
4.492736333E2	-1.465677888E1
4.494336000E2	-1.485815643E1
4.496096000E2	-1.483065037E1
4.497697000E2	-1.493632750E1
4.499296667E2	-1.488882878E1
4.501056000E2	-1.478969707E1
4.502656000E2	-1.467233339E1
4.504416000E2	-1.438585063E1
4.506016667E2	-1.388162144E1
4.507617000E2	-1.286946456E1
4.509376000E2	-1.146894911E1
4.510976000E2	-9.934317519E0
4.512735667E2	-7.767391370E0
4.514336000E2	-5.416215340E0
4.515937000E2	-2.289881912E0
4.517695667E2	1.669584239E0
4.519296333E2	5.328630527E0
4.521056000E2	9.237907281E0
4.522656333E2	1.310697199E1
4.524256000E2	1.712459974E1
4.526016333E2	2.087048755E1
4.527616000E2	2.476598880E1
4.529375667E2	2.826601115E1
4.530975667E2	3.212324249E1
4.532735333E2	3.573332454E1
4.534336000E2	3.902404394E1
4.535936667E2	4.223010155E1
4.537695667E2	4.553064602E1
4.539296333E2	4.841088931E1
4.541055667E2	5.142027211E1
4.542656000E2	5.432655037E1
4.544256333E2	5.716262227E1
4.546016000E2	5.997926566E1
4.547616667E2	6.218042344E1
4.549375333E2	6.503579684E1
4.550975667E2	6.647077103E1
4.552576333E2	6.634283438E1
4.554335667E2	6.624777812E1
4.555936000E2	6.630972093E1
4.557695333E2	6.614406676E1
4.559295333E2	6.634241829E1
4.560895667E2	6.653936871E1
4.562655333E2	6.630444537E1
4.564255333E2	6.644095032E1
4.566015333E2	6.620274795E1
4.567615333E2	6.623262964E1
4.569374667E2	6.655151884E1
4.570975000E2	6.627748423E1
