mass_A
t	x
0.000000000E0	-2.557953849E-13
1.600666667E-1	-9.341310474E-3
3.360000000E-1	-8.857469865E-3
4.960333333E-1	-1.641685580E-2
6.719666667E-1	-1.643800073E-2
8.320000000E-1	-9.730700074E-3
9.920333333E-1	-1.794543010E-2
1.167933333E0	-1.918678473E-2
1.328000000E0	-1.418737211E-2
1.503933333E0	-9.707751818E-3
1.663966667E0	-1.143113098E-2
1.824066667E0	-1.052880215E-2
1.999966667E0	-8.461311479E-3
2.160000000E0	-9.306215493E-3
2.336066667E0	-1.303705616E-2
2.495966667E0	-2.876061240E-3
2.671866667E0	4.942922819E-1
2.832000000E0	1.415554714E1
2.992000000E0	5.060000000E1
3.167966667E0	8.415249866E1
3.327966667E0	1.117239535E2
3.503833333E0	1.326655912E2
3.663933333E0	1.411648255E2
3.824000000E0	1.417986636E2
3.999900000E0	1.351636325E2
4.159933333E0	1.204282649E2
4.335900000E0	8.606787687E1
4.495966667E0	5.159699145E1
4.656066667E0	2.113514712E1
4.832133333E0	3.141451385E0
4.992333333E0	2.039252823E-1
5.167900000E0	1.403661111E1
5.327966667E0	4.410790349E1
5.503833333E0	7.579808479E1
5.663833333E0	1.013618881E2
5.823933333E0	1.255295310E2
5.999833333E0	1.359894574E2
6.159933333E0	1.409320062E2
6.335833333E0	1.394643069E2
6.495900000E0	1.277991895E2
6.655966667E0	1.025604211E2
6.831866667E0	6.477384507E1
6.991933333E0	3.278818475E1
7.167800000E0	8.233572175E0
7.328066667E0	1.321708716E-1
7.488400000E0	4.646909245E0
7.663866667E0	2.602014267E1
7.823933333E0	6.124545114E1
7.999833333E0	8.706710925E1
8.159866667E0	1.135810861E2
8.319966667E0	1.327830021E2
8.495833333E0	1.427932160E2
8.655900000E0	1.450787255E2
8.831866667E0	1.347659908E2
8.991866667E0	1.226542027E2
9.167766667E0	8.590433353E1
9.327800000E0	5.840000000E1
9.487866667E0	2.379174927E1
9.663966667E0	3.218345434E0
9.824033333E0	-6.059152538E-2
9.999766667E0	1.111096181E1
1.015980000E1	3.945027991E1
1.031990000E1	7.077192182E1
1.049583333E1	9.701976581E1
1.065583333E1	1.217074889E2
1.083180000E1	1.357853631E2
1.099183333E1	1.391538417E2
1.115193333E1	1.402830959E2
1.132783333E1	1.301737193E2
1.148786667E1	1.118875561E2
1.166386667E1	7.515863657E1
1.182383333E1	4.395803541E1
1.199970000E1	1.659392967E1
1.215980000E1	1.933792774E0
1.231983333E1	1.730282422E0
1.249580000E1	1.592870042E1
1.265583333E1	4.844783677E1
1.283170000E1	7.707725200E1
1.299176667E1	1.021892302E2
1.315180000E1	1.257434888E2
1.332783333E1	1.367684934E2
1.348783333E1	1.437571483E2
1.366370000E1	1.403822115E2
1.382386667E1	1.285529986E2
1.398383333E1	1.057384662E2
1.415993333E1	6.939049191E1
1.432020000E1	3.598689025E1
1.449573333E1	1.235012869E1
1.465576667E1	6.554628389E-2
1.481586667E1	2.076041396E0
1.499180000E1	1.999989269E1
1.515180000E1	5.464893682E1
1.532773333E1	8.204810861E1
1.548776667E1	1.075129588E2
1.566366667E1	1.271020247E2
1.582380000E1	1.370850599E2
1.598380000E1	1.419283730E2
1.615970000E1	1.400443715E2
1.631976667E1	1.273269165E2
1.649566667E1	1.015501655E2
1.665590000E1	6.470712588E1
1.681586667E1	3.316972320E1
1.699173333E1	8.958822525E0
1.715173333E1	-2.333482697E-1
1.732763333E1	4.137908545E0
1.748780000E1	2.278179932E1
1.764780000E1	5.699252986E1
1.782370000E1	8.257075624E1
1.798383333E1	1.074453327E2
1.815973333E1	1.275006292E2
1.831970000E1	1.410052625E2
1.847976667E1	1.451184405E2
1.865566667E1	1.401439314E2
1.881583333E1	1.273668140E2
1.899163333E1	1.015803544E2
1.915173333E1	6.661938356E1
1.932760000E1	3.480669402E1
1.948770000E1	1.026486254E1
1.964780000E1	-3.997415230E-2
1.982370000E1	4.778377481E0
1.998376667E1	2.171465871E1
2.015963333E1	5.408382851E1
2.031973333E1	8.137081693E1
2.047976667E1	1.073145707E2
2.065566667E1	1.275158382E2
2.081576667E1	1.400723031E2
2.099160000E1	1.446997506E2
2.115193333E1	1.410109283E2
2.131216667E1	1.289289986E2
2.148766667E1	1.064723289E2
2.164776667E1	7.217197056E1
2.182363333E1	3.975446181E1
2.198370000E1	1.497704468E1
2.215960000E1	9.616472808E-1
2.231966667E1	1.383164666E0
2.247970000E1	1.389972847E1
2.265563333E1	4.248097924E1
2.281570000E1	7.426258877E1
2.299160000E1	9.532900574E1
2.315166667E1	1.192668891E2
2.331173333E1	1.351914695E2
2.348763333E1	1.378458157E2
2.364770000E1	1.400496140E2
2.382360000E1	1.334136598E2
2.398363333E1	1.193313284E2
2.414370000E1	8.721062381E1
2.431963333E1	5.695251108E1
2.447966667E1	2.622250445E1
2.465560000E1	4.291017058E0
2.481563333E1	6.605901332E-1
2.497573333E1	6.176373679E0
2.515163333E1	2.718840031E1
2.531166667E1	6.034778734E1
2.548780000E1	8.260944956E1
2.564783333E1	1.088592508E2
2.582353333E1	1.275802987E2
2.598363333E1	1.408446517E2
2.614370000E1	1.418812363E2
2.631963333E1	1.410318577E2
2.647963333E1	1.292099224E2
2.665556667E1	1.099654242E2
2.681563333E1	7.386650395E1
2.697566667E1	4.095534014E1
2.715156667E1	1.781868681E1
2.731160000E1	2.047450543E0
2.748753333E1	8.614292518E-1
2.764756667E1	1.239334677E1
2.780766667E1	4.196386323E1
2.798356667E1	6.756977253E1
2.814393333E1	9.277044045E1
2.831956667E1	1.196441113E2
2.847960000E1	1.342878037E2
2.863970000E1	1.411343076E2
2.881556667E1	1.439770896E2
2.897563333E1	1.348011838E2
2.915153333E1	1.270884404E2
2.931160000E1	9.438611301E1
2.948750000E1	6.740000000E1
2.964756667E1	3.216119215E1
2.980760000E1	8.911692643E0
2.998353333E1	-2.708914815E-1
3.014370000E1	1.886938167E0
3.031946667E1	2.064870030E1
3.047960000E1	5.182487069E1
3.063966667E1	7.473887379E1
3.081556667E1	1.047042084E2
3.097560000E1	1.258426241E2
3.115150000E1	1.370012295E2
3.131153333E1	1.402754620E2
3.147163333E1	1.406881271E2
3.164756667E1	1.334293318E2
3.180756667E1	1.194707485E2
3.198350000E1	8.357595192E1
3.214356667E1	5.305976927E1
3.231953333E1	2.620277573E1
3.247976667E1	3.881041092E0
3.263963333E1	-4.649929133E-1
3.281546667E1	5.035287473E0
3.297556667E1	2.624230519E1
3.315143333E1	5.582822484E1
3.331153333E1	8.098073705E1
3.347160000E1	1.080542075E2
3.364750000E1	1.260860373E2
3.380756667E1	1.408726071E2
3.398340000E1	1.449618009E2
3.414350000E1	1.448117800E2
3.430356667E1	1.327587926E2
3.447953333E1	1.159672181E2
3.463960000E1	8.272202831E1
3.481550000E1	5.063092057E1
3.497570000E1	2.307922440E1
3.513590000E1	2.934733832E0
3.531143333E1	1.163459998E-1
3.547156667E1	7.177184569E0
3.564743333E1	2.766445774E1
3.580753333E1	5.533570704E1
3.598340000E1	8.280568682E1
3.614346667E1	1.080095997E2
3.630356667E1	1.266420915E2
3.647946667E1	1.437383930E2
3.663946667E1	1.454232842E2
3.681540000E1	1.447603654E2
3.697560000E1	1.330613654E2
3.713563333E1	1.181170945E2
3.731146667E1	8.161214936E1
3.747153333E1	5.262730732E1
3.764740000E1	2.416549807E1
3.780743333E1	3.974227472E0
3.796750000E1	5.459097387E-1
3.814346667E1	5.873720016E0
3.830350000E1	2.312801455E1
3.847943333E1	5.384589518E1
3.863943333E1	7.961293331E1
3.879950000E1	1.037333387E2
3.897543333E1	1.246363701E2
3.913546667E1	1.407040242E2
3.931153333E1	1.402204941E2
3.947173333E1	1.404636640E2
3.964733333E1	1.342574921E2
3.980740000E1	1.211347082E2
3.996750000E1	8.973450096E1
4.014336667E1	6.027666852E1
4.030346667E1	3.001166392E1
4.047930000E1	7.143024219E0
4.063940000E1	7.130716974E-1
4.079943333E1	1.847299767E0
4.097536667E1	1.641983031E1
4.113540000E1	4.478898712E1
4.131136667E1	7.249071760E1
4.147136667E1	9.821430826E1
4.163143333E1	1.198431774E2
4.180736667E1	1.343189463E2
4.196770000E1	1.369257968E2
4.214333333E1	1.448821283E2
4.230343333E1	1.417447227E2
4.247933333E1	1.277102364E2
4.263943333E1	1.045467600E2
4.279946667E1	7.262182234E1
4.297536667E1	4.172078880E1
4.313540000E1	1.710645016E1
4.331133333E1	2.876277439E0
4.347133333E1	1.764846899E0
4.363143333E1	9.104924323E0
4.380760000E1	2.895640846E1
4.396756667E1	5.976846149E1
4.414326667E1	8.417675712E1
4.430336667E1	1.063300074E2
4.446340000E1	1.257515831E2
4.463936667E1	1.409192826E2
4.479946667E1	1.419899534E2
4.497530000E1	1.420623482E2
4.513543333E1	1.341117815E2
4.529546667E1	1.220151785E2
4.547136667E1	9.051333851E1
4.563143333E1	6.097440856E1
4.580733333E1	3.286713636E1
4.596756667E1	1.030125107E1
4.614326667E1	1.104991122E0
4.630330000E1	1.609188132E0
4.646340000E1	1.295182666E1
4.663933333E1	3.826724835E1
4.679933333E1	6.820596623E1
4.697523333E1	9.088809879E1
4.713530000E1	1.136910638E2
4.729536667E1	1.286082580E2
4.747130000E1	1.379621146E2
4.763140000E1	1.447033551E2
4.780726667E1	1.416741304E2
4.796730000E1	1.322537394E2
4.812736667E1	1.166976940E2
4.830333333E1	8.598447639E1
4.846353333E1	5.594064223E1
4.863926667E1	2.662039139E1
4.879933333E1	7.558786149E0
4.895943333E1	7.244428018E-1
4.913530000E1	2.985326154E0
4.929533333E1	1.449612088E1
4.947123333E1	4.202755061E1
4.963133333E1	7.004876490E1
4.980720000E1	9.227463492E1
4.996726667E1	1.150986556E2
5.012733333E1	1.289262087E2
5.030323333E1	1.412184691E2
5.046330000E1	1.447558057E2
5.063916667E1	1.448986592E2
5.079923333E1	1.324086391E2
5.095936667E1	1.158929303E2
5.113526667E1	8.778368922E1
5.129533333E1	5.486943817E1
5.147120000E1	2.909514764E1
5.163130000E1	9.754339794E0
5.179126667E1	2.680338400E0
5.196723333E1	1.953420959E0
5.212726667E1	1.031625117E1
5.230323333E1	3.696658307E1
5.246326667E1	6.583329145E1
5.263920000E1	8.763094956E1
5.279923333E1	1.096284407E2
5.295930000E1	1.274479110E2
5.313520000E1	1.411972687E2
5.329526667E1	1.418781828E2
5.347116667E1	1.447031796E2
5.363123333E1	1.342225566E2
5.379130000E1	1.252655103E2
5.396720000E1	9.482203903E1
5.412726667E1	6.440000000E1
5.430316667E1	3.615576008E1
5.446320000E1	1.798119086E1
5.462326667E1	4.122214944E0
5.479923333E1	-1.037577544E0
5.495923333E1	3.834069193E0
5.513516667E1	2.494663289E1
5.529523333E1	5.740818720E1
5.545553333E1	7.693380134E1
5.563120000E1	1.025199646E2
5.579130000E1	1.208986063E2
5.596713333E1	1.357501712E2
5.612720000E1	1.362745868E2
5.630310000E1	1.404223707E2
5.646320000E1	1.402191748E2
5.662326667E1	1.289447648E2
5.679913333E1	1.107559934E2
5.695923333E1	7.981064226E1
5.713510000E1	5.301534748E1
5.729516667E1	2.797720531E1
5.745523333E1	8.053476391E0
5.763110000E1	-1.124982470E0
5.779153333E1	1.163104803E0
5.796710000E1	1.398836252E1
5.812713333E1	3.921124587E1
5.828720000E1	6.315305085E1
5.846310000E1	8.589790719E1
5.862323333E1	1.087649437E2
5.879910000E1	1.261049733E2
5.895916667E1	1.368007896E2
5.911930000E1	1.419673820E2
5.929513333E1	1.419655882E2
5.945523333E1	1.361618127E2
5.963113333E1	1.271338170E2
5.979123333E1	1.040145242E2
5.996706667E1	7.368557814E1
6.012716667E1	4.654527602E1
6.028716667E1	2.089358418E1
6.046313333E1	4.345331673E0
6.062316667E1	2.506845648E-1
6.079903333E1	3.701557398E0
6.095910000E1	1.704265930E1
6.111923333E1	4.460911463E1
6.129506667E1	6.757217854E1
6.145516667E1	9.158202219E1
6.163106667E1	1.134252771E2
6.179116667E1	1.279102148E2
6.195120000E1	1.360996870E2
6.212736667E1	1.443002782E2
6.228753333E1	1.422857648E2
6.246306667E1	1.351812205E2
6.262316667E1	1.251304314E2
6.279903333E1	9.846681078E1
6.295906667E1	7.216342762E1
6.311920000E1	4.387724089E1
6.329506667E1	2.216781813E1
6.345510000E1	4.895676400E0
6.363103333E1	-2.605757325E-1
6.379110000E1	2.194112897E0
6.395113333E1	1.597954275E1
6.412706667E1	4.265401187E1
6.428733333E1	6.492606360E1
6.446300000E1	8.924228319E1
6.462310000E1	1.126956696E2
6.478313333E1	1.274578191E2
6.495903333E1	1.367044025E2
6.511916667E1	1.420076608E2
6.529506667E1	1.419506856E2
6.545513333E1	1.409499314E2
6.561520000E1	1.279823245E2
6.579103333E1	1.074129026E2
6.595113333E1	7.869165682E1
6.612700000E1	5.227454385E1
6.628703333E1	2.667830945E1
6.646300000E1	5.738382306E0
6.662303333E1	1.117273518E0
6.678320000E1	1.186808148E0
6.695920000E1	9.901854786E0
6.711913333E1	3.182285812E1
6.729496667E1	5.793016760E1
6.745506667E1	8.351718747E1
6.761506667E1	1.022020445E2
6.779103333E1	1.194405074E2
6.795110000E1	1.352464974E2
6.812696667E1	1.404640907E2
6.828706667E1	1.448987852E2
6.844713333E1	1.455146514E2
6.862300000E1	1.331740098E2
6.878300000E1	1.198065988E2
6.895913333E1	9.229093900E1
6.911940000E1	6.480418912E1
6.927933333E1	3.852157614E1
6.945496667E1	1.596612401E1
6.961510000E1	3.929166540E0
6.979100000E1	6.703916472E-2
6.995106667E1	4.113251622E0
7.012693333E1	1.840190788E1
7.028703333E1	4.408841881E1
7.044703333E1	7.002099534E1
7.062296667E1	9.118831128E1
7.078303333E1	1.097036604E2
7.095890000E1	1.275367664E2
7.111896667E1	1.369840299E2
7.127900000E1	1.446553130E2
7.145493333E1	1.450964207E2
7.161516667E1	1.417033965E2
7.179093333E1	1.288559340E2
7.195100000E1	1.137668188E2
7.211106667E1	8.396803341E1
7.228696667E1	5.462279698E1
7.244700000E1	2.916882287E1
7.262293333E1	1.228714459E1
7.278296667E1	3.718544054E0
7.295890000E1	8.875112378E-1
7.311896667E1	4.954758646E0
7.327903333E1	2.361904354E1
7.345510000E1	5.374132944E1
7.361526667E1	7.391996422E1
7.379086667E1	9.427243268E1
7.395090000E1	1.135122617E2
7.411100000E1	1.283985561E2
7.428696667E1	1.366942685E2
7.444700000E1	1.447000245E2
7.462286667E1	1.412755063E2
7.478290000E1	1.357815717E2
7.494303333E1	1.278606979E2
7.511890000E1	1.099015031E2
7.527896667E1	7.937317760E1
7.545486667E1	5.203986589E1
7.561493333E1	2.858762566E1
7.577506667E1	1.087496472E1
7.595093333E1	1.954238256E0
7.611130000E1	-1.062459350E0
7.628686667E1	6.824596237E0
7.644690000E1	2.518146016E1
7.662283333E1	5.331632284E1
7.678286667E1	7.174261274E1
7.694293333E1	9.409228402E1
7.711890000E1	1.128779962E2
7.727890000E1	1.283375309E2
7.745483333E1	1.361081218E2
7.761490000E1	1.451381487E2
7.777493333E1	1.450286164E2
7.795093333E1	1.367247434E2
7.811096667E1	1.284513212E2
7.828680000E1	1.121823774E2
7.844693333E1	8.199854209E1
7.860690000E1	5.699462162E1
7.878286667E1	3.208685566E1
7.894293333E1	1.361642994E1
7.911886667E1	1.772559103E0
7.927890000E1	-1.147033963E-1
7.943890000E1	5.132572016E0
7.961490000E1	2.023539904E1
7.977500000E1	4.789280627E1
7.995080000E1	6.710712052E1
8.011086667E1	8.946828072E1
8.028700000E1	1.097929849E2
8.044703333E1	1.276371233E2
8.060726667E1	1.358575386E2
8.078286667E1	1.410981394E2
8.094293333E1	1.449403852E2
8.111880000E1	1.430748708E2
8.127886667E1	1.325725749E2
8.143890000E1	1.171420494E2
8.161483333E1	9.019302011E1
8.177486667E1	6.263206626E1
8.195073333E1	3.613916119E1
8.211080000E1	1.588385212E1
8.227086667E1	4.228114681E0
8.244683333E1	8.071556049E-1
8.260683333E1	3.091246303E0
8.278296667E1	1.610831612E1
8.294310000E1	4.192341046E1
8.311873333E1	6.410936758E1
8.327880000E1	8.563301507E1
8.343886667E1	1.049225613E2
8.361476667E1	1.217953889E2
8.377483333E1	1.351402471E2
8.395070000E1	1.402110236E2
8.411080000E1	1.447408268E2
8.427086667E1	1.409240469E2
8.444676667E1	1.336687033E2
8.460686667E1	1.240327203E2
8.478273333E1	9.933982472E1
8.494276667E1	6.981506976E1
8.510286667E1	4.407944331E1
8.527883333E1	2.223808400E1
8.543880000E1	7.881076388E0
8.561470000E1	1.805822723E0
8.577476667E1	7.738486554E-1
8.593490000E1	8.117443911E0
8.611076667E1	2.821035805E1
8.627083333E1	5.399818117E1
8.644670000E1	7.227452429E1
8.660683333E1	9.635839327E1
8.678266667E1	1.140966644E2
8.694280000E1	1.288473867E2
8.710283333E1	1.370484500E2
8.727903333E1	1.423512363E2
8.743883333E1	1.448454294E2
8.761466667E1	1.401536244E2
8.777480000E1	1.324188522E2
8.793483333E1	1.177438600E2
8.811073333E1	8.872122896E1
8.827080000E1	6.216112263E1
8.844666667E1	3.807119490E1
8.860673333E1	2.006986954E1
8.876680000E1	5.024379052E0
8.894273333E1	-3.885284772E-2
8.910276667E1	7.356233119E-1
8.927866667E1	1.127320466E1
8.943870000E1	3.280232282E1
8.959880000E1	5.638268260E1
8.977470000E1	7.743377044E1
8.993503333E1	9.890411982E1
9.011070000E1	1.150892892E2
9.027073333E1	1.288877772E2
9.044663333E1	1.411376545E2
9.060670000E1	1.432815805E2
9.076680000E1	1.446270223E2
9.094270000E1	1.397494570E2
9.110273333E1	1.313502035E2
9.127863333E1	1.169152137E2
9.143870000E1	8.847840189E1
9.159880000E1	6.378187042E1
9.177463333E1	3.971170800E1
9.193503333E1	1.946114114E1
9.211060000E1	5.977069037E0
9.227073333E1	2.445694602E-1
9.243076667E1	3.470226864E-2
9.260670000E1	9.940119950E0
9.276676667E1	3.170636109E1
9.294263333E1	5.408637979E1
9.310273333E1	7.519123425E1
9.327860000E1	9.517227448E1
9.343870000E1	1.127527205E2
9.359873333E1	1.279188118E2
9.377463333E1	1.409749087E2
9.393473333E1	1.449873375E2
9.411060000E1	1.447870945E2
9.427086667E1	1.413835684E2
9.443103333E1	1.338346663E2
9.460663333E1	1.237191607E2
9.476663333E1	9.442363827E1
9.494253333E1	7.148813398E1
9.510263333E1	4.793602910E1
9.526273333E1	2.706875968E1
9.543863333E1	9.674678451E0
9.559866667E1	2.549845374E-1
9.577460000E1	-2.313094769E-1
9.593466667E1	7.054949336E0
9.609470000E1	1.994782165E1
9.627063333E1	4.164779789E1
9.643063333E1	6.607931383E1
9.660656667E1	8.465841589E1
9.676680000E1	1.020070992E2
9.694253333E1	1.177443659E2
9.710256667E1	1.328271221E2
9.726266667E1	1.388317308E2
9.743856667E1	1.449335824E2
9.759863333E1	1.422362946E2
9.777456667E1	1.392496999E2
9.793463333E1	1.309517873E2
9.809466667E1	1.177732968E2
9.827063333E1	8.811225111E1
9.843063333E1	6.465277845E1
9.860653333E1	4.206513290E1
9.876693333E1	2.111227734E1
9.892680000E1	5.775339605E0
9.910260000E1	1.033075523E0
9.926266667E1	1.342521495E0
9.943853333E1	7.020360866E0
9.959860000E1	2.324863727E1
9.975866667E1	4.809184653E1
9.993470000E1	6.778735370E1
1.000946667E2	8.702981330E1
1.002705667E2	1.042789144E2
1.004306333E2	1.197359517E2
1.006065000E2	1.340176862E2
1.007665333E2	1.367451396E2
1.009265667E2	1.445310843E2
1.011025667E2	1.413638517E2
1.012628333E2	1.368472921E2
1.014385000E2	1.287135825E2
1.015985667E2	1.133023320E2
1.017586000E2	8.777551598E1
1.019345000E2	6.608331957E1
1.020946000E2	4.316586090E1
1.022705000E2	2.104597158E1
1.024305333E2	5.986295093E0
1.025905667E2	2.295680696E0
1.027665333E2	4.443485832E-1
1.029266333E2	5.888950529E0
1.031026667E2	2.275071155E1
1.032627333E2	4.592008073E1
1.034384333E2	6.395187485E1
1.035985000E2	8.580016143E1
1.037586000E2	1.003740426E2
1.039345333E2	1.167800034E2
1.040945667E2	1.299113557E2
1.042704667E2	1.361623313E2
1.044305000E2	1.412445768E2
1.045905667E2	1.419998794E2
1.047665333E2	1.447027232E2
1.049265667E2	1.332752856E2
1.051024333E2	1.224785729E2
1.052625000E2	1.011517156E2
1.054225333E2	7.860599126E1
1.055988000E2	5.286574047E1
1.057588333E2	3.073724004E1
1.059344333E2	1.595001923E1
1.060945333E2	5.311397099E0
1.062545667E2	1.300500338E0
1.064305000E2	9.611868700E-1
1.065905667E2	9.440520781E0
1.067664667E2	2.775701045E1
1.069265333E2	4.828319609E1
1.071023667E2	6.634761078E1
1.072624667E2	8.789776957E1
1.074225333E2	1.036920903E2
1.075984000E2	1.177788962E2
1.077585333E2	1.292260431E2
1.079344000E2	1.362130865E2
1.080944667E2	1.448048237E2
1.082545667E2	1.458047892E2
1.084304667E2	1.441694448E2
1.085905000E2	1.341775613E2
1.087664333E2	1.274099596E2
1.089265333E2	1.079493727E2
1.090865667E2	8.104885069E1
1.092625000E2	5.814119763E1
1.094224667E2	3.819455645E1
1.095983667E2	2.088877691E1
1.097584667E2	7.203384875E0
1.099185000E2	1.988673985E0
1.100944000E2	1.161731252E-1
1.102547333E2	5.996368712E0
1.104303667E2	1.805207070E1
1.105904333E2	3.908723363E1
1.107663000E2	6.073841496E1
1.109264333E2	7.786226784E1
1.110865000E2	9.445196088E1
1.112623667E2	1.108303571E2
1.114224667E2	1.276350452E2
1.115983667E2	1.356727750E2
1.117584667E2	1.414469845E2
1.119184667E2	1.447958522E2
1.120943667E2	1.412921672E2
1.122544333E2	1.405977106E2
1.124303333E2	1.319676851E2
1.125907667E2	1.185208475E2
1.127508000E2	9.291584739E1
1.129263667E2	7.254342643E1
1.130864667E2	4.994348831E1
1.132623667E2	2.975586273E1
1.134223667E2	1.594904679E1
1.135982667E2	5.027305418E0
1.137584333E2	4.489278441E-2
1.139185000E2	2.078562938E0
1.140943333E2	9.832901643E0
1.142543667E2	2.508470479E1
1.144303000E2	4.772968540E1
1.145903667E2	6.525178975E1
1.147504333E2	8.391424105E1
1.149263333E2	9.917437333E1
1.150864000E2	1.155577375E2
1.152622667E2	1.274664968E2
1.154223667E2	1.359902523E2
1.155824333E2	1.407687774E2
1.157583000E2	1.413288843E2
1.159184333E2	1.447192044E2
1.160943667E2	1.353159523E2
1.162543667E2	1.284946831E2
1.164144333E2	1.136292584E2
1.165903000E2	9.033237302E1
1.167503667E2	6.867957787E1
1.169265333E2	4.780354738E1
1.170867333E2	2.731458963E1
1.172622667E2	1.001003701E1
1.174223333E2	3.196231564E0
1.175824000E2	1.975657190E0
1.177583333E2	3.094356927E0
1.179184000E2	1.013191327E1
1.180942667E2	2.684711944E1
1.182543333E2	4.937857749E1
1.184143333E2	6.697315891E1
1.185903000E2	8.562995023E1
1.187503667E2	9.907003439E1
1.189264000E2	1.156720582E2
1.190866333E2	1.271693671E2
1.192463667E2	1.358547714E2
1.194225333E2	1.422720704E2
1.195826667E2	1.406727523E2
1.197582667E2	1.450723650E2
1.199182667E2	1.416089642E2
1.200783667E2	1.325003007E2
1.202543333E2	1.225520144E2
1.204143000E2	9.980562497E1
1.205903000E2	8.063003837E1
1.207503000E2	5.881733255E1
1.209262333E2	3.920440990E1
1.210862667E2	2.214766961E1
1.212464667E2	1.088080735E1
1.214222000E2	3.535419584E0
1.215823000E2	1.313511826E-1
1.217582333E2	1.781776676E0
1.219183000E2	9.917948053E0
1.220783667E2	2.503171497E1
1.222542333E2	4.637656479E1
1.224143000E2	6.160067215E1
1.225902000E2	8.132661876E1
1.227502667E2	9.510627639E1
1.229104667E2	1.119494127E2
1.230863000E2	1.237227323E2
1.232463333E2	1.340974786E2
1.234222333E2	1.368247328E2
1.235823000E2	1.407741224E2
1.237581667E2	1.450021340E2
1.239182333E2	1.438945915E2
1.240785667E2	1.342064062E2
1.242542000E2	1.276059629E2
1.244143000E2	1.159643431E2
1.245901667E2	9.318900915E1
1.247502667E2	7.205623337E1
1.249103000E2	5.194299236E1
1.250862333E2	3.409393418E1
1.252463000E2	1.987137011E1
1.254221667E2	7.976628013E0
1.255822667E2	6.739423139E-1
1.257423333E2	-5.274972214E-1
1.259182000E2	2.503432216E0
1.260783333E2	8.669010628E0
1.262541667E2	2.379453622E1
1.264142000E2	4.809613939E1
1.265742667E2	6.342108158E1
1.267502333E2	8.017244662E1
1.269102667E2	9.509445593E1
1.270862000E2	1.116120011E2
1.272462333E2	1.237625970E2
1.274221333E2	1.340888596E2
1.275822333E2	1.360792389E2
1.277423000E2	1.409152774E2
1.279182000E2	1.450601915E2
1.280782667E2	1.408143628E2
1.282541000E2	1.343705736E2
1.284143667E2	1.284560080E2
1.285746000E2	1.200580496E2
1.287501333E2	9.828287013E1
1.289101667E2	7.934019883E1
1.290861333E2	5.913466788E1
1.292462333E2	4.067931693E1
1.294063000E2	2.397899448E1
1.295821667E2	9.672000880E0
1.297421667E2	3.795612058E0
1.299181333E2	-1.112477538E0
1.300781667E2	-1.720031236E-1
1.302382333E2	4.757248759E0
1.304141667E2	1.283718434E1
1.305742000E2	3.375764960E1
1.307503000E2	5.270930663E1
1.309104333E2	6.801679492E1
1.310860333E2	8.654704929E1
1.312461667E2	9.963653136E1
1.314062667E2	1.138249131E2
1.315821333E2	1.267496290E2
1.317421667E2	1.342358367E2
1.319180000E2	1.367457677E2
1.320781333E2	1.409624155E2
1.322381667E2	1.450620619E2
1.324141000E2	1.450511759E2
1.325741667E2	1.359228375E2
1.327504667E2	1.321729635E2
1.329101333E2	1.220666533E2
1.330701667E2	1.040073938E2
1.332461667E2	8.451765583E1
1.334063667E2	6.446605607E1
1.335820667E2	4.463457080E1
1.337421000E2	2.753182421E1
1.339180000E2	1.467430289E1
1.340781000E2	6.079754162E0
1.342382000E2	-6.865600245E-1
1.344141000E2	-9.008673771E-1
1.345741667E2	1.050510689E0
1.347500333E2	7.024140382E0
1.349100667E2	2.197508471E1
1.350701333E2	4.207326013E1
1.352460667E2	5.972591777E1
1.354061333E2	7.686662293E1
1.355820333E2	8.738080616E1
1.357421333E2	1.035241137E2
1.359021667E2	1.152721484E2
1.360780333E2	1.258536940E2
1.362381333E2	1.351662469E2
1.364140333E2	1.367878411E2
1.365740667E2	1.407121075E2
1.367341667E2	1.412879815E2
1.369100667E2	1.412565657E2
1.370701333E2	1.357501063E2
1.372460333E2	1.319787492E2
1.374061000E2	1.236635234E2
1.375819667E2	1.059452862E2
1.377421000E2	8.599131656E1
1.379024667E2	6.660034106E1
1.380780000E2	4.822972564E1
1.382380667E2	3.175022608E1
1.384139667E2	1.722128110E1
1.385740667E2	6.875949116E0
1.387341333E2	1.965123897E0
1.389100000E2	-1.747904394E0
1.390700333E2	-1.192653690E-1
1.392460000E2	4.615645476E0
1.394060333E2	1.216563633E1
1.395660667E2	3.112854209E1
1.397420000E2	5.155802232E1
1.399021000E2	6.556099275E1
1.400779667E2	8.000466054E1
1.402380333E2	9.326099270E1
1.403981333E2	1.072511717E2
1.405740000E2	1.186589882E2
1.407340667E2	1.282237672E2
1.409099667E2	1.355744996E2
1.410700667E2	1.370757640E2
1.412459667E2	1.410671351E2
1.414060000E2	1.448904173E2
1.415661000E2	1.410699025E2
1.417420000E2	1.356542732E2
1.419020333E2	1.321776436E2
1.420780000E2	1.259283307E2
1.422382667E2	1.087090983E2
1.423982333E2	8.730065391E1
1.425739667E2	7.128599658E1
1.427340000E2	5.266755420E1
1.429099667E2	3.590875453E1
1.430700000E2	2.108626510E1
1.432300667E2	9.777355112E0
1.434059667E2	3.906611160E0
1.435660333E2	1.155065895E-1
1.437419000E2	-9.632664860E-1
1.439020000E2	2.352659166E-1
1.440779000E2	7.832663679E0
1.442379667E2	2.298587321E1
1.443980333E2	4.231774422E1
1.445739000E2	5.517192460E1
1.447339667E2	7.014718500E1
1.449099000E2	8.363194081E1
1.450699667E2	9.768035392E1
1.452301000E2	1.065164212E2
1.454059333E2	1.195847611E2
1.455660000E2	1.282176002E2
1.457418333E2	1.354919969E2
1.459019667E2	1.401515162E2
1.460619667E2	1.412810227E2
1.462379000E2	1.412154509E2
1.463979333E2	1.446896428E2
1.465740333E2	1.352440264E2
1.467341333E2	1.318898619E2
1.468941000E2	1.266286238E2
1.470699000E2	1.097540763E2
1.472299667E2	9.318638510E1
1.474058333E2	7.661350280E1
1.475660000E2	5.808049876E1
1.477418333E2	4.189373550E1
1.479019667E2	2.623864582E1
1.480620000E2	1.689990134E1
1.482378667E2	7.914562851E0
1.483979000E2	7.910468875E-1
1.485737667E2	-3.218933824E-1
1.487339000E2	-1.778409720E-2
1.488939667E2	3.737017483E0
1.490698667E2	1.075448937E1
1.492302000E2	2.748718801E1
1.494058000E2	4.653939709E1
1.495659000E2	6.052646480E1
1.497260667E2	7.453955307E1
1.499018333E2	8.625627182E1
1.500619000E2	9.925945324E1
1.502378333E2	1.113188928E2
1.503979333E2	1.208438983E2
1.505738333E2	1.289174781E2
1.507338667E2	1.350646261E2
1.508939333E2	1.403622620E2
1.510698000E2	1.410274442E2
1.512299000E2	1.412629433E2
1.514058000E2	1.410822644E2
1.515658667E2	1.367029812E2
1.517259667E2	1.329905968E2
1.519018333E2	1.275300620E2
1.520619000E2	1.157737840E2
1.522377667E2	9.548426329E1
1.523978000E2	7.996011124E1
1.525579000E2	6.251338417E1
1.527338333E2	4.749177331E1
1.528938667E2	3.197945784E1
1.530697667E2	1.882028183E1
1.532298667E2	9.009344146E0
1.533899667E2	4.066352153E0
1.535662000E2	-9.734732989E-1
1.537262667E2	-1.777159339E0
1.539017667E2	1.271406343E-1
1.540618667E2	5.216863898E0
1.542377333E2	1.507566773E1
1.543977667E2	3.176460163E1
1.545578667E2	4.677169050E1
1.547338000E2	6.189582093E1
1.548938667E2	7.410849227E1
1.550697667E2	8.594720108E1
1.552298333E2	9.754332751E1
1.553898333E2	1.096045323E2
1.555658000E2	1.177622497E2
1.557258333E2	1.272439399E2
1.559017000E2	1.346701779E2
1.560618333E2	1.358494854E2
1.562223000E2	1.400686645E2
1.563978333E2	1.409516744E2
1.565578000E2	1.411295540E2
1.567337000E2	1.408959208E2
1.568938000E2	1.350699358E2
1.570538333E2	1.323093503E2
1.572297667E2	1.265108663E2
1.573898333E2	1.119814671E2
1.575657000E2	9.421677732E1
1.577257667E2	7.887939508E1
1.579017333E2	6.192979015E1
1.580617667E2	4.689120746E1
1.582218667E2	3.208964114E1
1.583977333E2	2.027040760E1
1.585578000E2	9.858786151E0
1.587337000E2	4.716184962E0
1.588937333E2	-2.799477223E-1
1.590537667E2	-7.498852536E-1
1.592297667E2	-1.064820859E0
1.593898000E2	2.983837085E0
1.595657000E2	1.107983200E1
1.597257333E2	2.479870815E1
1.598858000E2	4.165943123E1
1.600617333E2	5.514454589E1
1.602217333E2	6.605495460E1
1.603978333E2	7.765226496E1
1.605580667E2	9.071946149E1
1.607336333E2	1.019889618E2
1.608937333E2	1.127084406E2
1.610538000E2	1.220076392E2
1.612297000E2	1.288641879E2
1.613897000E2	1.351437108E2
1.615656000E2	1.413936095E2
1.617257333E2	1.408043760E2
1.618858000E2	1.413941350E2
1.620617000E2	1.411703658E2
1.622217667E2	1.446588454E2
1.623979333E2	1.348433163E2
1.625577000E2	1.318910040E2
1.627178333E2	1.268538555E2
1.628937667E2	1.146660771E2
1.630539667E2	9.725948070E1
1.632296333E2	8.361220750E1
1.633897333E2	6.731025095E1
1.635498333E2	5.371191448E1
1.637256667E2	3.994418751E1
1.638857667E2	2.601475428E1
1.640616333E2	1.525774354E1
1.642217667E2	8.189418310E0
1.643976333E2	2.913817180E0
1.645577000E2	-9.888188358E-1
1.647177667E2	-1.015762795E0
1.648939000E2	-6.547797113E-1
1.650538333E2	3.323134512E0
1.652296000E2	1.105472719E1
1.653896667E2	2.392684681E1
1.655497333E2	3.872242417E1
1.657256333E2	5.006943983E1
1.658856667E2	6.298046602E1
1.660615667E2	7.353926128E1
1.662216667E2	8.564735292E1
1.663817000E2	9.559785538E1
1.665576000E2	1.065067773E2
1.667176667E2	1.147786010E2
1.668935667E2	1.260576042E2
1.670536667E2	1.314449162E2
1.672137000E2	1.354694272E2
1.673900000E2	1.408662027E2
1.675500000E2	1.411430224E2
1.677256333E2	1.412599184E2
1.678857000E2	1.447969843E2
1.680615667E2	1.445930765E2
1.682216333E2	1.355873535E2
1.683817000E2	1.331338368E2
1.685576000E2	1.270196460E2
1.687177333E2	1.202267887E2
1.688935333E2	1.065859096E2
1.690536333E2	9.157855793E1
1.692137000E2	7.665142698E1
1.693896000E2	6.188220110E1
1.695496667E2	4.879219083E1
1.697255667E2	3.500048133E1
1.698856000E2	2.395166121E1
1.700457333E2	1.441068010E1
1.702215333E2	8.143016496E0
1.703816333E2	3.936803295E0
1.705575667E2	2.277306291E-1
1.707176000E2	-1.925009601E0
1.708935000E2	-1.120513396E0
1.710536000E2	2.541661884E0
1.712136333E2	8.139513009E0
1.713895333E2	1.754334244E1
1.715496000E2	3.156849746E1
1.717255000E2	4.551625288E1
1.718855667E2	5.520269466E1
1.720456667E2	6.535319079E1
1.722215667E2	7.662030197E1
1.723816333E2	8.658510118E1
1.725574667E2	9.552610464E1
1.727175667E2	1.052927774E2
1.728776333E2	1.096949367E2
1.730535000E2	1.227761084E2
1.732135667E2	1.280213875E2
1.733895000E2	1.346726260E2
1.735495667E2	1.358930454E2
1.737096333E2	1.404980621E2
1.738855333E2	1.410448112E2
1.740456000E2	1.449403675E2
1.742216000E2	1.453040729E2
1.743818333E2	1.412740799E2
1.745574333E2	1.360854533E2
1.747175333E2	1.335505387E2
1.748775667E2	1.274245131E2
1.750535333E2	1.224631795E2
1.752135667E2	1.086741043E2
1.753894000E2	9.586624322E1
1.755494667E2	8.299030032E1
1.757096333E2	6.898215570E1
1.758855333E2	5.669383648E1
1.760455333E2	4.430428250E1
1.762214333E2	3.300006722E1
1.763815333E2	2.339685336E1
1.765416000E2	1.509961288E1
1.767175000E2	8.251336698E0
1.768775667E2	3.013108438E0
1.770534333E2	7.350930028E-2
1.772135000E2	-8.484122251E-1
1.773735333E2	-1.170989740E0
1.775494667E2	2.858110383E-2
1.777095333E2	4.103715305E0
1.778854000E2	1.222313380E1
1.780455333E2	2.319544628E1
1.782213667E2	3.489743103E1
1.783814667E2	4.620089754E1
1.785415000E2	5.616345167E1
1.787177333E2	6.414948689E1
1.788777000E2	7.582840735E1
1.790534000E2	8.393868427E1
1.792134667E2	9.205476480E1
1.793735333E2	9.839772802E1
1.795494667E2	1.096712193E2
1.797095000E2	1.168885558E2
1.798854000E2	1.266012007E2
1.800454667E2	1.299172699E2
1.802056333E2	1.354055961E2
1.803814333E2	1.369874783E2
1.805415333E2	1.402570016E2
1.807174333E2	1.410280148E2
1.808774667E2	1.412331692E2
1.810533333E2	1.448996271E2
1.812134333E2	1.409641532E2
1.813737000E2	1.399361334E2
1.815493667E2	1.341357226E2
1.817094333E2	1.309129838E2
1.818853667E2	1.278398236E2
1.820454000E2	1.160551700E2
1.822055000E2	1.049247696E2
1.823814000E2	9.105588207E1
1.825415000E2	7.802548966E1
1.827173000E2	6.453644224E1
1.828774333E2	5.268460671E1
1.830375000E2	4.097501687E1
1.832136000E2	2.986561943E1
1.833736000E2	2.024097425E1
1.835493667E2	1.326443572E1
1.837094333E2	8.105422118E0
1.838694667E2	3.509030207E0
1.840454000E2	-2.899183970E-1
1.842054333E2	-1.912712215E0
1.843814000E2	-1.057814011E0
1.845414000E2	9.607152091E-1
1.847173333E2	3.987883616E0
1.848773667E2	1.000579106E1
1.850374667E2	2.006435739E1
1.852133000E2	3.240063704E1
1.853734000E2	4.226803095E1
1.855493333E2	5.249522924E1
1.857096333E2	6.089868229E1
1.858698000E2	7.031349024E1
1.860453333E2	8.030659274E1
1.862054333E2	8.791446470E1
1.863813000E2	9.614117778E1
1.865413667E2	1.038703737E2
1.867014000E2	1.120373900E2
1.868773667E2	1.195582821E2
1.870374333E2	1.274377348E2
1.872133333E2	1.303493906E2
1.873733667E2	1.351066848E2
1.875334333E2	1.367728492E2
1.877094000E2	1.410442192E2
1.878694000E2	1.403180006E2
1.880453000E2	1.411772248E2
1.882054000E2	1.450014272E2
1.883812667E2	1.412064192E2
1.885413000E2	1.409866963E2
1.887014333E2	1.358061422E2
1.888773333E2	1.339811928E2
1.890374000E2	1.302070818E2
1.892132333E2	1.262537708E2
1.893733000E2	1.196430838E2
1.895334333E2	1.102233177E2
1.897093333E2	9.958848546E1
1.898694000E2	8.802727304E1
1.900456333E2	7.520910063E1
1.902057000E2	6.446093304E1
1.903655667E2	5.411925199E1
1.905413000E2	4.399921538E1
1.907013667E2	3.385430839E1
1.908773000E2	2.516211007E1
1.910373333E2	1.843482917E1
1.912132333E2	1.317411247E1
1.913733333E2	8.201862076E0
1.915333667E2	3.799716091E0
1.917092667E2	2.740513856E-1
1.918693667E2	-1.735360381E0
1.920452333E2	-1.358400117E0
1.922053000E2	-9.270050339E-1
1.923653000E2	4.911721864E-1
1.925412667E2	3.352219811E0
1.927016333E2	7.994183613E0
1.928772000E2	1.501516665E1
1.930372333E2	2.559202044E1
1.931973333E2	3.627533444E1
1.933732333E2	4.529109208E1
1.935333333E2	5.362505726E1
1.937092333E2	6.081067799E1
1.938693000E2	7.011386599E1
1.940293000E2	7.685934258E1
1.942052333E2	8.582938414E1
1.943652667E2	9.251720857E1
1.945412667E2	9.882468181E1
1.947013333E2	1.065063752E2
1.948772000E2	1.115093096E2
1.950372667E2	1.197128299E2
1.951973333E2	1.273206694E2
1.953732000E2	1.291548924E2
1.955333000E2	1.347597113E2
1.957091667E2	1.350583867E2
1.958693000E2	1.370675909E2
1.960293667E2	1.400354093E2
1.962051667E2	1.447629458E2
1.963653000E2	1.451429344E2
1.965411333E2	1.414062980E2
1.967012333E2	1.453185793E2
1.968613000E2	1.411458629E2
1.970373333E2	1.407279825E2
1.971975000E2	1.351595469E2
1.973731667E2	1.335086110E2
1.975332333E2	1.290038379E2
1.976933000E2	1.277052372E2
1.978692333E2	1.197303188E2
1.980292333E2	1.102376735E2
1.982051667E2	9.811836443E1
1.983652000E2	9.007235588E1
1.985411000E2	8.056237592E1
1.987012333E2	7.009721320E1
1.988612000E2	6.060834149E1
1.990371667E2	5.161629520E1
1.991972333E2	4.301843301E1
1.993731000E2	3.462487150E1
1.995333000E2	2.684010128E1
1.996935000E2	2.002592847E1
1.998692000E2	1.417300025E1
2.000292333E2	9.574980593E0
2.002051333E2	5.332572049E0
2.003651667E2	1.444489599E0
2.005252333E2	-9.137453829E-1
2.007011333E2	-1.008956163E0
2.008612667E2	-1.061324484E0
2.010371333E2	-9.371891622E-1
2.011972000E2	2.043983302E-2
2.013731000E2	2.216011813E0
2.015333000E2	6.344134950E0
2.016932667E2	1.192163387E1
2.018691333E2	1.911915459E1
2.020292333E2	2.871127983E1
2.022051000E2	3.690130656E1
2.023652000E2	4.414326214E1
2.025252333E2	5.148206629E1
2.027011333E2	5.886396454E1
2.028612000E2	6.585297978E1
2.030370333E2	7.190311579E1
2.031971667E2	7.773662245E1
2.033571667E2	8.540830328E1
2.035331000E2	9.071489702E1
2.036932000E2	9.662711455E1
2.038693000E2	1.028513549E2
2.040293667E2	1.052521235E2
2.041895000E2	1.135837482E2
2.043651333E2	1.199638700E2
2.045252000E2	1.266609487E2
2.047011000E2	1.284344164E2
2.048612000E2	1.338264169E2
2.050370000E2	1.355474494E2
2.051971333E2	1.368186201E2
2.053572000E2	1.411746751E2
2.055330667E2	1.402738699E2
2.056932000E2	1.412015202E2
2.058690333E2	1.450095209E2
2.060291333E2	1.447764342E2
2.061891667E2	1.414372126E2
2.063650333E2	1.448979960E2
2.065251667E2	1.409417918E2
2.067010333E2	1.406429943E2
2.068611333E2	1.343622381E2
2.070212000E2	1.329615787E2
2.071970667E2	1.277922739E2
2.073571000E2	1.267885316E2
2.075330667E2	1.177186650E2
2.076930667E2	1.103092792E2
2.078531667E2	9.936459714E1
2.080290333E2	9.204013998E1
2.081891333E2	8.389129660E1
2.083650667E2	7.369398773E1
2.085253000E2	6.595520186E1
2.087009667E2	5.712255268E1
2.088610667E2	4.917172787E1
2.090211000E2	4.126990839E1
2.091970333E2	3.358728579E1
2.093570667E2	2.635998362E1
2.095330000E2	2.047776884E1
2.096931000E2	1.610913720E1
2.098531000E2	1.180560287E1
2.100290333E2	7.647370884E0
2.101890667E2	3.878572938E0
2.103650000E2	9.542367721E-1
2.105250667E2	-8.908680176E-1
2.106851333E2	-1.404787436E0
2.108610333E2	-1.155868624E0
2.110214000E2	-1.052313846E0
2.111970000E2	-2.399944254E-1
2.113570333E2	9.609750751E-1
2.115329333E2	2.919678898E0
2.116930333E2	5.913627328E0
2.118531000E2	1.093713887E1
2.120289667E2	1.753453664E1
2.121890667E2	2.561956084E1
2.123649333E2	3.266300698E1
2.125250000E2	3.966645927E1
2.126850667E2	4.603840889E1
2.128611667E2	5.269632995E1
2.130214667E2	5.850214157E1
2.131969000E2	6.366491252E1
2.133570333E2	6.976764208E1
2.135170667E2	7.554768609E1
2.136929667E2	8.090759763E1
2.138530000E2	8.658265104E1
2.140289000E2	9.177073535E1
2.141889667E2	9.658504940E1
2.143490333E2	9.934399547E1
2.145249667E2	1.066920656E2
2.146850333E2	1.099139224E2
2.148609333E2	1.157628890E2
2.150210333E2	1.217095955E2
2.151969000E2	1.277318787E2
2.153571333E2	1.287284663E2
2.155170667E2	1.338155216E2
2.156929000E2	1.354267519E2
2.158530000E2	1.360947863E2
2.160289000E2	1.415188494E2
2.161889333E2	1.438179749E2
2.163489667E2	1.410134768E2
2.165249333E2	1.448790677E2
2.166850333E2	1.414159928E2
2.168609333E2	1.413743446E2
2.170209667E2	1.414259041E2
2.171809667E2	1.413749863E2
2.173569000E2	1.448402410E2
2.175169667E2	1.393224884E2
2.176930000E2	1.360959069E2
2.178530333E2	1.342892501E2
2.180132000E2	1.329487180E2
2.181889333E2	1.282596211E2
2.183490000E2	1.250118269E2
2.185248667E2	1.206161800E2
2.186849333E2	1.149352556E2
2.188608333E2	1.075657772E2
2.190209000E2	9.698282442E1
2.191809667E2	9.193516108E1
2.193569000E2	8.341614566E1
2.195169667E2	7.636436212E1
2.196928333E2	7.051996887E1
2.198531000E2	6.257039428E1
2.200132333E2	5.562854353E1
2.201888667E2	4.924384296E1
2.203489333E2	4.231962960E1
2.205248667E2	3.593975654E1
2.206849333E2	3.015186884E1
2.208450333E2	2.442157174E1
2.210209333E2	2.041051349E1
2.211809333E2	1.691587646E1
2.213568333E2	1.325511878E1
2.215169000E2	9.223531181E0
2.216928000E2	6.817119530E0
2.218528333E2	3.909323598E0
2.220129333E2	1.133967410E0
2.221889667E2	-8.173150674E-1
2.223492333E2	-1.479940225E0
2.225248000E2	-1.221354929E0
2.226849000E2	-1.145641062E0
2.228449667E2	-9.202413008E-1
2.230208667E2	-1.025572286E-1
2.231809000E2	2.313820754E-1
2.233568000E2	9.846673554E-1
2.235168667E2	2.962126390E0
2.236769333E2	5.868010290E0
2.238528333E2	9.849201218E0
2.240129000E2	1.489462307E1
2.241887667E2	2.101178827E1
2.243488333E2	2.653133679E1
2.245089333E2	3.210612912E1
2.246848000E2	3.761158187E1
2.248449000E2	4.269386246E1
2.250208000E2	4.791427555E1
2.251808667E2	5.296441421E1
2.253567667E2	5.784640823E1
2.255168333E2	6.240632829E1
2.256768667E2	6.664300610E1
2.258527333E2	7.125552810E1
2.260128333E2	7.431545530E1
2.261887333E2	7.837181096E1
2.263487667E2	8.419061030E1
2.265088667E2	8.813013751E1
2.266848000E2	8.910864726E1
2.268452000E2	9.556147772E1
2.270207667E2	9.954902662E1
2.271808000E2	1.039427329E2
2.273409000E2	1.067966015E2
2.275167667E2	1.096864471E2
2.276768000E2	1.139891292E2
2.278527333E2	1.149361113E2
2.280128000E2	1.237346696E2
2.281728333E2	1.278488625E2
2.283487667E2	1.281174792E2
2.285090667E2	1.327184597E2
2.286847333E2	1.344625614E2
2.288448000E2	1.353016336E2
2.290207333E2	1.363119772E2
2.291809667E2	1.408826262E2
2.293412667E2	1.427139438E2
2.295167000E2	1.403765102E2
2.296767667E2	1.410327377E2
2.298526667E2	1.412546815E2
2.300127667E2	1.448938873E2
2.301728000E2	1.450265354E2
2.303487000E2	1.455950729E2
2.305088667E2	1.450060170E2
2.306847000E2	1.450185642E2
2.308448000E2	1.448763914E2
2.310048333E2	1.449763059E2
2.311807000E2	1.448636289E2
2.313407667E2	1.449242335E2
2.315167000E2	1.448277871E2
