0.12544583 -0.098958273
0.12555417 -0.099555235
0.1256625 -0.099546718
0.12577083 -0.099794399
0.12587917 -0.1005206
0.1259875 -0.10117623
0.12609583 -0.10197673
0.12620417 -0.1028739
0.1263125 -0.1036487
0.12642083 -0.1043084
0.12652917 -0.1039732
0.1266375 -0.10374346
0.12674583 -0.10301109
0.12685417 -0.10217137
0.1269625 -0.10145744
0.12707083 -0.10130636
0.12717917 -0.10075541
0.1272875 -0.10083293
0.12739583 -0.10098281
0.12750417 -0.10159095
0.1276125 -0.10190768
0.12772083 -0.10262823
0.12782917 -0.10263816
0.1279375 -0.10191902
0.12804583 -0.10066019
0.12815417 -0.099787514
0.1282625 -0.098995653
0.12837083 -0.098900406
0.12847917 -0.098655274
0.1285875 -0.098933974
0.12869583 -0.099813899
0.12880417 -0.099748107
0.1289125 -0.098283576
0.12902083 -0.096640612
0.12912917 -0.094982586
0.1292375 -0.093346914
0.12934583 -0.091350674
0.12945417 -0.089342396
0.1295625 -0.087513715
0.12967083 -0.085649474
0.12977917 -0.084122548
0.1298875 -0.083352478
0.12999583 -0.083200702
0.13010417 -0.083356882
0.1302125 -0.083706999
0.13032083 -0.083717404
0.13042917 -0.083546034
0.1305375 -0.082682642
0.13064583 -0.081276936
0.13075417 -0.080343745
0.1308625 -0.079619135
0.13097083 -0.079679016
0.13107917 -0.08047533
0.1311875 -0.082005973
0.13129583 -0.083621683
0.13140417 -0.084606744
0.1315125 -0.084910841
0.13162083 -0.084885797
0.13172917 -0.084772237
0.1318375 -0.08469017
0.13194583 -0.084523009
0.13205417 -0.084619561
0.1321625 -0.085060047
0.13227083 -0.085836276
0.13237917 -0.087118121
0.1324875 -0.088217224
0.13259583 -0.089155712
0.13270417 -0.089131284
0.1328125 -0.087791372
0.13292083 -0.085225912
0.13302917 -0.081587899
0.1331375 -0.078021996
0.13324583 -0.075415604
0.13335417 -0.073771361
0.1334625 -0.073133344
0.13357083 -0.073292829
0.13367917 -0.073620787
0.1337875 -0.073429062
0.13389583 -0.071654065
0.13400417 -0.068030882
0.1341125 -0.062509094
0.13422083 -0.05689775
0.13432917 -0.051887357
0.1344375 -0.047655833
0.13454583 -0.043889386
0.13465417 -0.040863251
0.1347625 -0.039232191
0.13487083 -0.038811488
0.13497917 -0.039812727
0.1350875 -0.042047039
0.13519583 -0.044179823
0.13530417 -0.04515822
0.1354125 -0.045100839
0.13552083 -0.043381116
0.13562917 -0.041059147
0.1357375 -0.038880606
0.13584583 -0.037977016
0.13595417 -0.038209194
0.1360625 -0.040062315
0.13617083 -0.042624541
0.13627917 -0.044132043
0.1363875 -0.043383093
0.13649583 -0.041029163
0.13660417 -0.037510845
0.1367125 -0.033606182
0.13682083 -0.03056973
0.13692917 -0.028759985
0.1370375 -0.027918965
0.13714583 -0.027951878
0.13725417 -0.029476576
0.1373625 -0.031646121
0.13747083 -0.03410644
0.13757917 -0.035934199
0.1376875 -0.036061108
0.13779583 -0.034449845
0.13790417 -0.030192114
0.1380125 -0.024104183
0.13812083 -0.017136449
0.13822917 -0.010722441
0.1383375 -0.0059898599
0.13844583 -0.0032727645
0.13855417 -0.0012519948
0.1386625 0.00028603532
0.13877083 0.0030663325
0.13887917 0.00940481
0.1389875 0.017025202
0.13909583 0.025972181
0.13920417 0.035063541
0.1393125 0.043798247
0.13942083 0.050951759
0.13952917 0.055532375
0.1396375 0.058172763
0.13974583 0.058147823
0.13985417 0.05576105
0.1399625 0.052987037
0.14007083 0.051114562
0.14017917 0.050041427
0.1402875 0.052215205
0.14039583 0.056401425
0.14050417 0.062626449
0.1406125 0.069241266
0.14072083 0.075522913
0.14082917 0.07900629
0.1409375 0.080743114
0.14104583 0.080928146
0.14115417 0.081237184
0.1412625 0.083229166
0.14137083 0.087187776
0.14147917 0.092749191
0.1415875 0.099508068
0.14169583 0.10675747
0.14180417 0.11260458
0.1419125 0.11618777
0.14202083 0.11771731
0.14212917 0.1172529
0.1422375 0.11560816
0.14234583 0.11260734
0.14245417 0.10982807
0.1425625 0.10914857
0.14267083 0.11111874
0.14277917 0.11577208
0.1428875 0.12152606
0.14299583 0.12801134
0.14310417 0.13484804
0.1432125 0.14183975
0.14332083 0.14794692
0.14342917 0.15217309
0.1435375 0.15702913
0.14364583 0.16449294
0.14375417 0.17341167
0.1438625 0.18283169
0.14397083 0.19291154
0.14407917 0.20429313
0.1441875 0.21572625
0.14429583 0.22625244
0.14440417 0.23445378
0.1445125 0.23917388
0.14462083 0.24064594
0.14472917 0.24057573
0.1448375 0.24014628
0.14494583 0.24129544
0.14505417 0.24450362
0.1451625 0.25137892
0.14527083 0.25924283
0.14537917 0.26711998
0.1454875 0.27410331
0.14559583 0.27998342
0.14570417 0.28514572
0.1458125 0.28844683
0.14592083 0.29011867
0.14602917 0.29277779
0.1461375 0.29745585
0.14624583 0.30380661
0.14635417 0.31079599
0.1464625 0.31857712
0.14657083 0.32674696
0.14667917 0.33383765
0.1467875 0.33879499
0.14689583 0.34058636
0.14700417 0.33941799
0.1471125 0.33681302
0.14722083 0.3340364
0.14732917 0.33224562
0.1474375 0.33209782
0.14754583 0.33292797
0.14765417 0.33462673
0.1477625 0.3371516
0.14787083 0.3405513
0.14797917 0.3447462
0.1480875 0.35016654
0.14819583 0.3564926
0.14830417 0.36403922
0.1484125 0.37229043
0.14852083 0.38045271
0.14862917 0.38803925
0.1487375 0.39552048
0.14884583 0.40272464
0.14895417 0.40931741
0.1490625 0.41554766
0.14917083 0.42069721
0.14927917 0.42410313
0.1493875 0.42579264
0.14949583 0.42623287
0.14960417 0.42609812
0.1497125 0.42626018
0.14982083 0.42728659
0.14992917 0.42800685
0.1500375 0.42830004
0.15014583 0.42831167
0.15025417 0.42889847
0.1503625 0.42982329
0.15047083 0.43129024
0.15057917 0.43374595
0.1506875 0.43624591
0.15079583 0.43919282
0.15090417 0.44138846
0.1510125 0.44278463
0.15112083 0.44343992
0.15122917 0.44342734
0.1513375 0.44276996
0.15144583 0.44168658
0.15155417 0.44020897
0.1516625 0.43843437
0.15177083 0.43526035
0.15187917 0.42894948
0.1519875 0.42122252
0.15209583 0.41225741
0.15220417 0.40320061
0.1523125 0.39418875
0.15242083 0.38573644
0.15252917 0.37901162
0.1526375 0.37473645
0.15274583 0.37394456
0.15285417 0.37652898
0.1529625 0.38054568
0.15307083 0.38474063
0.15317917 0.38837648
0.1532875 0.38977215
0.15339583 0.38870435
0.15350417 0.38552473
0.1536125 0.38113749
0.15372083 0.37658762
0.15382917 0.37336432
0.1539375 0.37095472
0.15404583 0.36921165
0.15415417 0.36712236
0.1542625 0.36329436
0.15437083 0.35775876
0.15447917 0.35105123
0.1545875 0.34359118
0.15469583 0.33562218
0.15480417 0.32783896
0.1549125 0.32096799
0.15502083 0.31598923
0.15512917 0.31327597
0.1552375 0.31227684
0.15534583 0.31277946
0.15545417 0.31333053
0.1555625 0.31204844
0.15567083 0.30808818
0.15577917 0.30169973
0.1558875 0.29447595
0.15599583 0.28721076
0.15610417 0.27991973
0.1562125 0.27274804
0.15632083 0.26588653
0.15642917 0.25994193
0.1565375 0.25259137
0.15664583 0.24248772
0.15675417 0.23159334
0.1568625 0.22069967
0.15697083 0.21001841
0.15707917 0.20013674
0.1571875 0.19105718
0.15729583 0.18362678
0.15740417 0.17796494
0.1575125 0.17463585
0.15762083 0.17323521
0.15772917 0.1731274
0.1578375 0.17295881
0.15794583 0.17133593
0.15805417 0.16793672
0.1581625 0.16096502
0.15827083 0.15361365
0.15837917 0.14700153
0.1584875 0.14117768
0.15859583 0.136868
0.15870417 0.13298913
0.1588125 0.12977014
0.15892083 0.12730351
0.15902917 0.12311372
0.1591375 0.1164881
0.15924583 0.10828856
0.15935417 0.099750245
0.1594625 0.091091189
0.15957083 0.082842269
0.15967917 0.075819272
0.1597875 0.070106264
0.15989583 0.06635627
0.16000417 0.064472656
0.1601125 0.062926749
0.16022083 0.061655134
0.16032917 0.060228633
0.1604375 0.05775265
0.16054583 0.055143361
0.16065417 0.052614508
0.1607625 0.050236144
0.16087083 0.04848268
0.16097917 0.04670284
0.1610875 0.044220012
0.16119583 0.03993872
0.16130417 0.032468385
0.1614125 0.02325979
0.16152083 0.01326645
0.16162917 0.0042404819
0.1617375 -0.0038941527
0.16184583 -0.010379236
0.16195417 -0.015330334
0.1620625 -0.018646104
0.16217083 -0.020664973
0.16227917 -0.022336738
0.1623875 -0.023911969
0.16249583 -0.025276577
0.16260417 -0.026841824
0.1627125 -0.028168543
0.16282083 -0.030380149
0.16292917 -0.031516779
0.1630375 -0.031834473
0.16314583 -0.031765525
0.16325417 -0.030972486
0.1633625 -0.030385492
0.16347083 -0.030462551
0.16357917 -0.032149315
0.1636875 -0.034942801
0.16379583 -0.039516772
0.16390417 -0.044472379
0.1640125 -0.049358858
0.16412083 -0.053668035
0.16422917 -0.057001709
0.1643375 -0.058900167
0.16444583 -0.059554684
0.16455417 -0.059525384
0.1646625 -0.058769801
0.16477083 -0.056609191
0.16487917 -0.053571475
0.1649875 -0.050158948
0.16509583 -0.046343892
0.16520417 -0.042927974
0.1653125 -0.039793623
0.16542083 -0.037372359
0.16552917 -0.036598735
0.1656375 -0.037580285
0.16574583 -0.040777197
0.16585417 -0.045279886
0.1659625 -0.050561452
0.16607083 -0.055675552
0.16617917 -0.060656963
0.1662875 -0.065281425
0.16639583 -0.069263943
0.16650417 -0.072390291
0.1666125 -0.074439293
0.16672083 -0.075389129
0.16682917 -0.075305009
0.1669375 -0.074526331
0.16704583 -0.072865039
0.16715417 -0.070212981
0.1672625 -0.067004419
0.16737083 -0.063818825
0.16747917 -0.060696013
0.1675875 -0.057658184
0.16769583 -0.054852407
0.16780417 -0.052347204
0.1679125 -0.050666742
0.16802083 -0.049901497
0.16812917 -0.050685036
0.1682375 -0.052652662
0.16834583 -0.055201812
0.16845417 -0.058209977
0.1685625 -0.061289758
0.16867083 -0.063807786
0.16877917 -0.065409852
0.1688875 -0.066199986
0.16899583 -0.066004671
0.16910417 -0.064749261
0.1692125 -0.062900699
0.16932083 -0.059950745
0.16942917 -0.056726784
0.1695375 -0.053532767
0.16964583 -0.050863643
0.16975417 -0.049090094
0.1698625 -0.047785699
0.16997083 -0.047107742
0.17007917 -0.047172067
0.1701875 -0.047482005
0.17029583 -0.048715538
0.17040417 -0.050448428
0.1705125 -0.05279029
0.17062083 -0.055911039
0.17072917 -0.059306285
0.1708375 -0.062834655
0.17094583 -0.066375611
0.17105417 -0.069658711
0.1711625 -0.072304489
0.17127083 -0.074004704
0.17137917 -0.075510994
0.1714875 -0.076317042
0.17159583 -0.076495869
0.17170417 -0.076526224
0.1718125 -0.07580023
0.17192083 -0.074187345
0.17202917 -0.07189787
0.1721375 -0.069444821
0.17224583 -0.066967415
0.17235417 -0.064310538
0.1724625 -0.061717588
0.17257083 -0.059357353
0.17267917 -0.057541167
0.1727875 -0.055747494
0.17289583 -0.054423875
0.17300417 -0.054438602
0.1731125 -0.055400853
0.17322083 -0.057060709
0.17332917 -0.058740064
0.1734375 -0.060686448
0.17354583 -0.063210945
0.17365417 -0.06626999
0.1737625 -0.069018213
0.17387083 -0.072305947
0.17397917 -0.075532642
0.1740875 -0.077940358
0.17419583 -0.079557439
0.17430417 -0.079839306
0.1744125 -0.079706488
0.17452083 -0.079251542
0.17462917 -0.080124559
0.1747375 -0.081657716
0.17484583 -0.083923462
0.17495417 -0.085705976
0.1750625 -0.087145118
0.17517083 -0.088178665
0.17527917 -0.088512271
0.1753875 -0.089020902
0.17549583 -0.09051541
0.17560417 -0.092496451
0.1757125 -0.095842204
0.17582083 -0.099469704
0.17592917 -0.10384052
0.1760375 -0.10804161
0.17614583 -0.11143038
0.17625417 -0.11394091
0.1763625 -0.11543045
0.17647083 -0.11600097
0.17657917 -0.11549309
0.1766875 -0.11446016
0.17679583 -0.11293831
0.17690417 -0.11213786
0.1770125 -0.11203129
0.17712083 -0.11196223
0.17722917 -0.11163299
0.1773375 -0.11131833
0.17744583 -0.11074745
0.17755417 -0.10993351
0.1776625 -0.10960895
0.17777083 -0.11037296
0.17787917 -0.11211516
0.1779875 -0.1147282
0.17809583 -0.11793773
0.17820417 -0.1214117
0.1783125 -0.12458744
0.17842083 -0.12693279
0.17852917 -0.12806463
0.1786375 -0.12832795
0.17874583 -0.12772647
0.17885417 -0.12670821
0.1789625 -0.12511855
0.17907083 -0.12346705
0.17917917 -0.12170838
0.1792875 -0.11949269
0.17939583 -0.11727336
0.17950417 -0.11491844
0.1796125 -0.11246811
0.17972083 -0.11022367
0.17982917 -0.10886545
0.1799375 -0.10837945
0.18004583 -0.10938618
0.18015417 -0.11214637
0.1802625 -0.11571713
0.18037083 -0.1192137
0.18047917 -0.12180164
0.1805875 -0.12343255
0.18069583 -0.1245565
0.18080417 -0.12514763
0.1809125 -0.12507452
0.18102083 -0.12461875
0.18112917 -0.12348587
0.1812375 -0.12189769
0.18134583 -0.11927012
0.18145417 -0.11546859
0.1815625 -0.11145123
0.18167083 -0.10739187
0.18177917 -0.10354709
0.1818875 -0.10049625
0.18199583 -0.098374734
0.18210417 -0.096771588
0.1822125 -0.09601452
0.18232083 -0.095811858
0.18242917 -0.09581661
0.1825375 -0.0958799
0.18264583 -0.096127947
0.18275417 -0.096794148
0.1828625 -0.09790009
0.18297083 -0.099586015
0.18307917 -0.10137881
0.1831875 -0.10310514
0.18329583 -0.104469
0.18340417 -0.10528783
0.1835125 -0.10543629
0.18362083 -0.1048074
0.18372917 -0.10325966
0.1838375 -0.10147381
0.18394583 -0.099738569
0.18405417 -0.098471705
0.1841625 -0.097307647
0.18427083 -0.097196414
0.18437917 -0.097284062
0.1844875 -0.097333788
0.18459583 -0.097291739
0.18470417 -0.097230774
0.1848125 -0.097199268
0.18492083 -0.09738158
0.18502917 -0.098302492
0.1851375 -0.099877554
0.18524583 -0.10161547
0.18535417 -0.10366196
0.1854625 -0.10563771
0.18557083 -0.10736632
0.18567917 -0.10840811
0.1857875 -0.108741
0.18589583 -0.10784512
0.18600417 -0.10563384
0.1861125 -0.10298039
0.18622083 -0.10048431
0.18632917 -0.099089518
0.1864375 -0.098183115
0.18654583 -0.098017069
0.18665417 -0.097649966
0.1867625 -0.097596306
0.18687083 -0.096950114
0.18697917 -0.095985841
0.1870875 -0.09524763
0.18719583 -0.094783448
0.18730417 -0.094734066
0.1874125 -0.0949484
0.18752083 -0.095520173
0.18762917 -0.095926969
0.1877375 -0.096377776
0.18784583 -0.096717724
0.18795417 -0.097434303
0.1880625 -0.098098006
0.18817083 -0.098055415
0.18827917 -0.097938261
0.1883875 -0.096879929
0.18849583 -0.094679237
0.18860417 -0.092182394
0.1887125 -0.089676869
0.18882083 -0.087863102
0.18892917 -0.086627019
0.1890375 -0.085753521
0.18914583 -0.085242686
0.18925417 -0.085826422
0.1893625 -0.086069068
0.18947083 -0.086323899
0.18957917 -0.08688106
0.1896875 -0.087814797
0.18979583 -0.088854874
0.18990417 -0.090290334
0.1900125 -0.091410091
0.19012083 -0.09269651
0.19022917 -0.094033907
0.1903375 -0.095279336
0.19044583 -0.096590881
0.19055417 -0.097641353
0.1906625 -0.098638534
0.19077083 -0.099575307
0.19087917 -0.10043942
0.1909875 -0.10123425
0.19109583 -0.10188939
0.19120417 -0.10191858
0.1913125 -0.10182193
0.19142083 -0.10168223
0.19152917 -0.10092997
0.1916375 -0.10008114
0.19174583 -0.099274372
0.19185417 -0.098618125
0.1919625 -0.098593798
0.19207083 -0.099151271
0.19217917 -0.099985895
0.1922875 -0.10139018
0.19239583 -0.10278913
0.19250417 -0.1038763
0.1926125 -0.10485602
0.19272083 -0.10556376
0.19282917 -0.1055048
0.1929375 -0.1052068
0.19304583 -0.10427515
0.19315417 -0.10202899
0.1932625 -0.099413414
0.19337083 -0.097051554
0.19347917 -0.09601647
0.1935875 -0.095933861
0.19369583 -0.09607625
0.19380417 -0.096410118
0.1939125 -0.097433689
0.19402083 -0.098863186
0.19412917 -0.10078221
0.1942375 -0.102612
0.19434583 -0.10512774
0.19445417 -0.10831623
0.1945625 -0.11106481
0.19467083 -0.11424761
0.19477917 -0.11735681
0.1948875 -0.11984987
0.19499583 -0.12229804
0.19510417 -0.1247585
0.1952125 -0.12668821
0.19532083 -0.12855487
0.19542917 -0.13006137
0.1955375 -0.13081957
0.19564583 -0.13076903
0.19575417 -0.13009454
0.1958625 -0.12895494
0.19597083 -0.12725191
0.19607917 -0.12535252
0.1961875 -0.12349781
0.19629583 -0.12170761
0.19640417 -0.12015954
0.1965125 -0.11923494
0.19662083 -0.11852866
0.19672917 -0.11896594
0.1968375 -0.11969129
0.19694583 -0.12050098
0.19705417 -0.1210477
0.1971625 -0.12170269
0.19727083 -0.12195504
0.19737917 -0.12180207
0.1974875 -0.12123975
0.19759583 -0.12120968
0.19770417 -0.12120186
0.1978125 -0.12136174
0.19792083 -0.12204823
0.19802917 -0.12209104
0.1981375 -0.1213482
0.19824583 -0.1198623
0.19835417 -0.1184547
0.1984625 -0.1174869
0.19857083 -0.11723191
0.19867917 -0.11725135
0.1987875 -0.11743669
0.19889583 -0.11830232
0.19900417 -0.119735
0.1991125 -0.1215896
0.19922083 -0.12354988
0.19932917 -0.12549313
0.1994375 -0.12731747
0.19954583 -0.12892701
0.19965417 -0.13026972
0.1997625 -0.13118716
0.19987083 -0.13207628
0.19997917 -0.13294926
0.2000875 -0.1336457
0.20019583 -0.13399054
0.20030417 -0.13385321
0.2004125 -0.13319457
0.20052083 -0.1325364
0.20062917 -0.13208215
0.2007375 -0.13157429
0.20084583 -0.13086154
0.20095417 -0.13045676
0.2010625 -0.12988936
0.20117083 -0.12986629
0.20127917 -0.12990566
0.2013875 -0.1305397
0.20149583 -0.13129203
0.20160417 -0.13211332
0.2017125 -0.13264342
0.20182083 -0.13242902
0.20192917 -0.13169314
0.2020375 -0.13087083
0.20214583 -0.12984316
0.20225417 -0.12879256
0.2023625 -0.1282218
0.20247083 -0.12768836
0.20257917 -0.12711049
0.2026875 -0.12686625
0.20279583 -0.12661811
0.20290417 -0.12583555
0.2030125 -0.12498478
0.20312083 -0.12400661
0.20322917 -0.12330782
0.2033375 -0.12310385
0.20344583 -0.12326449
0.20355417 -0.12403626
0.2036625 -0.12490272
0.20377083 -0.12570026
0.20387917 -0.12638313
0.2039875 -0.1266355
0.20409583 -0.12676683
0.20420417 -0.12695374
0.2043125 -0.12722459
0.20442083 -0.12745734
0.20452917 -0.1282757
0.2046375 -0.12921387
0.20474583 -0.13032154
0.20485417 -0.13117636
0.2049625 -0.13129581
0.20507083 -0.13088289
0.20517917 -0.12992275
0.2052875 -0.12845245
0.20539583 -0.12679097
0.20550417 -0.12518588
0.2056125 -0.12367211
0.20572083 -0.12272727
0.20582917 -0.1220312
0.2059375 -0.12197107
0.20604583 -0.12211647
0.20615417 -0.12285886
0.2062625 -0.12417155
0.20637083 -0.12551784
0.20647917 -0.12649301
0.2065875 -0.1273829
0.20669583 -0.12817715
0.20680417 -0.12874609
0.2069125 -0.12813467
0.20702083 -0.12729783
0.20712917 -0.12625395
0.2072375 -0.12606746
0.20734583 -0.1260511
0.20745417 -0.12620262
0.2075625 -0.1262365
0.20767083 -0.12574486
0.20777917 -0.12505628
0.2078875 -0.12422238
0.20799583 -0.12283642
0.20810417 -0.12121811
0.2082125 -0.11944858
0.20832083 -0.117658
0.20842917 -0.11601366
0.2085375 -0.11459244
0.20864583 -0.11390168
0.20875417 -0.11331996
0.2088625 -0.11324682
0.20897083 -0.11334729
0.20907917 -0.11361075
0.2091875 -0.11439349
0.20929583 -0.11545499
0.20940417 -0.11712881
0.2095125 -0.11889325
0.20962083 -0.12062937
0.20972917 -0.12158165
0.2098375 -0.12188396
0.20994583 -0.12186055
0.21005417 -0.12178981
0.2101625 -0.12173627
0.21027083 -0.12168907
0.21037917 -0.12209533
0.2104875 -0.12328924
0.21059583 -0.12435491
0.21070417 -0.12588194
0.2108125 -0.12691811
0.21092083 -0.12779473
0.21102917 -0.12863461
0.2111375 -0.1296461
0.21124583 -0.1311641
0.21135417 -0.1318384
0.2114625 -0.13191706
0.21157083 -0.13128717
0.21167917 -0.13060386
0.2117875 -0.13037521
0.21189583 -0.13027779
0.21200417 -0.13030484
0.2121125 -0.13088292
0.21222083 -0.13166792
0.21232917 -0.13260955
0.2124375 -0.13374962
0.21254583 -0.13432545
0.21265417 -0.13491483
0.2127625 -0.13555183
0.21287083 -0.13580075
0.21297917 -0.13510324
0.2130875 -0.13426104
0.21319583 -0.1329517
0.21330417 -0.13183343
0.2134125 -0.13103141
0.21352083 -0.13082531
0.21362917 -0.13077354
0.2137375 -0.1309783
0.21384583 -0.13158333
0.21395417 -0.13195507
0.2140625 -0.1326667
0.21417083 -0.13346745
0.21427917 -0.13422389
0.2143875 -0.13456022
0.21449583 -0.13526379
0.21460417 -0.13602607
0.2147125 -0.13661101
0.21482083 -0.13718843
0.21492917 -0.1379431
0.2150375 -0.13873255
0.21514583 -0.13965825
0.21525417 -0.1408248
0.2153625 -0.14231451
0.21547083 -0.14445845
0.21557917 -0.14688828
0.2156875 -0.1494388
0.21579583 -0.15192177
0.21590417 -0.15376361
0.2160125 -0.15522778
0.21612083 -0.15603706
0.21622917 -0.15654869
0.2163375 -0.15606573
0.21644583 -0.15532219
0.21655417 -0.15449746
0.2166625 -0.15369584
0.21677083 -0.15286424
0.21687917 -0.15198106
0.2169875 -0.15059857
0.21709583 -0.14903575
0.21720417 -0.1472797
0.2173125 -0.14492537
0.21742083 -0.14273716
0.21752917 -0.1409181
0.2176375 -0.13911038
0.21774583 -0.13784902
0.21785417 -0.13712239
0.2179625 -0.13736629
0.21807083 -0.1389565
0.21817917 -0.14177722
0.2182875 -0.14508057
0.21839583 -0.14861916
0.21850417 -0.1523913
0.2186125 -0.15597714
0.21872083 -0.15865724
0.21882917 -0.16091439
0.2189375 -0.16210121
0.21904583 -0.1630766
0.21915417 -0.16400902
0.2192625 -0.16453468
0.21937083 -0.16483951
0.21947917 -0.16492536
0.2195875 -0.16432588
0.21969583 -0.16352895
0.21980417 -0.16213795
0.2199125 -0.16118439
0.22002083 -0.16025914
0.22012917 -0.15884601
0.2202375 -0.15677893
0.22034583 -0.15511715
0.22045417 -0.15357046
0.2205625 -0.15270392
0.22067083 -0.15251901
0.22077917 -0.15255549
0.2208875 -0.15319914
0.22099583 -0.15400027
0.22110417 -0.15532531
0.2212125 -0.15687396
0.22132083 -0.15858733
0.22142917 -0.160369
0.2215375 -0.16247837
0.22164583 -0.16392181
0.22175417 -0.16471584
0.2218625 -0.16494536
0.22197083 -0.16510815
0.22207917 -0.165446
0.2221875 -0.16505295
0.22229583 -0.16478754
0.22240417 -0.16343918
0.2225125 -0.16242973
0.22262083 -0.16089639
0.22272917 -0.15957259
0.2228375 -0.15854312
0.22294583 -0.15754071
0.22305417 -0.15577301
0.2231625 -0.15325488
0.22327083 -0.15072835
0.22337917 -0.14806325
0.2234875 -0.14541193
0.22359583 -0.14351835
0.22370417 -0.14199604
0.2238125 -0.14168539
0.22392083 -0.14224917
0.22402917 -0.14433811
0.2241375 -0.14682221
0.22424583 -0.149535
0.22435417 -0.15292415
0.2244625 -0.15626094
0.22457083 -0.15890683
0.22467917 -0.16056654
0.2247875 -0.1616394
0.22489583 -0.16262753
0.22500417 -0.16349099
0.2251125 -0.16378634
0.22522083 -0.16389011
0.22532917 -0.16378341
0.2254375 -0.16335615
0.22554583 -0.16231087
0.22565417 -0.16091614
0.2257625 -0.15883269
0.22587083 -0.15613739
0.22597917 -0.15370813
0.2260875 -0.15112101
0.22619583 -0.14909648
0.22630417 -0.14708537
0.2264125 -0.14540754
0.22652083 -0.14392118
0.22662917 -0.14307037
0.2267375 -0.14247114
0.22684583 -0.14256302
0.22695417 -0.14319015
0.2270625 -0.14399477
0.22717083 -0.14485834
0.22727917 -0.14572906
0.2273875 -0.14652153
0.22749583 -0.14677074
0.22760417 -0.14696829
0.2277125 -0.14756445
0.22782083 -0.14829303
0.22792917 -0.14931005
0.2280375 -0.15029769
0.22814583 -0.15143615
0.22825417 -0.15222023
0.2283625 -0.15224445
0.22847083 -0.15156165
0.22857917 -0.15042284
0.2286875 -0.14805719
0.22879583 -0.14494988
0.22890417 -0.1422847
0.2290125 -0.13945363
0.22912083 -0.13758643
0.22922917 -0.13645426
0.2293375 -0.13629926
0.22944583 -0.13637544
0.22955417 -0.13720164
0.2296625 -0.13883453
0.22977083 -0.14097064
0.22987917 -0.14349446
0.2299875 -0.14656903
0.23009583 -0.14916597
0.23020417 -0.15162145
0.2303125 -0.15324365
0.23042083 -0.1545098
0.23052917 -0.15545769
0.2306375 -0.15639726
0.23074583 -0.15725614
0.23085417 -0.15797495
0.2309625 -0.15855494
0.23107083 -0.15838205
0.23117917 -0.15694704
0.2312875 -0.15520654
0.23139583 -0.15245122
0.23150417 -0.14802241
0.2316125 -0.14363841
0.23172083 -0.13980831
0.23182917 -0.13683182
0.2319375 -0.13505865
0.23204583 -0.1341365
0.23215417 -0.13400077
0.2322625 -0.13445558
0.23237083 -0.13536274
0.23247917 -0.1370977
0.2325875 -0.13997333
0.23269583 -0.142707
0.23280417 -0.14576402
0.2329125 -0.14787721
0.23302083 -0.14949175
0.23312917 -0.15101624
0.2332375 -0.15327311
0.23334583 -0.15520995
0.23345417 -0.15757738
0.2335625 -0.15998862
0.23367083 -0.16179829
0.23377917 -0.16292747
0.2338875 -0.16245538
0.23399583 -0.16089614
0.23410417 -0.15799686
0.2342125 -0.15436871
0.23432083 -0.15038099
0.23442917 -0.14703163
0.2345375 -0.14450187
0.23464583 -0.14313113
0.23475417 -0.14306318
0.2348625 -0.14365347
0.23497083 -0.14440808
0.23507917 -0.14554839
0.2351875 -0.14692024
0.23529583 -0.14801458
0.23540417 -0.14946277
0.2355125 -0.14964428
0.23562083 -0.14951859
0.23572917 -0.14954496
0.2358375 -0.15026305
0.23594583 -0.15212359
0.23605417 -0.15506466
0.2361625 -0.15901951
0.23627083 -0.16295139
0.23637917 -0.16627202
0.2364875 -0.16852974
0.23659583 -0.16928344
0.23670417 -0.16781185
0.2368125 -0.16477682
0.23692083 -0.16095423
0.23702917 -0.15631371
0.2371375 -0.15141213
0.23724583 -0.14655393
0.23735417 -0.14236188
0.2374625 -0.1389215
0.23757083 -0.13676168
0.23767917 -0.1359473
0.2377875 -0.13590114
0.23789583 -0.13638724
0.23800417 -0.13734036
0.2381125 -0.13818613
0.23822083 -0.13738119
0.23832917 -0.13574041
0.2384375 -0.1339939
0.23854583 -0.13330155
0.23865417 -0.13346624
0.2387625 -0.13510632
0.23887083 -0.13840968
0.23897917 -0.14258509
0.2390875 -0.14697964
0.23919583 -0.150564
0.23930417 -0.15269491
0.2394125 -0.15355767
0.23952083 -0.15293025
0.23962917 -0.1515058
0.2397375 -0.14979202
0.23984583 -0.14779689
0.23995417 -0.1459477
0.2400625 -0.14442345
0.24017083 -0.14362729
0.24027917 -0.14365615
0.2403875 -0.1445612
0.24049583 -0.14679396
0.24060417 -0.14897217
0.2407125 -0.15111636
0.24082083 -0.15241242
0.24092917 -0.15174085
0.2410375 -0.15078202
0.24114583 -0.14938039
0.24125417 -0.14777867
0.2413625 -0.1468219
0.24147083 -0.14611002
0.24157917 -0.14615112
0.2416875 -0.14683518
0.24179583 -0.1477158
0.24190417 -0.14798697
0.2420125 -0.14710667
0.24212083 -0.1449435
0.24222917 -0.1421131
0.2423375 -0.13891164
0.24244583 -0.13616772
0.24255417 -0.13340228
0.2426625 -0.13089523
0.24277083 -0.12885188
0.24287917 -0.12729555
0.2429875 -0.12637073
0.24309583 -0.12648618
0.24320417 -0.12756122
0.2433125 -0.13006863
0.24342083 -0.13175208
0.24352917 -0.13188348
0.2436375 -0.13173332
0.24374583 -0.13097867
0.24385417 -0.13028487
0.2439625 -0.12975693
0.24407083 -0.12991318
0.24417917 -0.13089064
0.2442875 -0.13216335
0.24439583 -0.13343039
0.24450417 -0.13495346
0.2446125 -0.13497653
0.24472083 -0.13409688
0.24482917 -0.13216759
0.2449375 -0.12970284
0.24504583 -0.1269206
0.24515417 -0.12403698
0.2452625 -0.12123644
0.24537083 -0.11924414
0.24547917 -0.11685418
0.2455875 -0.11414339
0.24569583 -0.11225685
0.24580417 -0.11075885
0.2459125 -0.10997083
0.24602083 -0.10920615
0.24612917 -0.10823837
0.2462375 -0.10659449
0.24634583 -0.10464557
0.24645417 -0.10142221
0.2465625 -0.098338725
0.24667083 -0.096530371
0.24677917 -0.095430351
0.2468875 -0.095284611
0.24699583 -0.095102673
0.24710417 -0.094323595
0.2472125 -0.092423234
0.24732083 -0.090015743
0.24742917 -0.086948661
0.2475375 -0.083317163
0.24764583 -0.079701341
0.24775417 -0.07571398
0.2478625 -0.071945148
0.24797083 -0.069402063
0.24807917 -0.06702518
0.2481875 -0.065362322
0.24829583 -0.064508388
0.24840417 -0.063951722
0.2485125 -0.063302765
0.24862083 -0.062425308
0.24872917 -0.060776557
0.2488375 -0.05842631
0.24894583 -0.055189166
0.24905417 -0.052143174
0.2491625 -0.049895169
0.24927083 -0.04787283
0.24937917 -0.047101418
0.2494875 -0.046464451
0.24959583 -0.04579702
0.24970417 -0.045129317
0.2498125 -0.044442152
0.24992083 -0.043634358
0.25002917 -0.042637903
0.2501375 -0.041679028
0.25024583 -0.040819901
0.25035417 -0.040331561
0.2504625 -0.039948271
0.25057083 -0.03994811
0.25067917 -0.039824142
0.2507875 -0.039095686
0.25089583 -0.037746777
0.25100417 -0.035930487
0.2511125 -0.033530747
0.25122083 -0.032522619
0.25132917 -0.031657369
0.2514375 -0.030889783
0.25154583 -0.030021934
0.25165417 -0.02928023
0.2517625 -0.028398837
0.25187083 -0.026788373
0.25197917 -0.024407168
0.2520875 -0.021382275
0.25219583 -0.018407461
0.25230417 -0.015776937
0.2524125 -0.013306967
0.25252083 -0.011260003
0.25262917 -0.0094854274
0.2527375 -0.0081759717
0.25284583 -0.007084668
0.25295417 -0.0060639864
0.2530625 -0.0053167188
0.25317083 -0.0044610043
0.25327917 -0.003062568
0.2533875 -0.0015065856
0.25349583 0.00066554716
0.25360417 0.0028683286
0.2537125 0.0056428214
0.25382083 0.0087084462
0.25392917 0.010622732
0.2540375 0.012178056
0.25414583 0.013266183
0.25425417 0.014029908
0.2543625 0.014793774
0.25447083 0.015021563
0.25457917 0.015870211
0.2546875 0.01739465
0.25479583 0.019588088
0.25490417 0.022099594
0.2550125 0.02344574
0.25512083 0.02352013
0.25522917 0.022727397
0.2553375 0.021356029
0.25544583 0.019833345
0.25555417 0.018511691
0.2556625 0.017651367
0.25577083 0.017600112
0.25587917 0.018326849
0.2559875 0.019748908
0.25609583 0.021585479
0.25620417 0.024226454
0.2563125 0.027643507
0.25642083 0.03107567
0.25652917 0.033510339
0.2566375 0.035062059
0.25674583 0.035861519
0.25685417 0.036448658
0.2569625 0.037091769
0.25707083 0.038841448
0.25717917 0.042105566
0.2572875 0.046408929
0.25739583 0.050860726
0.25750417 0.054820664
0.2576125 0.056535228
0.25772083 0.056744696
0.25782917 0.055719884
0.2579375 0.054118335
0.25804583 0.052154046
0.25815417 0.050050014
0.2582625 0.04800409
0.25837083 0.046958118
0.25847917 0.046197582
0.2585875 0.046289224
0.25869583 0.047115976
0.25880417 0.0481703
0.2589125 0.050075887
0.25902083 0.051722572
0.25912917 0.052497874
0.2592375 0.052507679
0.25934583 0.051429277
0.25945417 0.049662428
0.2595625 0.048944011
0.25967083 0.051370765
0.25977917 0.055801196
0.2598875 0.060730644
0.25999583 0.064794029
0.26010417 0.067165612
0.2602125 0.067219364
0.26032083 0.06575083
0.26042917 0.063248957
0.2605375 0.059928192
0.26064583 0.055755725
0.26075417 0.051556964
0.2608625 0.048224047
0.26097083 0.046602716
0.26107917 0.046643348
0.2611875 0.048503277
0.26129583 0.052500523
0.26140417 0.056763832
0.2615125 0.059996708
0.26162083 0.061411249
0.26172917 0.061221817
0.2618375 0.060131285
0.26194583 0.058595581
0.26205417 0.05914195
0.2621625 0.063824273
0.26227083 0.069581673
0.26237917 0.076186863
0.2624875 0.081421099
0.26259583 0.084832043
0.26270417 0.085893163
0.2628125 0.085501882
0.26292083 0.08420031
0.26302917 0.0819998
0.2631375 0.078647002
0.26324583 0.074549489
0.26335417 0.072457
0.2634625 0.07190699
0.26357083 0.073037503
0.26367917 0.075221889
0.2637875 0.078033769
0.26389583 0.081025749
0.26400417 0.083450194
0.2641125 0.084561587
0.26422083 0.08512923
0.26432917 0.084971774
0.2644375 0.084919615
0.26454583 0.086603688
0.26465417 0.090889533
0.2647625 0.096752064
0.26487083 0.10277613
0.26497917 0.10834322
0.2650875 0.11244352
0.26519583 0.11507701
0.26530417 0.11608731
0.2654125 0.11558632
0.26552083 0.11387432
0.26562917 0.11129401
0.2657375 0.1090455
0.26584583 0.10752814
0.26595417 0.10839087
0.2660625 0.1106228
0.26617083 0.11364525
0.26627917 0.1167198
0.2663875 0.119338
0.26649583 0.12128303
0.26660417 0.12291773
0.2667125 0.12419354
0.26682083 0.12414408
0.26692917 0.12464323
0.2670375 0.12776927
0.26714583 0.13214842
0.26725417 0.13720225
0.2673625 0.14200754
0.26747083 0.14699262
0.26757917 0.15156142
0.2676875 0.15485784
0.26779583 0.15642805
0.26790417 0.15637318
0.2680125 0.15461957
0.26812083 0.15225075
0.26822917 0.15212349
0.2683375 0.15291265
0.26844583 0.15477725
0.26855417 0.15694566
0.2686625 0.16003156
0.26877083 0.16365926
0.26887917 0.16762642
0.2689875 0.17160301
0.26909583 0.17519997
0.26920417 0.1772605
0.2693125 0.1781584
0.26942083 0.18070704
0.26952917 0.18401321
0.2696375 0.18806503
0.26974583 0.19236667
0.26985417 0.19654149
0.2699625 0.20069226
0.27007083 0.20416309
0.27017917 0.20612549
0.2702875 0.20671251
0.27039583 0.20545179
0.27050417 0.20305697
0.2706125 0.20153967
0.27072083 0.20057228
0.27082917 0.20027144
0.2709375 0.20087089
0.27104583 0.20366126
0.27115417 0.20775723
0.2712625 0.21297268
0.27137083 0.21859514
0.27147917 0.22385419
0.2715875 0.22606489
0.27169583 0.22915928
0.27180417 0.23472136
0.2719125 0.24006351
0.27202083 0.24534316
0.27212917 0.2503517
0.2722375 0.25557285
0.27234583 0.26131092
0.27245417 0.26681753
0.2725625 0.27120732
0.27267083 0.27349726
0.27277917 0.2726838
0.2728875 0.26935675
0.27299583 0.2644234
0.27310417 0.25890305
0.2732125 0.25486004
0.27332083 0.25315049
0.27342917 0.25396342
0.2735375 0.25636154
0.27364583 0.2602035
0.27375417 0.26430488
0.2738625 0.26780266
0.27397083 0.2691462
0.27407917 0.27299999
0.2741875 0.27768946
0.27429583 0.28197159
0.27440417 0.28641988
0.2745125 0.29062064
0.27462083 0.29508302
0.27472917 0.29995435
0.2748375 0.30528876
0.27494583 0.31109305
0.27505417 0.31495473
0.2751625 0.31460668
0.27527083 0.31209034
0.27537917 0.30829616
0.2754875 0.30393107
0.27559583 0.29985264
0.27570417 0.29814784
0.2758125 0.29798314
0.27592083 0.29934454
0.27602917 0.30139958
0.2761375 0.30476488
0.27624583 0.30835251
0.27635417 0.3092745
0.2764625 0.31265101
0.27657083 0.31684086
0.27667917 0.32115194
0.2767875 0.32512079
0.27689583 0.32870475
0.27700417 0.33262499
0.2771125 0.33718369
0.27722083 0.34220969
0.27732917 0.34730738
0.2774375 0.35224691
0.27754583 0.35522449
0.27765417 0.35430789
0.2777625 0.35055249
0.27787083 0.34468452
0.27797917 0.33993369
0.2780875 0.33757389
0.27819583 0.33787244
0.27830417 0.33878763
0.2784125 0.33992469
0.27852083 0.34117726
0.27862917 0.34194108
0.2787375 0.34322361
0.27884583 0.34710874
0.27895417 0.35035773
0.2790625 0.35377131
0.27917083 0.35712183
0.27927917 0.36006727
0.2793875 0.36316784
0.27949583 0.3668154
0.27960417 0.37076598
0.2797125 0.374115
0.27982083 0.37737673
0.27992917 0.37846457
0.2800375 0.37528969
0.28014583 0.37083608
0.28025417 0.36611002
0.2803625 0.3630474
0.28047083 0.36210558
0.28057917 0.36236119
0.2806875 0.36235113
0.28079583 0.36260817
0.28090417 0.36253359
0.2810125 0.36123794
0.28112083 0.36262899
0.28122917 0.36600883
0.2813375 0.36997547
0.28144583 0.37424497
0.28155417 0.37866088
0.2816625 0.38217125
0.28177083 0.38454447
0.28187917 0.38618844
0.2819875 0.38722541
0.28209583 0.38778848
0.28220417 0.38898762
0.2823125 0.38922248
0.28242083 0.38556864
0.28252917 0.38130081
0.2826375 0.37875995
0.28274583 0.37854775
0.28285417 0.37880777
0.2829625 0.37912239
0.28307083 0.37874127
0.28317917 0.37747818
0.2832875 0.37547048
0.28339583 0.37416762
0.28350417 0.37601256
0.2836125 0.38001713
0.28372083 0.38549507
0.28382917 0.39160335
0.2839375 0.39752287
0.28404583 0.40167336
0.28415417 0.4043772
0.2842625 0.40514929
0.28437083 0.4041556
0.28447917 0.40211036
0.2845875 0.40137531
0.28469583 0.39876906
0.28480417 0.39442585
0.2849125 0.39092406
0.28502083 0.38797428
0.28512917 0.3860811
0.2852375 0.38410748
0.28534583 0.38147349
0.28545417 0.37764487
0.2855625 0.37365814
0.28567083 0.36943406
0.28577917 0.36733582
0.2858875 0.36990262
0.28599583 0.37716695
0.28610417 0.38682106
0.2862125 0.39644763
0.28632083 0.40464771
0.28642917 0.41041719
0.2865375 0.4141096
0.28664583 0.41569484
0.28675417 0.4149086
0.2868625 0.41214863
0.28697083 0.41082615
0.28707917 0.4068852
0.2871875 0.40255558
0.28729583 0.39904762
0.28740417 0.39600701
0.2875125 0.39295537
0.28762083 0.38952203
0.28772917 0.38573601
0.2878375 0.3820441
0.28794583 0.37757
0.28805417 0.37206442
0.2881625 0.369238
0.28827083 0.36999308
0.28837917 0.37433113
0.2884875 0.38093805
0.28859583 0.38873838
0.28870417 0.3943799
0.2888125 0.39750589
0.28892083 0.39748996
0.28902917 0.39556591
0.2891375 0.39203084
0.28924583 0.38844827
0.28935417 0.3873357
0.2894625 0.38457874
0.28957083 0.38199872
0.28967917 0.3794269
0.2897875 0.37661561
0.28989583 0.37397925
0.29000417 0.37016158
0.2901125 0.36595972
0.29022083 0.3608692
0.29032917 0.35599508
0.2904375 0.3527852
0.29054583 0.35140932
0.29065417 0.35394114
0.2907625 0.35942722
0.29087083 0.36729418
0.29097917 0.3737165
0.2910875 0.37663971
0.29119583 0.37482847
0.29130417 0.3706861
0.2914125 0.36611489
0.29152083 0.36137384
0.29162917 0.35863129
0.2917375 0.35688231
0.29184583 0.35329943
0.29195417 0.34912612
0.2920625 0.34446734
0.29217083 0.34028856
0.29227917 0.33612273
0.2923875 0.33213025
0.29249583 0.32829459
0.29260417 0.32491587
0.2927125 0.32276821
0.29282083 0.32193357
0.29292917 0.32330271
0.2930375 0.3265645
0.29314583 0.33002324
0.29325417 0.33224563
0.2933625 0.33160081
0.29347083 0.327407
0.29357917 0.32063132
0.2936875 0.31378931
0.29379583 0.30695486
0.29390417 0.30120223
0.2940125 0.29853825
0.29412083 0.29437694
0.29422917 0.28755345
0.2943375 0.28060086
0.29444583 0.27322907
0.29455417 0.26630513
0.2946625 0.26055663
0.29477083 0.25601436
0.29487917 0.25201492
0.2949875 0.24915154
0.29509583 0.24731301
0.29520417 0.24641007
0.2953125 0.24689742
0.29542083 0.24834061
0.29552917 0.2480308
0.2956375 0.24481309
0.29574583 0.23879166
0.29585417 0.23199379
0.2959625 0.2247817
0.29607083 0.2188467
0.29617917 0.21443963
0.2962875 0.21116922
0.29639583 0.20837881
0.29650417 0.20327852
0.2966125 0.19641066
0.29672083 0.1884518
0.29682917 0.18074297
0.2969375 0.17385703
0.29704583 0.16766488
0.29715417 0.16258466
0.2972625 0.15901155
0.29737083 0.15669253
0.29747917 0.15511478
0.2975875 0.15412078
0.29769583 0.15347604
0.29780417 0.15187537
0.2979125 0.14854582
0.29802083 0.14519024
0.29812917 0.14124974
0.2982375 0.13789542
0.29834583 0.135487
0.29845417 0.13394697
0.2985625 0.13267042
0.29867083 0.13171147
0.29877917 0.12956147
0.2988875 0.12455286
0.29899583 0.11704413
0.29910417 0.10876526
0.2992125 0.10062688
0.29932083 0.092491685
0.29942917 0.085522116
0.2995375 0.079373952
0.29964583 0.074159327
0.29975417 0.070820209
0.2998625 0.069487016
0.29997083 0.069169533
0.30007917 0.068441283
0.3001875 0.066734533
0.30029583 0.063447077
0.30040417 0.05949546
0.3005125 0.056190351
0.30062083 0.053747697
0.30072917 0.052077522
0.3008375 0.050434289
0.30094583 0.049383209
0.30105417 0.049435806
0.3011625 0.04790954
0.30127083 0.044587045
0.30137917 0.039006352
0.3014875 0.032514552
0.30159583 0.025255169
0.30170417 0.018509421
0.3018125 0.012730381
0.30192083 0.0086283504
0.30202917 0.0064215883
0.3021375 0.0061724448
0.30224583 0.0070005193
0.30235417 0.0070422778
0.3024625 0.0053894523
0.30257083 0.0021571994
0.30267917 -0.0015003284
0.3027875 -0.0046115148
0.30289583 -0.0070589592
0.30300417 -0.0080105487
0.3031125 -0.0086133088
0.30322083 -0.0089543167
0.30332917 -0.010250992
0.3034375 -0.013699173
0.30354583 -0.01864561
0.30365417 -0.025839611
0.3037625 -0.034443189
0.30387083 -0.043905808
0.30397917 -0.052222388
0.3040875 -0.058398799
0.30419583 -0.060910717
0.30430417 -0.060353865
0.3044125 -0.058791592
0.30452083 -0.056635335
0.30462917 -0.055291345
0.3047375 -0.055253014
0.30484583 -0.05571445
0.30495417 -0.055880473
0.3050625 -0.055406977
0.30517083 -0.055202435
0.30527917 -0.054192791
0.3053875 -0.05309207
0.30549583 -0.052383345
0.30560417 -0.052980039
0.3057125 -0.055359467
0.30582083 -0.059965313
0.30592917 -0.066539889
0.3060375 -0.073655615
0.30614583 -0.080209168
0.30625417 -0.085031612
0.3063625 -0.087854222
0.30647083 -0.088050013
0.30657917 -0.086424343
0.3066875 -0.084012683
0.30679583 -0.081496256
0.30690417 -0.079144206
0.3070125 -0.077180583
0.30712083 -0.075016402
0.30722917 -0.073103414
0.3073375 -0.07130858
0.30744583 -0.069078772
0.30755417 -0.067028654
0.3076625 -0.065541933
0.30777083 -0.064632803
0.30787917 -0.064726554
0.3079875 -0.066682752
0.30809583 -0.070047566
0.30820417 -0.074755303
0.3083125 -0.080038614
0.30842083 -0.084935157
0.30852917 -0.088653869
0.3086375 -0.090964882
0.30874583 -0.091801376
0.30885417 -0.091453743
0.3089625 -0.089901889
0.30907083 -0.08797552
0.30917917 -0.085918607
0.3092875 -0.083527415
0.30939583 -0.08101533
0.30950417 -0.078580631
0.3096125 -0.076175799
0.30972083 -0.073742261
0.30982917 -0.071794302
0.3099375 -0.070749555
0.31004583 -0.070771906
0.31015417 -0.072232451
0.3102625 -0.074952316
0.31037083 -0.078300745
0.31047917 -0.081301943
0.3105875 -0.083999803
0.31069583 -0.086415122
0.31080417 -0.088486694
0.3109125 -0.090252593
0.31102083 -0.092069309
0.31112917 -0.093179705
0.3112375 -0.093807737
0.31134583 -0.093694916
0.31145417 -0.09254445
0.3115625 -0.090927458
0.31167083 -0.088848386
0.31177917 -0.085994109
0.3118875 -0.083093373
0.31199583 -0.081193364
0.31210417 -0.080366169
0.3122125 -0.081302196
0.31232083 -0.083091904
0.31242917 -0.085387261
0.3125375 -0.087095627
0.31264583 -0.087570622
0.31275417 -0.087362614
0.3128625 -0.086621285
0.31297083 -0.086479808
0.31307917 -0.086591465
0.3131875 -0.087101589
0.31329583 -0.087680456
0.31340417 -0.088035343
0.3135125 -0.088213125
0.31362083 -0.087747789
0.31372917 -0.08695196
0.3138375 -0.08547323
0.31394583 -0.084048494
0.31405417 -0.082775041
0.3141625 -0.082535126
0.31427083 -0.083949066
0.31437917 -0.086459127
0.3144875 -0.089098115
0.31459583 -0.091154969
0.31470417 -0.092663429
0.3148125 -0.092818821
0.31492083 -0.092144718
0.31502917 -0.090778539
0.3151375 -0.08962513
0.31524583 -0.088186501
0.31535417 -0.086710896
0.3154625 -0.085149338
0.31557083 -0.083683678
0.31567917 -0.082524663
0.3157875 -0.081808923
0.31589583 -0.081585669
0.31600417 -0.081475849
0.3161125 -0.081571084
0.31622083 -0.082169141
0.31632917 -0.082978085
0.3164375 -0.084017556
0.31654583 -0.084949762
0.31665417 -0.085423865
0.3167625 -0.085300551
0.31687083 -0.084374102
0.31697917 -0.083354618
0.3170875 -0.082015086
0.31719583 -0.081094281
0.31730417 -0.080333168
0.3174125 -0.079602027
0.31752083 -0.078620476
0.31762917 -0.077389784
0.3177375 -0.076279235
0.31784583 -0.075644528
0.31795417 -0.076054483
0.3180625 -0.077508199
0.31817083 -0.079920451
0.31827917 -0.083474563
0.3183875 -0.087002047
0.31849583 -0.090206942
0.31860417 -0.09200096
0.3187125 -0.092696413
0.31882083 -0.091659386
0.31892917 -0.089334227
0.3190375 -0.086444024
0.31914583 -0.083888874
0.31925417 -0.081174183
0.3193625 -0.078738043
0.31947083 -0.07632697
0.31957917 -0.07381253
0.3196875 -0.071097359
0.31979583 -0.067851627
0.31990417 -0.064988911
0.3200125 -0.06255793
0.32012083 -0.061493649
0.32022917 -0.062516104
0.3203375 -0.064960574
0.32044583 -0.068388237
0.32055417 -0.07164879
0.3206625 -0.074223018
0.32077083 -0.076643626
0.32087917 -0.078075309
0.3209875 -0.077623335
0.32109583 -0.076016309
0.32120417 -0.073099719
0.3213125 -0.069334884
0.32142083 -0.065209307
0.32152917 -0.060983004
0.3216375 -0.056427879
0.32174583 -0.052265444
0.32185417 -0.048446301
0.3219625 -0.044916462
0.32207083 -0.042333581
0.32217917 -0.041212761
0.3222875 -0.041534133
0.32239583 -0.043172893
0.32250417 -0.045831451
0.3226125 -0.049407159
0.32272083 -0.052874351
0.32282917 -0.056277809
0.3229375 -0.05900644
0.32304583 -0.060817461
0.32315417 -0.061131679
0.3232625 -0.059560778
0.32337083 -0.056932752
0.32347917 -0.05330186
0.3235875 -0.049357011
0.32369583 -0.045212714
0.32380417 -0.040927049
0.3239125 -0.037071182
0.32402083 -0.033894895
0.32412917 -0.031954235
0.3242375 -0.030948289
0.32434583 -0.031416517
0.32445417 -0.032947462
0.3245625 -0.035309611
0.32467083 -0.037697236
0.32477917 -0.040221673
0.3248875 -0.042612447
0.32499583 -0.044601639
0.32510417 -0.046227156
0.3252125 -0.046886173
0.32532083 -0.046526161
0.32542917 -0.045571101
0.3255375 -0.044226021
0.32564583 -0.042674356
0.32575417 -0.041114441
0.3258625 -0.039515696
0.32597083 -0.037810209
0.32607917 -0.036272538
0.3261875 -0.035340043
0.32629583 -0.035537591
0.32640417 -0.036604331
0.3265125 -0.03834639
0.32662083 -0.040612964
0.32672917 -0.04251325
0.3268375 -0.044771548
0.32694583 -0.046573426
0.32705417 -0.047667503
0.3271625 -0.047418148
0.32727083 -0.045771028
0.32737917 -0.042916063
0.3274875 -0.039889862
0.32759583 -0.037318389
0.32770417 -0.034977266
0.3278125 -0.033358007
0.32792083 -0.031908284
0.32802917 -0.031076815
0.3281375 -0.030765365
0.32824583 -0.031740202
0.32835417 -0.03342922
0.3284625 -0.035728883
0.32857083 -0.038042913
0.32867917 -0.039837785
0.3287875 -0.04157039
0.32889583 -0.043370387
0.32900417 -0.045139841
0.3291125 -0.046279878
0.32922083 -0.04613322
0.32932917 -0.044819959
0.3294375 -0.042486492
0.32954583 -0.040002751
0.32965417 -0.03743766
0.3297625 -0.035126987
0.32987083 -0.033260952
0.32997917 -0.032389625
0.3300875 -0.032338073
0.33019583 -0.033236964
0.33030417 -0.034857627
0.3304125 -0.036673494
0.33052083 -0.038370165
0.33062917 -0.039870347
0.3307375 -0.041268045
0.33084583 -0.042241637
0.33095417 -0.042934013
0.3310625 -0.043637562
0.33117083 -0.043297464
0.33127917 -0.041999335
0.3313875 -0.040591573
0.33149583 -0.038463128
0.33160417 -0.03686875
0.3317125 -0.035323064
0.33182083 -0.034372502
0.33192917 -0.03365728
0.3320375 -0.03357748
0.33214583 -0.033959354
0.33225417 -0.035458931
0.3323625 -0.037051746
0.33247083 -0.038750707
0.33257917 -0.040554557
0.3326875 -0.042419652
0.33279583 -0.044414335
0.33290417 -0.045780099
0.3330125 -0.046899491
0.33312083 -0.047423503
0.33322917 -0.04613718
0.3333375 -0.043936598
0.33344583 -0.041244372
0.33355417 -0.038786564
0.3336625 -0.037006441
0.33377083 -0.035604413
0.33387917 -0.03502094
0.3339875 -0.03513851
0.33409583 -0.035794241
0.33420417 -0.036731567
0.3343125 -0.037875934
0.33442083 -0.03935939
0.33452917 -0.040885653
0.3346375 -0.042790293
0.33474583 -0.044641384
0.33485417 -0.046505382
0.3349625 -0.048725868
0.33507083 -0.050657947
0.33517917 -0.051595396
0.3352875 -0.050836002
0.33539583 -0.048972259
0.33550417 -0.045743491
0.3356125 -0.042222825
0.33572083 -0.03969822
0.33582917 -0.038409931
0.3359375 -0.038225849
0.33604583 -0.038278061
0.33615417 -0.03846393
0.3362625 -0.039150077
0.33637083 -0.039664855
0.33647917 -0.040545302
0.3365875 -0.041572219
0.33669583 -0.042469868
0.33680417 -0.043439229
0.3369125 -0.044286452
0.33702083 -0.045675673
0.33712917 -0.04662028
0.3372375 -0.046513234
0.33734583 -0.045331333
0.33745417 -0.043394203
0.3375625 -0.040928104
0.33767083 -0.039668149
0.33777917 -0.039403231
0.3378875 -0.039347765
0.33799583 -0.039322191
0.33810417 -0.039249842
0.3382125 -0.039230856
0.33832083 -0.039503913
0.33842917 -0.040236696
0.3385375 -0.040791977
0.33864583 -0.041343132
0.33875417 -0.04163224
0.3388625 -0.04190471
0.33897083 -0.042167917
0.33907917 -0.042422961
0.3391875 -0.042010512
0.33929583 -0.039815589
0.33940417 -0.03716416
0.3395125 -0.034885639
0.33962083 -0.03407974
0.33972917 -0.034189161
0.3398375 -0.034579719
0.33994583 -0.034899804
0.34005417 -0.035394479
0.3401625 -0.036122164
0.34027083 -0.037027872
0.34037917 -0.03800041
0.3404875 -0.038758381
0.34059583 -0.039338061
0.34070417 -0.040011426
0.3408125 -0.040155607
0.34092083 -0.040504598
0.34102917 -0.040604023
0.3411375 -0.040240695
0.34124583 -0.03852709
0.34135417 -0.036294596
0.3414625 -0.034464649
0.34157083 -0.0336276
0.34167917 -0.033732239
0.3417875 -0.034478638
0.34189583 -0.035128013
0.34200417 -0.035366339
0.3421125 -0.035932654
0.34222083 -0.036780993
0.34232917 -0.037318262
0.3424375 -0.038042264
0.34254583 -0.038708176
0.34265417 -0.038946082
0.3427625 -0.039009524
0.34287083 -0.038876865
0.34297917 -0.038300452
0.3430875 -0.037357816
0.34319583 -0.035816572
0.34330417 -0.034461262
0.3434125 -0.033784762
0.34352083 -0.033978136
0.34362917 -0.034364152
0.3437375 -0.03480072
0.34384583 -0.035355733
0.34395417 -0.035770719
0.3440625 -0.035909845
0.34417083 -0.03592276
0.34427917 -0.035798998
0.3443875 -0.035774596
0.34449583 -0.036427352
0.34460417 -0.037129748
0.3447125 -0.037486308
0.34482083 -0.037688466
0.34492917 -0.037567328
0.3450375 -0.036871744
0.34514583 -0.036063488
0.34525417 -0.035634394
0.3453625 -0.035812016
0.34547083 -0.037190577
0.34557917 -0.038645575
0.3456875 -0.039653247
0.34579583 -0.040918423
0.34590417 -0.042421008
0.3460125 -0.043436031
0.34612083 -0.043670833
0.34622917 -0.04398352
0.3463375 -0.044508315
0.34644583 -0.044906916
0.34655417 -0.04518753
0.3466625 -0.045415615
0.34677083 -0.045327884
0.34687917 -0.044647061
0.3469875 -0.044457101
0.34709583 -0.04440891
0.34720417 -0.044515763
0.3473125 -0.045050035
0.34742083 -0.045842306
0.34752917 -0.046279215
0.3476375 -0.046924254
0.34774583 -0.04772408
0.34785417 -0.048479065
0.3479625 -0.048893056
0.34807083 -0.049151612
0.34817917 -0.049457761
0.3482875 -0.050310027
0.34839583 -0.051223206
0.34850417 -0.052342536
0.3486125 -0.052999766
0.34872083 -0.052998467
0.34882917 -0.052832359
0.3489375 -0.052776656
0.34904583 -0.052809538
0.34915417 -0.052935591
0.3492625 -0.053197755
0.34937083 -0.053697755
0.34947917 -0.054491431
0.3495875 -0.055238588
0.34969583 -0.05580544
0.34980417 -0.056363425
0.3499125 -0.056936179
0.35002083 -0.056958938
0.35012917 -0.056924492
0.3502375 -0.057497332
0.35034583 -0.058016942
0.35045417 -0.058438701
0.3505625 -0.058676423
0.35067083 -0.058734626
0.35077917 -0.058986263
0.3508875 -0.059400085
0.35099583 -0.060254804
0.35110417 -0.061238653
0.3512125 -0.062256783
0.35132083 -0.06317497
0.35142917 -0.06358664
0.3515375 -0.064456699
0.35164583 -0.065544918
0.35175417 -0.066965027
0.3518625 -0.067913412
0.35197083 -0.068600785
0.35207917 -0.068628766
0.3521875 -0.068725477
0.35229583 -0.069356911
0.35240417 -0.069827226
0.3525125 -0.069873551
0.35262083 -0.069632779
0.35272917 -0.069609476
0.3528375 -0.07005802
0.35294583 -0.07051556
0.35305417 -0.071200412
0.3531625 -0.071448466
0.35327083 -0.071572117
0.35337917 -0.071628567
0.3534875 -0.071844125
0.35359583 -0.072044262
0.35370417 -0.072250583
0.3538125 -0.072908967
0.35392083 -0.073036395
0.35402917 -0.073169247
0.3541375 -0.073396554
0.35424583 -0.074455623
0.35435417 -0.075844105
0.3544625 -0.077050763
0.35457083 -0.077832228
0.35467917 -0.078130228
0.3547875 -0.078154346
0.35489583 -0.078262749
0.35500417 -0.078360153
0.3551125 -0.07839951
0.35522083 -0.078404846
0.35532917 -0.07853274
0.3554375 -0.078733975
0.35554583 -0.07912062
0.35565417 -0.079845681
0.3557625 -0.080451065
0.35587083 -0.080542592
0.35597917 -0.080584253
0.3560875 -0.081321135
0.35619583 -0.083034112
0.35630417 -0.085158678
0.3564125 -0.086704359
0.35652083 -0.087440173
0.35662917 -0.088060317
0.3567375 -0.088627621
0.35684583 -0.088727165
0.35695417 -0.088760366
0.3570625 -0.088563425
0.35717083 -0.088391582
0.35727917 -0.088328541
0.3573875 -0.088050047
0.35749583 -0.087479679
0.35760417 -0.086897789
0.3577125 -0.086669138
0.35782083 -0.086339367
0.35792917 -0.086698549
0.3580375 -0.088237246
0.35814583 -0.089741528
0.35825417 -0.090761886
0.3583625 -0.091370456
0.35847083 -0.090851396
0.35857917 -0.09035254
0.3586875 -0.090281062
0.35879583 -0.090282765
0.35890417 -0.090329608
0.3590125 -0.090791771
0.35912083 -0.091589555
0.35922917 -0.092290234
0.3593375 -0.092450369
0.35944583 -0.092473222
0.35955417 -0.092463103
0.3596625 -0.092719966
0.35977083 -0.093589954
0.35987917 -0.095127787
0.3599875 -0.096057482
0.36009583 -0.096329432
0.36020417 -0.09629519
0.3603125 -0.095761383
0.36042083 -0.09499682
0.36052917 -0.094722482
0.3606375 -0.094463978
0.36074583 -0.094320151
0.36085417 -0.094023832
0.3609625 -0.093842393
0.36107083 -0.093661604
0.36117917 -0.092821153
0.3612875 -0.091922599
0.36139583 -0.091473468
0.36150417 -0.092081225
0.3616125 -0.093834348
0.36172083 -0.095639241
0.36182917 -0.096634671
0.3619375 -0.096992827
0.36204583 -0.09706488
0.36215417 -0.097028665
0.3622625 -0.096915155
0.36237083 -0.096835792
0.36247917 -0.096484575
0.3625875 -0.095765241
0.36269583 -0.095079192
0.36280417 -0.094421798
0.3629125 -0.093615816
0.36302083 -0.092176172
0.36312917 -0.090858667
0.3632375 -0.090253183
0.36334583 -0.091290778
0.36345417 -0.092673029
0.3635625 -0.094212658
0.36367083 -0.095074755
0.36377917 -0.095055876
0.3638875 -0.094677422
0.36399583 -0.09320305

