0.12544583 0.16007298
0.12555417 0.1601659
0.1256625 0.16016664
0.12577083 0.16016494
0.12587917 0.16027066
0.1259875 0.16036124
0.12609583 0.16047261
0.12620417 0.16056665
0.1263125 0.1605883
0.12642083 0.16025898
0.12652917 0.1606303
0.1266375 0.16095014
0.12674583 0.16218053
0.12685417 0.16362275
0.1269625 0.16479792
0.12707083 0.16500211
0.12717917 0.16556606
0.1272875 0.16554423
0.12739583 0.16553185
0.12750417 0.16592858
0.1276125 0.16626928
0.12772083 0.16725101
0.12782917 0.16726257
0.1279375 0.16668602
0.12804583 0.16623992
0.12815417 0.16617288
0.1282625 0.16611961
0.12837083 0.16612896
0.12847917 0.16606865
0.1285875 0.1661853
0.12869583 0.16642532
0.12880417 0.16643373
0.1289125 0.16755408
0.12902083 0.16979277
0.12912917 0.17294318
0.1292375 0.17643064
0.12934583 0.18062675
0.12945417 0.18446141
0.1295625 0.18757131
0.12967083 0.18995493
0.12977917 0.19092511
0.1298875 0.1910876
0.12999583 0.19101537
0.13010417 0.19118113
0.1302125 0.19168605
0.13032083 0.191702
0.13042917 0.19152044
0.1305375 0.1908674
0.13064583 0.19020772
0.13075417 0.18998373
0.1308625 0.18982407
0.13097083 0.18982977
0.13107917 0.19041146
0.1311875 0.19185491
0.13129583 0.19340175
0.13140417 0.19406174
0.1315125 0.19401437
0.13162083 0.19403874
0.13172917 0.19416816
0.1318375 0.19427823
0.13194583 0.19448551
0.13205417 0.19437995
0.1321625 0.19398648
0.13227083 0.19364953
0.13237917 0.19357491
0.1324875 0.19389288
0.13259583 0.19451606
0.13270417 0.19449519
0.1328125 0.19330388
0.13292083 0.19122629
0.13302917 0.18875921
0.1331375 0.18724922
0.13324583 0.18674789
0.13335417 0.1866112
0.1334625 0.18645257
0.13357083 0.18653149
0.13367917 0.18671923
0.1337875 0.18660535
0.13389583 0.18585693
0.13400417 0.18622679
0.1341125 0.19036551
0.13422083 0.19727239
0.13432917 0.20478272
0.1344375 0.21168438
0.13454583 0.21756697
0.13465417 0.22111069
0.1347625 0.22227729
0.13487083 0.22231357
0.13497917 0.22272696
0.1350875 0.22452667
0.13519583 0.22625135
0.13530417 0.22699473
0.1354125 0.22696048
0.13552083 0.22607046
0.13562917 0.22589116
0.1357375 0.22587045
0.13584583 0.22588531
0.13595417 0.22593205
0.1360625 0.22705272
0.13617083 0.22909717
0.13627917 0.23005114
0.1363875 0.22978262
0.13649583 0.22990006
0.13660417 0.23103429
0.1367125 0.23331211
0.13682083 0.23610397
0.13692917 0.23815807
0.1370375 0.2391462
0.13714583 0.23911384
0.13725417 0.23817494
0.1373625 0.23751665
0.13747083 0.23744637
0.13757917 0.23778888
0.1376875 0.23781165
0.13779583 0.23756526
0.13790417 0.23757533
0.1380125 0.23750333
0.13812083 0.23640342
0.13822917 0.23491055
0.1383375 0.23364739
0.13844583 0.23312628
0.13855417 0.23280894
0.1386625 0.23285984
0.13877083 0.23348154
0.13887917 0.23908685
0.1389875 0.24798057
0.13909583 0.26018082
0.13920417 0.27196551
0.1393125 0.28246515
0.13942083 0.29046507
0.13952917 0.29541342
0.1396375 0.29751036
0.13974583 0.29749767
0.13985417 0.29729466
0.1399625 0.29740516
0.14007083 0.29763181
0.14017917 0.29768694
0.1402875 0.29783483
0.14039583 0.29925622
0.14050417 0.30070002
0.1406125 0.30143165
0.14072083 0.30003522
0.14082917 0.29810393
0.1409375 0.29711794
0.14104583 0.29702122
0.14115417 0.29689208
0.1412625 0.29671828
0.14137083 0.29772903
0.14147917 0.29996443
0.1415875 0.3027898
0.14169583 0.30602405
0.14180417 0.30921388
0.1419125 0.31172929
0.14202083 0.3127363
0.14212917 0.31246481
0.1422375 0.31162389
0.14234583 0.31059862
0.14245417 0.30971464
0.1425625 0.30930565
0.14267083 0.31105225
0.14277917 0.31543364
0.1428875 0.3196187
0.14299583 0.32165862
0.14310417 0.32133673
0.1432125 0.31919789
0.14332083 0.3162103
0.14342917 0.31389516
0.1435375 0.31330248
0.14364583 0.31808878
0.14375417 0.32635349
0.1438625 0.33522919
0.14397083 0.34467012
0.14407917 0.3518778
0.1441875 0.35592244
0.14429583 0.35734945
0.14440417 0.35711309
0.1445125 0.35675792
0.14462083 0.35655911
0.14472917 0.35657966
0.1448375 0.35668603
0.14494583 0.35666224
0.14505417 0.3572969
0.1451625 0.36164259
0.14527083 0.36530643
0.14537917 0.3665489
0.1454875 0.36537886
0.14559583 0.36216585
0.14570417 0.35891227
0.1458125 0.35642024
0.14592083 0.35511254
0.14602917 0.35416896
0.1461375 0.35471156
0.14624583 0.35695067
0.14635417 0.35932667
0.1464625 0.36087414
0.14657083 0.36071957
0.14667917 0.35865362
0.1467875 0.35570267
0.14689583 0.35429764
0.14700417 0.35510719
0.1471125 0.35576066
0.14722083 0.35566987
0.14732917 0.35513909
0.1474375 0.3550552
0.14754583 0.35559689
0.14765417 0.35637671
0.1477625 0.35659571
0.14787083 0.35534718
0.14797917 0.3519808
0.1480875 0.346095
0.14819583 0.34004078
0.14830417 0.33595223
0.1484125 0.33473402
0.14852083 0.33610953
0.14862917 0.33952323
0.1487375 0.3427455
0.14884583 0.34385853
0.14895417 0.34177231
0.1490625 0.33574918
0.14917083 0.32816708
0.14927917 0.32293495
0.1493875 0.32079575
0.14949583 0.32039529
0.14960417 0.32047533
0.1497125 0.32043279
0.14982083 0.32042928
0.14992917 0.32034176
0.1500375 0.32023987
0.15014583 0.32023165
0.15025417 0.31955119
0.1503625 0.31819697
0.15047083 0.31578757
0.15057917 0.31204826
0.1506875 0.30903723
0.15079583 0.30676406
0.15090417 0.30615102
0.1510125 0.30604535
0.15112083 0.30595153
0.15122917 0.30595683
0.1513375 0.306539
0.15144583 0.30793723
0.15155417 0.31009213
0.1516625 0.31265741
0.15177083 0.31679741
0.15187917 0.32112698
0.1519875 0.32441989
0.15209583 0.32588648
0.15220417 0.32681316
0.1523125 0.32807429
0.15242083 0.33073488
0.15252917 0.33367367
0.1526375 0.3360506
0.15274583 0.33656138
0.15285417 0.33437575
0.1529625 0.3311948
0.15307083 0.32828318
0.15317917 0.32607128
0.1532875 0.32562342
0.15339583 0.3257798
0.15350417 0.32652577
0.1536125 0.32856154
0.15372083 0.33229491
0.15382917 0.33663443
0.1539375 0.34022572
0.15404583 0.3429874
0.15415417 0.34614836
0.1542625 0.3507878
0.15437083 0.35544616
0.15447917 0.35949693
0.1545875 0.36300226
0.15469583 0.36619755
0.15480417 0.3698613
0.1549125 0.37342479
0.15502083 0.37616586
0.15512917 0.37766549
0.1552375 0.37819005
0.15534583 0.37786438
0.15545417 0.37751464
0.1555625 0.37798064
0.15567083 0.37847319
0.15577917 0.37852556
0.1558875 0.37926774
0.15599583 0.3814415
0.15610417 0.38517045
0.1562125 0.38976097
0.15632083 0.39546755
0.15642917 0.40129253
0.1565375 0.40660099
0.15664583 0.4077123
0.15675417 0.40475167
0.1568625 0.40003878
0.15697083 0.39319032
0.15707917 0.38545462
0.1571875 0.37875057
0.15729583 0.37342432
0.15740417 0.37048148
0.1575125 0.36941669
0.15762083 0.36933068
0.15772917 0.36934444
0.1578375 0.36937029
0.15794583 0.36922481
0.15805417 0.36799888
0.1581625 0.36216362
0.15827083 0.35603851
0.15837917 0.35140112
0.1584875 0.34913285
0.15859583 0.34869527
0.15870417 0.3487031
0.1588125 0.34970155
0.15892083 0.3508583
0.15902917 0.35146464
0.1591375 0.3495732
0.15924583 0.34476872
0.15935417 0.33894878
0.1594625 0.33277133
0.15957083 0.32711952
0.15967917 0.32383177
0.1597875 0.32370423
0.15989583 0.32512836
0.16000417 0.32601664
0.1601125 0.32631801
0.16022083 0.32615382
0.16032917 0.32534294
0.1604375 0.32291157
0.16054583 0.3196418
0.16065417 0.3164978
0.1607625 0.31403363
0.16087083 0.31257402
0.16097917 0.31166252
0.1610875 0.31083887
0.16119583 0.30933037
0.16130417 0.30572833
0.1614125 0.29854385
0.16152083 0.28808921
0.16162917 0.27383977
0.1617375 0.25848839
0.16184583 0.24545976
0.16195417 0.2369778
0.1620625 0.23300054
0.16217083 0.23176596
0.16227917 0.23138733
0.1623875 0.23103841
0.16249583 0.23040652
0.16260417 0.22929762
0.1627125 0.22753825
0.16282083 0.22374437
0.16292917 0.22171162
0.1630375 0.22120823
0.16314583 0.22128383
0.16325417 0.22191501
0.1633625 0.22214885
0.16347083 0.22213903
0.16357917 0.22186365
0.1636875 0.22084531
0.16379583 0.21786371
0.16390417 0.21247945
0.1640125 0.20644275
0.16412083 0.20150136
0.16422917 0.19863952
0.1643375 0.19787912
0.16444583 0.19786592
0.16455417 0.19786095
0.1646625 0.19782617
0.16477083 0.19811937
0.16487917 0.19925726
0.1649875 0.20066291
0.16509583 0.20263256
0.16520417 0.20400146
0.1653125 0.20465059
0.16542083 0.20421895
0.16552917 0.20390669
0.1656375 0.20432405
0.16574583 0.20496869
0.16585417 0.20448453
0.1659625 0.20214741
0.16607083 0.19818864
0.16617917 0.19391982
0.1662875 0.19016509
0.16639583 0.18790912
0.16650417 0.187847
0.1666125 0.18872654
0.16672083 0.1894614
0.16682917 0.18937874
0.1669375 0.18875172
0.16704583 0.18788124
0.16715417 0.18726114
0.1672625 0.18687778
0.16737083 0.18671022
0.16747917 0.18649921
0.1675875 0.18605249
0.16769583 0.18515454
0.16780417 0.1837418
0.1679125 0.18256993
0.16802083 0.18219475
0.16812917 0.18241781
0.1682375 0.1825301
0.16834583 0.18251939
0.16845417 0.1827746
0.1685625 0.18320615
0.16867083 0.18407351
0.16877917 0.18506265
0.1688875 0.18573113
0.16899583 0.18554005
0.16910417 0.18411812
0.1692125 0.18182405
0.16932083 0.17805881
0.16942917 0.17382558
0.1695375 0.16956179
0.16964583 0.16650647
0.16975417 0.16487925
0.1698625 0.16385382
0.16997083 0.16349789
0.17007917 0.16351467
0.1701875 0.16359238
0.17029583 0.16372201
0.17040417 0.16395226
0.1705125 0.1638802
0.17062083 0.16427346
0.17072917 0.16481688
0.1708375 0.16576123
0.17094583 0.16662601
0.17105417 0.16724977
0.1711625 0.16786429
0.17127083 0.16802705
0.17137917 0.16817187
0.1714875 0.16837718
0.17159583 0.16839726
0.17170417 0.16840159
0.1718125 0.16818649
0.17192083 0.16808402
0.17202917 0.16854813
0.1721375 0.16912463
0.17224583 0.16969965
0.17235417 0.17045344
0.1724625 0.17094479
0.17257083 0.17120028
0.17267917 0.17094838
0.1727875 0.16990422
0.17289583 0.16876568
0.17300417 0.16877856
0.1731125 0.16932343
0.17322083 0.16947749
0.17332917 0.16831323
0.1734375 0.16633085
0.17354583 0.16309113
0.17365417 0.15973735
0.1737625 0.15737088
0.17387083 0.1557578
0.17397917 0.15618272
0.1740875 0.15724926
0.17419583 0.15853741
0.17430417 0.15889948
0.1744125 0.15872815
0.17452083 0.15823528
0.17462917 0.1586
0.1747375 0.15860872
0.17484583 0.15784911
0.17495417 0.15696132
0.1750625 0.1563716
0.17517083 0.15619965
0.17527917 0.15620281
0.1753875 0.15623105
0.17549583 0.15623515
0.17560417 0.15605412
0.1757125 0.1541683
0.17582083 0.15173162
0.17592917 0.14775009
0.1760375 0.14335168
0.17614583 0.14047831
0.17625417 0.13769032
0.1763625 0.13640179
0.17647083 0.13608719
0.17657917 0.13627391
0.1766875 0.13669989
0.17679583 0.1370938
0.17690417 0.13740591
0.1770125 0.13743327
0.17712083 0.13745254
0.17722917 0.13756485
0.1773375 0.13765073
0.17744583 0.13786279
0.17755417 0.13826754
0.1776625 0.13851917
0.17777083 0.13761106
0.17787917 0.13493348
0.1779875 0.13114647
0.17809583 0.12591767
0.17820417 0.12160516
0.1783125 0.11837256
0.17842083 0.11725662
0.17852917 0.11737976
0.1786375 0.11753723
0.17874583 0.11697961
0.17885417 0.11607157
0.1789625 0.11531917
0.17907083 0.11556551
0.17917917 0.11614208
0.1792875 0.11743783
0.17939583 0.11841537
0.17950417 0.11846921
0.1796125 0.1181394
0.17972083 0.1175446
0.17982917 0.11679852
0.1799375 0.11662473
0.18004583 0.11682816
0.18015417 0.11708406
0.1802625 0.11704018
0.18037083 0.11632545
0.18047917 0.11456588
0.1805875 0.11282004
0.18069583 0.1117121
0.18080417 0.11126861
0.1809125 0.11130316
0.18102083 0.11154713
0.18112917 0.11198922
0.1812375 0.11253033
0.18134583 0.11421591
0.18145417 0.11729247
0.1815625 0.1201768
0.18167083 0.122759
0.18177917 0.12471478
0.1818875 0.12511656
0.18199583 0.12498383
0.18210417 0.12493349
0.1822125 0.12471166
0.18232083 0.12470492
0.18242917 0.12470486
0.1825375 0.12470421
0.18264583 0.12470757
0.18275417 0.12491119
0.1828625 0.1255108
0.18297083 0.126783
0.18307917 0.12820656
0.1831875 0.12966373
0.18329583 0.13090106
0.18340417 0.13165204
0.1835125 0.13175511
0.18362083 0.1311799
0.18372917 0.13009819
0.1838375 0.12860679
0.18394583 0.12706563
0.18405417 0.12583978
0.1841625 0.12489797
0.18427083 0.12481965
0.18437917 0.12488278
0.1844875 0.12491187
0.18459583 0.12490982
0.18470417 0.12490921
0.1848125 0.12491355
0.18492083 0.12476991
0.18502917 0.12371789
0.1851375 0.12216182
0.18524583 0.1204876
0.18535417 0.11838874
0.1854625 0.11651012
0.18557083 0.11497052
0.18567917 0.11430731
0.1857875 0.11418628
0.18589583 0.11451757
0.18600417 0.11525113
0.1861125 0.11654245
0.18622083 0.11825941
0.18632917 0.11992382
0.1864375 0.12102785
0.18654583 0.12117201
0.18665417 0.12131572
0.1867625 0.12131737
0.18687083 0.12101779
0.18697917 0.1199398
0.1870875 0.11900435
0.18719583 0.11830359
0.18730417 0.11821892
0.1874125 0.1185712
0.18752083 0.11935403
0.18762917 0.11978762
0.1877375 0.12018419
0.18784583 0.12044056
0.18795417 0.12079965
0.1880625 0.12108281
0.18817083 0.12107456
0.18827917 0.12106987
0.1883875 0.12136062
0.18849583 0.12223441
0.18860417 0.1231992
0.1887125 0.12387505
0.18882083 0.12364116
0.18892917 0.12296156
0.1890375 0.12247139
0.18914583 0.12214462
0.18925417 0.1224317
0.1893625 0.12246188
0.18947083 0.1224714
0.18957917 0.12239087
0.1896875 0.12212794
0.18979583 0.1217953
0.18990417 0.1218903
0.1900125 0.12232531
0.19012083 0.12290677
0.19022917 0.1232618
0.1903375 0.12362217
0.19044583 0.12371622
0.19055417 0.12336752
0.1906625 0.12292319
0.19077083 0.12253983
0.19087917 0.12225452
0.1909875 0.1224239
0.19109583 0.12263416
0.19120417 0.12265231
0.1913125 0.12258494
0.19142083 0.1224691
0.19152917 0.12208679
0.1916375 0.12164983
0.19174583 0.1213039
0.19185417 0.1211355
0.1919625 0.12113858
0.19207083 0.1208724
0.19217917 0.12038337
0.1922875 0.1192428
0.19239583 0.11823962
0.19250417 0.1176262
0.1926125 0.11709487
0.19272083 0.11675856
0.19282917 0.11676732
0.1929375 0.11677346
0.19304583 0.11651542
0.19315417 0.11555485
0.1932625 0.11396684
0.19337083 0.11262853
0.19347917 0.11226367
0.1935875 0.11226452
0.19369583 0.11225714
0.19380417 0.11226062
0.1939125 0.11256415
0.19402083 0.11289627
0.19412917 0.11337768
0.1942375 0.113338
0.19434583 0.11193896
0.19445417 0.10846601
0.1945625 0.10437986
0.19467083 0.10022443
0.19477917 0.096498618
0.1948875 0.094753954
0.19499583 0.09490286
0.19510417 0.095667761
0.1952125 0.097227301
0.19532083 0.098616072
0.19542917 0.099469646
0.1955375 0.099572779
0.19564583 0.099583664
0.19575417 0.099560693
0.1958625 0.099177637
0.19597083 0.098062982
0.19607917 0.096722187
0.1961875 0.095201191
0.19629583 0.093810289
0.19640417 0.092813458
0.1965125 0.092513894
0.19662083 0.092318351
0.19672917 0.092362287
0.1968375 0.092572172
0.19694583 0.092902937
0.19705417 0.093237398
0.1971625 0.093566631
0.19727083 0.093759739
0.19737917 0.093659945
0.1974875 0.093554003
0.19759583 0.093561194
0.19770417 0.093563456
0.1978125 0.093505855
0.19792083 0.092987477
0.19802917 0.09293772
0.1981375 0.093685451
0.19824583 0.095595491
0.19835417 0.097063988
0.1984625 0.09770125
0.19857083 0.097766147
0.19867917 0.097762528
0.1987875 0.09772645
0.19889583 0.097248969
0.19900417 0.095800296
0.1991125 0.093423959
0.19922083 0.090564613
0.19932917 0.08764508
0.1994375 0.085127625
0.19954583 0.084213803
0.19965417 0.083886845
0.1997625 0.084052382
0.19987083 0.084434692
0.19997917 0.08538895
0.2000875 0.086288449
0.20019583 0.086817469
0.20030417 0.086576734
0.2004125 0.085592012
0.20052083 0.084666573
0.20062917 0.084194831
0.2007375 0.083795029
0.20084583 0.083512004
0.20095417 0.083291444
0.2010625 0.083122706
0.20117083 0.083126201
0.20127917 0.083111032
0.2013875 0.082405726
0.20149583 0.080825553
0.20160417 0.078898452
0.2017125 0.077579688
0.20182083 0.077995565
0.20192917 0.078902765
0.2020375 0.079724015
0.20214583 0.080494803
0.20225417 0.080654637
0.2023625 0.080990347
0.20247083 0.081347793
0.20257917 0.081773538
0.2026875 0.081871096
0.20279583 0.081961428
0.20290417 0.081860116
0.2030125 0.081559609
0.20312083 0.081062075
0.20322917 0.080709884
0.2033375 0.080532932
0.20344583 0.080673366
0.20355417 0.081078808
0.2036625 0.08141298
0.20377083 0.081689668
0.20387917 0.081914512
0.2039875 0.082110046
0.20409583 0.082208449
0.20420417 0.082354176
0.2043125 0.082585965
0.20442083 0.082815137
0.20452917 0.083203159
0.2046375 0.083649203
0.20474583 0.084176563
0.20485417 0.084288715
0.2049625 0.084228456
0.20507083 0.084627154
0.20517917 0.085858993
0.2052875 0.088057827
0.20539583 0.090418284
0.20550417 0.092536563
0.2056125 0.094418168
0.20572083 0.095295189
0.20582917 0.095877794
0.2059375 0.095903414
0.20604583 0.095853805
0.20615417 0.095381282
0.2062625 0.094937921
0.20637083 0.09459578
0.20647917 0.094660619
0.2065875 0.094815239
0.20669583 0.094972638
0.20680417 0.095112145
0.2069125 0.094941715
0.20702083 0.094657179
0.20712917 0.094058098
0.2072375 0.093914641
0.20734583 0.093903104
0.20745417 0.094003877
0.2075625 0.094001524
0.20767083 0.093918776
0.20777917 0.093780029
0.2078875 0.093536252
0.20799583 0.092529775
0.20810417 0.091082749
0.2082125 0.089256237
0.20832083 0.087501698
0.20842917 0.086360065
0.2085375 0.086546051
0.20864583 0.086941113
0.20875417 0.08731269
0.2088625 0.087332453
0.20897083 0.087312338
0.20907917 0.087260123
0.2091875 0.087478246
0.20929583 0.087927033
0.20940417 0.089294169
0.2095125 0.090910444
0.20962083 0.092557149
0.20972917 0.093488471
0.2098375 0.093767788
0.20994583 0.093746905
0.21005417 0.093682986
0.2101625 0.09363557
0.21027083 0.093593116
0.21037917 0.093924343
0.2104875 0.094616699
0.21059583 0.095039961
0.21070417 0.096013489
0.2108125 0.096374399
0.21092083 0.096542211
0.21102917 0.096011428
0.2111375 0.095110091
0.21124583 0.093018698
0.21135417 0.091871264
0.2114625 0.091758224
0.21157083 0.092392906
0.21167917 0.092925252
0.2117875 0.093011097
0.21189583 0.09303189
0.21200417 0.093025886
0.2121125 0.093124908
0.21222083 0.093319731
0.21232917 0.09365207
0.2124375 0.094298949
0.21254583 0.094775188
0.21265417 0.095341698
0.2127625 0.096038398
0.21287083 0.096299828
0.21297917 0.095569343
0.2130875 0.094678198
0.21319583 0.093640336
0.21330417 0.092709676
0.2134125 0.092341831
0.21352083 0.092186891
0.21362917 0.092153989
0.2137375 0.092262227
0.21384583 0.092436743
0.21395417 0.092606803
0.2140625 0.092847138
0.21417083 0.093116241
0.21427917 0.093214786
0.2143875 0.093079185
0.21449583 0.092416445
0.21460417 0.09162491
0.2147125 0.090783776
0.21482083 0.089931788
0.21492917 0.089079132
0.2150375 0.088292985
0.21514583 0.087501353
0.21525417 0.087284334
0.2153625 0.087197077
0.21547083 0.087870415
0.21557917 0.088792874
0.2156875 0.091215848
0.21579583 0.093401548
0.21590417 0.094340505
0.2160125 0.094907535
0.21612083 0.094905325
0.21622917 0.094886631
0.2163375 0.094912077
0.21644583 0.094893177
0.21655417 0.094825699
0.2166625 0.094780196
0.21677083 0.094797584
0.21687917 0.094907346
0.2169875 0.095340798
0.21709583 0.096130269
0.21720417 0.097080312
0.2173125 0.098874261
0.21742083 0.10005156
0.21752917 0.10069071
0.2176375 0.10112624
0.21774583 0.10085312
0.21785417 0.10076653
0.2179625 0.10070217
0.21807083 0.10042671
0.21817917 0.10023439
0.2182875 0.099124216
0.21839583 0.097953633
0.21850417 0.097400158
0.2186125 0.096630309
0.21872083 0.096144783
0.21882917 0.095596823
0.2189375 0.095441164
0.21904583 0.095382001
0.21915417 0.095372942
0.2192625 0.095582093
0.21937083 0.095695686
0.21947917 0.095723744
0.2195875 0.095748616
0.21969583 0.095896722
0.21980417 0.096778841
0.2199125 0.09777575
0.22002083 0.098789314
0.22012917 0.10059744
0.2202375 0.10255045
0.22034583 0.10360589
0.22045417 0.10435534
0.2205625 0.10505098
0.22067083 0.10514241
0.22077917 0.10512579
0.2208875 0.10504857
0.22099583 0.10506269
0.22110417 0.10545841
0.2212125 0.10609736
0.22132083 0.10678024
0.22142917 0.10720758
0.2215375 0.10688865
0.22164583 0.1061646
0.22175417 0.10545965
0.2218625 0.10531566
0.22197083 0.10523259
0.22207917 0.10512611
0.2221875 0.10514014
0.22229583 0.10505218
0.22240417 0.10448793
0.2225125 0.1036838
0.22262083 0.10283703
0.22272917 0.10246254
0.2228375 0.10241355
0.22294583 0.10255903
0.22305417 0.10361673
0.2231625 0.10615383
0.22327083 0.10855556
0.22337917 0.11069399
0.2234875 0.11206886
0.22359583 0.11262918
0.22370417 0.11204105
0.2238125 0.11186949
0.22392083 0.11232656
0.22402917 0.11419226
0.2241375 0.11655559
0.22424583 0.11905327
0.22435417 0.12099179
0.2244625 0.12241201
0.22457083 0.12247685
0.22467917 0.1219044
0.2247875 0.12177499
0.22489583 0.12179092
0.22500417 0.12179223
0.2251125 0.12187821
0.22522083 0.12191573
0.22532917 0.12187061
0.2254375 0.12163969
0.22554583 0.12146129
0.22565417 0.12128407
0.2257625 0.12141638
0.22587083 0.12293871
0.22597917 0.12506131
0.2260875 0.12761525
0.22619583 0.12987524
0.22630417 0.13183673
0.2264125 0.13338717
0.22652083 0.13390867
0.22662917 0.13396472
0.2267375 0.13390709
0.22684583 0.13394652
0.22695417 0.13437452
0.2270625 0.13504159
0.22717083 0.13580993
0.22727917 0.13644345
0.2273875 0.13655324
0.22749583 0.13647739
0.22760417 0.13640674
0.2277125 0.13609727
0.22782083 0.13574656
0.22792917 0.13570712
0.2280375 0.13576276
0.22814583 0.13608064
0.22825417 0.13659868
0.2283625 0.13661211
0.22847083 0.13607472
0.22857917 0.13518231
0.2286875 0.1334988
0.22879583 0.13238402
0.22890417 0.13223613
0.2290125 0.1329262
0.22912083 0.13358495
0.22922917 0.13376769
0.2293375 0.13379492
0.22944583 0.13378442
0.22955417 0.13394565
0.2296625 0.13481921
0.22977083 0.13624457
0.22987917 0.13804348
0.2299875 0.13978895
0.23009583 0.14008908
0.23020417 0.13987506
0.2303125 0.13841383
0.23042083 0.13731698
0.23052917 0.13661632
0.2306375 0.13597601
0.23074583 0.1358434
0.23085417 0.13579704
0.2309625 0.13580589
0.23107083 0.13574495
0.23117917 0.13511389
0.2312875 0.13449018
0.23139583 0.1343312
0.23150417 0.13609312
0.2316125 0.13803451
0.23172083 0.13999937
0.23182917 0.14095604
0.2319375 0.14123538
0.23204583 0.14106774
0.23215417 0.14099363
0.2322625 0.14140466
0.23237083 0.14229359
0.23247917 0.14435561
0.2325875 0.14750951
0.23269583 0.14975609
0.23280417 0.15094477
0.2329125 0.1507126
0.23302083 0.15013493
0.23312917 0.148999
0.2332375 0.14780106
0.23334583 0.1471825
0.23345417 0.14713756
0.2335625 0.14719842
0.23367083 0.14766472
0.23377917 0.14776188
0.2338875 0.14780061
0.23399583 0.14834986
0.23410417 0.14968525
0.2342125 0.15166599
0.23432083 0.15400859
0.23442917 0.15527189
0.2345375 0.1556922
0.23464583 0.15595161
0.23475417 0.15596408
0.2348625 0.15598353
0.23497083 0.15609456
0.23507917 0.15665427
0.2351875 0.15730657
0.23529583 0.15801861
0.23540417 0.15861674
0.2355125 0.15866973
0.23562083 0.15869442
0.23572917 0.15868799
0.2358375 0.15866657
0.23594583 0.15918112
0.23605417 0.15941007
0.2361625 0.15888082
0.23627083 0.1582338
0.23637917 0.15689254
0.2364875 0.15541186
0.23659583 0.15479541
0.23670417 0.15634439
0.2368125 0.15952014
0.23692083 0.1625435
0.23702917 0.164493
0.2371375 0.16582423
0.23724583 0.16647203
0.23735417 0.16579324
0.2374625 0.16455184
0.23757083 0.16386371
0.23767917 0.16370171
0.2377875 0.16368118
0.23789583 0.16402936
0.23800417 0.16482068
0.2381125 0.1654895
0.23822083 0.16535362
0.23832917 0.16561812
0.2384375 0.16600547
0.23854583 0.16623452
0.23865417 0.16620427
0.2387625 0.16611811
0.23887083 0.16589295
0.23897917 0.1661909
0.2390875 0.16598811
0.23919583 0.16494846
0.23930417 0.16333938
0.2394125 0.16239223
0.23952083 0.16309942
0.23962917 0.16445001
0.2397375 0.16585102
0.23984583 0.16661927
0.23995417 0.16646835
0.2400625 0.16585805
0.24017083 0.16525705
0.24027917 0.16528414
0.2403875 0.16595985
0.24049583 0.16742778
0.24060417 0.16864531
0.2407125 0.16981441
0.24082083 0.17022
0.24092917 0.17017132
0.2410375 0.1701267
0.24114583 0.16993857
0.24125417 0.16952444
0.2413625 0.16938731
0.24147083 0.16926788
0.24157917 0.16927875
0.2416875 0.16926513
0.24179583 0.16880768
0.24190417 0.16857978
0.2420125 0.16995071
0.24212083 0.17370773
0.24222917 0.17801925
0.2423375 0.18212178
0.24244583 0.18482969
0.24255417 0.18615935
0.2426625 0.18582346
0.24277083 0.18465239
0.24287917 0.18320913
0.2429875 0.1820582
0.24309583 0.1821862
0.24320417 0.18350893
0.2433125 0.18552471
0.24342083 0.18626902
0.24352917 0.18626014
0.2436375 0.18627691
0.24374583 0.18623232
0.24385417 0.18615793
0.2439625 0.18606232
0.24407083 0.1861259
0.24417917 0.1864374
0.2442875 0.18674269
0.24439583 0.18632779
0.24450417 0.18457501
0.2446125 0.1845358
0.24472083 0.18619213
0.24482917 0.18964928
0.2449375 0.1931722
0.24504583 0.19591991
0.24515417 0.19734277
0.2452625 0.19738009
0.24537083 0.19648847
0.24547917 0.19466713
0.2455875 0.19195709
0.24569583 0.18996366
0.24580417 0.18849286
0.2459125 0.18807279
0.24602083 0.18792219
0.24612917 0.18810688
0.2462375 0.18807697
0.24634583 0.18806459
0.24645417 0.18807783
0.2465625 0.18770959
0.24667083 0.18672377
0.24677917 0.18624353
0.2468875 0.18622913
0.24699583 0.1863175
0.24710417 0.18725977
0.2472125 0.19081267
0.24732083 0.19597945
0.24742917 0.20192725
0.2475375 0.20790784
0.24764583 0.21252389
0.24775417 0.21639184
0.2478625 0.21842115
0.24797083 0.21855242
0.24807917 0.21768777
0.2481875 0.21663299
0.24829583 0.21584178
0.24840417 0.2153136
0.2485125 0.21499786
0.24862083 0.21501589
0.24872917 0.21538486
0.2488375 0.21552041
0.24894583 0.21468003
0.24905417 0.21315902
0.2491625 0.21115759
0.24927083 0.20920931
0.24937917 0.20843834
0.2494875 0.20807962
0.24959583 0.20807266
0.24970417 0.2086145
0.2498125 0.2094952
0.24992083 0.2106016
0.25002917 0.21198474
0.2501375 0.21327806
0.25024583 0.21432058
0.25035417 0.21466556
0.2504625 0.21479123
0.25057083 0.21479122
0.25067917 0.21474903
0.2507875 0.21433064
0.25089583 0.21329784
0.25100417 0.21171535
0.2511125 0.21011703
0.25122083 0.2100025
0.25132917 0.21030287
0.2514375 0.21061078
0.25154583 0.21079736
0.25165417 0.21065952
0.2517625 0.21005823
0.25187083 0.20851003
0.25197917 0.2057941
0.2520875 0.20286115
0.25219583 0.2011108
0.25230417 0.20135275
0.2524125 0.20301772
0.25252083 0.2050553
0.25262917 0.20682865
0.2527375 0.20793314
0.25284583 0.2085013
0.25295417 0.20859218
0.2530625 0.20834212
0.25317083 0.20766193
0.25327917 0.20622034
0.2533875 0.20449823
0.25349583 0.20172048
0.25360417 0.1990454
0.2537125 0.19610016
0.25382083 0.19442948
0.25392917 0.1942425
0.2540375 0.19408364
0.25414583 0.19387972
0.25425417 0.19362605
0.2543625 0.19329733
0.25447083 0.19313902
0.25457917 0.19243981
0.2546875 0.19156422
0.25479583 0.19156512
0.25490417 0.19296561
0.2550125 0.19453971
0.25512083 0.19464021
0.25522917 0.19372933
0.2553375 0.19246831
0.25544583 0.19171133
0.25555417 0.19156449
0.2556625 0.19190899
0.25577083 0.19194487
0.25587917 0.1912633
0.2559875 0.18952762
0.25609583 0.18712765
0.25620417 0.18311283
0.2563125 0.17839903
0.25642083 0.17572397
0.25652917 0.17553611
0.2566375 0.17514923
0.25674583 0.17475992
0.25685417 0.17438777
0.2569625 0.17390384
0.25707083 0.17240302
0.25717917 0.17062695
0.2572875 0.1696493
0.25739583 0.17149757
0.25750417 0.17542998
0.2576125 0.17760277
0.25772083 0.17786457
0.25782917 0.17670552
0.2579375 0.17544667
0.25804583 0.17478881
0.25815417 0.17519609
0.2582625 0.1766477
0.25837083 0.17782805
0.25847917 0.17875145
0.2585875 0.17865566
0.25869583 0.17773302
0.25880417 0.17659126
0.2589125 0.17552815
0.25902083 0.17503059
0.25912917 0.17493826
0.2592375 0.17493463
0.25934583 0.17559569
0.25945417 0.17625827
0.2595625 0.1763796
0.25967083 0.17645319
0.25977917 0.17900527
0.2598875 0.18265163
0.25999583 0.18678816
0.26010417 0.18999198
0.2602125 0.19007959
0.26032083 0.1876471
0.26042917 0.18406982
0.2605375 0.18027244
0.26064583 0.17807961
0.26075417 0.17659326
0.2608625 0.17624041
0.26097083 0.17671843
0.26107917 0.17670719
0.2611875 0.17629275
0.26129583 0.17576489
0.26140417 0.174968
0.2615125 0.17510012
0.26162083 0.17524942
0.26172917 0.17523591
0.2618375 0.17543895
0.26194583 0.17605101
0.26205417 0.17604186
0.2621625 0.1791262
0.26227083 0.18393629
0.26237917 0.18806372
0.2624875 0.19113652
0.26259583 0.19316457
0.26270417 0.19394166
0.2628125 0.1936302
0.26292083 0.1927689
0.26302917 0.19170274
0.2631375 0.19137993
0.26324583 0.19256106
0.26335417 0.19321811
0.2634625 0.19336878
0.26357083 0.19298662
0.26367917 0.19243809
0.2637875 0.19205663
0.26389583 0.19174468
0.26400417 0.19112859
0.2641125 0.19085059
0.26422083 0.1907096
0.26432917 0.19071153
0.2644375 0.19070866
0.26454583 0.19143585
0.26465417 0.19466901
0.2647625 0.19886515
0.26487083 0.20283319
0.26497917 0.20589442
0.2650875 0.20784829
0.26519583 0.20893134
0.26530417 0.20943848
0.2654125 0.20914178
0.26552083 0.20836031
0.26562917 0.2079505
0.2657375 0.20797102
0.26584583 0.20822088
0.26595417 0.20829143
0.2660625 0.20823063
0.26617083 0.20752261
0.26627917 0.20659251
0.2663875 0.2053716
0.26649583 0.20411402
0.26660417 0.20305002
0.2667125 0.20251541
0.26682083 0.20252564
0.26692917 0.20255361
0.2670375 0.20481949
0.26714583 0.20855313
0.26725417 0.21252786
0.2673625 0.21539045
0.26747083 0.21655462
0.26757917 0.21727034
0.2676875 0.21793201
0.26779583 0.21857584
0.26790417 0.21854593
0.2680125 0.21799905
0.26812083 0.21807491
0.26822917 0.21805314
0.2683375 0.21809208
0.26844583 0.21793653
0.26855417 0.21728571
0.2686625 0.21609361
0.26877083 0.21502643
0.26887917 0.21420168
0.2689875 0.21312993
0.26909583 0.21192206
0.26920417 0.21044315
0.2693125 0.20983928
0.26942083 0.21071831
0.26952917 0.21356199
0.2696375 0.2162448
0.26974583 0.21758116
0.26985417 0.21792318
0.2699625 0.21784318
0.27007083 0.21786698
0.27017917 0.21837842
0.2702875 0.21863018
0.27039583 0.21802317
0.27050417 0.21676439
0.2706125 0.21614912
0.27072083 0.21601187
0.27082917 0.21604683
0.2709375 0.21585499
0.27104583 0.21531457
0.27115417 0.21399298
0.2712625 0.21164667
0.27137083 0.20916611
0.27147917 0.20611652
0.2715875 0.2036595
0.27169583 0.20145899
0.27180417 0.20208256
0.2719125 0.20602126
0.27202083 0.21040032
0.27212917 0.21351298
0.2722375 0.21472536
0.27234583 0.21382247
0.27245417 0.21240095
0.2725625 0.21179656
0.27267083 0.21251615
0.27277917 0.21213352
0.2728875 0.21187976
0.27299583 0.21351345
0.27310417 0.21693358
0.2732125 0.21921235
0.27332083 0.21974629
0.27342917 0.21964607
0.2735375 0.21917929
0.27364583 0.21692477
0.27375417 0.21400352
0.2738625 0.21088635
0.27397083 0.20901932
0.27407917 0.20828819
0.2741875 0.21113374
0.27429583 0.21607404
0.27440417 0.22141854
0.2745125 0.22564398
0.27462083 0.22839527
0.27472917 0.22962032
0.2748375 0.22915869
0.27494583 0.22756516
0.27505417 0.22769183
0.2751625 0.22750253
0.27527083 0.2264044
0.27537917 0.22561535
0.2754875 0.22687574
0.27559583 0.22949849
0.27570417 0.23033365
0.2758125 0.23040052
0.27592083 0.2299028
0.27602917 0.22869504
0.2761375 0.2256518
0.27624583 0.2205367
0.27635417 0.21898997
0.2764625 0.21708952
0.27657083 0.21732666
0.27667917 0.21925586
0.2767875 0.22169687
0.27689583 0.22376301
0.27700417 0.22524235
0.2771125 0.22609651
0.27722083 0.22685239
0.27732917 0.22763008
0.2774375 0.22847835
0.27754583 0.22970439
0.27765417 0.22938001
0.2777625 0.22925646
0.27787083 0.23200921
0.27797917 0.23358013
0.2780875 0.23384662
0.27819583 0.23389419
0.27830417 0.233882
0.2784125 0.23357568
0.27852083 0.23271485
0.27862917 0.23170257
0.2787375 0.2300655
0.27884583 0.22786171
0.27895417 0.22818953
0.2790625 0.22955138
0.27917083 0.2308836
0.27927917 0.23159867
0.2793875 0.23165652
0.27949583 0.23101413
0.27960417 0.23027183
0.2797125 0.22945405
0.27982083 0.22801044
0.27992917 0.22730184
0.2800375 0.22880665
0.28014583 0.23023155
0.28025417 0.2312627
0.2803625 0.23118279
0.28047083 0.23087638
0.28057917 0.23099938
0.2806875 0.23099801
0.28079583 0.23098852
0.28090417 0.2310197
0.2810125 0.23283278
0.28112083 0.23117559
0.28122917 0.23147067
0.2813375 0.2328584
0.28144583 0.23528165
0.28155417 0.23734876
0.2816625 0.23869969
0.28177083 0.23945702
0.28187917 0.2399598
0.2819875 0.24007576
0.28209583 0.23999231
0.28220417 0.23914996
0.2823125 0.23886896
0.28242083 0.24197013
0.28252917 0.24335048
0.2826375 0.24295245
0.28274583 0.24284342
0.28285417 0.2429509
0.2829625 0.24305979
0.28307083 0.24304341
0.28317917 0.24343422
0.2832875 0.24478084
0.28339583 0.24594977
0.28350417 0.24526414
0.2836125 0.24625926
0.28372083 0.24892171
0.28382917 0.25225062
0.2839375 0.25527602
0.28404583 0.25817328
0.28415417 0.25966851
0.2842625 0.25987804
0.28437083 0.25989037
0.28447917 0.26074983
0.2845875 0.26164109
0.28469583 0.2644985
0.28480417 0.2656401
0.2849125 0.26424957
0.28502083 0.26239357
0.28512917 0.26109259
0.2852375 0.26023726
0.28534583 0.25994662
0.28545417 0.2609749
0.2855625 0.2626856
0.28567083 0.26509278
0.28577917 0.2664538
0.2858875 0.2652155
0.28599583 0.2642017
0.28610417 0.26403452
0.2862125 0.26690041
0.28632083 0.27226549
0.28642917 0.27680294
0.2865375 0.27902669
0.28664583 0.2792679
0.28675417 0.2795696
0.2868625 0.28245126
0.28697083 0.2844793
0.28707917 0.28701422
0.2871875 0.28673409
0.28729583 0.2846308
0.28740417 0.28212318
0.2875125 0.28008749
0.28762083 0.27882184
0.28772917 0.27838167
0.2878375 0.27841382
0.28794583 0.27928717
0.28805417 0.28231266
0.2881625 0.28355751
0.28827083 0.28338634
0.28837917 0.28365285
0.2884875 0.28361073
0.28859583 0.28346781
0.28870417 0.28410828
0.2888125 0.28396449
0.28892083 0.28397023
0.28902917 0.28548256
0.2891375 0.28926133
0.28924583 0.2942
0.28935417 0.29593427
0.2894625 0.2974291
0.28957083 0.29707691
0.28967917 0.2958565
0.2897875 0.29442492
0.28989583 0.29319611
0.29000417 0.29255517
0.2901125 0.29211766
0.29022083 0.2920089
0.29032917 0.29143405
0.2904375 0.28989724
0.29054583 0.28898031
0.29065417 0.29056236
0.2907625 0.2925938
0.29087083 0.29250989
0.29097917 0.29241596
0.2910875 0.29212556
0.29119583 0.29269911
0.29130417 0.29597948
0.2914125 0.30057762
0.29152083 0.30673986
0.29162917 0.31070251
0.2917375 0.31260067
0.29184583 0.31399126
0.29195417 0.31446166
0.2920625 0.31414623
0.29217083 0.31341905
0.29227917 0.31338103
0.2923875 0.31366017
0.29249583 0.31386861
0.29260417 0.31350453
0.2927125 0.31305505
0.29282083 0.31278977
0.29292917 0.31303539
0.2930375 0.31250923
0.29314583 0.31152841
0.29325417 0.310355
0.2933625 0.31073986
0.29347083 0.31345712
0.29357917 0.3187053
0.2936875 0.32586906
0.29379583 0.33320963
0.29390417 0.33987885
0.2940125 0.34378781
0.29412083 0.34833292
0.29422917 0.35056263
0.2943375 0.35085641
0.29444583 0.34999086
0.29455417 0.34867366
0.2946625 0.34744896
0.29477083 0.34651716
0.29487917 0.34578637
0.2949875 0.34534222
0.29509583 0.34519471
0.29520417 0.34521472
0.2953125 0.34507547
0.29542083 0.34425118
0.29552917 0.34444828
0.2956375 0.34608473
0.29574583 0.34806887
0.29585417 0.35099943
0.2959625 0.35470657
0.29607083 0.3582572
0.29617917 0.36138661
0.2962875 0.36425331
0.29639583 0.36655472
0.29650417 0.36818672
0.2966125 0.36692553
0.29672083 0.36339126
0.29682917 0.35814781
0.2969375 0.35252193
0.29704583 0.34745413
0.29715417 0.34393743
0.2972625 0.34240646
0.29737083 0.34210008
0.29747917 0.34246558
0.2975875 0.34296477
0.29769583 0.3434096
0.29780417 0.34426307
0.2979125 0.34487779
0.29802083 0.34459745
0.29812917 0.3437644
0.2982375 0.34339157
0.29834583 0.34358944
0.29845417 0.34425163
0.2985625 0.34494222
0.29867083 0.34556054
0.29877917 0.3467387
0.2988875 0.34720632
0.29899583 0.34278525
0.29910417 0.33422564
0.2992125 0.32287016
0.29932083 0.31036094
0.29942917 0.29974851
0.2995375 0.29245259
0.29964583 0.28951611
0.29975417 0.28964444
0.2998625 0.29053967
0.29997083 0.290746
0.30007917 0.29105492
0.3001875 0.2910942
0.30029583 0.28997774
0.30040417 0.28793291
0.3005125 0.28629394
0.30062083 0.2855542
0.30072917 0.28532134
0.3008375 0.28526255
0.30094583 0.28546903
0.30105417 0.28544026
0.3011625 0.28577846
0.30127083 0.28453777
0.30137917 0.27908454
0.3014875 0.27082312
0.30159583 0.2602575
0.30170417 0.25133895
0.3018125 0.24646469
0.30192083 0.24582284
0.30202917 0.246553
0.3021375 0.24669987
0.30224583 0.24608841
0.30235417 0.24606454
0.3024625 0.24636488
0.30257083 0.24542351
0.30267917 0.24321748
0.3027875 0.24095253
0.30289583 0.23877215
0.30300417 0.23819995
0.3031125 0.23789793
0.30322083 0.23782204
0.30332917 0.23764656
0.3034375 0.23610692
0.30354583 0.23226848
0.30365417 0.22352265
0.3037625 0.21127728
0.30387083 0.19708414
0.30397917 0.18384507
0.3040875 0.17671072
0.30419583 0.17549998
0.30430417 0.17545874
0.3044125 0.17500834
0.30452083 0.17344802
0.30462917 0.17258405
0.3047375 0.17257844
0.30484583 0.17245078
0.30495417 0.17234247
0.3050625 0.17281952
0.30517083 0.173074
0.30527917 0.17428376
0.3053875 0.17550562
0.30549583 0.1762307
0.30560417 0.17563463
0.3057125 0.17327715
0.30582083 0.16914802
0.30592917 0.16400532
0.3060375 0.1589501
0.30614583 0.15337273
0.30625417 0.15033221
0.3063625 0.14982939
0.30647083 0.14989058
0.30657917 0.14834569
0.3066875 0.14506304
0.30679583 0.141217
0.30690417 0.13770416
0.3070125 0.1353635
0.30712083 0.13338045
0.30722917 0.13275937
0.3073375 0.13319658
0.30744583 0.13453014
0.30755417 0.13622967
0.3076625 0.13784385
0.30777083 0.13900927
0.30787917 0.13891687
0.3079875 0.13777233
0.30809583 0.13698525
0.30820417 0.1378477
0.3083125 0.14020459
0.30842083 0.14272854
0.30852917 0.14594934
0.3086375 0.14863311
0.30874583 0.14971711
0.30885417 0.14922596
0.3089625 0.1471093
0.30907083 0.14523209
0.30917917 0.1439295
0.3092875 0.1427417
0.30939583 0.14232382
0.30950417 0.14248104
0.3096125 0.14377509
0.30972083 0.14541578
0.30982917 0.14749551
0.3099375 0.14881809
0.31004583 0.14879496
0.31015417 0.14798615
0.3102625 0.14793748
0.31037083 0.14931714
0.31047917 0.15168326
0.3105875 0.1544369
0.31069583 0.15724078
0.31080417 0.15937859
0.3109125 0.16081604
0.31102083 0.16131363
0.31112917 0.1612793
0.3112375 0.16115361
0.31134583 0.16119929
0.31145417 0.16161484
0.3115625 0.16222513
0.31167083 0.16310838
0.31177917 0.1643777
0.3118875 0.1653182
0.31199583 0.16610278
0.31210417 0.16657242
0.3122125 0.16602942
0.31232083 0.16530985
0.31242917 0.16421434
0.3125375 0.16373372
0.31264583 0.16377696
0.31275417 0.16372707
0.3128625 0.16340011
0.31297083 0.16336344
0.31307917 0.16337545
0.3131875 0.16332891
0.31329583 0.16326332
0.31340417 0.16317733
0.3135125 0.16309141
0.31362083 0.16340811
0.31372917 0.16403194
0.3138375 0.16527917
0.31394583 0.16615911
0.31405417 0.1666036
0.3141625 0.16659109
0.31427083 0.16701079
0.31437917 0.16829958
0.3144875 0.16951775
0.31459583 0.17021015
0.31470417 0.17062154
0.3148125 0.17065783
0.31492083 0.17040144
0.31502917 0.17014069
0.3151375 0.17018566
0.31524583 0.17062045
0.31535417 0.1710213
0.3154625 0.17141036
0.31557083 0.17186857
0.31567917 0.1724094
0.3157875 0.17286992
0.31589583 0.17307077
0.31600417 0.17317676
0.3161125 0.17309378
0.31622083 0.17285238
0.31632917 0.17295363
0.3164375 0.17351544
0.31654583 0.174079
0.31665417 0.17441482
0.3167625 0.17431016
0.31687083 0.1734354
0.31697917 0.17283357
0.3170875 0.17239272
0.31719583 0.17244984
0.31730417 0.17283338
0.3174125 0.17329306
0.31752083 0.17377583
0.31762917 0.17424816
0.3177375 0.17466842
0.31784583 0.17495476
0.31795417 0.17472536
0.3180625 0.17359113
0.31817083 0.17212304
0.31827917 0.1704344
0.3183875 0.16878774
0.31849583 0.16754777
0.31860417 0.16679824
0.3187125 0.1666927
0.31882083 0.16652072
0.31892917 0.16512784
0.3190375 0.16296073
0.31914583 0.16137381
0.31925417 0.16083669
0.3193625 0.16078839
0.31947083 0.16193424
0.31957917 0.16342602
0.3196875 0.16504019
0.31979583 0.16731508
0.31990417 0.16890236
0.3200125 0.17017324
0.32012083 0.17053571
0.32022917 0.17054458
0.3203375 0.17076591
0.32044583 0.17068491
0.32055417 0.16990039
0.3206625 0.16853595
0.32077083 0.16714519
0.32087917 0.16665231
0.3209875 0.16665821
0.32109583 0.16602355
0.32120417 0.16369944
0.3213125 0.15997442
0.32142083 0.15645656
0.32152917 0.15323045
0.3216375 0.15123656
0.32174583 0.15042444
0.32185417 0.15040683
0.3219625 0.15183175
0.32207083 0.15326574
0.32217917 0.15366854
0.3222875 0.15364696
0.32239583 0.15376556
0.32250417 0.15445458
0.3226125 0.15500538
0.32272083 0.15476076
0.32282917 0.15365826
0.3229375 0.15237559
0.32304583 0.15199337
0.32315417 0.15206741
0.3232625 0.15123637
0.32337083 0.14907732
0.32347917 0.14648661
0.3235875 0.14342883
0.32369583 0.14008017
0.32380417 0.13779249
0.3239125 0.13625431
0.32402083 0.13583402
0.32412917 0.13576286
0.3242375 0.13570777
0.32434583 0.13577446
0.32445417 0.13606922
0.3245625 0.1367975
0.32467083 0.13685677
0.32477917 0.13604449
0.3248875 0.13532533
0.32499583 0.13496957
0.32510417 0.13484337
0.3252125 0.13501236
0.32532083 0.1348638
0.32542917 0.13457336
0.3255375 0.13439794
0.32564583 0.13446701
0.32575417 0.13471894
0.3258625 0.13498424
0.32597083 0.1352507
0.32607917 0.13546427
0.3261875 0.13538845
0.32629583 0.13550639
0.32640417 0.13628108
0.3265125 0.13740634
0.32662083 0.13817594
0.32672917 0.1379648
0.3268375 0.13716398
0.32694583 0.13663597
0.32705417 0.13637684
0.3271625 0.13635035
0.32727083 0.13547344
0.32737917 0.13321191
0.3274875 0.13089027
0.32759583 0.12934881
0.32770417 0.12839824
0.3278125 0.12826767
0.32792083 0.12830482
0.32802917 0.12856375
0.3281375 0.12864969
0.32824583 0.12848725
0.32835417 0.12877394
0.3284625 0.12973084
0.32857083 0.13054169
0.32867917 0.13057857
0.3287875 0.13047578
0.32889583 0.13019046
0.32900417 0.12979451
0.3291125 0.12944255
0.32922083 0.12944996
0.32932917 0.12916014
0.3294375 0.12815321
0.32954583 0.12708677
0.32965417 0.12620028
0.3297625 0.12527759
0.32987083 0.12458625
0.32997917 0.12431129
0.3300875 0.12430159
0.33019583 0.12456998
0.33030417 0.1247269
0.3304125 0.12474722
0.33052083 0.12474524
0.33062917 0.12460967
0.3307375 0.12447414
0.33084583 0.12428734
0.33095417 0.12430071
0.3310625 0.12446145
0.33117083 0.12430911
0.33127917 0.12331837
0.3313875 0.12224763
0.33149583 0.12138176
0.33160417 0.12143269
0.3317125 0.12168725
0.33182083 0.1219589
0.33192917 0.12212102
0.3320375 0.12212231
0.33214583 0.12218813
0.33225417 0.12226886
0.3323625 0.12221976
0.33247083 0.12110529
0.33257917 0.11954928
0.3326875 0.11769647
0.33279583 0.11485063
0.33290417 0.11290435
0.3330125 0.11140315
0.33312083 0.11104642
0.33322917 0.11103639
0.3333375 0.11005966
0.33344583 0.10846424
0.33355417 0.10760313
0.3336625 0.10770749
0.33377083 0.10764691
0.33387917 0.10745018
0.3339875 0.10747285
0.33409583 0.10777649
0.33420417 0.1082125
0.3343125 0.10859017
0.33442083 0.10864405
0.33452917 0.10833456
0.3346375 0.10697724
0.33474583 0.10523797
0.33485417 0.10322109
0.3349625 0.10013828
0.33507083 0.097594107
0.33517917 0.09686442
0.3352875 0.097230202
0.33539583 0.097423663
0.33550417 0.097338751
0.3356125 0.096217139
0.33572083 0.094726547
0.33582917 0.093443876
0.3359375 0.093243685
0.33604583 0.093301038
0.33615417 0.093477918
0.3362625 0.093832629
0.33637083 0.093912133
0.33647917 0.09348148
0.3365875 0.092888278
0.33669583 0.092145178
0.33680417 0.090806044
0.3369125 0.089563376
0.33702083 0.088003313
0.33712917 0.08726365
0.3372375 0.087355788
0.33734583 0.087877981
0.33745417 0.088113298
0.3375625 0.087335306
0.33767083 0.08635166
0.33777917 0.086068261
0.3378875 0.086002155
0.33799583 0.085972727
0.33810417 0.085897226
0.3382125 0.085879386
0.33832083 0.086063037
0.33842917 0.086349927
0.3385375 0.086183692
0.33864583 0.08577268
0.33875417 0.085440986
0.3388625 0.085108403
0.33897083 0.084762018
0.33907917 0.084455447
0.3391875 0.084829817
0.33929583 0.08599925
0.33940417 0.085987868
0.3395125 0.084453254
0.33962083 0.083104604
0.33972917 0.083254234
0.3398375 0.083819106
0.33994583 0.084197442
0.34005417 0.084642011
0.3401625 0.085116227
0.34027083 0.085515424
0.34037917 0.085508715
0.3404875 0.085216746
0.34059583 0.084924011
0.34070417 0.084509609
0.3408125 0.084364697
0.34092083 0.084042876
0.34102917 0.083932278
0.3411375 0.08430328
0.34124583 0.085800701
0.34135417 0.086213818
0.3414625 0.084468487
0.34157083 0.083091445
0.34167917 0.083246093
0.3417875 0.084570622
0.34189583 0.085602986
0.34200417 0.085885034
0.3421125 0.086367472
0.34222083 0.086816598
0.34232917 0.086755206
0.3424375 0.086455604
0.34254583 0.08605185
0.34265417 0.085782856
0.3427625 0.085717397
0.34287083 0.085840243
0.34297917 0.086202987
0.3430875 0.086664062
0.34319583 0.086762581
0.34330417 0.086339425
0.3434125 0.085773512
0.34352083 0.086038859
0.34362917 0.086521364
0.3437375 0.087049265
0.34384583 0.087528397
0.34395417 0.087890275
0.3440625 0.088027743
0.34417083 0.08803413
0.34427917 0.088012605
0.3443875 0.088009197
0.34449583 0.087739738
0.34460417 0.08728262
0.3447125 0.086901095
0.34482083 0.086708127
0.34492917 0.086822486
0.3450375 0.087242188
0.34514583 0.087311327
0.34525417 0.086965643
0.3453625 0.087177569
0.34547083 0.088865998
0.34557917 0.090410121
0.3456875 0.09105792
0.34579583 0.091536068
0.34590417 0.091777428
0.3460125 0.091580051
0.34612083 0.091512934
0.34622917 0.09132459
0.3463375 0.091028005
0.34644583 0.090693897
0.34655417 0.09038721
0.3466625 0.090115068
0.34677083 0.090207144
0.34687917 0.090583643
0.3469875 0.09056941
0.34709583 0.090528135
0.34720417 0.090652154
0.3473125 0.091413935
0.34742083 0.092574429
0.34752917 0.093001945
0.3476375 0.093505108
0.34774583 0.093991884
0.34785417 0.094337699
0.3479625 0.094412932
0.34807083 0.094421231
0.34817917 0.094425768
0.3482875 0.094066007
0.34839583 0.093398793
0.34850417 0.091833319
0.3486125 0.090744913
0.34872083 0.090746467
0.34882917 0.090761658
0.3489375 0.090717216
0.34904583 0.090750898
0.34915417 0.090880153
0.3492625 0.091143473
0.34937083 0.091481532
0.34947917 0.091839615
0.3495875 0.092161119
0.34969583 0.092151315
0.34980417 0.091865074
0.3499125 0.091494866
0.35002083 0.091488315
0.35012917 0.091497514
0.3502375 0.091135551
0.35034583 0.090616852
0.35045417 0.09007366
0.3505625 0.089746636
0.35067083 0.089731411
0.35077917 0.08993291
0.3508875 0.090411284
0.35099583 0.091617525
0.35110417 0.092930985
0.3512125 0.094219839
0.35132083 0.095250622
0.35142917 0.095592682
0.3515375 0.095926211
0.35164583 0.096050216
0.35175417 0.095757361
0.3518625 0.095200045
0.35197083 0.094615549
0.35207917 0.094582682
0.3521875 0.094457225
0.35229583 0.09332423
0.35240417 0.092499328
0.3525125 0.092443336
0.35262083 0.092335688
0.35272917 0.092314695
0.3528375 0.092972393
0.35294583 0.093514611
0.35305417 0.094325641
0.3531625 0.094531814
0.35327083 0.094616347
0.35337917 0.094632631
0.3534875 0.094615281
0.35359583 0.094554023
0.35370417 0.094484921
0.3538125 0.094002357
0.35392083 0.093891487
0.35402917 0.093732604
0.3541375 0.093423478
0.35424583 0.091721639
0.35435417 0.09011755
0.3544625 0.090147946
0.35457083 0.090930837
0.35467917 0.091266473
0.3547875 0.091306396
0.35489583 0.091469316
0.35500417 0.091552723
0.3551125 0.09158149
0.35522083 0.0915847
0.35532917 0.091568725
0.3554375 0.091522222
0.35554583 0.091397486
0.35565417 0.090761593
0.3557625 0.090162479
0.35587083 0.090036693
0.35597917 0.089977069
0.3560875 0.089169114
0.35619583 0.088375539
0.35630417 0.088955344
0.3564125 0.090203462
0.35652083 0.091180813
0.35662917 0.09195757
0.3567375 0.092642676
0.35684583 0.092708099
0.35695417 0.092725994
0.3570625 0.092661942
0.35717083 0.092697326
0.35727917 0.092730598
0.3573875 0.092907255
0.35749583 0.093417781
0.35760417 0.09404167
0.3577125 0.094370164
0.35782083 0.094857802
0.35792917 0.094414466
0.3580375 0.093560334
0.35814583 0.093265376
0.35825417 0.093822914
0.3583625 0.09444128
0.35847083 0.093863841
0.35857917 0.093331646
0.3586875 0.093283097
0.35879583 0.093284207
0.35890417 0.093314042
0.3590125 0.093430439
0.35912083 0.093330225
0.35922917 0.093012346
0.3593375 0.092911375
0.35944583 0.092887067
0.35955417 0.092901272
0.3596625 0.092552156
0.35977083 0.091650237
0.35987917 0.090842565
0.3599875 0.090843325
0.36009583 0.090959691
0.36020417 0.090938136
0.3603125 0.090478234
0.36042083 0.08974794
0.36052917 0.08959062
0.3606375 0.089452781
0.36074583 0.089373507
0.36085417 0.089292488
0.3609625 0.089321756
0.36107083 0.089397362
0.36117917 0.090101884
0.3612875 0.090949847
0.36139583 0.091352331
0.36150417 0.090916421
0.3616125 0.090025663
0.36172083 0.089188511
0.36182917 0.089169453
0.3619375 0.089355295
0.36204583 0.089399379
0.36215417 0.089377496
0.3622625 0.089306178
0.36237083 0.089267605
0.36247917 0.089168395
0.3625875 0.089171099
0.36269583 0.08954761
0.36280417 0.090221974
0.3629125 0.09120865
0.36302083 0.093520386
0.36312917 0.095487514
0.3632375 0.09607731
0.36334583 0.09575503
0.36345417 0.095157786
0.3635625 0.094323675
0.36367083 0.094286811
0.36377917 0.094276898
0.3638875 0.093993849
0.36399583 0.093102509

