0.119 -0.088152494
0.11910833 -0.086145571
0.11921667 -0.083715921
0.119325 -0.079716511
0.11943333 -0.083474708
0.11954167 -0.075678609
0.11965 -0.065280093
0.11975833 -0.061222571
0.11986667 0.015018388
0.119975 0.051999926
0.12008333 0.10434269
0.12019167 0.12184894
0.1203 0.12447923
0.12040833 0.12339807
0.12051667 0.11055621
0.120625 0.033688079
0.12073333 -0.049908064
0.12084167 -0.078355423
0.12095 -0.17201515
0.12105833 -0.25992559
0.12116667 -0.28434784
0.121275 -0.29497742
0.12138333 -0.27817637
0.12149167 -0.2353188
0.1216 -0.16524558
0.12170833 -0.15798857
0.12181667 -0.088480618
0.121925 -0.15401195
0.12203333 -0.15102741
0.12214167 -0.091563458
0.12225 -0.082620693
0.12235833 -0.0602038
0.12246667 0.031877837
0.122575 0.12760862
0.12268333 0.17704562
0.12279167 0.16001814
0.1229 0.13480692
0.12300833 0.11555908
0.12311667 0.040905451
0.123225 -0.056508292
0.12333333 -0.089975239
0.12344167 -0.18254638
0.12355 -0.27504156
0.12365833 -0.33630112
0.12376667 -0.37441217
0.123875 -0.29522544
0.12398333 -0.2783242
0.12409167 -0.25499441
0.1242 -0.18204969
0.12430833 -0.16495347
0.12441667 -0.093985069
0.124525 -0.17002008
0.12463333 -0.16814601
0.12474167 -0.16875146
0.12485 -0.15372961
0.12495833 -0.036535289
0.12506667 0.100815
0.125175 0.12772503
0.12528333 0.16867779
0.12539167 0.14438936
0.1255 0.13202565
0.12560833 0.11359938
0.12571667 0.044557142
0.125825 0.001610952
0.12593333 -0.077300923
0.12604167 -0.16026054
0.12615 -0.25544387
0.12625833 -0.33981446
0.12636667 -0.39484087
0.126475 -0.42945537
0.12658333 -0.37270691
0.12669167 -0.26877092
0.1268 -0.18863734
0.12690833 -0.15772527
0.12701667 -0.15515956
0.127125 -0.15971944
0.12723333 -0.19497588
0.12734167 -0.25691074
0.12745 -0.26839978
0.12755833 -0.25662086
0.12766667 -0.15980444
0.127775 -0.056197151
0.12788333 0.033137769
0.12799167 0.060658517
0.1281 0.030768763
0.12820833 0.019332491
0.12831667 -0.045253999
0.128425 -0.070345273
0.12853333 -0.085498931
0.12864167 -0.095889348
0.12875 -0.15671517
0.12885833 -0.18289061
0.12896667 -0.26367743
0.129075 -0.19884366
0.12918333 -0.17281137
0.12929167 -0.088960365
0.1294 -0.069260157
0.12950833 -0.063778127
0.12961667 -0.068078806
0.129725 -0.096994222
0.12983333 -0.1704371
0.12994167 -0.1720704
0.13005 -0.17669113
0.13015833 -0.13552617
0.13026667 -0.00027152606
0.130375 0.12865586
0.13048333 0.19925969
0.13059167 0.20719833
0.1307 0.20849806
0.13080833 0.17117885
0.13091667 0.12146989
0.131025 0.030487785
0.13113333 -0.070683195
0.13124167 -0.16797456
0.13135 -0.28722785
0.13145833 -0.39520964
0.13156667 -0.47577745
0.131675 -0.45316254
0.13178333 -0.35432049
0.13189167 -0.21204573
0.132 -0.1597879
0.13210833 -0.085123539
0.13221667 -0.11343766
0.132325 -0.16686069
0.13243333 -0.16215032
0.13254167 -0.17173867
0.13265 -0.17293989
0.13275833 -0.15419902
0.13286667 -0.064145502
0.132975 0.092224231
0.13308333 0.13191119
0.13319167 0.20973332
0.1333 0.22524547
0.13340833 0.20906945
0.13351667 0.12868662
0.133625 0.09980123
0.13373333 -0.059210061
0.13384167 -0.096341108
0.13395 -0.24499207
0.13405833 -0.29793321
0.13416667 -0.37081357
0.134275 -0.29616976
0.13438333 -0.19187854
0.13449167 -0.08425978
0.1346 -0.060524264
0.13470833 -0.06296528
0.13481667 -0.07705095
0.134925 -0.12459613
0.13503333 -0.18447141
0.13514167 -0.19715453
0.13525 -0.07472564
0.13535833 0.11553989
0.13546667 0.22903362
0.135575 0.32657169
0.13568333 0.37332624
0.13579167 0.39956699
0.1359 0.3758003
0.13600833 0.33500081
0.13611667 0.26461434
0.136225 0.12672283
0.13633333 0.0024331584
0.13644167 -0.1643333
0.13655 -0.29378311
0.13665833 -0.37831518
0.13676667 -0.37566081
0.136875 -0.27466105
0.13698333 -0.17471715
0.13709167 -0.086309644
0.1372 -0.070066733
0.13730833 -0.078000358
0.13741667 -0.10117073
0.137525 -0.26557775
0.13763333 -0.35182316
0.13774167 -0.36263669
0.13785 -0.271937
0.13795833 -0.073026838
0.13806667 0.10382021
0.138175 0.14135221
0.13828333 0.17852593
0.13839167 0.16444861
0.1385 0.12043946
0.13860833 0.060740983
0.13871667 -0.048590294
0.138825 -0.15221046
0.13893333 -0.20919324
0.13904167 -0.27287912
0.13915 -0.25251248
0.13925833 -0.17902511
0.13936667 -0.086985606
0.139475 0.0071061377
0.13958333 0.055201526
0.13969167 0.043996091
0.1398 0.0086717796
0.13990833 -0.081163219
0.14001667 -0.17429772
0.140125 -0.19907443
0.14023333 -0.1719689
0.14034167 -0.043911055
0.14045 0.16638213
0.14055833 0.40599376
0.14066667 0.51355676
0.140775 0.54505007
0.14088333 0.54092069
0.14099167 0.51263211
0.1411 0.39390498
0.14120833 0.21505963
0.14131667 0.0052303515
0.141425 -0.19049388
0.14153333 -0.3536164
0.14164167 -0.35182337
0.14175 -0.2741229
0.14185833 -0.17600479
0.14196667 -0.057310758
0.142075 0.079792636
0.14218333 0.088613545
0.14229167 0.019470512
0.1424 -0.097121577
0.14250833 -0.28615264
0.14261667 -0.37554597
0.142725 -0.27789446
0.14283333 -0.080563109
0.14294167 0.11040123
0.14305 0.24550708
0.14315833 0.33303337
0.14326667 0.36410268
0.143375 0.34582534
0.14348333 0.30018204
0.14359167 0.20324877
0.1437 0.025534292
0.14380833 -0.089166514
0.14391667 -0.17376842
0.144025 -0.18884326
0.14413333 -0.085912285
0.14424167 0.025376978
0.14435 0.22369992
0.14445833 0.33534207
0.14456667 0.36035054
0.144675 0.31651842
0.14478333 0.21358929
0.14489167 0.11400571
0.145 0.082704466
0.14510833 0.099440076
0.14521667 0.220198
0.145325 0.59375661
0.14543333 0.75229674
0.14554167 0.90189885
0.14565 0.91802325
0.14575833 0.89396565
0.14586667 0.79427594
0.145975 0.64189822
0.14608333 0.44875768
0.14619167 0.20674063
0.1463 -0.061167375
0.14640833 -0.12381207
0.14651667 -0.096010368
0.146625 -0.028974986
0.14673333 0.20164327
0.14684167 0.40600537
0.14695 0.50201075
0.14705833 0.49584485
0.14716667 0.382984
0.147275 0.12183558
0.14738333 0.016540269
0.14749167 -0.062055889
0.1476 -0.023439722
0.14770833 0.17607252
0.14781667 0.39798229
0.147925 0.54277368
0.14803333 0.62659384
0.14814167 0.67277358
0.14825 0.62692715
0.14835833 0.545523
0.14846667 0.41257894
0.148575 0.27084253
0.14868333 0.17595669
0.14879167 0.039468458
0.1489 0.042288861
0.14900833 0.25346039
0.14911667 0.50103421
0.149225 0.68512411
0.14933333 0.69291063
0.14944167 0.61390098
0.14955 0.52662061
0.14965833 0.46068938
0.14976667 0.35720023
0.149875 0.23247893
0.14998333 0.4080074
0.15009167 0.80934846
0.1502 1.0001798
0.15030833 1.0524028
0.15041667 1.108411
0.150525 1.1002129
0.15063333 1.0201513
0.15074167 0.90050598
0.15085 0.7122243
0.15095833 0.49338539
0.15106667 0.28046757
0.151175 0.1329263
0.15128333 0.12699199
0.15139167 0.30234795
0.1515 0.50542147
0.15160833 0.88577699
0.15171667 0.89507871
0.151825 0.79304762
0.15193333 0.62880561
0.15204167 0.43273485
0.15215 0.36696298
0.15225833 0.21710825
0.15236667 0.11363509
0.152475 0.32620046
0.15258333 0.61656846
0.15269167 0.80608827
0.1528 0.84739659
0.15290833 0.85257278
0.15301667 0.80608268
0.153125 0.65180916
0.15323333 0.42291148
0.15334167 0.17105366
0.15345 0.026177832
0.15355833 0.093397096
0.15366667 0.18036179
0.153775 0.33015703
0.15388333 0.52318415
0.15399167 0.61225033
0.1541 0.597756
0.15420833 0.5180446
0.15431667 0.41319352
0.154425 0.31289485
0.15453333 0.29682443
0.15464167 0.40730328
0.15475 0.6314723
0.15485833 0.81413988
0.15496667 0.92216268
0.155075 0.99017812
0.15518333 0.98636051
0.15529167 0.88396937
0.1554 0.69401096
0.15550833 0.46147797
0.15561667 0.24240018
0.155725 0.13081605
0.15583333 0.12217711
0.15594167 0.16322988
0.15605 0.22933659
0.15615833 0.35248098
0.15626667 0.4872711
0.156375 0.43225681
0.15648333 0.33536494
0.15659167 0.20464454
0.1567 0.09595015
0.15680833 0.021811672
0.15691667 0.0022652356
0.157025 0.10584187
0.15713333 0.21408345
0.15724167 0.3790056
0.15735 0.48717759
0.15745833 0.50288223
0.15756667 0.4389855
0.157675 0.31500804
0.15778333 0.13470428
0.15789167 -0.015999371
0.158 -0.094609494
0.15810833 -0.11351187
0.15821667 -0.1606848
0.158325 -0.16354751
0.15843333 -0.17493777
0.15854167 -0.17391517
0.15865 -0.16879198
0.15875833 -0.18745834
0.15886667 -0.2200004
0.158975 -0.16508099
0.15908333 -0.06426267
0.15919167 0.11171372
0.1593 0.2489631
0.15940833 0.35819169
0.15951667 0.40738442
0.159625 0.40732693
0.15973333 0.36912394
0.15984167 0.27786942
0.15995 0.12045574
0.16005833 -0.030623667
0.16016667 -0.16300097
0.160275 -0.26495954
0.16038333 -0.27261167
0.16049167 -0.27122458
0.1606 -0.27415447
0.16070833 -0.28328726
0.16081667 -0.2662904
0.160925 -0.26212995
0.16103333 -0.26861135
0.16114167 -0.2835065
0.16125 -0.30705987
0.16135833 -0.27899316
0.16146667 -0.18487285
0.161575 -0.054748599
0.16168333 0.056061882
0.16179167 0.099782349
0.1619 0.10841748
0.16200833 0.099609384
0.16211667 0.025803216
0.162225 -0.081489902
0.16233333 -0.17394265
0.16244167 -0.25792274
0.16255 -0.34830232
0.16265833 -0.39991354
0.16276667 -0.4661814
0.162875 -0.48087236
0.16298333 -0.47406039
0.16309167 -0.40308947
0.1632 -0.30714549
0.16330833 -0.25483798
0.16341667 -0.17333953
0.163525 -0.085588388
0.16363333 -0.069395724
0.16374167 0.0088579084
0.16385 0.03280444
0.16395833 0.093893591
0.16406667 0.11239066
0.164175 0.11998962
0.16428333 0.10676171
0.16439167 0.10760238
0.1645 0.097516014
0.16460833 0.04917222
0.16471667 0.012914928
0.164825 -0.00040741026
0.16493333 -0.070055991
0.16504167 -0.084426189
0.16515 -0.098501785
0.16525833 -0.16917097
0.16536667 -0.1823596
0.165475 -0.176575
0.16558333 -0.17850632
0.16569167 -0.17785635
0.1658 -0.17720094
0.16590833 -0.18651384
0.16601667 -0.18378772
0.166125 -0.19095053
0.16623333 -0.26264951
0.16634167 -0.27894557
0.16645 -0.19985589
0.16655833 -0.092111718
0.16666667 0.027768025
0.166775 0.15897685
0.16688333 0.22606625
0.16699167 0.2991356
0.1671 0.2942937
0.16720833 0.23264087
0.16731667 0.20277789
0.167425 0.099313951
0.16753333 -0.0011149104
0.16764167 -0.10645178
0.16775 -0.26496781
0.16785833 -0.29089151
0.16796667 -0.27703812
0.168075 -0.092938106
0.16818333 0.01020435
0.16829167 0.10575932
0.1684 0.099879205
0.16850833 0.063585675
0.16861667 0.00013588288
0.168725 -0.069795788
0.16883333 -0.066850647
0.16894167 -0.00052300722
0.16905 0.041506872
0.16915833 0.19327474
0.16926667 0.22187837
0.169375 0.29586123
0.16948333 0.2972417
0.16959167 0.21291822
0.1697 0.19111489
0.16980833 0.092250986
0.16991667 -0.0069818845
0.170025 -0.096569875
0.17013333 -0.12113482
0.17024167 -0.16987098
0.17035 -0.1074952
0.17045833 -0.083495189
0.17056667 -0.07811583
0.170675 -0.085032747
0.17078333 -0.093110737
0.17089167 -0.094541365
0.171 -0.091093561
0.17110833 -0.022841879
0.17121667 0.098588378
0.171325 0.20097844
0.17143333 0.23456542
0.17154167 0.28389164
0.17165 0.24111807
0.17175833 0.18866389
0.17186667 0.070551206
0.171975 -0.07224605
0.17208333 -0.18204873
0.17219167 -0.27191567
0.1723 -0.29135966
0.17240833 -0.27559622
0.17251667 -0.2063075
0.172625 -0.19044246
0.17273333 -0.18581142
0.17284167 -0.20003278
0.17295 -0.25470599
0.17305833 -0.276504
0.17316667 -0.27698121
0.173275 -0.25486512
0.17338333 -0.1791704
0.17349167 -0.071869453
0.1736 0.04409246
0.17370833 0.10174011
0.17381667 0.11598095
0.173925 0.11260742
0.17403333 0.095928143
0.17414167 0.053186815
0.17425 -0.0064355592
0.17435833 -0.077337714
0.17446667 -0.093043483
0.174575 -0.1487732
0.17468333 -0.18005324
0.17479167 -0.20611564
0.1749 -0.25256242
0.17500833 -0.26996428
0.17511667 -0.27636013
0.175225 -0.27373779
0.17533333 -0.26875881
0.17544167 -0.23448487
0.17555 -0.19765319
0.17565833 -0.17808602
0.17576667 -0.11218702
0.175875 -0.093996939
0.17598333 -0.090778387
0.17609167 -0.082794634
0.1762 -0.094319634
0.17630833 -0.098310548
0.17641667 -0.091984641
0.176525 -0.093307391
0.17663333 -0.1065883
0.17674167 -0.139166
0.17685 -0.1751424
0.17695833 -0.18712984
0.17706667 -0.26209921
0.177175 -0.28743992
0.17728333 -0.31664271
0.17739167 -0.31731237
0.1775 -0.29645597
0.17760833 -0.26832112
0.17771667 -0.19111084
0.177825 -0.18116224
0.17793333 -0.16678175
0.17804167 -0.10588547
0.17815 -0.10214441
0.17825833 -0.082051681
0.17836667 0.011186631
0.178475 0.098161971
0.17858333 0.11585957
0.17869167 0.11943239
0.1788 0.14162429
0.17890833 0.12464015
0.17901667 0.099440537
0.179125 0.026991825
0.17923333 -0.047408809
0.17934167 -0.12011125
0.17945 -0.20162318
0.17955833 -0.20758178
0.17966667 -0.17141477
0.179775 -0.042545671
0.17988333 -0.0074999103
0.17999167 -0.0038040557
0.1801 -0.07279169
0.18020833 -0.097145911
0.18031667 -0.19175016
0.180425 -0.28788946
0.18053333 -0.29004079
0.18064167 -0.30050146
0.18075 -0.29879193
0.18085833 -0.2749533
0.18096667 -0.22244462
0.181075 -0.19770009
0.18118333 -0.17377449
0.18129167 -0.16613026
0.1814 -0.11402251
0.18150833 -0.10911132
0.18161667 -0.12388971
0.181725 -0.10982854
0.18183333 -0.12788632
0.18194167 -0.17986398
0.18205 -0.19621813
0.18215833 -0.20821559
0.18226667 -0.21342167
0.182375 -0.22863716
0.18248333 -0.20688845
0.18259167 -0.19373378
0.1827 -0.11014917
0.18280833 -0.086493475
0.18291667 -0.075444638
0.183025 -0.035623922
0.18313333 0.0028168836
0.18324167 0.012750388
0.18335 -0.011441624
0.18345833 -0.070706187
0.18356667 -0.069828691
0.183675 -0.045523917
0.18378333 -0.055351598
0.18389167 -0.026036266
0.184 0.0065792887
0.18410834 0.016105841
0.18421666 0.006907342
0.184325 -0.0080858534
0.18443334 -0.078999532
0.18454166 -0.10125199
0.18465 -0.17575787
0.18475834 -0.19242468
0.18486666 -0.21089128
0.184975 -0.20806639
0.18508334 -0.21364794
0.18519166 -0.19973709
0.1853 -0.16916919
0.18540834 -0.084837378
0.18551666 -0.0081272634
0.185625 0.020598375
0.18573334 0.080071036
0.18584166 0.066286506
0.18595 0.027885462
0.18605834 0.017534944
0.18616666 -0.0076477826
0.186275 -0.09187868
0.18638334 -0.12085101
0.18649166 -0.19267713
0.1866 -0.28713063
0.18670834 -0.3267504
0.18681666 -0.30360747
0.186925 -0.1979453
0.18703334 -0.09978097
0.18714166 -0.081687337
0.18725 -0.077371766
0.18735834 -0.068564513
0.18746666 -0.038351297
0.187575 -0.012826922
0.18768334 0.010528099
0.18779166 0.10919246
0.1879 0.20362141
0.18800834 0.21211856
0.18811666 0.21076323
0.188225 0.18763584
0.18833334 0.097342729
0.18844166 0.020096684
0.18855 -0.0052756537
0.18865834 -0.087237844
0.18876666 -0.087867569
0.188875 -0.094567169
0.18898334 -0.098373172
0.18909166 -0.11256032
0.1892 -0.17426375
0.18930834 -0.23102358
0.18941666 -0.29429569
0.189525 -0.30844283
0.18963334 -0.31374758
0.18974166 -0.30282935
0.18985 -0.2734022
0.18995834 -0.20494554
0.19006666 -0.18663205
0.190175 -0.10171075
0.19028334 -0.10234046
0.19039166 -0.10908382
0.1905 -0.14443227
0.19060834 -0.12863416
0.19071666 -0.17776288
0.190825 -0.19167998
0.19093334 -0.17274897
0.19104166 -0.10083955
0.19115 -0.094828612
0.19125834 -0.078270978
0.19136666 -0.010690778
0.191475 -0.012347518
0.19158334 -0.073147826
0.19169166 -0.089117092
0.1918 -0.10395483
0.19190834 -0.11245035
0.19201666 -0.10799169
0.192125 -0.09802397
0.19223334 -0.08735552
0.19234166 -0.012605714
0.19245 0.063730957
0.19255834 0.11083194
0.19266666 0.12811548
0.192775 0.1248288
0.19288334 0.1012685
0.19299166 0.016121504
0.1931 -0.028739431
0.19320834 -0.090706606
0.19331666 -0.11420718
0.193425 -0.17217668
0.19353334 -0.20145545
0.19364166 -0.24479965
0.19375 -0.2928661
0.19385834 -0.30067337
0.19396666 -0.29105741
0.194075 -0.24651555
0.19418334 -0.22787142
0.19429166 -0.20692397
0.1944 -0.20001194
0.19450834 -0.18875567
0.19461666 -0.11877879
0.194725 -0.095770112
0.19483334 -0.00088648204
0.19494166 0.084219046
0.19505 0.10340305
0.19515834 0.092447345
0.19526666 0.0042303835
0.195375 -0.0803072
0.19548334 -0.10206862
0.19559166 -0.13243358
0.1957 -0.18019751
0.19580834 -0.115611
0.19591666 -0.10602441
0.196025 -0.10248324
0.19613334 -0.10923149
0.19624166 -0.1120589
0.19635 -0.1836968
0.19645834 -0.20507701
0.19656666 -0.22419895
0.196675 -0.2060116
0.19678334 -0.20480308
0.19689166 -0.18342166
0.197 -0.11947737
0.19710834 -0.10355583
0.19721666 -0.1055054
0.197325 -0.11178001
0.19743334 -0.17437878
0.19754166 -0.17986807
0.19765 -0.17926139
0.19775834 -0.18082648
0.19786666 -0.19412679
0.197975 -0.11779568
0.19808334 -0.11178862
0.19819166 -0.10292467
0.1983 -0.090419498
0.19840834 -0.081918121
0.19851666 -0.075024053
0.198625 -0.0795565
0.19873334 -0.08844312
0.19884166 -0.10158762
0.19895 -0.10257493
0.19905834 -0.10003119
0.19916666 -0.092576299
0.199275 -0.084804186
0.19938334 -0.08509073
0.19949166 -0.080878783
0.1996 -0.017591854
0.19970834 -0.012881323
0.19981666 -0.020184253
0.199925 -0.073735168
0.20003334 -0.089867855
0.20014166 -0.098774064
0.20025 -0.11743591
0.20035834 -0.19139303
0.20046666 -0.20989102
0.200575 -0.24310916
0.20068334 -0.20904684
0.20079166 -0.19269662
0.2009 -0.17899778
0.20100834 -0.11771133
0.20111666 -0.17117193
0.201225 -0.185468
0.20133334 -0.20182475
0.20144166 -0.27368405
0.20155 -0.3005312
0.20165834 -0.31880261
0.20176666 -0.31186649
0.201875 -0.27534761
0.20198334 -0.18935689
0.20209166 -0.10649534
0.2022 -0.093325701
0.20230834 -0.094271464
0.20241666 -0.089931535
0.202525 -0.080516445
0.20263334 -0.091181688
0.20274166 -0.088005379
0.20285 -0.087634327
0.20295834 -0.093993097
0.20306666 -0.10187844
0.203175 -0.15418494
0.20328334 -0.18938272
0.20339166 -0.20624574
0.2035 -0.21003938
0.20360834 -0.20723223
0.20371666 -0.20804578
0.203825 -0.17332303
0.20393334 -0.10527024
0.20404166 -0.097231506
0.20415 -0.093890218
0.20425834 -0.097456364
0.20436666 -0.093070385
0.204475 -0.017484365
0.20458334 0.015993642
0.20469166 0.089190045
0.2048 0.064957278
0.20490834 0.0036858318
0.20501666 -0.077393278
0.205125 -0.10035641
0.20523334 -0.10959674
0.20534166 -0.11648101
0.20545 -0.10818993
0.20555834 -0.11172002
0.20566666 -0.10711901
0.205775 -0.1083606
0.20588334 -0.11765307
0.20599166 -0.17702279
0.2061 -0.1898649
0.20620834 -0.20079964
0.20631666 -0.22090051
0.206425 -0.27693518
0.20653334 -0.28502729
0.20664166 -0.28618118
0.20675 -0.27638575
0.20685834 -0.22163674
0.20696666 -0.21207781
0.207075 -0.19200557
0.20718334 -0.16692721
0.20729166 -0.12139463
0.2074 -0.15143878
0.20750834 -0.1206677
0.20761666 -0.11600969
0.207725 -0.10049522
0.20783334 -0.076970456
0.20794166 -0.0060602825
0.20805 0.0048476521
0.20815834 0.028835902
0.20826666 0.029958149
0.208375 0.007998577
0.20848334 -0.0033921173
0.20859166 -0.0091126437
0.2087 -0.054125843
0.20880834 -0.047119606
0.20891666 -0.042012148
0.209025 -0.03313847
0.20913334 -0.079923186
0.20924166 -0.082281973
0.20935 -0.089788626
0.20945834 -0.1029855
0.20956666 -0.10681854
0.209675 -0.12215643
0.20978334 -0.18032663
0.20989166 -0.20269876
0.21 -0.21209
0.21010834 -0.20753035
0.21021666 -0.20121056
0.210325 -0.19372374
0.21043334 -0.20466364
0.21054166 -0.19562775
0.21065 -0.20169111
0.21075834 -0.21332846
0.21086666 -0.22205674
0.210975 -0.21599854
0.21108334 -0.22436859
0.21119166 -0.23584592
0.2113 -0.19299696
0.21140834 -0.096252201
0.21151666 -0.025473654
0.211625 0.035659582
0.21173334 0.087992979
0.21184166 0.097790611
0.21195 0.090036035
0.21205834 0.0816207
0.21216666 0.020804888
0.212275 -0.0012763632
0.21238334 -0.077875444
0.21249166 -0.098326242
0.2126 -0.10667842
0.21270834 -0.17040459
0.21281666 -0.18173933
0.212925 -0.19075456
0.21303334 -0.1966552
0.21314166 -0.19408369
0.21325 -0.18570871
0.21335834 -0.11802306
0.21346666 -0.10947008
0.213575 -0.11784349
0.21368334 -0.18666818
0.21379166 -0.19073299
0.2139 -0.19718114
0.21400834 -0.1217769
0.21411666 -0.11217412
0.214225 -0.10283934
0.21433334 -0.101756
0.21444166 -0.10736871
0.21455 -0.10633395
0.21465834 -0.10645947
0.21476666 -0.096996641
0.214875 -0.078027344
0.21498334 -0.018810597
0.21509166 -0.023604135
0.2152 -0.023518754
0.21530834 -0.085495367
0.21541666 -0.10198734
0.215525 -0.11213229
0.21563334 -0.18511035
0.21574166 -0.21538448
0.21585 -0.28849306
0.21595834 -0.30572578
0.21606666 -0.31021264
0.216175 -0.26845945
0.21628334 -0.22565911
0.21639166 -0.20343751
0.2165 -0.20155021
0.21660834 -0.20080759
0.21671666 -0.20238187
0.216825 -0.22207363
0.21693334 -0.24853946
0.21704166 -0.22511234
0.21715 -0.27713389
0.21725834 -0.22179639
0.21736666 -0.19826493
0.217475 -0.11827044
0.21758334 -0.10538421
0.21769166 -0.092970767
0.2178 -0.015958063
0.21790834 -0.0057534313
0.21801666 -0.0018060787
0.218125 -0.018360274
0.21823334 -0.082157751
0.21834166 -0.1047916
0.21845 -0.11143585
0.21855834 -0.18108913
0.21866666 -0.20131859
0.218775 -0.22135658
0.21888334 -0.25446141
0.21899166 -0.24612244
0.2191 -0.26059094
0.21920834 -0.27723951
0.21931666 -0.2507712
0.219425 -0.19323385
0.21953334 -0.18396328
0.21964166 -0.1290598
0.21975 -0.14219351
0.21985834 -0.12539399
0.21996666 -0.18734566
0.220075 -0.18579424
0.22018334 -0.19149798
0.22029166 -0.1939981
0.2204 -0.19604703
0.22050834 -0.20606399
0.22061666 -0.21209947
0.220725 -0.19126804
0.22083334 -0.11733037
0.22094166 -0.090488494
0.22105 -0.086626199
0.22115834 -0.041356409
0.22126666 -0.039332291
0.221375 -0.082561639
0.22148334 -0.098127054
0.22159166 -0.12019612
0.2217 -0.19411178
0.22180834 -0.22588507
0.22191666 -0.2992852
0.222025 -0.32471781
0.22213334 -0.38598567
0.22224166 -0.38023853
0.22235 -0.31080894
0.22245834 -0.27868557
0.22256666 -0.20393217
0.222675 -0.18355275
0.22278334 -0.12237128
0.22289166 -0.11347372
0.223 -0.11312281
0.22310834 -0.11133581
0.22321666 -0.10141871
0.223325 -0.087741605
0.22343334 -0.038764617
0.22354166 -0.0080894524
0.22365 0.0090340922
0.22375834 0.069191891
0.22386666 0.040528172
0.223975 0.0022887731
0.22408334 -0.0074416262
0.22419166 -0.084483723
0.2243 -0.10580053
0.22440834 -0.1255207
0.22451666 -0.21629931
0.224625 -0.30282565
0.22473334 -0.30841006
0.22484166 -0.32683915
0.22495 -0.36262172
0.22505834 -0.34867953
0.22516666 -0.30080721
0.225275 -0.2721349
0.22538334 -0.22029302
0.22549166 -0.2153735
0.2256 -0.21856924
0.22570834 -0.23348376
0.22581666 -0.21831904
0.225925 -0.20105562
0.22603334 -0.12471809
0.22614166 -0.098451687
0.22625 -0.018788792
0.22635834 -0.003595664
0.22646666 0.0015596707
0.226575 0.051731792
0.22668334 0.061381537
0.22679166 0.0086802166
0.2269 -0.011577602
0.22700834 -0.017792271
0.22711666 -0.089985288
0.227225 -0.10721627
0.22733334 -0.17899437
0.22744166 -0.20350403
0.22755 -0.26533912
0.22765834 -0.29229769
0.22776666 -0.30260116
0.227875 -0.2918276
0.22798334 -0.27193511
0.22809166 -0.19681683
0.2282 -0.11880171
0.22830834 -0.11303841
0.22841666 -0.12152218
0.228525 -0.15267353
0.22863334 -0.13794482
0.22874166 -0.18353518
0.22885 -0.12668983
0.22895834 -0.18459208
0.22906666 -0.12621145
0.229175 -0.10960364
0.22928334 -0.10212313
0.22939166 -0.083147442
0.2295 0.010573144
0.22960834 0.10136871
0.22971666 0.10080157
0.229825 0.097738227
0.22993334 0.069618106
0.23004166 0.0021176966
0.23015 -0.09445625
0.23025834 -0.18451905
0.23036666 -0.26591852
0.230475 -0.36894278
0.23058334 -0.40347615
0.23069166 -0.41850513
0.2308 -0.42265716
0.23090834 -0.40616737
0.23101666 -0.31931283
0.231125 -0.21752537
0.23123334 -0.21090156
0.23134166 -0.22336739
0.23145 -0.21505077
0.23155834 -0.21653111
0.23166666 -0.21377126
0.231775 -0.20855289
0.23188334 -0.2031899
0.23199166 -0.12068808
0.2321 -0.093224239
0.23220834 -0.027225038
0.23231666 0.072664871
0.232425 0.098276793
0.23253334 0.12649147
0.23264166 0.11388414
0.23275 0.09913944
0.23285834 0.075945576
0.23296666 -0.0089829214
0.233075 -0.083696379
0.23318334 -0.11959016
0.23329166 -0.20502426
0.2334 -0.27130261
0.23350834 -0.30261771
0.23361666 -0.31572816
0.233725 -0.29575511
0.23383334 -0.21242691
0.23394166 -0.12039285
0.23405 -0.11033258
0.23415834 -0.11289508
0.23426666 -0.12676246
0.234375 -0.20460368
0.23448334 -0.21664423
0.23459166 -0.25681086
0.2347 -0.2882017
0.23480834 -0.22879164
0.23491666 -0.21734952
0.235025 -0.18805974
0.23513334 -0.10210757
0.23524166 -0.0073622381
0.23535 0.0090132706
0.23545834 0.061042125
0.23556666 0.020132722
0.235675 -0.047693289
0.23578334 -0.10377051
0.23589166 -0.12261511
0.236 -0.2122667
0.23610834 -0.30728371
0.23621666 -0.35775184
0.236325 -0.39059999
0.23643334 -0.40771268
0.23654166 -0.31972226
0.23665 -0.28562312
0.23675834 -0.12547263
0.23686666 -0.11140951
0.236975 -0.11145835
0.23708334 -0.12018925
0.23719166 -0.18754994
0.2373 -0.1920576
0.23740834 -0.19511969
0.23751666 -0.19555204
0.237625 -0.13062442
0.23773334 -0.099550273
0.23784166 0.0037993081
0.23795 0.16883489
0.23805834 0.17740046
0.23816666 0.15880468
0.238275 0.085044309
0.23838334 -0.0075128587
0.23849166 -0.10471556
0.2386 -0.20228079
0.23870834 -0.28806081
0.23881666 -0.3271786
0.238925 -0.40925116
0.23903334 -0.46979371
0.23914166 -0.42649165
0.23925 -0.38563159
0.23935834 -0.25717856
0.23946666 -0.1921845
0.239575 -0.13120721
0.23968334 -0.20944352
0.23979166 -0.22373956
0.2399 -0.29566981
0.24000834 -0.30714142
0.24011666 -0.30714523
0.240225 -0.24271766
0.24033334 -0.12234379
0.24044166 -0.016395509
0.24055 0.082574702
0.24065834 0.14308006
0.24076666 0.17592492
0.240875 0.11009592
0.24098334 0.031636287
0.24109166 -0.032327683
0.2412 -0.11064786
0.24130834 -0.18387324
0.24141666 -0.21207501
0.241525 -0.28951141
0.24163334 -0.30256634
0.24174166 -0.31485671
0.24185 -0.30047261
0.24195834 -0.20637335
0.24206666 -0.11112798
0.242175 -0.11276824
0.24228334 -0.18829438
0.24239166 -0.30641179
0.2425 -0.34235566
0.24260834 -0.37321343
0.24271666 -0.37102332
0.242825 -0.30073776
0.24293334 -0.20130767
0.24304166 -0.08832659
0.24315 0.082134616
0.24325834 0.17968494
0.24336666 0.19279153
0.243475 0.18791953
0.24358334 0.18471391
0.24369166 0.16447879
0.2438 0.080388317
0.24390834 0.0066786305
0.24401666 -0.060134584
0.244125 -0.11979979
0.24423334 -0.20536254
0.24434166 -0.28169903
0.24445 -0.3294254
0.24455834 -0.31802273
0.24466666 -0.11717911
0.244775 -0.011659526
0.24488334 0.0063918142
0.24499166 -0.037606023
0.2451 -0.11298697
0.24520834 -0.22403504
0.24531666 -0.32373872
0.245425 -0.40277171
0.24553334 -0.40085456
0.24564166 -0.31623964
0.24575 -0.15656928
0.24585834 -0.027585928
0.24596666 0.066307694
0.246075 0.087237753
0.24618334 0.086063199
0.24629166 0.034390906
0.2464 -0.049399729
0.24650834 -0.119707
0.24661666 -0.22018866
0.246725 -0.29921832
0.24683334 -0.32103379
0.24694166 -0.38832324
0.24705 -0.37171837
0.24715834 -0.37019804
0.24726666 -0.28228929
0.247375 -0.12401525
0.24748334 -0.10158502
0.24759166 -0.088615168
0.2477 -0.095994805
0.24780834 -0.11397957
0.24791666 -0.13192397
0.248025 -0.1929917
0.24813334 -0.18419454
0.24824166 -0.11303723
0.24835 -0.023526665
0.24845834 0.16667836
0.24856666 0.27971289
0.248675 0.29195438
0.24878334 0.28040491
0.24889166 0.20665489
0.249 0.11958642
0.24910834 -0.0064373491
0.24921666 -0.11255003
0.249325 -0.20384014
0.24943334 -0.29673404
0.24954166 -0.3335769
0.24965 -0.41462781
0.24975834 -0.42636151
0.24986666 -0.31342373
0.249975 -0.1272262
0.25008334 -0.10216971
0.25019166 -0.096992469
0.2503 -0.10880105
0.25040834 -0.13176757
0.25051666 -0.21430169
0.250625 -0.2479204
0.25073334 -0.25227489
0.25084166 -0.14824557
0.25095 -0.013933153
0.25105834 0.17463117
0.25116666 0.26436312
0.251275 0.31655894
0.25138334 0.28825754
0.25149166 0.22915333
0.2516 0.14375309
0.25170834 0.048003766
0.25181666 -0.08810209
0.251925 -0.12245639
0.25203334 -0.14449901
0.25214166 -0.20010664
0.25225 -0.20587167
0.25235834 -0.16261573
0.25246666 -0.10042269
0.252575 -0.015073886
0.25268334 -0.012177431
0.25279166 0.010130605
0.2529 0.091133584
0.25300834 0.062876427
0.25311666 -0.090142762
0.253225 -0.11071523
0.25333334 -0.10485499
0.25344166 0.0054370282
0.25355 0.17606402
0.25365834 0.37112344
0.25376666 0.46482385
0.253875 0.47814573
0.25398334 0.46741605
0.25409166 0.40157095
0.2542 0.36783542
0.25430834 0.2683866
0.25441666 0.093095176
0.254525 -0.0042853915
0.25463334 -0.10302341
0.25474166 -0.21238466
0.25485 -0.23367271
0.25495834 -0.12849851
0.25506666 -0.0058331443
0.255175 0.085081937
0.25528334 0.093735287
0.25539166 0.082045484
0.2555 0.023163344
0.25560834 -0.10345279
0.25571666 -0.12834263
0.255825 -0.20816831
0.25593334 -0.12487168
0.25604166 -0.0082348516
0.25615 0.16225899
0.25625834 0.26214472
0.25636666 0.28972677
0.256475 0.30749417
0.25658334 0.29977891
0.25669166 0.26757402
0.2568 0.13898909
0.25690834 0.052673473
0.25701666 -0.060115318
0.257125 -0.10492353
0.25723334 -0.1179479
0.25734166 -0.11982993
0.25745 -0.11147056
0.25755834 -0.030053978
0.25766666 0.0037962919
0.257775 0.092170492
0.25788334 0.098502079
0.25799166 0.06653582
0.2581 -0.023982495
0.25820834 -0.11826778
0.25831666 -0.1304831
0.258425 -0.11702714
0.25853334 -0.037867341
0.25864166 0.040738016
0.25875 0.15909361
0.25885834 0.26881047
0.25896666 0.31194335
0.259075 0.30018684
0.25918334 0.24319789
0.25929166 0.16534735
0.2594 0.07308206
0.25950834 -0.030034883
0.25961666 -0.11750292
0.259725 -0.13140597
0.25983334 -0.1343159
0.25994166 -0.12766731
0.26005 -0.1073846
0.26015834 -0.037258904
0.26026666 0.085585691
0.260375 0.10569907
0.26048334 0.085053816
0.26059166 0.04196004
0.2607 -0.0043478094
0.26080834 -0.022315554
0.26091666 -0.10458931
0.261025 -0.091153911
0.26113334 -0.0012618659
0.26124166 0.15017529
0.26135 0.27785407
0.26145834 0.32821581
0.26156666 0.28863973
0.261675 0.19682647
0.26178334 0.11584068
0.26189166 0.023932791
0.262 -0.039011978
0.26210834 -0.10967621
0.26221666 -0.11870064
0.262325 -0.1166317
0.26243334 -0.12608695
0.26254166 -0.11318847
0.26265 -0.097710727
0.26275834 -0.016315171
0.26286666 0.098435863
0.262975 0.16493398
0.26308334 0.084036689
0.26319166 -0.0010572719
0.2633 -0.038344315
0.26340834 -0.054594223
0.26351666 -0.004340296
0.263625 0.14377384
0.26373334 0.26412865
0.26384166 0.38597011
0.26395 0.46125938
0.26405834 0.38037878
0.26416666 0.28949929
0.264275 0.19358153
0.26438334 0.09607171
0.26449166 -0.0065614383
0.2646 -0.1087307
0.26470834 -0.19750713
0.26481666 -0.21361871
0.264925 -0.21372066
0.26503334 -0.133502
0.26514166 -0.10089646
0.26525 -0.079352716
0.26535834 0.066054715
0.26546666 0.097179471
0.265575 0.077962298
0.26568334 -0.011000802
0.26579166 -0.11927758
0.2659 -0.12088838
0.26600834 -0.023333605
0.26611666 0.20106771
0.266225 0.42093656
0.26633334 0.48667869
0.26644166 0.49304329
0.26655 0.46065403
0.26665834 0.37757365
0.26676666 0.28859971
0.266875 0.17792105
0.26698334 0.068924257
0.26709166 -0.099125198
0.2672 -0.13601581
0.26730834 -0.13156349
0.26741666 -0.10146455
0.267525 0.00059050044
0.26763334 0.1201681
0.26774166 0.26728481
0.26785 0.2779244
0.26795834 0.25944653
0.26806666 0.16391187
0.268175 0.062350038
0.26828334 -0.037128497
0.26839166 -0.10223907
0.2685 0.088727691
0.26860834 0.45842597
0.26871666 0.56254536
0.268825 0.58445444
0.26893334 0.5032366
0.26904166 0.40107849
0.26915 0.28959337
0.26925834 0.21519097
0.26936666 0.13353814
0.269475 0.043433022
0.26958334 -0.10255683
0.26969166 -0.22412761
0.2698 -0.11210954
0.26990834 -0.013327798
0.27001666 0.075546278
0.270125 0.15720282
0.27023334 0.2194777
0.27034166 0.23920768
0.27045 0.17946277
0.27055834 0.1033132
0.27066666 0.07191354
0.270775 0.073275724
0.27088334 0.092242953
0.27099166 0.26862459
0.2711 0.49031892
0.27120834 0.5852359
0.27131666 0.59240441
0.271425 0.55102467
0.27153334 0.45416784
0.27164166 0.35675737
0.27175 0.28032987
0.27185834 0.20869101
0.27196666 0.10650343
0.272075 -0.009450197
0.27218334 -0.026622856
0.27229166 -0.016735947
0.2724 0.17660943
0.27250834 0.23779699
0.27261666 0.2451906
0.272725 0.23753948
0.27283334 0.17986877
0.27294166 0.10573583
0.27305 0.088779778
0.27315834 0.11583818
0.27326666 0.079650869
0.273375 0.16559621
0.27348334 0.460179
0.27359166 0.56745866
0.2737 0.60211105
0.27380834 0.55431914
0.27391666 0.49362104
0.274025 0.4571019
0.27413334 0.39430827
0.27424166 0.3386006
0.27435 0.27126981
0.27445834 0.11778213
0.27456666 0.0043815856
0.274675 0.18155526
0.27478334 0.21054032
0.27489166 0.24768475
0.275 0.22119674
0.27510834 0.26063167
0.27521666 0.31662338
0.275325 0.35942751
0.27543334 0.35110404
0.27554166 0.31844616
0.27565 0.14955373
0.27575834 0.091432766
0.27586666 0.40427224
0.275975 0.56167452
0.27608334 0.57025541
0.27619166 0.51513962
0.2763 0.46263344
0.27640834 0.44349879
0.27651666 0.4121593
0.276625 0.37926119
0.27673334 0.3345713
0.27684166 0.23468403
0.27695 0.17388022
0.27705834 0.19830327
0.27716666 0.17341289
0.277275 0.15747993
0.27738334 0.16800634
0.27749166 0.32828277
0.2776 0.38278533
0.27770834 0.42834749
0.27781666 0.46107607
0.277925 0.41736505
0.27803334 0.13178254
0.27814166 0.27042978
0.27825 0.58809774
0.27835834 0.70711239
0.27846666 0.73073786
0.278575 0.6789871
0.27868334 0.61553658
0.27879166 0.56929049
0.2789 0.53990548
0.27900834 0.50344075
0.27911666 0.47586129
0.279225 0.32332093
0.27933334 0.087433114
0.27944166 -0.098959227
0.27955 -0.20178843
0.27965834 -0.10758721
0.27976666 0.083453339
0.279875 0.27547346
0.27998334 0.35669863
0.28009166 0.36191006
0.2802 0.35614896
0.28030834 0.28817084
0.28041666 0.059760373
0.280525 0.46304511
0.28063334 0.6829041
0.28074166 0.78114016
0.28085 0.81172032
0.28095834 0.76353659
0.28106666 0.6993978
0.281175 0.64690995
0.28128334 0.6030009
0.28139166 0.59427514
0.2815 0.55212918
0.28160834 0.41666073
0.28171666 0.26058461
0.281825 0.12915261
0.28193334 -0.020574346
0.28204166 -0.088333088
0.28215 0.085017453
0.28225834 0.19542723
0.28236666 0.296906
0.282475 0.29003812
0.28258334 0.30127909
0.28269166 0.20638782
0.2828 -0.0014712034
0.28290834 0.3918534
0.28301666 0.57832858
0.283125 0.67453202
0.28323334 0.69573954
0.28334166 0.66928347
0.28345 0.64989086
0.28355834 0.6503579
0.28366666 0.67503301
0.283775 0.68499843
0.28388334 0.68498657
0.28399166 0.62593458
0.2841 0.38032642
0.28420834 0.13458825
0.28431666 -0.11175137
0.284425 -0.019075511
0.28453334 0.17099206
0.28464166 0.39258308
0.28475 0.39015288
0.28485834 0.34513816
0.28496666 0.25681241
0.285075 0.082207403
0.28518334 0.12728069
0.28529166 0.44947953
0.2854 0.56648825
0.28550834 0.64742678
0.28561666 0.64725339
0.285725 0.59099179
0.28583334 0.55193725
0.28594166 0.54344341
0.28605 0.56284947
0.28615834 0.51772052
0.28626666 0.47105845
0.286375 0.29613695
0.28648334 0.07919388
0.28659166 0.033025019
0.2867 0.034983621
0.28680834 0.18680466
0.28691666 0.38060296
0.287025 0.48777518
0.28713334 0.39310045
0.28724166 0.36944547
0.28735 0.26232105
0.28745834 -0.037696488
0.28756666 0.17130718
0.287675 0.5871372
0.28778334 0.68653685
0.28789166 0.76002419
0.288 0.75110618
0.28810834 0.68187647
0.28821666 0.60140886
0.288325 0.556704
0.28843334 0.47554059
0.28854166 0.3860145
0.28865 0.29345108
0.28875834 0.11961633
0.28886666 -0.03418892
0.288975 0.049535017
0.28908334 0.26535228
0.28919166 0.4896751
0.2893 0.49383648
0.28940834 0.48125256
0.28951666 0.36642466
0.289625 0.22769088
0.28973334 0.093647635
0.28984166 0.078340303
0.28995 0.39527359
0.29005834 0.67885083
0.29016666 0.83076648
0.290275 0.8904731
0.29038334 0.87834928
0.29049166 0.82634115
0.2906 0.70724642
0.29070834 0.52099839
0.29081666 0.34183279
0.290925 0.17193635
0.29103334 0.043576879
0.29114166 -0.04232071
0.29125 0.066913065
0.29135834 0.28689756
0.29146666 0.3767638
0.291575 0.45180521
0.29168334 0.37870235
0.29179166 0.2532112
0.2919 0.080471078
0.29200834 0.025033155
0.29211666 -0.031028044
0.292225 0.071532454
0.29233334 0.39544934
0.29244166 0.77275975
0.29255 0.95670488
0.29265834 1.0476016
0.29276666 1.0674632
0.292875 0.96781121
0.29298334 0.79978705
0.29309166 0.55213861
0.2932 0.26180037
0.29330834 -0.043025169
0.29341666 -0.098936789
0.293525 -0.0098695717
0.29363334 0.16334984
0.29374166 0.3601848
0.29385 0.44684755
0.29395834 0.397339
0.29406666 0.28739694
0.294175 0.19258863
0.29428334 0.15997133
0.29439166 0.057382955
0.2945 -0.10853997
0.29460834 0.07748946
0.29471666 0.35119496
0.294825 0.64971786
0.29493334 0.77225701
0.29504166 0.84770616
0.29515 0.76199934
0.29525834 0.57054607
0.29536666 0.29499504
0.295475 0.059152106
0.29558334 -0.12292921
0.29569166 -0.22352152
0.2958 -0.13497906
0.29590834 0.061018346
0.29601666 0.26872663
0.296125 0.36591303
0.29623334 0.358385
0.29634166 0.35291953
0.29645 0.19177082
0.29655834 0.14613445
0.29666666 0.064170999
0.296775 0.10010358
0.29688334 0.29980179
0.29699166 0.46082917
0.2971 0.68414388
0.29720834 0.79291761
0.29731666 0.83228449
0.297425 0.75160242
0.29753334 0.52177716
0.29764166 0.17523522
0.29775 -0.10693148
0.29785834 -0.20340768
0.29796666 -0.31211391
0.298075 -0.24689796
0.29818334 -0.082597124
0.29829166 0.019534171
0.2984 0.065691286
0.29850834 0.088372874
0.29861666 0.14579957
0.298725 0.091092337
0.29883334 0.072840118
0.29894166 0.083163902
0.29905 0.15740279
0.29915834 0.26000191
0.29926666 0.37090115
0.299375 0.46043419
0.29948334 0.47060824
0.29959166 0.4480738
0.2997 0.30167013
0.29980834 0.10942666
0.29991666 -0.12265482
0.300025 -0.32530544
0.30013334 -0.4279414
0.30024166 -0.45068851
0.30035 -0.42799493
0.30045834 -0.3573738
0.30056666 -0.32804921
0.300675 -0.23168218
0.30078334 -0.14777338
0.30089166 -0.12459107
0.301 -0.079766621
0.30110834 -0.0079437185
0.30121666 0.056336337
0.301325 0.07677098
0.30143334 0.13193553
0.30154166 0.16539076
0.30165 0.18509837
0.30175834 0.1780988
0.30186666 0.13899339
0.301975 0.012357427
0.30208334 -0.12077224
0.30219166 -0.2328965
0.3023 -0.32190799
0.30240834 -0.38419906
0.30251666 -0.34577447
0.302625 -0.30115764
0.30273334 -0.29880178
0.30284166 -0.25650906
0.30295 -0.21676061
0.30305834 -0.14529258
0.30316666 -0.12429753
0.303275 -0.034585954
0.30338334 0.052036583
0.30349166 0.083282873
0.3036 0.097619985
0.30370834 0.092225073
0.30381666 0.063550326
0.303925 -0.01739355
0.30403334 -0.075702336
0.30414166 -0.11968971
0.30425 -0.12516724
0.30435834 -0.11264914
0.30446666 -0.025905442
0.304575 -0.021054832
0.30468334 -0.023815945
0.30479166 -0.035798805
0.3049 -0.10433272
0.30500834 -0.12815251
0.30511666 -0.14610273
0.305225 -0.18646698
0.30533334 -0.20558453
0.30544166 -0.12828712
0.30555 -0.036760456
0.30565834 0.070996535
0.30576666 0.091239725
0.305875 0.13146285
0.30598334 0.062007438
0.30609166 -0.073616459
0.3062 -0.13889372
0.30630834 -0.20300838
0.30641666 -0.1370348
0.306525 -0.097259546
0.30663334 -0.041460127
0.30674166 -0.034309978
0.30685 -0.027346449
0.30695834 0.0007258947
0.30706666 -0.0057214757
0.307175 -0.007832397
0.30728334 -0.037216579
0.30739166 -0.068746704
0.3075 -0.10222831
0.30760834 -0.1056625
0.30771666 -0.047504351
0.307825 -0.01996532
0.30793334 -0.0067590616
0.30804166 -0.023419805
0.30815 -0.047490408
0.30825834 -0.12293868
0.30836666 -0.19724865
0.308475 -0.20565935
0.30858334 -0.15282643
0.30869166 -0.12415258
0.3088 -0.12996804
0.30890834 -0.13732071
0.30901666 -0.11914372
0.309125 -0.072990312
0.30923334 -0.014957367
0.30934166 0.059226202
0.30945 0.077580084
0.30955834 0.073803241
0.30966666 0.023250051
0.309775 -0.055497417
0.30988334 -0.11397992
0.30999166 -0.13274327
0.3101 -0.1791363
0.31020834 -0.23951179
0.31031666 -0.30322969
0.310425 -0.24638724
0.31053334 -0.21939218
0.31064166 -0.12619489
0.31075 -0.040109213
0.31085834 -0.015935001
0.31096666 -0.053362984
0.311075 -0.085619251
0.31118334 -0.077997362
0.31129166 -0.035838098
0.3114 0.045768523
0.31150834 0.14519239
0.31161666 0.17034453
0.311725 0.21224967
0.31183334 0.20492657
0.31194166 0.16821094
0.31205 0.085799508
0.31215834 -0.025529406
0.31226666 -0.18180045
0.312375 -0.32851488
0.31248334 -0.38327884
0.31259166 -0.33835265
0.3127 -0.27702312
0.31280834 -0.22928648
0.31291666 -0.14614975
0.313025 -0.13022504
0.31313334 -0.13854219
0.31324166 -0.14871736
0.31335 -0.1457489
0.31345834 -0.12173903
0.31356666 -0.068347454
0.313675 -0.0021236931
0.31378334 0.067606746
0.31389166 0.14298592
0.314 0.1662475
0.31410834 0.17046278
0.31421666 0.165432
0.314325 0.065520821
0.31443334 -0.10280822
0.31454166 -0.23838694
0.31465 -0.37983007
0.31475834 -0.45589849
0.31486666 -0.44859176
0.314975 -0.43388804
0.31508334 -0.39809376
0.31519166 -0.3332758
0.3153 -0.28019207
0.31540834 -0.19797656
0.31551666 -0.11461023
0.315625 -0.054328023
0.31573334 -0.011858761
0.31584166 0.044941084
0.31595 0.07540329
0.31605834 0.14328735
0.31616666 0.16772695
0.316275 0.19916914
0.31638334 0.17740627
0.31649166 0.080600674
0.3166 -0.077645312
0.31670834 -0.23415882
0.31681666 -0.33826115
0.316925 -0.37753726
0.31703334 -0.39944557
0.31714166 -0.40952798
0.31725 -0.37375583
0.31735834 -0.32455703
0.31746666 -0.24391145
0.317575 -0.15430227
0.31768334 -0.099179817
0.31779166 -0.022260317
0.3179 0.03372318
0.31800834 0.065886603
0.31811666 0.10338588
0.318225 0.1560463
0.31833334 0.14250374
0.31844166 0.099714003
0.31855 0.062502966
0.31865834 -0.041326686
0.31876666 -0.12352535
0.318875 -0.1439799
0.31898334 -0.14299651
0.31909166 -0.13061586
0.3192 -0.11393278
0.31930834 -0.11404886
0.31941666 -0.12005755
0.319525 -0.1106584
0.31963334 -0.10267505
0.31974166 -0.10377405
0.31985 -0.06993281
0.31995834 -0.020607968
0.32006666 0.050118893
0.320175 0.087666996
0.32028334 0.14023107
0.32039166 0.10222162
0.3205 0.050586022
0.32060834 -0.0768727
0.32071666 -0.21717711
0.320825 -0.32117268
0.32093334 -0.32343767
0.32104166 -0.27024219
0.32115 -0.2285057
0.32125834 -0.1415857
0.32136666 -0.11635627
0.321475 -0.04171784
0.32158334 -0.0144174
0.32169166 0.048482898
0.3218 0.04710455
0.32190834 0.050066355
0.32201666 0.056735435
0.322125 0.06609143
0.32223334 0.070931508
0.32234166 0.08601664
0.32245 0.090758484
0.32255834 0.062375075
0.32266666 -0.048516836
0.322775 -0.15257071
0.32288334 -0.23871636
0.32299166 -0.24460802
0.3231 -0.23602873
0.32320834 -0.22471405
0.32331666 -0.19205579
0.323425 -0.12404917
0.32353334 -0.058648411
0.32364166 -0.015698231
0.32375 0.051224298
0.32385834 0.071801977
0.32396666 0.064423096
0.324075 0.062063774
0.32418334 0.055268519
0.32429166 0.040326763
0.3244 -0.0034260774
0.32450834 -0.029253476
0.32461666 -0.11912576
0.324725 -0.21424374
0.32483334 -0.21837147
0.32494166 -0.2163765
0.32505 -0.12948268
0.32515834 -0.10898378
0.32526666 -0.057357197
0.325375 -0.049495826
0.32548334 -0.036454431
0.32559166 -0.031734634
0.3257 0.048739759
0.32580834 0.063050354
0.32591666 0.14317894
0.326025 0.1715078
0.32613334 0.18727839
0.32624166 0.24077047
0.32635 0.19777698
0.32645834 0.16997866
0.32656666 0.059366321
0.326675 -0.12481835
0.32678334 -0.22572964
0.32689166 -0.26833356
0.327 -0.22501892
0.32710834 -0.13844463
0.32721666 -0.12504091
0.327325 -0.10628109
0.32743334 -0.04857134
0.32754166 -0.045543836
0.32765 -0.029839256
0.32775834 -0.0041183788
0.32786666 0.046477503
0.327975 0.073268387
0.32808334 0.1485212
0.32819166 0.16621634
0.3283 0.1781051
0.32840834 0.2256042
0.32851666 0.19533541
0.328625 0.080170409
0.32873334 -0.050423358
0.32884166 -0.1517102
0.32895 -0.24362359
0.32905834 -0.28579764
0.32916666 -0.24833613
0.329275 -0.20924573
0.32938334 -0.15002949
0.32949166 -0.13672184
0.3296 -0.11535146
0.32970834 -0.045650715
0.32981666 -0.022897993
0.329925 0.058169718
0.33003334 0.073936281
0.33014166 0.087787677
0.33025 0.14052401
0.33035834 0.138147
0.33046666 0.13724297
0.330575 0.078576911
0.33068334 0.021533687
0.33079166 -0.078447667
0.3309 -0.14999017
0.33100834 -0.21757126
0.33111666 -0.18312914
0.331225 -0.14688618
0.33133334 -0.14438905
0.33144166 -0.13898906
0.33155 -0.13255912
0.33165834 -0.1204087
0.33176666 -0.080323897
0.331875 -0.029372728
0.33198334 0.018413152
0.33209166 0.05558391
0.3322 0.073257054
0.33230834 0.077800492
0.33241666 0.084600823
0.332525 0.073862168
0.33263334 0.0092243256
0.33274166 -0.12747972
0.33285 -0.19794171
0.33295834 -0.22965497
0.33306666 -0.22187003
0.333175 -0.14036731
0.33328334 -0.13076475
0.33339166 -0.11400366
0.3335 -0.080703241
0.33360834 -0.046950164
0.33371666 -0.019522701
0.333825 0.021423181
0.33393334 0.039706447
0.33404166 0.038334574
0.33415 0.052429048
0.33425834 0.052725321
0.33436666 0.057610582
0.334475 0.058058397
0.33458334 0.022956609
0.33469166 -0.068497534
0.3348 -0.15557764
0.33490834 -0.22589321
0.33501666 -0.22094819
0.335125 -0.14929317
0.33523334 -0.13698111
0.33534166 -0.12998292
0.33545 -0.12157607
0.33555834 -0.074429285
0.33566666 -0.030917915
0.335775 0.005020616
0.33588334 0.041299713
0.33599166 0.0534409
0.3361 0.071782125
0.33620834 0.052566701
0.33631666 0.03186848
0.336425 -0.019489996
0.33653334 -0.052462134
0.33664166 -0.12356513
0.33675 -0.14325533
0.33685834 -0.14610203
0.33696666 -0.13917739
0.337075 -0.11795815
0.33718334 -0.11245518
0.33729166 -0.076504331
0.3374 -0.08651117
0.33750834 -0.11367939
0.33761666 -0.078314003
0.337725 -0.058468166
0.33783334 -0.049440064
0.33794166 0.039036879
0.33805 0.061842733
0.33815834 0.076498539
0.33826666 0.056710166
0.338375 0.036330868
0.33848334 -0.026878485
0.33859166 -0.0775595
0.3387 -0.13120947
0.33880834 -0.12808745
0.33891666 -0.060696351
0.339025 -0.044954208
0.33913334 -0.036532969
0.33924166 0.0014083992
0.33935 0.033885313
0.33945834 0.035651718
0.33956666 -0.0035151229
0.339675 0.029540366
0.33978334 0.038340221
0.33989166 0.054733555
0.34 0.069918044
0.34010834 0.075170061
0.34021666 0.043202458
0.340325 -0.036264297
0.34043334 -0.062679739
0.34054166 -0.12423157
0.34065 -0.14231832
0.34075834 -0.14144246
0.34086666 -0.13153727
0.340975 -0.10988315
0.34108334 -0.080035618
0.34119166 -0.055914563
0.3413 -0.045574587
0.34140834 -0.040854186
0.34151666 -0.036514085
0.341625 -0.032323383
0.34173334 0.040703816
0.34184166 0.07193903
0.34195 0.14382856
0.34205834 0.13668225
0.34216666 0.054616506
0.342275 -0.054651025
0.34238334 -0.12793972
0.34249166 -0.14298723
0.3426 -0.1376557
0.34270834 -0.12798842
0.34281666 -0.084671359
0.342925 -0.047483916
0.34303334 -0.049293775
0.34314166 -0.019930198
0.34325 0.024200693
0.34335834 0.036480215
0.34346666 -0.029463511
0.343575 -0.034775979
0.34368334 0.034379244
0.34379166 0.063380489
0.3439 0.082465455
0.34400834 0.07836059
0.34411666 -0.031934516
0.344225 -0.11509609
0.34433334 -0.13773312
0.34444166 -0.13592019
0.34455 -0.12387722
0.34465834 -0.11813031
0.34476666 -0.11309083
0.344875 -0.11730659
0.34498334 -0.048220687
0.34509166 -0.010554604
0.3452 0.038564035
0.34530834 0.045104123
0.34541666 0.053015967
0.345525 0.043256906
0.34563334 0.058718166
0.34574166 0.13591111
0.34585 0.12022979
0.34595834 0.04376747
0.34606666 -0.12516213
0.346175 -0.15349778
0.34628334 -0.17763175
0.34639166 -0.15241389
0.3465 -0.14006418
0.34660834 -0.13427236
0.34671666 -0.12820764
0.346825 -0.09528147
0.34693334 -0.051250095
0.34704166 -0.031226968
0.34715 -0.028374748
0.34725834 0.035423586
0.34736666 0.015731626
0.347475 0.046127424
0.34758334 0.066555963
0.34769166 0.13713512
0.3478 0.11232155
0.34790834 -0.0062994662
0.34801666 -0.12050231
0.348125 -0.16184993
0.34823334 -0.22654895
0.34834166 -0.20790794
0.34845 -0.1501752
0.34855834 -0.14238706
0.34866666 -0.13271855
0.348775 -0.059451759
0.34888334 -0.045580429
0.34899166 -0.026468568
0.3491 0.043233419
0.34920834 0.044953657
0.34931666 0.047787548
0.349425 0.049679526
0.34953334 0.060654263
0.34964166 0.061384086
0.34975 0.019381901
0.34985834 -0.06492208
0.34996666 -0.1623822
0.350075 -0.16428006
0.35018334 -0.16484334
0.35029166 -0.14310591
0.3504 -0.13630955
0.35050834 -0.13037449
0.35061666 -0.079863835
0.350725 -0.043616663
0.35083334 -0.046511883
0.35094166 -0.039293781
0.35105 -0.022444775
0.35115834 0.033711291
0.35126666 0.032451194
0.351375 0.050867417
0.35148334 0.056591583
0.35159166 0.019431215
0.3517 -0.079718097
0.35180834 -0.14940218
0.35191666 -0.22612357
0.352025 -0.21955405
0.35213334 -0.15745353
0.35224166 -0.15041275
0.35235 -0.14642493
0.35245834 -0.086151033
0.35256666 -0.031691398
0.352675 -0.0079820693
0.35278334 -0.02463516
0.35289166 0.0069014039
0.353 0.036244462
0.35310834 0.047799806
0.35321666 0.053730151
0.353325 0.04543449
0.35343334 -0.039884572
0.35354166 -0.11844857
0.35365 -0.15514069
0.35375834 -0.20555517
0.35386666 -0.22660974
0.353975 -0.16231218
0.35408334 -0.15744032
0.35419166 -0.15189376
0.3543 -0.13617274
0.35440834 -0.090533157
0.35451666 -0.067540733
0.354625 -0.069061332
0.35473334 -0.06156801
0.35484166 -0.037642476
0.35495 0.0095089459
0.35505834 0.057814666
0.35516666 0.054772336
0.355275 -0.034718051
0.35538334 -0.12125539
0.35549166 -0.14693308
0.3556 -0.15278205
0.35570834 -0.15944809
0.35581666 -0.1446713
0.355925 -0.14272509
0.35603334 -0.13895257
0.35614166 -0.087952424
0.35625 -0.04275759
0.35635834 -0.03225018
0.35646666 -0.032194585
0.356575 -0.030642548
0.35668334 -0.034361534
0.35679166 0.0010273007
0.3569 0.031854346
0.35700834 0.049833986
0.35711666 -0.038918918
0.357225 -0.1452925
0.35733334 -0.18739179
0.35744166 -0.23848638
0.35755 -0.2419392
0.35765834 -0.2403058
0.35776666 -0.22327329
0.357875 -0.16670699
0.35798334 -0.15262777
0.35809166 -0.14114088
0.3582 -0.13184909
0.35830834 -0.06870203
0.35841666 -0.029468803
0.358525 0.039899157
0.35863334 0.047112792
0.35874166 0.060139124
0.35885 0.063791896
0.35895834 0.038208512
0.35906666 -0.096269458
0.359175 -0.15070146
0.35928334 -0.23145703
0.35939166 -0.20731867
0.3595 -0.22224642
0.35960834 -0.16403889
0.35971666 -0.14304572
0.359825 -0.10205547
0.35993334 -0.077117039
0.36004166 -0.055243399
0.36015 -0.05313327
0.36025834 -0.043582532
0.36036666 0.00044031158
0.360475 0.030185228
0.36058334 0.039279026
0.36069166 0.010046879
0.3608 -0.054296265
0.36090834 -0.1510984
0.36101666 -0.2142782
0.361125 -0.19760994
0.36123334 -0.22944305
0.36134166 -0.22091627
0.36145 -0.16186368
0.36155834 -0.14710992
0.36166666 -0.13335891
0.361775 -0.074798966
0.36188334 -0.069728705
0.36199166 -0.07286597
0.3621 -0.043773827
0.36220834 -0.027692521
0.36231666 0.036804348
0.362425 0.044680242
0.36253334 -0.027771617
0.36264166 -0.14417316
0.36275 -0.23556596
0.36285834 -0.25040386
0.36296666 -0.25067984
0.363075 -0.23869738
0.36318334 -0.23291981
0.36329166 -0.1550512
0.3634 -0.14029368
0.36350834 -0.10674159
0.36361666 -0.059242629
0.363725 -0.0360518
0.36383334 -0.013092535
0.36394166 0.029150382
0.36405 0.047382023
0.36415834 0.061149449
0.36426666 0.072023649
0.364375 0.00776559
0.36448334 -0.128052
0.36459166 -0.16108265
0.3647 -0.20216112
0.36480834 -0.22243054
0.36491666 -0.1638364
0.365025 -0.15969125
0.36513334 -0.14887624
0.36524166 -0.15061715
0.36535 -0.15204603
0.36545834 -0.14161056
0.36556666 -0.12742552
0.365675 -0.092063518
0.36578334 -0.043851365
0.36589166 0.0041590638
0.366 0.037458707
0.36610834 0.01697624
0.36621666 -0.050668464
0.366325 -0.13910537
0.36643334 -0.15144798
0.36654166 -0.1510826
0.36665 -0.15103161
0.36675834 -0.14149834
0.36686666 -0.13486226
0.366975 -0.12939155
0.36708334 -0.12641987
0.36719166 -0.1346345
0.3673 -0.10061444
0.36740834 -0.068760575
0.36751666 -0.045846018
0.367625 0.03179279
0.36773334 0.046258531
0.36784166 0.016253152
0.36795 -0.063421785
0.36805834 -0.15256018
0.36816666 -0.16181482
0.368275 -0.15416966
0.36838334 -0.16423409
0.36849166 -0.15557945
0.3686 -0.14843617
0.36870834 -0.14582692
0.36881666 -0.13514771
0.368925 -0.1005791
0.36903334 -0.052632554
0.36914166 -0.0056265332
0.36925 0.036129794
0.36935834 0.064467565
0.36946666 0.14056276
0.369575 0.12745807
0.36968334 0.038296482
0.36979166 -0.12348404
0.3699 -0.13401586
0.37000834 -0.13492141
0.37011666 -0.14237064
0.370225 -0.14302692
0.37033334 -0.14197737
0.37044166 -0.061561677

