0.365 -0.0010275671
0.36489667 0.008347746
0.36479333 0.012347702
0.36469 -0.0026530618
0.36458667 -0.029414649
0.36448333 -0.063825
0.36438 -0.10069174
0.36427667 -0.10246643
0.36417333 -0.095307572
0.36407 -0.10198916
0.36396667 -0.11237741
0.36386333 -0.20042809
0.36376 -0.1997763
0.36365667 -0.13608785
0.36355333 -0.11700203
0.36345 -0.089199458
0.36334667 -0.077970885
0.36324333 -0.029797832
0.36314 -0.0064037461
0.36303667 0.050614752
0.36293333 0.067783073
0.36283 0.037540925
0.36272667 0.048285156
0.36262333 0.081932135
0.36252 0.088833457
0.36241667 0.083029103
0.36231333 0.040651761
0.36221 -0.099917713
0.36210667 -0.22098143
0.36200333 -0.27204635
0.3619 -0.23137943
0.36179667 -0.22467345
0.36169333 -0.21998603
0.36159 -0.20891907
0.36148667 -0.14784964
0.36138333 -0.11448457
0.36128 -0.09465115
0.36117667 -0.11218736
0.36107333 -0.11747375
0.36097 -0.035734539
0.36086667 0.026071923
0.36076333 0.085226416
0.36066 0.10754343
0.36055667 0.10286006
0.36045333 0.061387997
0.36035 -0.027465391
0.36024667 -0.10938048
0.36014333 -0.13355844
0.36004 -0.20251884
0.35993667 -0.18795687
0.35983333 -0.13074582
0.35973 -0.16134281
0.35962667 -0.15248252
0.35952333 -0.1493843
0.35942 -0.11931352
0.35931667 -0.079904267
0.35921333 -0.02415404
0.35911 -0.017239476
0.35900667 0.0033241844
0.35890333 0.048096975
0.3588 0.039055309
0.35869667 -0.030536707
0.35859333 -0.12422766
0.35849 -0.13525473
0.35838667 -0.13057478
0.35828333 -0.11894756
0.35818 -0.029296701
0.35807667 -0.033176227
0.35797333 -0.037338731
0.35787 -0.091843517
0.35776667 -0.10703119
0.35766333 -0.11279653
0.35756 -0.10770723
0.35745667 -0.093250545
0.35735333 -0.02824371
0.35725 -0.01471886
0.35714667 -0.022363607
0.35704333 -0.1136581
0.35694 -0.14659868
0.35683667 -0.12811957
0.35673333 -0.11650932
0.35663 -0.11429542
0.35652667 -0.11092986
0.35642333 -0.084003482
0.35632 -0.019820191
0.35621667 -0.0002159896
0.35611333 0.0041410335
0.35601 -0.011317046
0.35590667 0.026112528
0.35580333 0.099079613
0.3557 0.16654325
0.35559667 0.17710355
0.35549333 0.1561439
0.35539 0.0049142543
0.35528667 -0.12476603
0.35518333 -0.22821005
0.35508 -0.23106145
0.35497667 -0.29078421
0.35487333 -0.28329057
0.35477 -0.2320168
0.35466667 -0.21012461
0.35456333 -0.16349904
0.35446 -0.092883438
0.35435667 -0.025715721
0.35425333 -0.016871868
0.35415 0.042590287
0.35404667 0.087808663
0.35394333 0.11590682
0.35384 0.16606385
0.35373667 0.17094623
0.35363333 0.078410893
0.35353 -0.032198984
0.35342667 -0.11897463
0.35332333 -0.17703411
0.35322 -0.22102196
0.35311667 -0.21218694
0.35301333 -0.2117688
0.35291 -0.22843771
0.35280667 -0.22943069
0.35270333 -0.19450664
0.3526 -0.1325497
0.35249667 -0.12197697
0.35239333 -0.038493778
0.35229 -0.010208087
0.35218667 0.049904307
0.35208333 0.085616751
0.35198 0.08028408
0.35187667 -0.0015252339
0.35177333 -0.031839043
0.35167 -0.1039781
0.35156667 -0.11627171
0.35146333 -0.12136266
0.35136 -0.10252663
0.35125667 -0.097213148
0.35115333 -0.097046643
0.35105 -0.05901846
0.35094667 -0.029991153
0.35084333 -0.037954185
0.35074 -0.057715328
0.35063667 -0.032369446
0.35053333 -0.022782161
0.35043 -0.023711117
0.35032667 -0.022055109
0.35022333 -0.032498204
0.35012 -0.11623709
0.35001667 -0.18172647
0.34991333 -0.20030593
0.34981 -0.20776794
0.34970667 -0.18388212
0.34960333 -0.11388869
0.3495 -0.058064221
0.34939667 -0.034805486
0.34929333 -0.0088571191
0.34919 0.046077677
0.34908667 0.067667728
0.34898333 0.071454349
0.34888 0.079040129
0.34877667 0.077770736
0.34867333 0.076920754
0.34857 0.075329367
0.34846667 -0.0043431942
0.34836333 -0.1105595
0.34826 -0.2242881
0.34815667 -0.30642993
0.34805333 -0.31406577
0.34795 -0.2804995
0.34784667 -0.21007701
0.34774333 -0.1714128
0.34764 -0.11680941
0.34753667 -0.024836163
0.34743333 0.050442205
0.34733 0.058314967
0.34722667 0.071604768
0.34712333 0.081873607
0.34702 0.090234804
0.34691667 0.093747867
0.34681333 0.13255709
0.34671 0.11592315
0.34660667 0.041471238
0.34650333 -0.088616218
0.3464 -0.14044267
0.34629667 -0.21774429
0.34619333 -0.22625557
0.34609 -0.22261878
0.34598667 -0.21141386
0.34588333 -0.19656127
0.34578 -0.11517832
0.34567667 -0.093427231
0.34557333 -0.10296978
0.34547 -0.093591994
0.34536667 -0.041505417
0.34526333 -0.018523118
0.34516 0.0017396284
0.34505667 0.075142229
0.34495333 0.079357649
0.34485 -0.0077158643
0.34474667 -0.095021917
0.34464333 -0.11497288
0.34454 -0.16560194
0.34443667 -0.18512701
0.34433333 -0.13060481
0.34423 -0.11463814
0.34412667 -0.10614731
0.34402333 -0.045940779
0.34392 -0.04047853
0.34381667 -0.079757341
0.34371333 -0.08118476
0.34361 -0.070648593
0.34350667 -0.080604657
0.34340333 -0.030290224
0.3433 -0.010263513
0.34319667 0.00078719752
0.34309333 -0.091160245
0.34299 -0.13202301
0.34288667 -0.17690034
0.34278333 -0.20450427
0.34268 -0.21224975
0.34257667 -0.15012713
0.34247333 -0.10530405
0.34237 -0.067344936
0.34226667 -0.01158382
0.34216333 0.027248279
0.34206 0.030494224
0.34195667 0.027976185
0.34185333 0.041551467
0.34175 0.046402494
0.34164667 0.027142884
0.34154333 0.030781177
0.34144 -0.0054616756
0.34133667 -0.1093424
0.34123333 -0.20194439
0.34113 -0.25047361
0.34102667 -0.30796824
0.34092333 -0.31224748
0.34082 -0.28739236
0.34071667 -0.22352572
0.34061333 -0.16516489
0.34051 -0.10877266
0.34040667 -0.018724535
0.34030333 -0.0027797793
0.3402 0.049253147
0.34009667 0.082129975
0.33999333 0.086940932
0.33989 0.085965933
0.33978667 0.095104545
0.33968333 0.079625219
0.33958 0.030569448
0.33947667 -0.071618105
0.33937333 -0.12665152
0.33927 -0.22063247
0.33916667 -0.3026768
0.33906333 -0.31233868
0.33896 -0.30461848
0.33885667 -0.30023266
0.33875333 -0.23574703
0.33865 -0.16875491
0.33854667 -0.12102515
0.33844333 -0.1018191
0.33834 -0.019735092
0.33823667 -0.0029910951
0.33813333 0.066951724
0.33803 0.086415997
0.33792667 0.11784616
0.33782333 0.10464275
0.33772 0.05052263
0.33761667 -0.020902462
0.33751333 -0.10615732
0.33741 -0.19419325
0.33730667 -0.2139097
0.33720333 -0.21336041
0.3371 -0.21125436
0.33699667 -0.20376298
0.33689333 -0.1616319
0.33679 -0.12700184
0.33668667 -0.12691022
0.33658333 -0.11751881
0.33648 -0.11113819
0.33637667 -0.10690256
0.33627333 -0.028556929
0.33617 0.042054273
0.33606667 0.075448322
0.33596333 0.07773248
0.33586 0.03936325
0.33575667 -0.032667835
0.33565333 -0.12036581
0.33555 -0.1371521
0.33544667 -0.12556288
0.33534333 -0.11946574
0.33524 -0.11122229
0.33513667 -0.041448496
0.33503333 -0.028599906
0.33493 -0.025262248
0.33482667 -0.021274981
0.33472333 -0.022946718
0.33462 -0.039031479
0.33451667 -0.032530601
0.33441333 -0.019297456
0.33431 0.0085177182
0.33420667 -0.011391638
0.33410333 -0.037310678
0.334 -0.1221118
0.33389667 -0.21791352
0.33379333 -0.25255842
0.33369 -0.23422373
0.33358667 -0.2092663
0.33348333 -0.13508918
0.33338 -0.089161473
0.33327667 -0.021928732
0.33317333 0.026911406
0.33307 0.064081252
0.33296667 0.075865633
0.33286333 0.058186606
0.33276 0.054004393
0.33265667 0.059073472
0.33255333 0.05077529
0.33245 0.026582
0.33234667 -0.021370405
0.33224333 -0.10319588
0.33214 -0.19563352
0.33203667 -0.26019363
0.33193333 -0.31363845
0.33183 -0.31323724
0.33172667 -0.29290495
0.33162333 -0.21923758
0.33152 -0.12976465
0.33141667 -0.092513354
0.33131333 -0.0068863536
0.33121 0.067801564
0.33110667 0.077915272
0.33100333 0.079809701
0.3309 0.083615146
0.33079667 0.085791121
0.33069333 0.080627115
0.33059 0.067637972
0.33048667 -0.0072287467
0.33038333 -0.047734921
0.33028 -0.13035225
0.33017667 -0.22912127
0.33007333 -0.30497408
0.32997 -0.32285602
0.32986667 -0.31351477
0.32976333 -0.29839574
0.32966 -0.22410255
0.32955667 -0.18617759
0.32945333 -0.11039527
0.32935 -0.042422353
0.32924667 -0.020707256
0.32914333 -0.0061379002
0.32904 0.035352845
0.32893667 0.076416733
0.32883333 0.095158387
0.32873 0.094572329
0.32862667 0.08056461
0.32852333 0.018387278
0.32842 -0.039424312
0.32831667 -0.12491738
0.32821333 -0.21184259
0.32811 -0.23220187
0.32800667 -0.24160785
0.32790333 -0.24167183
0.3278 -0.21486356
0.32769667 -0.18384574
0.32759333 -0.13087096
0.32749 -0.10537622
0.32738667 -0.10196471
0.32728333 -0.066671265
0.32718 -0.029946665
0.32707667 -0.009419136
0.32697333 0.047896793
0.32687 0.062153027
0.32676667 0.035768671
0.32666333 0.022360082
0.32656 -0.012916495
0.32645667 -0.10636364
0.32635333 -0.13947649
0.32625 -0.21280416
0.32614667 -0.22754765
0.32604333 -0.21976447
0.32594 -0.14448605
0.32583667 -0.12671821
0.32573333 -0.10118745
0.32563 -0.038983219
0.32552667 -0.026139332
0.32542333 -0.02032496
0.32532 -0.0095512471
0.32521667 0.01773821
0.32511333 0.021547242
0.32501 0.020364181
0.32490667 -0.0014850136
0.32480333 -0.013741728
0.3247 -0.028694498
0.32459667 -0.11513917
0.32449333 -0.21248996
0.32439 -0.24290664
0.32428667 -0.26302535
0.32418333 -0.23276842
0.32408 -0.17440648
0.32397667 -0.12049421
0.32387333 -0.071772116
0.32377 -0.020901742
0.32366667 0.00092533671
0.32356333 0.016094874
0.32346 0.0045817229
0.32335667 0.031901308
0.32325333 0.056238435
0.32315 0.053556222
0.32304667 0.038501533
0.32294333 -0.0071325095
0.32284 -0.03805465
0.32273667 -0.12516611
0.32263333 -0.23656953
0.32253 -0.31665452
0.32242667 -0.32495185
0.32232333 -0.31589924
0.32222 -0.24389547
0.32211667 -0.20971313
0.32201333 -0.11366684
0.32191 -0.03286147
0.32180667 0.00017947973
0.32170333 0.056875594
0.3216 0.071680412
0.32149667 0.074086275
0.32139333 0.09216709
0.32129 0.093121255
0.32118667 0.071668815
0.32108333 0.027063049
0.32098 -0.01879035
0.32087667 -0.036856854
0.32077333 -0.12447388
0.32067 -0.22105996
0.32056667 -0.30798948
0.32046333 -0.33550209
0.32036 -0.33565703
0.32025667 -0.30332725
0.32015333 -0.23442165
0.32005 -0.14251356
0.31994667 -0.1094789
0.31984333 -0.032028703
0.31974 0.053722636
0.31963667 0.059679758
0.31953333 0.084427145
0.31943 0.1082607
0.31932667 0.096215092
0.31922333 0.078439951
0.31912 0.033500115
0.31901667 -0.0081049802
0.31891333 -0.02870125
0.31881 -0.11993985
0.31870667 -0.21655317
0.31860333 -0.30621217
0.3185 -0.32446012
0.31839667 -0.31842264
0.31829333 -0.286716
0.31819 -0.22221671
0.31808667 -0.19823982
0.31798333 -0.12715838
0.31788 -0.072239316
0.31777667 -0.035929416
0.31767333 -0.025575282
0.31757 0.056706367
0.31746667 0.080982426
0.31736333 0.08480464
0.31726 0.07373047
0.31715667 0.059707936
0.31705333 0.027016008
0.31695 -0.034224661
0.31684667 -0.13411251
0.31674333 -0.21519569
0.31664 -0.30889719
0.31653667 -0.32429513
0.31643333 -0.31582786
0.31633 -0.24842807
0.31622667 -0.22309439
0.31612333 -0.18750049
0.31602 -0.12238327
0.31591667 -0.1069985
0.31581333 -0.04466065
0.31571 -0.01868225
0.31560667 0.063242816
0.31550333 0.074281186
0.3154 0.070348694
0.31529667 0.055227145
0.31519333 0.058814755
0.31509 0.059917451
0.31498667 -0.022026206
0.31488333 -0.10266983
0.31478 -0.20419923
0.31467667 -0.28032244
0.31457333 -0.28838172
0.31447 -0.22339708
0.31436667 -0.17640707
0.31426333 -0.13812983
0.31416 -0.12120664
0.31405667 -0.080975326
0.31395333 -0.037162225
0.31385 -0.015796985
0.31374667 0.054449586
0.31364333 0.072952063
0.31354 0.06719102
0.31343667 0.015581062
0.31333333 0.0094293429
0.31323 0.053654458
0.31312667 0.053047151
0.31302333 -0.034212374
0.31292 -0.133649
0.31281667 -0.22486228
0.31271333 -0.27251979
0.31261 -0.2696844
0.31250667 -0.20514891
0.31240333 -0.12147097
0.3123 -0.11567605
0.31219667 -0.11002273
0.31209333 -0.085520289
0.31199 -0.029009491
0.31188667 0.016567656
0.31178333 0.076870902
0.31168 0.082713958
0.31157667 0.066611688
0.31147333 0.032376721
0.31137 0.024865443
0.31126667 0.025031252
0.31116333 -0.0018554757
0.31106 -0.046194465
0.31095667 -0.14069865
0.31085333 -0.27020396
0.31075 -0.32745389
0.31064667 -0.31361125
0.31054333 -0.23272631
0.31044 -0.13704113
0.31033667 -0.11763149
0.31023333 -0.11125891
0.31013 -0.098083527
0.31002667 -0.023308711
0.30992333 0.062564671
0.30982 0.10519859
0.30971667 0.10893296
0.30961333 0.094392784
0.30951 0.075375664
0.30940667 0.073118955
0.30930333 0.073373758
0.3092 0.061250394
0.30909667 -0.016090967
0.30899333 -0.1272572
0.30889 -0.27176401
0.30878667 -0.33874969
0.30868333 -0.32941443
0.30858 -0.29439142
0.30847667 -0.21877744
0.30837333 -0.17436003
0.30827 -0.13705563
0.30816667 -0.1370151
0.30806333 -0.11408849
0.30796 -0.022762678
0.30785667 0.056112325
0.30775333 0.077002318
0.30765 0.09169288
0.30754667 0.089855027
0.30744333 0.094965658
0.30734 0.11821033
0.30723667 0.094086671
0.30713333 0.065341541
0.30703 -0.034526384
0.30692667 -0.13896706
0.30682333 -0.23552449
0.30672 -0.33119873
0.30661667 -0.34356184
0.30651333 -0.28864571
0.30641 -0.21042708
0.30630667 -0.20440998
0.30620333 -0.14576137
0.3061 -0.12446921
0.30599667 -0.10968889
0.30589333 -0.028877892
0.30579 0.034885036
0.30568667 0.068843006
0.30558333 0.06977123
0.30548 0.095634564
0.30537667 0.11024032
0.30527333 0.094008494
0.30517 0.078572111
0.30506667 0.0034137959
0.30496333 -0.10175483
0.30486 -0.16526955
0.30475667 -0.24302548
0.30465333 -0.34404813
0.30455 -0.40754368
0.30444667 -0.38510916
0.30434333 -0.33406765
0.30424 -0.31342211
0.30413667 -0.24430159
0.30403333 -0.20574519
0.30393 -0.12192918
0.30382667 -0.076858359
0.30372333 0.00036228435
0.30362 0.061175076
0.30351667 0.076862148
0.30341333 0.1008502
0.30331 0.09657253
0.30320667 0.070128153
0.30310333 0.044808203
0.303 -0.021991926
0.30289666 -0.11712463
0.30279334 -0.21292692
0.30269 -0.3071037
0.30258666 -0.40540408
0.30248334 -0.42039477
0.30238 -0.36411934
0.30227666 -0.30548664
0.30217334 -0.26315889
0.30207 -0.22395658
0.30196666 -0.18866972
0.30186334 -0.11876852
0.30176 0.0061672925
0.30165666 0.084516096
0.30155334 0.16050591
0.30145 0.18469579
0.30134666 0.19172013
0.30124334 0.17291921
0.30114 0.16258355
0.30103666 0.15804556
0.30093334 0.079120324
0.30083 -0.032293411
0.30072666 -0.15286029
0.30062334 -0.27620728
0.30052 -0.35449101
0.30041666 -0.32914819
0.30031334 -0.20855187
0.30021 -0.087471464
0.30010666 -0.03283409
0.30000334 -0.037726556
0.2999 -0.086450917
0.29979666 -0.078680496
0.29969334 -0.10344108
0.29959 -0.025393929
0.29948666 0.058536714
0.29938334 0.15126857
0.29928 0.18191556
0.29917666 0.17930742
0.29907334 0.18568592
0.29897 0.18275753
0.29886666 0.15051032
0.29876334 0.059129121
0.29866 -0.048876147
0.29855666 -0.22821772
0.29845334 -0.34071594
0.29835 -0.35233751
0.29824666 -0.26565497
0.29814334 -0.19827929
0.29804 -0.13663004
0.29793666 -0.1338288
0.29783334 -0.13648111
0.29773 -0.12430075
0.29762666 -0.037996487
0.29752334 0.00079105208
0.29742 0.039220838
0.29731666 0.063586838
0.29721334 0.084094265
0.29711 0.10654789
0.29700666 0.14368233
0.29690334 0.14968603
0.2968 0.071167972
0.29669666 -0.037168806
0.29659334 -0.14171472
0.29649 -0.25917582
0.29638666 -0.32881484
0.29628334 -0.35984663
0.29618 -0.3369089
0.29607666 -0.30709944
0.29597334 -0.23419577
0.29587 -0.2141447
0.29576666 -0.21257015
0.29566334 -0.18525622
0.29556 -0.12077454
0.29545666 -0.045587683
0.29535334 0.0097239864
0.29525 0.080758071
0.29514666 0.12844757
0.29504334 0.15929452
0.29494 0.16099249
0.29483666 0.165359
0.29473334 0.15603222
0.29463 0.081932491
0.29452666 -0.017695849
0.29442334 -0.13136177
0.29432 -0.24393487
0.29421666 -0.31319657
0.29411334 -0.24288812
0.29401 -0.12694292
0.29390666 -0.035880014
0.29380334 -0.0073722809
0.2937 -0.0019832328
0.29359666 -0.030138685
0.29349334 -0.097527928
0.29339 -0.049632714
0.29328666 -0.015228284
0.29318334 0.069950559
0.29308 0.13833956
0.29297666 0.17250429
0.29287334 0.17278694
0.29277 0.20992463
0.29266666 0.23687417
0.29256334 0.23096671
0.29246 0.15704178
0.29235666 0.020107017
0.29225334 -0.12972582
0.29215 -0.26992272
0.29204666 -0.32821569
0.29194334 -0.29205427
0.29184 -0.12053864
0.29173666 0.036125144
0.29163334 0.069727012
0.29153 -0.0066189514
0.29142666 -0.12407168
0.29132334 -0.16496531
0.29122 -0.13456018
0.29111666 -0.10466246
0.29101334 -0.035488612
0.29091 0.0010023792
0.29080666 0.064306733
0.29070334 0.1211574
0.2906 0.15910945
0.29049666 0.15845492
0.29039334 0.091984006
0.29029 0.0039303469
0.29018666 -0.1222671
0.29008334 -0.24629877
0.28998 -0.315923
0.28987666 -0.29071581
0.28977334 -0.23151568
0.28967 -0.10801274
0.28956666 0.0065964957
0.28946334 0.048205956
0.28936 0.016788513
0.28925666 -0.029730637
0.28915334 -0.085538413
0.28905 -0.11151897
0.28894666 -0.040837064
0.28884334 0.048134087
0.28874 0.14566476
0.28863666 0.20066972
0.28853334 0.26330877
0.28843 0.26389548
0.28832666 0.27170909
0.28822334 0.25553876
0.28812 0.17501187
0.28801666 0.062972811
0.28791334 -0.11904047
0.28781 -0.24823591
0.28770666 -0.31482943
0.28760334 -0.22043203
0.2875 -0.098430095
0.28739666 -0.0070753619
0.28729334 0.042410625
0.28719 0.035471729
0.28708666 -0.028014323
0.28698334 -0.088383898
0.28688 -0.096424908
0.28677666 -0.040396663
0.28667334 0.038984823
0.28657 0.096449859
0.28646666 0.15650379
0.28636334 0.19248324
0.28626 0.25785428
0.28615666 0.24668179
0.28605334 0.21252024
0.28595 0.15265827
0.28584666 0.040528523
0.28574334 -0.122289
0.28564 -0.21888243
0.28553666 -0.2364652
0.28543334 -0.16384397
0.28533 -0.037716357
0.28522666 0.055367671
0.28512334 0.087006356
0.28502 0.084241835
0.28491666 0.049914319
0.28481334 -0.03798183
0.28471 -0.085427641
0.28460666 -0.071300033
0.28450334 -0.031135134
0.2844 0.060824763
0.28429666 0.14243758
0.28419334 0.19117681
0.28409 0.18032054
0.28398666 0.16242702
0.28388334 0.15236117
0.28378 0.092481491
0.28367666 0.012041206
0.28357334 -0.11809618
0.28347 -0.23215834
0.28336666 -0.29072464
0.28326334 -0.25918188
0.28316 -0.14158188
0.28305666 -0.012976594
0.28295334 0.072051844
0.28285 0.067487239
0.28274666 0.044230727
0.28264334 -0.033917068
0.28254 -0.073255635
0.28243666 -0.037956282
0.28233334 0.055557815
0.28223 0.10419836
0.28212666 0.15055196
0.28202334 0.18089499
0.28192 0.2565538
0.28181666 0.27144004
0.28171334 0.27898096
0.28161 0.26216993
0.28150666 0.16571592
0.28140334 -0.016772254
0.2813 -0.20800336
0.28119666 -0.2989979
0.28109334 -0.27384852
0.28099 -0.12997224
0.28088666 0.05638811
0.28078334 0.14721644
0.28068 0.15037931
0.28057666 0.09390295
0.28047334 0.050424469
0.28037 -0.039950888
0.28026666 -0.022720835
0.28016334 0.056281001
0.28006 0.15601516
0.27995666 0.16582757
0.27985334 0.18725997
0.27975 0.21138335
0.27964666 0.23639622
0.27954334 0.2534281
0.27944 0.24999694
0.27933666 0.18636341
0.27923334 0.0835394
0.27913 -0.081074677
0.27902666 -0.22715288
0.27892334 -0.23824607
0.27882 -0.15459916
0.27871666 -0.050566342
0.27861334 0.073363153
0.27851 0.15371325
0.27840666 0.15257413
0.27830334 0.097057867
0.2782 0.018883651
0.27809666 -0.096269003
0.27799334 -0.12258055
0.27789 -0.037689587
0.27778666 0.021005857
0.27768334 0.050754479
0.27758 0.10037417
0.27747666 0.18090067
0.27737334 0.25721421
0.27727 0.28275939
0.27716666 0.28296875
0.27706334 0.21777135
0.27696 0.060525612
0.27685666 -0.13928742
0.27675334 -0.21912588
0.27665 -0.21494116
0.27654666 -0.14460073
0.27644334 0.072371468
0.27634 0.22084968
0.27623666 0.25186744
0.27613334 0.18042694
0.27603 0.10298468
0.27592666 0.021324588
0.27582334 -0.033107002
0.27572 -0.03901733
0.27561666 0.0083917598
0.27551334 0.11077392
0.27541 0.19765601
0.27530666 0.29950776
0.27520334 0.37421524
0.2751 0.43124454
0.27499666 0.44497658
0.27489334 0.44966775
0.27479 0.36913821
0.27468666 0.18920639
0.27458334 0.007531011
0.27448 -0.078204579
0.27437666 -0.11192697
0.27427334 0.043956399
0.27417 0.16560982
0.27406666 0.28853264
0.27396334 0.35832712
0.27386 0.35206095
0.27375666 0.2638657
0.27365334 0.15038833
0.27355 0.055396625
0.27344666 -0.011728006
0.27334334 0.14792741
0.27324 0.32115752
0.27313666 0.39151686
0.27303334 0.46480433
0.27293 0.47523845
0.27282666 0.49846042
0.27272334 0.52975939
0.27262 0.49071082
0.27251666 0.42557011
0.27241334 0.25134133
0.27231 0.036527921
0.27220666 -0.097799462
0.27210334 -0.014372204
0.272 0.20985736
0.27189666 0.33808053
0.27179334 0.34734476
0.27169 0.34941779
0.27158666 0.30963539
0.27148334 0.22244183
0.27138 0.12065617
0.27127666 0.058084231
0.27117334 0.047542791
0.27107 0.18693936
0.27096666 0.4578443
0.27086334 0.58331417
0.27076 0.65799432
0.27065666 0.64900832
0.27055334 0.649023
0.27045 0.63093111
0.27034666 0.55063199
0.27024334 0.41569651
0.27014 0.23122557
0.27003666 -0.017263125
0.26993334 -0.13130881
0.26983 -0.093532205
0.26972666 0.098676678
0.26962334 0.32607281
0.26952 0.37293455
0.26941666 0.37573441
0.26931334 0.37326454
0.26921 0.33708739
0.26910666 0.24458841
0.26900334 0.15116461
0.2689 0.085756553
0.26879666 0.39759973
0.26869334 0.63161353
0.26859 0.68421308
0.26848666 0.70548847
0.26838334 0.69990351
0.26828 0.65709698
0.26817666 0.62810848
0.26807334 0.54380369
0.26797 0.42145418
0.26786666 0.23588864
0.26776334 -0.024211935
0.26766 -0.22350934
0.26755666 -0.2656794
0.26745334 -0.10401351
0.26735 0.093284699
0.26724666 0.24490041
0.26714334 0.25914391
0.26704 0.27701944
0.26693666 0.28154034
0.26683334 0.23914336
0.26673 0.17410869
0.26662666 0.19050623
0.26652334 0.43203313
0.26642 0.57300689
0.26631666 0.58046005
0.26621334 0.58254542
0.26611 0.56992097
0.26600666 0.54904764
0.26590334 0.5208251
0.2658 0.47211299
0.26569666 0.37225687
0.26559334 0.22961724
0.26549 -0.013230779
0.26538666 -0.21443274
0.26528334 -0.25288981
0.26518 -0.25121581
0.26507666 -0.20014967
0.26497334 -0.092726686
0.26487 0.035291763
0.26476666 0.04900686
0.26466334 0.054045288
0.26456 0.043126555
0.26445666 -0.020370741
0.26435334 -0.045812833
0.26425 0.15023876
0.26414666 0.50555681
0.26404334 0.65333615
0.26394 0.67463512
0.26383666 0.67021212
0.26373334 0.65555319
0.26363 0.57241429
0.26352666 0.4651734
0.26342334 0.2997679
0.26332 0.12033115
0.26321666 -0.093694851
0.26311334 -0.35906688
0.26301 -0.51710061
0.26290666 -0.33565875
0.26280334 -0.2159391
0.2627 -0.12918621
0.26259666 -0.10153846
0.26249334 -0.034544807
0.26239 -0.022815318
0.26228666 -0.026344077
0.26218334 -0.019154384
0.26208 -0.023168561
0.26197666 0.051573524
0.26187334 0.29368924
0.26177 0.57438876
0.26166666 0.74523191
0.26156334 0.68620609
0.26146 0.56801409
0.26135666 0.40890534
0.26125334 0.24726249
0.26115 0.16163047
0.26104666 0.11737083
0.26094334 0.078600525
0.26084 -0.048793597
0.26073666 -0.27018887
0.26063334 -0.25303287
0.26053 -0.15067946
0.26042666 -0.047056289
0.26032334 0.012061955
0.26022 0.00026744354
0.26011666 -0.012237733
0.26001334 -0.020333954
0.25991 -0.038078704
0.25980666 -0.040612189
0.25970334 -0.049562983
0.2596 0.050234704
0.25949666 0.35963703
0.25939334 0.55690406
0.25929 0.58477757
0.25918666 0.55166717
0.25908334 0.47228001
0.25898 0.34515517
0.25887666 0.2343584
0.25877334 0.16236093
0.25867 0.16343974
0.25856666 0.16736545
0.25846334 0.15029394
0.25836 0.042119143
0.25825666 -0.025469107
0.25815334 0.01299076
0.25805 0.1717809
0.25794666 0.26008495
0.25784334 0.24300097
0.25774 0.17326581
0.25763666 0.149396
0.25753334 0.11784196
0.25743 0.16600045
0.25732666 0.26463296
0.25722334 0.3538448
0.25712 0.40477883
0.25701666 0.48321106
0.25691334 0.53708834
0.25681 0.45773482
0.25670666 0.35039793
0.25660334 0.24310446
0.2565 0.12639235
0.25639666 0.09266301
0.25629334 0.16225648
0.25619 0.24448828
0.25608666 0.27568309
0.25598334 0.22036321
0.25588 0.15308849
0.25577666 0.1594873
0.25567334 0.20602167
0.25557 0.28261859
0.25546666 0.26711696
0.25536334 0.25320113
0.25526 0.18409007
0.25515666 0.16219737
0.25505334 0.18045385
0.25495 0.25701168
0.25484666 0.30635775
0.25474334 0.33754408
0.25464 0.40334861
0.25453666 0.4019679
0.25443334 0.34029187
0.25433 0.24457864
0.25422666 0.15753247
0.25412334 0.095123492
0.25402 0.12562883
0.25391666 0.17749849
0.25381334 0.24544034
0.25371 0.22026191
0.25360666 0.14721474
0.25350334 0.046285161
0.2534 0.078149891
0.25329666 0.1802148
0.25319334 0.25358489
0.25309 0.21207413
0.25298666 0.14665293
0.25288334 0.10530921
0.25278 0.13868972
0.25267666 0.16602324
0.25257334 0.24282771
0.25247 0.27392302
0.25236666 0.26392807
0.25226334 0.31855473
0.25216 0.37213856
0.25205666 0.36932981
0.25195334 0.34884603
0.25185 0.32810826
0.25174666 0.34223459
0.25164334 0.2783551
0.25154 0.28751952
0.25143666 0.27145075
0.25133334 0.21204256
0.25123 0.069815106
0.25112666 -0.041455166
0.25102334 0.00073070252
0.25092 0.18562458
0.25081666 0.17081766
0.25071334 0.13082911
0.25061 0.051141645
0.25050666 -0.029907551
0.25040334 -0.048628338
0.2503 -0.040507284
0.25019666 -0.035160052
0.25009334 0.0063564885
0.24999 0.07428387
0.24988666 0.16967492
0.24978334 0.25133646
0.24968 0.26029793
0.24957666 0.24306958
0.24947334 0.18309188
0.24937 0.16523163
0.24926666 0.080749892
0.24916334 0.0054146675
0.24906 -0.041012452
0.24895666 -0.084134752
0.24885334 -0.18064556
0.24875 -0.2428979
0.24864666 -0.23196933
0.24854334 -0.13896196
0.24844 -0.033967105
0.24833666 0.044583679
0.24823334 0.016538621
0.24813 -0.055024334
0.24802666 -0.11884806
0.24792334 -0.12425214
0.24782 -0.125609
0.24771666 -0.052313005
0.24761334 0.047980312
0.24751 0.077939214
0.24740666 0.15456998
0.24730334 0.25451365
0.2472 0.36722883
0.24709666 0.44281329
0.24699334 0.47164881
0.24689 0.5237145
0.24678666 0.46380701
0.24668334 0.28224123
0.24658 0.16538585
0.24647666 0.055914276
0.24637334 -0.076291949
0.24627 -0.13195159
0.24616666 0.0036290408
0.24606334 0.077629026
0.24596 0.14035185
0.24585666 0.14694286
0.24575334 0.11506759
0.24565 0.052942254
0.24554666 -0.014152344
0.24544334 -0.05473836
0.24534 -0.12709748
0.24523666 -0.11661128
0.24513334 -0.04328369
0.24503 -0.051281252
0.24492666 -0.053334928
0.24482334 -0.031361473
0.24472 0.16801194
0.24461666 0.31056968
0.24451334 0.40163315
0.24441 0.46612258
0.24430666 0.44243153
0.24420334 0.33528651
0.2441 0.20112617
0.24399666 0.090409552
0.24389334 0.045961786
0.24379 0.15817494
0.24368666 0.30090598
0.24358334 0.36236178
0.24348 0.48827156
0.24337666 0.56098597
0.24327334 0.54374183
0.24317 0.43914115
0.24306666 0.29528316
0.24296334 0.23016879
0.24286 0.13854187
0.24275666 -0.016087749
0.24265334 -0.047829775
0.24255 -0.054273355
0.24244666 -0.021790402
0.24234334 0.14374518
0.24224 0.27612859
0.24213666 0.45670806
0.24203334 0.55810227
0.24193 0.61787422
0.24182666 0.54953201
0.24172334 0.45287328
0.24162 0.26366357
0.24151666 0.15358922
0.24141334 0.088107943
0.24131 0.11781262
0.24120666 0.1862274
0.24110334 0.27127067
0.241 0.3477943
0.24089666 0.34414489
0.24079334 0.2766759
0.24069 0.19339622
0.24058666 0.11706616
0.24048334 0.047969065
0.24038 -0.050780188
0.24027666 -0.13054306
0.24017334 -0.13736281
0.24007 -0.13543684
0.23996666 -0.047021193
0.23986334 0.055913495
0.23976 0.15296499
0.23965666 0.244417
0.23955334 0.26100834
0.23945 0.2378814
0.23934666 0.16125875
0.23924334 0.050504993
0.23914 -0.059212348
0.23903666 -0.13940209
0.23893334 -0.13324188
0.23883 -0.095460392
0.23872666 -0.0061250551
0.23862334 0.090376163
0.23852 0.1577708
0.23841666 0.16856584
0.23831334 0.16618509
0.23821 0.14294495
0.23810666 0.064988031
0.23800334 0.01873229
0.2379 -0.054258737
0.23779666 -0.13149993
0.23769334 -0.14500095
0.23759 -0.14940071
0.23748666 -0.14088438
0.23738334 -0.1313173
0.23728 -0.11720349
0.23717666 -0.062661095
0.23707334 -0.10350554
0.23697 -0.12419161
0.23686666 -0.13265858
0.23676334 -0.11685696
0.23666 -0.073462144
0.23655666 -0.0452273
0.23645334 0.0065756373
0.23635 0.056385998
0.23624666 0.086207997
0.23614334 0.13994827
0.23604 0.14808964
0.23593666 0.13410098
0.23583334 0.063890536
0.23573 -0.015954687
0.23562666 -0.06236247
0.23552334 -0.13473401
0.23542 -0.14243174
0.23531666 -0.184988
0.23521334 -0.2093291
0.23511 -0.23326901
0.23500666 -0.23533864
0.23490334 -0.23430123
0.2348 -0.24206552
0.23469666 -0.27451337
0.23459334 -0.31829273
0.23449 -0.34295663
0.23438666 -0.33373499
0.23428334 -0.25331407
0.23418 -0.13712563
0.23407666 -0.028022528
0.23397334 0.047541342
0.23387 0.069041164
0.23376666 0.072979862
0.23366334 0.059360896
0.23356 0.012766009
0.23345666 -0.043475841
0.23335334 -0.12838062
0.23325 -0.22893766
0.23314666 -0.28239138
0.23304334 -0.3329175
0.23294 -0.31870806
0.23283666 -0.26681537
0.23273334 -0.22601498
0.23263 -0.17976876
0.23252666 -0.16149339
0.23242334 -0.17256765
0.23232 -0.20011188
0.23221666 -0.21458564
0.23211334 -0.23540556
0.23201 -0.24611253
0.23190666 -0.18843268
0.23180334 -0.049927557
0.2317 0.073345917
0.23159666 0.17285654
0.23149334 0.24467093
0.23139 0.23891972
0.23128666 0.20497813
0.23118334 0.13429807
0.23108 0.048598569
0.23097666 -0.045409796
0.23087334 -0.12596005
0.23077 -0.20138588
0.23066666 -0.26952588
0.23056334 -0.33040868
0.23046 -0.32670537
0.23035666 -0.25747864
0.23025334 -0.14023956
0.23015 -0.091135595
0.23004666 -0.070712975
0.22994334 -0.12504176
0.22984 -0.15504003
0.22973666 -0.22826519
0.22963334 -0.24900324
0.22953 -0.31464504
0.22942666 -0.27178118
0.22932334 -0.23166935
0.22922 -0.042022888
0.22911666 0.13755155
0.22901334 0.23177254
0.22891 0.24738857
0.22880666 0.24842924
0.22870334 0.23391575
0.2286 0.1607934
0.22849666 0.091872252
0.22839334 0.032852097
0.22829 -0.043940739
0.22818666 -0.12104922
0.22808334 -0.14601752
0.22798 -0.15153515
0.22787666 -0.14422601
0.22777334 -0.12115809
0.22767 -0.035640731
0.22756666 -0.013183454
0.22746334 -0.047425255
0.22736 -0.083565796
0.22725666 -0.12602747
0.22715334 -0.14553173
0.22705 -0.15832933
0.22694666 -0.15182959
0.22684334 -0.050634875
0.22674 0.049481759
0.22663666 0.091414634
0.22653334 0.13044355
0.22643 0.13448442
0.22632666 0.095290804
0.22622334 0.065648449
0.22612 0.056437948
0.22601666 0.029382746
0.22591334 -0.013783931
0.22581 -0.033905458
0.22570666 -0.084527176
0.22560334 -0.13976128
0.2255 -0.15723963
0.22539666 -0.20739376
0.22529334 -0.21483331
0.22519 -0.20346175
0.22508666 -0.19635807
0.22498334 -0.18870302
0.22488 -0.22260123
0.22477666 -0.22341665
0.22467334 -0.2363556
0.22457 -0.2269832
0.22446666 -0.19366259
0.22436334 -0.15118805
0.22426 -0.11989192
0.22415666 -0.037150896
0.22405334 0.00078453078
0.22395 -0.014178118
0.22384666 -0.022484878
0.22374334 -0.00031151088
0.22364 0.03471538
0.22353666 0.053252072
0.22343334 0.066032587
0.22333 0.062703592
0.22322666 0.054190268
0.22312334 0.03607071
0.22302 -0.022764442
0.22291666 -0.064261998
0.22281334 -0.13037257
0.22271 -0.14102236
0.22260666 -0.14227468
0.22250334 -0.14763044
0.2224 -0.13401532
0.22229666 -0.12391367
0.22219334 -0.067265485
0.22209 -0.0482055
0.22198666 0.006479359
0.22188334 0.040651745
0.22178 0.072018558
0.22167666 0.087323475
0.22157334 0.14890483
0.22147 0.17800717
0.22136666 0.24279171
0.22126334 0.2731848
0.22116 0.3347099
0.22105666 0.35331214
0.22095334 0.43114876
0.22085 0.37281699
0.22074666 0.3601685
0.22064334 0.33387124
0.22054 0.25886593
0.22043666 0.22947342
0.22033334 0.16172327
0.22023 0.12069699
0.22012666 0.068253468
0.22002334 0.049907721
0.21992 -0.023783538
0.21981666 -0.064284972
0.21971334 -0.1381314
0.21961 -0.14977461
0.21950666 -0.22479259
0.21940334 -0.24209246
0.2193 -0.24971723
0.21919666 -0.24412944
0.21909334 -0.23310527
0.21899 -0.21811626
0.21888666 -0.15261847
0.21878334 -0.13776489
0.21868 -0.091611184
0.21857666 -0.036505642
0.21847334 0.048794607
0.21837 0.077196019
0.21826666 0.089385365
0.21816334 0.13522399
0.21806 0.15713085
0.21795666 0.16939371
0.21785334 0.23131545
0.21775 0.25058988
0.21764666 0.25050775
0.21754334 0.21745096
0.21744 0.15124467
0.21733666 0.059652839
0.21723334 -0.030903562
0.21713 -0.13581757
0.21702666 -0.22180305
0.21692334 -0.26226829
0.21682 -0.32594151
0.21671666 -0.33944495
0.21661334 -0.33373119
0.21651 -0.250099
0.21640666 -0.14094097
0.21630334 -0.057927599
0.2162 -0.03353301
0.21609666 -0.03348538
0.21599334 -0.023709482
0.21589 0.028888065
0.21578666 0.046224436
0.21568334 0.049565171
0.21558 0.053563645
0.21547666 0.081535849
0.21537334 0.15913448
0.21527 0.24973576
0.21516666 0.25536116
0.21506334 0.25922063
0.21496 0.25108998
0.21485666 0.15098507
0.21475334 0.063494719
0.21465 -0.021738013
0.21454666 -0.13392918
0.21444334 -0.16345988
0.21434 -0.24442368
0.21423666 -0.2693217
0.21413334 -0.31067041
0.21403 -0.30362493
0.21392666 -0.25240479
0.21382334 -0.22444489
0.21372 -0.14530536
0.21361666 -0.10305227
0.21351334 -0.039564795
0.21341 -0.0019789757
0.21330666 0.040734014
0.21320334 0.052324103
0.2131 0.060518566
0.21299666 0.098840012
0.21289334 0.15270383
0.21279 0.18488983
0.21268666 0.24542636
0.21258334 0.24024315
0.21248 0.15726564
0.21237666 0.075745358
0.21227334 0.063281326
0.21217 0.042580385
0.21206666 -0.022499987
0.21196334 -0.038607147
0.21186 -0.048088664
0.21175666 -0.035895795
0.21165334 -0.032918457
0.21155 0.039511274
0.21144666 0.053856527
0.21134334 0.055539547
0.21124 0.096609306
0.21113666 0.13815397
0.21103334 0.1358805
0.21093 0.13532827
0.21082666 0.13839815
0.21072334 0.14227465
0.21062 0.14358056
0.21051666 0.14541397
0.21041334 0.14383365
0.21031 0.14576083
0.21020666 0.094211334
0.21010334 0.058685333
0.21 0.038311023
0.20989666 -0.026847052
0.20979334 -0.064003991
0.20969 -0.12493659
0.20958666 -0.1393135
0.20948334 -0.15024733
0.20938 -0.15582421
0.20927666 -0.1569109
0.20917334 -0.15685595
0.20907 -0.14741337
0.20896666 -0.078034872
0.20886334 -0.030272111
0.20876 0.054162882
0.20865666 0.086391679
0.20855334 0.14686074
0.20845 0.16305891
0.20834666 0.1577036
0.20824334 0.15639622
0.20814 0.15025439
0.20803666 0.13156119
0.20793334 0.078794569
0.20783 0.044617511
0.20772666 0.0051452015
0.20762334 -0.035677215
0.20752 -0.0524704
0.20741666 -0.045376311
0.20731334 -0.036481082
0.20721 -0.030645302
0.20710666 -0.041680907
0.20700334 -0.036110308
0.2069 0.027218805
0.20679666 0.035456076
0.20669334 0.031105196
0.20659 0.021939729
0.20648666 -0.034263135
0.20638334 -0.030866495
0.20628 -0.013083372
0.20617666 0.03928182
0.20607334 0.04950828
0.20597 0.044878843
0.20586666 0.0556283
0.20576334 0.058970737
0.20566 0.045341521
0.20555666 0.031392905
0.20545334 -0.025524859
0.20535 -0.03441335
0.20524666 -0.053273034
0.20514334 -0.0511105
0.20504 -0.0533662
0.20493666 -0.048391358
0.20483334 -0.039148457
0.20473 0.0038864657
0.20462666 0.042502623
0.20452334 0.059951543
0.20442 0.069462064
0.20431666 0.10146414
0.20421334 0.075073641
0.20411 0.061694381
0.20400666 0.054333115
0.20390334 0.061008133
0.2038 0.059268718
0.20369666 0.063564865
0.20359334 0.069744087
0.20349 0.054159077
0.20338666 0.037419893
0.20328334 -0.035421671
0.20318 -0.050990711
0.20307666 -0.06587435
0.20297334 -0.065731141
0.20287 -0.096618132
0.20276666 -0.069236923
0.20266334 -0.05142118
0.20256 -0.04099495
0.20245666 -0.032201814
0.20235334 0.034655131
0.20225 0.043625048
0.20214666 0.052042032
0.20204334 0.060375415
0.20194 0.066477171
0.20183666 0.06470132
0.20173334 0.063518496
0.20163 0.05883798
0.20152666 0.064693943
0.20142334 0.056731216
0.20132 0.062861364
0.20121666 0.066981647
0.20111334 0.048147166
0.20101 0.050361845
0.20090666 0.037972636
0.20080334 0.005691074
0.2007 -0.034274664
0.20059666 -0.041705032
0.20049334 -0.060675101
0.20039 -0.12700864
0.20028666 -0.13118452
0.20018334 -0.14316682
0.20008 -0.1450495
0.19997666 -0.14426757
0.19987334 -0.11323049
0.19977 -0.069906163
0.19966666 -0.051524489
0.19956334 -0.025530857
0.19946 0.01443048
0.19935666 0.021764173
0.19925334 0.047610097
0.19915 0.053724987
0.19904666 0.056894814
0.19894334 0.051737576
0.19884 0.05254493
0.19873666 0.052658933
0.19863334 0.041722564
0.19853 0.012584759
0.19842666 0.029267297
0.19832334 0.037243443
0.19822 0.044631034
0.19811666 0.051310115
0.19801334 0.048669567
0.19791 0.042570916
0.19780666 0.028793202
0.19770334 0.0048966224
0.1976 -0.0016583025
0.19749666 -0.016686831
0.19739334 -0.044073693
0.19729 -0.057096457
0.19718666 -0.088148265
0.19708334 -0.13363578
0.19698 -0.15061957
0.19687666 -0.14996086
0.19677334 -0.14481266
0.19667 -0.14219484
0.19656666 -0.12359634
0.19646334 -0.056873995
0.19636 -0.025123184
0.19625666 -0.017359142
0.19615334 0.044681654
0.19605 0.054217023
0.19594666 0.051154039
0.19584334 0.049994957
0.19574 0.041351753
0.19563666 0.040724848
0.19553334 0.043026094
0.19543 0.038769447
0.19532666 0.038084147
0.19522334 0.041990056
0.19512 0.051696606
0.19501666 0.044409518
0.19491334 0.034513491
0.19481 -0.016242593
0.19470666 -0.044772224
0.19460334 -0.058422682
0.1945 -0.061098848
0.19439666 -0.086935042
0.19429334 -0.12784746
0.19419 -0.14670563
0.19408666 -0.14859908
0.19398334 -0.16007915
0.19388 -0.20349662
0.19377666 -0.20399018
0.19367334 -0.16657796
0.19357 -0.15172136
0.19346666 -0.13582375
0.19336334 -0.045104237
0.19326 0.028330546
0.19315666 0.062744651
0.19305334 0.14076468
0.19295 0.15334757
0.19284666 0.16624284
0.19274334 0.16268037
0.19264 0.1495235
0.19253666 0.13717868
0.19243334 0.074991796
0.19233 0.051668028
0.19222666 0.027558712
0.19212334 -0.038412484
0.19202 -0.051473823
0.19191666 -0.054992736
0.19181334 -0.045572582
0.19171 -0.054352876
0.19160666 -0.054299606
0.19150334 -0.056844938
0.1914 -0.044612595
0.19129666 -0.040189832
0.19119334 -0.03581657
0.19109 -0.042772835
0.19098666 -0.050530592
0.19088334 -0.051127835
0.19078 -0.053880148
0.19067666 -0.057702619
0.19057334 -0.056931872
0.19047 -0.044306902
0.19036666 -0.033994811
0.19026334 0.025575367
0.19016 0.048090908
0.19005666 0.072607001
0.18995334 0.12833433
0.18985 0.14362558
0.18974666 0.14209331
0.18964334 0.14556172
0.18954 0.12910893
0.18943666 0.10670373
0.18933334 0.057251488
0.18923 0.040172892
0.18912666 -0.0097071763
0.18902334 -0.05001396
0.18892 -0.072928378
0.18881666 -0.12504192
0.18871334 -0.1338714
0.18861 -0.082987528
0.18850666 -0.056702598
0.18840334 -0.047445634
0.1883 -0.039292195
0.18819666 -0.037121221
0.18809334 0.031230161
0.18799 0.044934663
0.18788666 0.042319477
0.18778334 0.029843325
0.18768 0.045905122
0.18757666 0.03749825
0.18747334 0.033777688
0.18737 -0.011028741
0.18726666 -0.011286067
0.18716334 -0.025704818
0.18706 -0.037434756
0.18695666 0.007883887
0.18685334 0.025841003
0.18675 0.037334716
0.18664666 0.045627826
0.18654334 0.0454006
0.18644 0.060817181
0.18633666 0.067099025
0.18623334 0.055394946
0.18613 0.048422204
0.18602666 0.040883398
0.18592334 0.036555415
0.18582 0.030371602
0.18571666 -0.027783076
0.18561334 -0.047786485
0.18551 -0.057498551
0.18540666 -0.060376671
0.18530334 -0.05657067
0.1852 -0.051916989
0.18509666 -0.054348692
0.18499334 -0.052460401
0.18489 -0.048264779
0.18478666 -0.036014283
0.18468334 0.017438111
0.18458 0.027636486
0.18447666 0.037466818
0.18437334 0.042381686
0.18427 0.027780857
0.18416666 0.030463306
0.18406334 -0.04523343
0.18396 -0.08397321
0.18385666 -0.10783161
0.18375334 -0.063877491
0.18365 -0.061414309
0.18354666 -0.053691829
0.18344334 -0.033522621
0.18334 0.024570426
0.18323666 0.04271353
0.18313334 0.057806672
0.18303 0.069542251
0.18292666 0.049381123
0.18282334 0.039899007
0.18272 0.038615275
0.18261666 0.030012663
0.18251334 0.028195055
0.18241 -0.009000889
0.18230666 -0.044495768
0.18220334 -0.064808414
0.1821 -0.1316275
0.18199666 -0.13126039
0.18189334 -0.074752512
0.18179 -0.066587269
0.18168666 -0.058076411
0.18158334 -0.055521696
0.18148 -0.047941987
0.18137666 -0.037545828
0.18127334 -0.011539179
0.18117 0.0355678
0.18106666 0.059662549
0.18096334 0.10732079
0.18086 0.060428876
0.18075666 0.03973307
0.18065334 -0.042043053
0.18055 -0.1362451
0.18044666 -0.16795787
0.18034334 -0.17324098
0.18024 -0.16300202
0.18013666 -0.17243733
0.18003334 -0.15018729
0.17993 -0.072896626
0.17982666 -0.048005005
0.17972334 0.035241975
0.17962 0.055016854
0.17951666 0.069949058
0.17941334 0.091734993
0.17931 0.13131443
0.17920666 0.14392122
0.17910334 0.15712734
0.179 0.1529258
0.17889666 0.1425824
0.17879334 0.082288834
0.17869 0.035384948
0.17858666 -0.036534294
0.17848334 -0.069751035
0.17838 -0.12687174
0.17827666 -0.14506453
0.17817334 -0.14292577
0.17807 -0.13640755
0.17796666 -0.13142026
0.17786334 -0.074500869
0.17776 -0.058429213
0.17765666 -0.02768879
0.17755334 0.071087508
0.17745 0.12457265
0.17734666 0.13615912
0.17724334 0.062529466
0.17714 0.039328231
0.17703666 -0.019597838
0.17693334 -0.050271719
0.17683 -0.062961796
0.17672666 -0.046996339
0.17662334 -0.0018382718
0.17652 0.040190856
0.17641666 0.066103132
0.17631334 0.086952959
0.17621 0.10937656
0.17610666 0.098664392
0.17600334 0.075705139
0.1759 0.061198966
0.17579666 0.067555385
0.17569334 0.070515772
0.17559 0.070355566
0.17548666 0.059637977
0.17538334 0.05530231
0.17528 0.047434244
0.17517666 0.034016085
0.17507334 -0.049201016
0.17497 -0.13995275
0.17486666 -0.16330197
0.17476334 -0.1516403
0.17466 -0.10059263
0.17455666 -0.068820979
0.17445334 -0.056359738
0.17435 -0.037330417
0.17424666 0.032894368
0.17414334 0.05699902
0.17404 0.12862255
0.17393666 0.1580647
0.17383334 0.16430433
0.17373 0.14434176
0.17362666 0.13199478
0.17352334 0.079296532
0.17342 0.035727891
0.17331666 -0.044318741
0.17321334 -0.062062409
0.17311 -0.063325447
0.17300666 -0.071685312
0.17290334 -0.062845245
0.1728 -0.064806857
0.17269666 -0.068319273
0.17259334 -0.058348759
0.17249 -0.05757579
0.17238666 -0.045382549
0.17228334 -0.045054659
0.17218 0.0064450081
0.17207666 0.051630897
0.17197334 0.12471324
0.17187 0.14678416
0.17176666 0.16122185
0.17166334 0.15491608
0.17156 0.12717765
0.17145666 0.041265572
0.17135334 -0.049718871
0.17125 -0.1354095
0.17114666 -0.13891733
0.17104334 -0.13886345
0.17094 -0.079403972
0.17083666 -0.058074573
0.17073334 -0.0058174284
0.17063 0.039946213
0.17052666 0.04666229
0.17042334 0.082906147
0.17032 0.13515539
0.17021666 0.13430346
0.17011334 0.086094179
0.17001 0.04401456
0.16990666 -0.027424632
0.16980334 -0.066560462
0.1697 -0.12868174
0.16959666 -0.14508475
0.16949334 -0.14299642
0.16939 -0.14041822
0.16928666 -0.1323487
0.16918334 -0.13126109
0.16908 -0.10025855
0.16897666 -0.080112607
0.16887334 -0.07251186
0.16877 -0.048443445
0.16866666 -0.0072871871
0.16856334 0.050730288
0.16846 0.13530204
0.16835666 0.17547883
0.16825334 0.23501433
0.16815 0.23556342
0.16804666 0.2295486
0.16794334 0.15845877
0.16784 0.097090558
0.16773666 0.0097975689
0.16763334 -0.06031029
0.16753 -0.13660596
0.16742666 -0.11249208
0.16732334 -0.060478545
0.16722 -0.035417313
0.16711666 0.029273187
0.16701334 0.03651029
0.16691 0.046190021
0.16680666 0.054091912
0.16670334 0.061811129
0.1666 0.066645791
0.16649666 0.061413209
0.16639334 0.051769114
0.16629 0.047244023
0.16618666 0.049132874
0.16608334 0.043654861
0.16598 0.040834834
0.16587666 -0.01490145
0.16577334 -0.050747488
0.16567 -0.057530923
0.16556666 -0.068394598
0.16546334 -0.075748305
0.16536 -0.059020657
0.16525666 -0.048705562
0.16515334 -0.046655186
0.16505 0.0083833398
0.16494666 0.043880112
0.16484334 0.10649369
0.16474 0.15868164
0.16463666 0.21966277
0.16453334 0.22796087
0.16443 0.19727083
0.16432666 0.15593485
0.16422334 0.066575059
0.16412 -0.038416414
0.16401666 -0.082538534
0.16391334 -0.15964511
0.16381 -0.19751732
0.16370666 -0.17591241
0.16360334 -0.16339864
0.1635 -0.11077995
0.16339666 -0.052528464
0.16329334 0.015599486
0.16319 0.03191573
0.16308666 0.028334313
0.16298334 0.060483826
0.16288 0.1347402
0.16277666 0.15523363
0.16267334 0.21820848
0.16257 0.23420226
0.16246666 0.23763737
0.16236334 0.17496692
0.16226 0.1386448
0.16215666 0.056941275
0.16205334 -0.057115174
0.16195 -0.14829688
0.16184666 -0.18330693
0.16174334 -0.23703295
0.16164 -0.24289437
0.16153666 -0.19649465
0.16143334 -0.21964214
0.16133 -0.2014073
0.16122666 -0.1485536
0.16112334 -0.065635808
0.16102 0.032841469
0.16091666 0.058930863
0.16081334 0.12876761
0.16071 0.15354932
0.16060666 0.18108374
0.16050334 0.21885765
0.1604 0.20855517
0.16029666 0.18087043
0.16019334 0.14897616
0.16009 0.081062965
0.15998666 0.043503188
0.15988334 -0.033329378
0.15978 -0.042779389
0.15967666 -0.038455403
0.15957334 0.028542339
0.15947 0.049809421
0.15936666 0.049592029
0.15926334 0.048083134
0.15916 0.05152792
0.15905666 0.07641875
0.15895334 0.1198508
0.15885 0.13155631
0.15874666 0.13282717
0.15864334 0.12114677
0.15854 0.031024268
0.15843666 -0.071690027
0.15833334 -0.16163158
0.15823 -0.24148499
0.15812666 -0.32352164
0.15802334 -0.34045421
0.15792 -0.2755888
0.15781666 -0.26741312
0.15771334 -0.21009563
0.15761 -0.14385001
0.15750666 -0.13288196
0.15740334 -0.057630926
0.1573 0.022986562
0.15719666 0.077424157
0.15709334 0.14299869
0.15699 0.22797294
0.15688666 0.28752265
0.15678334 0.32587189
0.15668 0.33333815
0.15657666 0.32489469
0.15647334 0.28611694
0.15637 0.20088139
0.15626666 0.085486343
0.15616334 -0.038361414
0.15606 -0.14847772
0.15595666 -0.17414379
0.15585334 -0.21104055
0.15575 -0.17240857
0.15564666 -0.1516641
0.15554334 -0.11002414
0.15544 -0.048106185
0.15533666 -0.044408122
0.15523334 -0.038976394
0.15513 0.0256254
0.15502666 0.033995658
0.15492334 0.049296693
0.15482 0.11723924
0.15471666 0.11742179
0.15461334 0.10122502
0.15451 0.10826031
0.15440666 0.058513063
0.15430334 0.034529355
0.1542 -0.0147433
0.15409666 -0.062770314
0.15399334 -0.16971614
0.15389 -0.23578068
0.15378666 -0.1806258
0.15368334 -0.16486435
0.15358 -0.1454809
0.15347666 -0.14296872
0.15337334 -0.14685088
0.15327 -0.14034138
0.15316666 -0.068362409
0.15306334 0.041785137
0.15296 0.14722831
0.15285666 0.24392384
0.15275334 0.33077307
0.15265 0.35245338
0.15254666 0.34620885
0.15244334 0.32446195
0.15234 0.24284956
0.15223666 0.16398691
0.15213334 0.058881216
0.15203 -0.049659141
0.15192666 -0.11314367
0.15182334 -0.14527431
0.15172 -0.075187346
0.15161666 -0.033746264
0.15151334 0.033995845
0.15141 0.028716674
0.15130666 -0.032740634
0.15120334 -0.077504436
0.1511 -0.1557684
0.15099666 -0.16677931
0.15089334 -0.16949526
0.15079 -0.094431263
0.15068666 0.0023396914
0.15058334 0.037800626
0.15048 0.03803932
0.15037666 0.027333183
0.15027334 -0.057358341
0.15017 -0.14228345
0.15006666 -0.16661533
0.14996334 -0.28465294
0.14986 -0.34068045
0.14975666 -0.35346716
0.14965334 -0.2485812
0.14955 -0.066864224
0.14944666 0.02089836
0.14934334 0.041009449
0.14924 0.03104989
0.14913666 -0.027631848
0.14903334 -0.068387975
0.14893 -0.13344468
0.14882666 -0.014970818
0.14872334 0.21042929
0.14862 0.32846308
0.14851666 0.44049505
0.14841334 0.51162247
0.14831 0.5307953
0.14820666 0.50463844
0.14810334 0.42339074
0.148 0.25234496
0.14789666 0.085883823
0.14779334 -0.06783199
0.14769 -0.22272514
0.14758666 -0.3384534
0.14748334 -0.35146346
0.14738 -0.30520055
0.14727666 -0.19773241
0.14717334 -0.069368287
0.14707 0.033156252
0.14696666 0.060359176
0.14686334 0.057582044
0.14676 -0.038257311
0.14665666 -0.14281349
0.14655334 -0.16327559
0.14645 -0.13588315
0.14634666 -0.063245407
0.14624334 0.030868527
0.14614 0.067074911
0.14603666 0.066804133
0.14593334 0.035169865
0.14583 -0.036506177
0.14572666 -0.12448127
0.14562334 -0.21290794
0.14552 -0.23746436
0.14541666 -0.15800111
0.14531334 -0.079555316
0.14521 -0.065971417
0.14510666 -0.044216949
0.14500334 -0.039750227
0.1449 -0.057627063
0.14479666 -0.064681515
0.14469334 -0.11318679
0.14459 -0.14923586
0.14448666 -0.14323143
0.14438334 -0.046291167
0.14428 0.16304178
0.14417666 0.39520569
0.14407334 0.57063499
0.14397 0.69462253
0.14386666 0.73241641
0.14376334 0.72133093
0.14366 0.63685434
0.14355666 0.5317099
0.14345334 0.34710176
0.14335 0.18608293
0.14324666 0.035829896
0.14314334 -0.073351323
0.14304 -0.10131802
0.14293666 -0.087577473
0.14283334 -0.11704742
0.14273 -0.16294236
0.14262666 -0.22679647
0.14252334 -0.33959227
0.14242 -0.4607763
0.14231666 -0.57825299
0.14221334 -0.66636561
0.14211 -0.67587453
0.14200666 -0.5622678
0.14190334 -0.31801927
0.1418 -0.14790371
0.14169666 -0.033005533
0.14159334 0.045206415
0.14149 0.11697166
0.14138666 0.13829534
0.14128334 0.14839594
0.14118 0.13006125
0.14107666 0.044624415
0.14097334 -0.059033571
0.14087 -0.060722998
0.14076666 0.16794352
0.14066334 0.32703687
0.14056 0.39729152
0.14045666 0.37426817
0.14035334 0.34027106
0.14025 0.24193248
0.14014666 0.14459672
0.14004334 0.13477845
0.13994 0.22070678
0.13983666 0.40452505
0.13973334 0.54427683
0.13963 0.65546831
0.13952666 0.71282
0.13942334 0.68114494
0.13932 0.64956832
0.13921666 0.60876056
0.13911334 0.443996
0.13901 0.25308056
0.13890666 0.025645389
0.13880334 -0.24450525
0.1387 -0.36533245
0.13859666 -0.40291099
0.13849334 -0.37264851
0.13839 -0.32799663
0.13828666 -0.23294594
0.13818334 -0.15936469
0.13808 -0.14190498
0.13797666 -0.1470205
0.13787334 -0.16489911
0.13777 -0.25791988
0.13766666 -0.34991581
0.13756334 -0.31367304
0.13746 -0.15881674
0.13735666 0.028628808
0.13725334 0.15868982
0.13715 0.27745217
0.13704666 0.35066163
0.13694334 0.42463628
0.13684 0.43906634
0.13673666 0.42071667
0.13663334 0.34525654
0.13653 0.27819122
0.13642666 0.15030002
0.13632334 0.040411165
0.13622 -0.053148299
0.13611666 0.13400034
0.13601334 0.26299447
0.13591 0.3438334
0.13580666 0.34328578
0.13570334 0.30389418
0.1356 0.17551232
0.13549666 0.058823374
0.13539334 0.035329156
0.13529 0.048470433
0.13518666 0.1473256
0.13508334 0.3353713
0.13498 0.58878245
0.13487666 0.65407015
0.13477334 0.71305715
0.13467 0.72082294
0.13456666 0.6366888
0.13446334 0.52800855
0.13436 0.3307129
0.13425666 0.089483404
0.13415334 -0.1643709
0.13405 -0.32533525
0.13394666 -0.31970646
0.13384334 -0.24752718
0.13374 -0.099271478
0.13363666 0.0087436499
0.13353334 0.110993
0.13343 0.1648005
0.13332666 0.14225188
0.13322334 0.030917736
0.13312 -0.17398355
0.13301666 -0.25808466
0.13291334 -0.16498305
0.13281 0.056660555
0.13270666 0.24840088
0.13260334 0.39680604
0.1325 0.4955182
0.13239666 0.56167576
0.13229334 0.62438138
0.13219 0.5630269
0.13208666 0.5000916
0.13198334 0.39996775
0.13188 0.242091
0.13177666 0.097172026
0.13167334 -0.013323403
0.13157 -0.078062966
0.13146666 4.9462215e-005
0.13136334 0.13150923
0.13126 0.17238273
0.13115666 0.23640284
0.13105334 0.24807221
0.13095 0.22612816
0.13084666 0.15222697
0.13074334 0.11669472
0.13064 0.057410969
0.13053666 0.059158591
0.13043334 0.13702311
0.13033 0.31103717
0.13022666 0.47878382
0.13012334 0.63541082
0.13002 0.64979671
0.12991666 0.64017787
0.12981334 0.60550247
0.12971 0.47840656
0.12960666 0.3331445
0.12950334 0.11803484
0.1294 -0.14752893
0.12929666 -0.25752538
0.12919334 -0.22053606
0.12909 -0.16974651
0.12898666 -0.11802705
0.12888334 -0.078696646
0.12878 0.018397066
0.12867666 0.091248063
0.12857334 0.061857041
0.12847 -0.051862267
0.12836666 -0.17346744
0.12826334 -0.20237458
0.12816 -0.11317067
0.12805666 0.086315029
0.12795334 0.25752459
0.12785 0.33553985
0.12774666 0.37368997
0.12764334 0.38635089
0.12754 0.35173735
0.12743666 0.31220001
0.12733334 0.21379606
0.12723 0.061776527
0.12712666 -0.085918631
0.12702334 -0.21576251
0.12692 -0.24793105
0.12681666 -0.18553993
0.12671334 -0.14511692
0.12661 -0.085532613
0.12650666 -0.069140466
0.12640334 0.0069998557
0.1263 0.11113695
0.12619666 0.13906115
0.12609334 0.16076653
0.12599 0.1441621
0.12588666 0.14297062
0.12578334 0.17417266
0.12568 0.2407161
0.12557666 0.32837912
0.12547334 0.41005714
0.12537 0.47409563
0.12526666 0.49222737
0.12516334 0.42779129
0.12506 0.33279333
0.12495666 0.24757454
0.12485334 0.14254165
0.12475 0.035385719
0.12464666 -0.11313709
0.12454334 -0.2610724
0.12444 -0.33709206
0.12433666 -0.35035722
0.12423334 -0.33760807
0.12413 -0.27851541
0.12402666 -0.22205631
0.12392334 -0.17963588
0.12382 -0.16941134
0.12371666 -0.20901176
0.12361334 -0.26781836
0.12351 -0.27084835
0.12340666 -0.16948763
0.12330334 -0.0137336
0.1232 0.026929091
0.12309666 0.023360171
0.12299334 0.016455129
0.12289 -0.020098568
0.12278666 -0.062997839
0.12268334 -0.092196757
0.12258 -0.14646224
0.12247666 -0.15996364
0.12237334 -0.21146419
0.12227 -0.24978567
0.12216666 -0.25972916
0.12206334 -0.24654987
0.12196 -0.15130074
0.12185666 -0.055167218
0.12175334 0.031856377
0.12165 0.11467382
0.12154666 0.18693532
0.12144334 0.24382405
0.12134 0.32505523
0.12123666 0.38584324
0.12113334 0.42976801
0.12103 0.44059617
0.12092666 0.43040143
0.12082334 0.38630635
0.12072 0.32850923
0.12061666 0.24811917
0.12051334 0.1532071
0.12041 0.052963766
0.12030666 0.016280221
0.12020334 -0.063676634
0.1201 -0.14204304
0.11999666 -0.1757039
0.11989334 -0.23955976
0.11979 -0.2893125
0.11968666 -0.27720635
0.11958334 -0.2551619
0.11948 -0.16623389
0.11937666 -0.078578027
0.11927334 0.037419421
0.11917 0.13232291
0.11906666 0.21938377
0.11896334 0.23429048
0.11886 0.23040808
0.11875666 0.21712965
0.11865334 0.13708633
0.11855 0.046083056
0.11844666 -0.054574834
0.11834334 -0.1500261
0.11824 -0.24037367
0.11813666 -0.28359097
0.11803334 -0.34751069
0.11793 -0.36610887
0.11782666 -0.35012436
0.11772334 -0.27042059
0.11762 -0.16671578
0.11751666 -0.070510124
0.11741334 0.048786284
0.11731 0.12549679
0.11720666 0.19976429
0.11710334 0.30805442
0.117 0.40915735
0.11689666 0.43417181
0.11679334 0.44456715
0.11669 0.42090671
0.11658666 0.33444799
0.11648334 0.23277198
0.11638 0.11408285
0.11627666 -0.054871516
0.11617334 -0.16533878
0.11607 -0.26325006
0.11596666 -0.3506736
0.11586334 -0.38471828
0.11576 -0.44458375
0.11565666 -0.45516723
0.11555334 -0.4294171
0.11545 -0.35876091
0.11534666 -0.27481459
0.11524334 -0.17088409
0.11514 -0.12478138
0.11503666 -0.06954103
0.11493334 -0.048496211
0.11483 0.022692663
0.11472666 0.087752586
0.11462334 0.20515089
0.11452 0.31482933
0.11441666 0.40721386
0.11431334 0.3679411
0.11421 0.30572938
0.11410666 0.20889983
0.11400334 0.096632645
0.1139 0.0095244763
0.11379666 -0.08241364
0.11369334 -0.16445663
0.11359 -0.23332289
0.11348666 -0.297973
0.11338334 -0.35522607
0.11328 -0.3857359
0.11317666 -0.38359477
0.11307334 -0.32539931
0.11297 -0.20626261
0.11286666 -0.10962519
0.11276334 -0.074089576
0.11266 -0.083718072
0.11255666 -0.13327614
0.11245334 -0.13903898
0.11235 -0.10791848
0.11224666 -0.1131743
0.11214334 -0.074540791
0.11204 0.0026502083
0.11193666 0.070778158
0.11183334 0.12986645
0.11173 0.13869538
0.11162666 0.11215791
0.11152334 0.039203075
0.11142 -0.055764797
0.11131666 -0.115776
0.11121334 -0.18605594
0.11111 -0.2644055
0.11100666 -0.30914526
0.11090334 -0.37082745
0.1108 -0.36026704
0.11069666 -0.26270567
0.11059334 -0.17346014
0.11049 -0.095409498
0.11038666 -0.058919505
0.11028334 -0.041029782
0.11018 -0.018059829
0.11007666 0.02065813
0.10997334 0.029219613
0.10987 0.055057577
0.10976666 0.14264186
0.10966334 0.23725827
0.10956 0.24607238
0.10945666 0.21782323
0.10935334 0.13607165
0.10925 0.035804991
0.10914666 -0.05774239
0.10904334 -0.14809496
0.10894 -0.18899624
0.10883666 -0.27173729
0.10873334 -0.28885625
0.10863 -0.3039282
0.10852666 -0.30469382
0.10842334 -0.30890755
0.10832 -0.27005523
0.10821666 -0.26541792
0.10811334 -0.23695878
0.10801 -0.17597179
0.10790666 -0.15050368
0.10780334 -0.084869407
0.1077 -0.071260127
0.10759666 -0.062187418
0.10749334 -0.050226058
0.10739 -0.048487118
0.10728666 -0.061142316
0.10718334 -0.084029709
0.10708 -0.14512895
0.10697666 -0.16333098
0.10687334 -0.18193686
0.10677 -0.22288184
0.10666666 -0.23954064
0.10656334 -0.21663338
0.10646 -0.17168892
0.10635666 -0.12955568
0.10625334 -0.052127439
0.10615 0.018524893
0.10604666 0.04131611
0.10594334 0.056924143
0.10584 0.072927368
0.10573666 0.050537467
0.10563334 0.073774775
0.10553 0.057178472
0.10542666 0.044789659
0.10532334 0.03960022
0.10522 0.032699383
0.10511666 0.028431896
0.10501334 0.018426171
0.10491 -0.018082927
0.10480666 -0.064978969
0.10470334 -0.11735271
0.1046 -0.15584295
0.10449666 -0.16635987
0.10439334 -0.17944751
0.10429 -0.18047283
0.10418666 -0.18597474
0.10408334 -0.17286126
0.10398 -0.15268968
0.10387666 -0.096650767
0.10377334 -0.070700639
0.10367 -0.054333121
0.10356666 -0.025624949
0.10346334 -0.047950691
0.10336 -0.037601151
0.10325666 -0.0085381852
0.10315334 0.027389786
0.10305 0.031319704
0.10294666 0.041165936
0.10284334 0.054180918
0.10274 0.065683944
0.10263666 0.036776374
0.10253334 0.029751628
0.10243 0.0066451907
0.10232666 -0.045070691
0.10222334 -0.070655894
0.10212 -0.090373193
0.10201666 -0.090194275
0.10191334 -0.090388784
0.10181 -0.088260309
0.10170666 -0.083195898
0.10160334 -0.078502871
0.1015 -0.071374011
0.10139666 -0.072789953
0.10129334 -0.081054807
0.10119 -0.095027849
0.10108666 -0.086343789
0.10098334 -0.073887982
0.10088 0.015065049
0.10077666 0.05052445
0.10067334 0.11947031
0.10057 0.13308231
0.10046666 0.14113882
0.10036334 0.12314088
0.10026 0.10905996
0.10015666 0.021436838
0.10005334 -0.019374581
0.09995 -0.073231906
0.099846665 -0.13507175
0.099743335 -0.15892308
0.09964 -0.18017117
0.099536665 -0.2118702
0.099433335 -0.22069766
0.09933 -0.21053885
0.099226665 -0.23849698
0.099123335 -0.19107078
0.09902 -0.18702888
0.098916665 -0.18012169
0.098813335 -0.16685808
0.09871 -0.10127947
0.098606665 0.0063076839
0.098503335 0.082202827
0.0984 0.13817529
0.098296665 0.22329849
0.098193335 0.26905564
0.09809 0.31991112
0.097986665 0.3222596
0.097883335 0.318905
0.09778 0.25198787
0.097676665 0.21236364
0.097573335 0.11980521
0.09747 0.036808625
0.097366665 -0.028013022
0.097263335 -0.083393587
0.09716 -0.17102376
0.097056665 -0.25440201
0.096953335 -0.33247047
0.09685 -0.37035864
0.096746665 -0.39259248
0.096643335 -0.40670393
0.09654 -0.36689082
0.096436665 -0.28585929
0.096333335 -0.21794564
0.09623 -0.1771986
0.096126665 -0.16676784
0.096023335 -0.15669923
0.09592 -0.08638777
0.095816665 -0.07414514
0.095713335 0.008019305
0.09561 0.11192276
0.095506665 0.2237635
0.095403335 0.30883056
0.0953 0.3547191
0.095196665 0.34351433
0.095093335 0.30903371
0.09499 0.22227342
0.094886665 0.12974943
0.094783335 0.059323058
0.09468 -0.01870579
0.094576665 -0.096800404
0.094473335 -0.17007658
0.09437 -0.22857975
0.094266665 -0.28475981
0.094163335 -0.31581403
0.09406 -0.30138442
0.093956665 -0.27010668
0.093853335 -0.20913418
0.09375 -0.17090475
0.093646665 -0.15482566
0.093543335 -0.12574126
0.09344 -0.11734216
0.093336665 -0.093144004
0.093233335 -0.061384889
0.09313 0.043162491
0.093026665 0.11356513
0.092923335 0.11792285
0.09282 0.092425447
0.092716665 0.032906644
0.092613335 -0.049244518
0.09251 -0.075934283
0.092406665 -0.15327591
0.092303335 -0.18109519
0.0922 -0.26853292
0.092096665 -0.28250015
0.091993335 -0.33151433
0.09189 -0.31110579
0.091786665 -0.26851216
0.091683335 -0.17605193
0.09158 -0.15307958
0.091476665 -0.078248704
0.091373335 -0.040521193
0.09127 0.017321617
0.091166665 0.044345975
0.091063335 0.1075541
0.09096 0.14691117
0.090856665 0.21963004
0.090753335 0.2969498
0.09065 0.31803191
0.090546665 0.320271
0.090443335 0.30780943
0.09034 0.23452421
0.090236665 0.21167694
0.090133335 0.12540775
0.09003 0.049242705
0.089926665 0.00064271828
0.089823335 -0.067254228
0.08972 -0.15736334
0.089616665 -0.18623955
0.089513335 -0.2439269
0.08941 -0.21455822
0.089306665 -0.16018468
0.089203335 -0.086992744
0.0891 -0.060030258
0.088996665 -0.043569532
0.088893335 -0.064680692
0.08879 -0.075446892
0.088686665 -0.10149094
0.088583335 -0.092446197
0.08848 -0.078200405
0.088376665 0.00088212496
0.088273335 0.026684271
0.08817 0.037476543
0.088066665 0.035437786
0.087963335 0.022609399
0.08786 0.0041212245
0.087756665 -0.046657873
0.087653335 -0.053826964
0.08755 -0.074168058
0.087446665 -0.088736596
0.087343335 -0.14589571
0.08724 -0.17050601
0.087136665 -0.19046643
0.087033335 -0.24886101
0.08693 -0.2580152
0.086826665 -0.25164259
0.086723335 -0.18281292
0.08662 -0.13285994
0.086516665 -0.056847917
0.086413335 0.019411156
0.08631 0.073633184
0.086206665 0.11810933
0.086103335 0.13083743
0.086 0.13549816
0.085896665 0.13666024
0.085793335 0.13799166
0.08569 0.12995434
0.085586665 0.087946194
0.085483335 0.032572218
0.08538 0.021011183
0.085276665 -0.054259638
0.085173335 -0.075618582
0.08507 -0.15292539
0.084966665 -0.17188076
0.084863335 -0.17144752
0.08476 -0.16941377
0.084656665 -0.1699101
0.084553335 -0.16345801
0.08445 -0.15684945
0.084346665 -0.15049679
0.084243335 -0.1004106
0.08414 -0.082889985
0.084036665 -0.084594539
0.083933335 -0.073560646
0.08383 -0.067926531
0.083726665 -0.041147378
0.083623335 0.016351617
0.08352 0.032923364
0.083416665 0.050068956
0.083313335 0.07498806
0.08321 0.094154206
0.083106665 0.090799504
0.083003335 0.073191984
0.0829 0.068277842
0.082796665 0.040481991
0.082693335 0.035704611
0.08259 0.031825765
0.082486665 0.023709839
0.082383335 0.022798288
0.08228 0.016691761
0.082176665 0.014322721
0.082073335 0.018049943
0.08197 0.020513925
0.081866665 0.024720826
0.081763335 0.021924298
0.08166 0.028190398
0.081556665 0.025814401
0.081453335 0.0066225105
0.08135 -0.050783435
0.081246665 -0.067104379
0.081143335 -0.089187635
0.08104 -0.1504297
0.080936665 -0.17409536
0.080833335 -0.18529992
0.08073 -0.22058394
0.080626665 -0.222432
0.080523335 -0.25337668
0.08042 -0.22689624
0.080316665 -0.18477633
0.080213335 -0.17265108
0.08011 -0.1645084
0.080006665 -0.090239935
0.079903335 -0.072538396
0.0798 0.010874065
0.079696665 0.041849601
0.079593335 0.11519776
0.07949 0.15526773
0.079386665 0.22462843
0.079283335 0.24301465
0.07918 0.24010314
0.079076665 0.23094103
0.078973335 0.21359757
0.07887 0.13626969
0.078766665 0.10826123
0.078663335 0.019299025
0.07856 -0.062203012
0.078456665 -0.092611485
0.078353335 -0.16565995
0.07825 -0.18424975
0.078146665 -0.1920006
0.078043335 -0.24848277
0.07794 -0.18716623
0.077836665 -0.17688479
0.077733335 -0.1562426
0.07763 -0.083126467
0.077526665 -0.061677046
0.077423335 0.010244491
0.07732 0.021315067
0.077216665 0.031457389
0.077113335 0.046756841
0.07701 0.11208922
0.076906665 0.1211766
0.076803335 0.11337658
0.0767 0.051614395
0.076596665 0.020406474
0.076493335 -0.067045112
0.07639 -0.14834919
0.076286665 -0.18273723
0.076183335 -0.25181162
0.07608 -0.2927531
0.075976665 -0.35305609
0.075873335 -0.35907668
0.07577 -0.35837204
0.075666665 -0.30815104
0.075563335 -0.263794
0.07546 -0.18674245
0.075356665 -0.16483765
0.075253335 -0.082883191
0.07515 0.0011175963
0.075046665 0.041427502
0.074943335 0.12051546
0.07484 0.22195724
0.074736665 0.30681301
0.074633335 0.34556426
0.07453 0.39202688
0.074426665 0.38149867
0.074323335 0.32656243
0.07422 0.24789703
0.074116665 0.20076631
0.074013335 0.070747407
0.07391 -0.0077169123
0.073806665 -0.092396249
0.073703335 -0.185367
0.0736 -0.26961651
0.073496665 -0.32903002
0.073393335 -0.36657384
0.07329 -0.3804723
0.073186665 -0.38035053
0.073083335 -0.37829984
0.07298 -0.35356126
0.072876665 -0.28419476
0.072773335 -0.25347956
0.07267 -0.17700591
0.072566665 -0.1506909
0.072463335 -0.079023182
0.07236 0.010389561
0.072256665 0.021071467
0.072153335 0.042126955
0.07205 0.099572573
0.071946665 0.093003076
0.071843335 0.059550997
0.07174 0.028462628
0.071636665 0.010792341
0.071533335 -0.059312396
0.07143 -0.080888916
0.071326665 -0.1599872
0.071223335 -0.17592223
0.07112 -0.18512932
0.071016665 -0.22020284
0.070913335 -0.22560565
0.07081 -0.20067279
0.070706665 -0.17982212
0.070603335 -0.16691396
0.0705 -0.072776421
0.070396665 0.017485377
0.070293335 0.11650634
0.07019 0.23755718
0.070086665 0.32970718
0.069983335 0.41285727
0.06988 0.42926938
0.069776665 0.42927929
0.069673335 0.40766464
0.06957 0.31628079
0.069466665 0.22741791
0.069363335 0.12446934
0.06926 0.016541482
0.069156665 -0.07689975
0.069053335 -0.17177768
0.06895 -0.25577352
0.068846665 -0.31687978
0.068743335 -0.37220552
0.06864 -0.38357103
0.068536665 -0.38456769
0.068433335 -0.36781087
0.06833 -0.34811739
0.068226665 -0.27611742
0.068123335 -0.26746581
0.06802 -0.17904463
0.067916665 -0.17554509
0.067813335 -0.16146837
0.06771 -0.071733232
0.067606665 -0.050118591
0.067503335 0.014799469
0.0674 0.037882831
0.067296665 0.11079512
0.067193335 0.11245293
0.06709 0.11230121
0.066986665 0.083224711
0.066883335 0.029726978
0.06678 0.011286563
0.066676665 -0.026160945
0.066573335 -0.052791173
0.06647 -0.07543777
0.066366665 -0.068370437
0.066263335 -0.068334923
0.06616 -0.065037673
0.066056665 -0.043494331
0.065953335 -0.0027693347
0.06585 0.011950905
0.065746665 0.030017981
0.065643335 0.062285375
0.06554 0.11973097
0.065436665 0.14734236
0.065333335 0.2122032
0.06523 0.22532665
0.065126665 0.22566804
0.065023335 0.21762555
0.06492 0.19005311
0.064816665 0.11651776
0.064713335 0.038433921
0.06461 -0.014782402
0.064506665 -0.084654947
0.064403335 -0.16480664
0.0643 -0.19359131
0.064196665 -0.20076095
0.064093335 -0.26503752
0.06399 -0.266172
0.063886665 -0.25811057
0.063783335 -0.18815948
0.06368 -0.16795379
0.063576665 -0.15402662
0.063473335 -0.076936202
0.06337 -0.05359077
0.063266665 0.033250988
0.063163335 0.098009921
0.06306 0.13779455
0.062956665 0.17551229
0.062853335 0.19814772
0.06275 0.17547703
0.062646665 0.13572066
0.062543335 0.12034065
0.06244 0.065810359
0.062336665 0.024266047
0.062233335 -0.02338932
0.06213 -0.075144742
0.062026665 -0.08602735
0.061923335 -0.13951768
0.06182 -0.16983037
0.061716665 -0.17363056
0.061613335 -0.17213324
0.06151 -0.1751252
0.061406665 -0.17469538
0.061303335 -0.17466747
0.0612 -0.16513165
0.061096665 -0.15934345
0.060993335 -0.1220853
0.06089 -0.07544589
0.060786665 -0.039030397
0.060683335 0.015348472
0.06058 0.032119658
0.060476665 0.02579359
0.060373335 0.025587487
0.06027 0.022205119
0.060166665 0.0011753486
0.060063335 -0.063091411
0.05996 -0.083944607
0.059856665 -0.10044834
0.059753335 -0.16224189
0.05965 -0.17293423
0.059546665 -0.17244452
0.059443335 -0.16951249
0.05934 -0.15962498
0.059236665 -0.1175032
0.059133335 -0.091709061
0.05903 -0.063472498
0.058926665 0.013245738
0.058823335 0.032284194
0.05872 0.10611281
0.058616665 0.11806658
0.058513335 0.13225054
0.05841 0.13576845
0.058306665 0.128002
0.058203335 0.1131471
0.0581 0.039699899
0.057996665 0.0039094179
0.057893335 -0.076394587
0.05779 -0.16374101
0.057686665 -0.1884136
0.057583335 -0.26047551
0.05748 -0.29365451
0.057376665 -0.3514774
0.057273335 -0.35881107
0.05717 -0.36090928
0.057066665 -0.33450879
0.056963335 -0.28637836
0.05686 -0.24514094
0.056756665 -0.17994103
0.056653335 -0.12012204
0.05655 -0.070689933
0.056446665 0.0072080456
0.056343335 0.041607652
0.05624 0.098407806
0.056136665 0.11168427
0.056033335 0.10499358
0.05593 0.10540561
0.055826665 0.074867965
0.055723335 0.036641471
0.05562 0.015876741
0.055516665 -0.0010907894
0.055413335 -0.053208657
0.05531 -0.069819884
0.055206665 -0.0685282
0.055103335 -0.072415823
0.055 -0.0029796058
0.054896665 0.010578718
0.054793335 0.028087776
0.05469 0.082464188
0.054586665 0.10638315
0.054483335 0.12242218
0.05438 0.14076211
0.054276665 0.19802223
0.054173335 0.20348668
0.05407 0.20743962
0.053966665 0.20879201
0.053863335 0.19998276
0.05376 0.14357107
0.053656665 0.117794
0.053553335 0.058318929
0.05345 0.015954915
0.053346665 -0.060512239
0.053243335 -0.10208497
0.05314 -0.17814114
0.053036665 -0.19671686
0.052933335 -0.26146681
0.05283 -0.27892314
0.052726665 -0.2882285
0.052623335 -0.28682419
0.05252 -0.27217979
0.052416665 -0.25252844
0.052313335 -0.19554345
0.05221 -0.17498953
0.052106665 -0.097380953
0.052003335 -0.066513356
0.0519 0.02130185
0.051796665 0.06871596
0.051693335 0.10912716
0.05159 0.12271294
0.051486665 0.13317763
0.051383335 0.1256189
0.05128 0.11134115
0.051176665 0.096746669
0.051073335 0.033619256
0.05097 0.0061874545
0.050866665 -0.065600279
0.050763335 -0.088065105
0.05066 -0.15531593
0.050556665 -0.16444092
0.050453335 -0.16335128
0.05035 -0.16614954
0.050246665 -0.14085915
0.050143335 -0.093413272
0.05004 -0.062158922
0.049936665 -0.02219448
0.049833335 0.014489602
0.04973 0.023391576
0.049626665 0.043162792
0.049523335 0.052903011
0.04942 0.099741159
0.049316665 0.079673656
0.049213335 0.062639071
0.04911 0.033693088
0.049006665 0.020101874
0.048903335 0.0022134868
0.0488 -0.075453739
0.048696665 -0.09556989
0.048593335 -0.16441247
0.04849 -0.18785363
0.048386665 -0.20694382
0.048283335 -0.26076328
0.04818 -0.27095586
0.048076665 -0.27395658
0.047973335 -0.27184872
0.04787 -0.25910793
0.047766665 -0.19715746
0.047663335 -0.180277
0.04756 -0.16790497
0.047456665 -0.10331638
0.047353335 -0.076835475
0.04725 -0.035787228
0.047146665 0.011659812
0.047043335 0.034119333
0.04694 0.061247293
0.046836665 0.07174769
0.046733335 0.072522567
0.04663 0.042627692
0.046526665 0.026122762
0.046423335 -0.0018012625
0.04632 -0.02827972
0.046216665 -0.075127319
0.046113335 -0.093252037
0.04601 -0.12465294
0.045906665 -0.12914126
0.045803335 -0.15664546
0.0457 -0.11696242
0.045596665 -0.097378151
0.045493335 -0.074367183
0.04539 -0.039651309
0.045286665 0.0072373357
0.045183335 0.024122416
0.04508 0.06945728
0.044976665 0.071002179
0.044873335 0.098142936
0.04477 0.1103205
0.044666665 0.099398024
0.044563335 0.094474561
0.04446 0.023664202
0.044356665 0.0054881107
0.044253335 -0.062928559
0.04415 -0.094493603
0.044046665 -0.17047004
0.043943335 -0.1901123
0.04384 -0.21642501
0.043736665 -0.26551068
0.043633335 -0.26694979
0.04353 -0.26385293
0.043426665 -0.20781068
0.043323335 -0.17583471
0.04322 -0.10309771
0.043116665 -0.076725195
0.043013335 0.0026195602
0.04291 0.026112837
0.042806665 0.1064007
0.042703335 0.13037116
0.0426 0.19424407
0.042496665 0.20534254
0.042393335 0.2094942
0.04229 0.20291219
0.042186665 0.17854249
0.042083335 0.12596301
0.04198 0.10966989
0.041876665 0.065580833
0.041773335 0.015202093
0.04167 -0.053996331
0.041566665 -0.077146088
0.041463335 -0.084821897
0.04136 -0.10159164
0.041256665 -0.094919578
0.041153335 -0.090954452
0.04105 -0.080535477
0.040946665 -0.069251432
0.040843335 0.0092968095
0.04074 0.029996793
0.040636665 0.057216379
0.040533335 0.099357074
0.04043 0.11840948
0.040326665 0.12176349
0.040223335 0.13030489
0.04012 0.13514533
0.040016665 0.12318123
0.039913335 0.11837768
0.03981 0.10846155
0.039706665 0.053946806
0.039603335 0.021109282
0.0395 0.004575549
0.039396665 -0.074571373
0.039293335 -0.097002913
0.03919 -0.16362035
0.039086665 -0.17948306
0.038983335 -0.17935265
0.03888 -0.18027058
0.038776665 -0.18238372
0.038673335 -0.17280807
0.03857 -0.17026648
0.038466665 -0.16065229
0.038363335 -0.097616764
0.03826 -0.080426066
0.038156665 -0.065973052
0.038053335 -0.0022799734
0.03795 0.010617395
0.037846665 0.021564175
0.037743335 0.032872597
0.03764 0.059206487
0.037536665 0.040116096
0.037433335 0.052598042
0.03733 0.033811322
0.037226665 0.035818442
0.037123335 0.019794342
0.03702 0.016932186
0.036916665 0.0024884798
0.036813335 -0.0428955
0.03671 -0.057805156
0.036606665 -0.05683332
0.036503335 -0.04411939
0.0364 -0.0045885236
0.036296665 -0.0018940295
0.036193335 0.0033221806
0.03609 -0.18651313
0.035986665 -0.088165836

