0.35885167 -0.06967511
0.35874833 -0.070771128
0.358645 -0.071857168
0.35854167 -0.072280847
0.35843833 -0.072343805
0.358335 -0.071682814
0.35823167 -0.070437466
0.35812833 -0.068929334
0.358025 -0.068088157
0.35792167 -0.067559253
0.35781833 -0.067575827
0.357715 -0.06760828
0.35761167 -0.066949401
0.35750833 -0.066138987
0.357405 -0.065815032
0.35730167 -0.065648737
0.35719833 -0.065397228
0.357095 -0.064997397
0.35699167 -0.065065367
0.35688833 -0.065492963
0.356785 -0.066184498
0.35668167 -0.066939209
0.35657833 -0.067449642
0.356475 -0.068035811
0.35637167 -0.068989397
0.35626833 -0.070698319
0.356165 -0.072904615
0.35606167 -0.074912596
0.35595833 -0.075811348
0.355855 -0.075502187
0.35575167 -0.074184206
0.35564833 -0.072739913
0.355545 -0.07115768
0.35544167 -0.069398272
0.35533833 -0.067273299
0.355235 -0.065477321
0.35513167 -0.06392783
0.35502833 -0.062480403
0.354925 -0.060897419
0.35482167 -0.059277465
0.35471833 -0.058351932
0.354615 -0.058605391
0.35451167 -0.060236941
0.35440833 -0.063002203
0.354305 -0.066412953
0.35420167 -0.069541735
0.35409833 -0.071650352
0.353995 -0.07248949
0.35389167 -0.072804943
0.35378833 -0.072090698
0.353685 -0.070731359
0.35358167 -0.069221458
0.35347833 -0.067390977
0.353375 -0.065523583
0.35327167 -0.063596434
0.35316833 -0.061850198
0.353065 -0.060403097
0.35296167 -0.05909717
0.35285833 -0.057987482
0.352755 -0.05766959
0.35265167 -0.058808866
0.35254833 -0.060304683
0.352445 -0.061864746
0.35234167 -0.062714979
0.35223833 -0.063443012
0.352135 -0.064116671
0.35203167 -0.064763452
0.35192833 -0.065479132
0.351825 -0.065981224
0.35172167 -0.06652815
0.35161833 -0.06654272
0.351515 -0.065996672
0.35141167 -0.06521106
0.35130833 -0.064299003
0.351205 -0.06289573
0.35110167 -0.061999052
0.35099833 -0.061940694
0.350895 -0.06254618
0.35079167 -0.062557136
0.35068833 -0.062715497
0.350585 -0.063190559
0.35048167 -0.063308021
0.35037833 -0.063310877
0.350275 -0.063271023
0.35017167 -0.062953833
0.35006833 -0.063125986
0.349965 -0.063788831
0.34986167 -0.064499879
0.34975833 -0.064994309
0.349655 -0.065883618
0.34955167 -0.0669617
0.34944833 -0.06843509
0.349345 -0.069904393
0.34924167 -0.071965261
0.34913833 -0.073106405
0.349035 -0.073540857
0.34893167 -0.073343309
0.34882833 -0.073186545
0.348725 -0.072014403
0.34862167 -0.070531182
0.34851833 -0.069158916
0.348415 -0.06750441
0.34831167 -0.065914849
0.34820833 -0.064886701
0.348105 -0.064439269
0.34800167 -0.063952408
0.34789833 -0.063920639
0.347795 -0.064426188
0.34769167 -0.065135568
0.34758833 -0.066564947
0.347485 -0.068900686
0.34738167 -0.07123698
0.34727833 -0.073055935
0.347175 -0.074630882
0.34707167 -0.07575766
0.34696833 -0.076310747
0.346865 -0.076405236
0.34676167 -0.076016871
0.34665833 -0.075019662
0.346555 -0.073263777
0.34645167 -0.071666053
0.34634833 -0.07015103
0.346245 -0.068450138
0.34614167 -0.067404849
0.34603833 -0.066603399
0.345935 -0.06622673
0.34583167 -0.06627666
0.34572833 -0.066690948
0.345625 -0.067275056
0.34552167 -0.06806516
0.34541833 -0.069037279
0.345315 -0.070590655
0.34521167 -0.072182122
0.34510833 -0.073866221
0.345005 -0.07555805
0.34490167 -0.076713886
0.34479833 -0.077628357
0.344695 -0.078386974
0.34459167 -0.078919181
0.34448833 -0.078602679
0.344385 -0.07835786
0.34428167 -0.077610077
0.34417833 -0.076692351
0.344075 -0.075526507
0.34397167 -0.074383666
0.34386833 -0.072994002
0.343765 -0.071653802
0.34366167 -0.07086923
0.34355833 -0.070756108
0.343455 -0.071006337
0.34335167 -0.071835268
0.34324833 -0.073111853
0.343145 -0.074519832
0.34304167 -0.075792955
0.34293833 -0.077235284
0.342835 -0.078856767
0.34273167 -0.080431544
0.34262833 -0.082016363
0.342525 -0.083555307
0.34242167 -0.084434288
0.34231833 -0.08471158
0.342215 -0.084046651
0.34211167 -0.082477551
0.34200833 -0.080280457
0.341905 -0.077999106
0.34180167 -0.076384939
0.34169833 -0.075190378
0.341595 -0.074486093
0.34149167 -0.074053201
0.34138833 -0.074006642
0.341285 -0.074145078
0.34118167 -0.074803762
0.34107833 -0.075500239
0.340975 -0.076274237
0.34087167 -0.07714774
0.34076833 -0.078224959
0.340665 -0.079277279
0.34056167 -0.080542734
0.34045833 -0.081437779
0.340355 -0.081878303
0.34025167 -0.081450757
0.34014833 -0.081298
0.340045 -0.08129941
0.33994167 -0.0815186
0.33983833 -0.081615308
0.339735 -0.081597412
0.33963167 -0.081085144
0.33952833 -0.080868337
0.339425 -0.080272517
0.33932167 -0.079190173
0.33921833 -0.07787623
0.339115 -0.076898138
0.33901167 -0.07625889
0.33890833 -0.07582335
0.338805 -0.075957256
0.33870167 -0.076195443
0.33859833 -0.075909627
0.338495 -0.075295865
0.33839167 -0.075197723
0.33828833 -0.075447986
0.338185 -0.076073541
0.33808167 -0.077598822
0.33797833 -0.079253814
0.337875 -0.080810128
0.33777167 -0.082254268
0.33766833 -0.082998319
0.337565 -0.083104619
0.33746167 -0.082485466
0.33735833 -0.081331714
0.337255 -0.080010715
0.33715167 -0.079093215
0.33704833 -0.078310893
0.336945 -0.077602527
0.33684167 -0.076170966
0.33673833 -0.074507124
0.336635 -0.073093194
0.33653167 -0.071786783
0.33642833 -0.071104304
0.336325 -0.071762589
0.33622167 -0.073426505
0.33611833 -0.075555764
0.336015 -0.078071856
0.33591167 -0.080785556
0.33580833 -0.082907196
0.335705 -0.08469181
0.33560167 -0.085958033
0.33549833 -0.08669824
0.335395 -0.087096992
0.33529167 -0.08740465
0.33518833 -0.087064529
0.335085 -0.085516537
0.33498167 -0.08304068
0.33487833 -0.080165297
0.334775 -0.076927524
0.33467167 -0.074172234
0.33456833 -0.072105834
0.334465 -0.071284097
0.33436167 -0.071673078
0.33425833 -0.072701655
0.334155 -0.074559016
0.33405167 -0.076549783
0.33394833 -0.078750756
0.333845 -0.08096722
0.33374167 -0.082782319
0.33363833 -0.084376837
0.333535 -0.086019081
0.33343167 -0.087238218
0.33332833 -0.087742519
0.333225 -0.087224194
0.33312167 -0.085769625
0.33301833 -0.083413079
0.332915 -0.0805927
0.33281167 -0.077803544
0.33270833 -0.075372694
0.332605 -0.073757119
0.33250167 -0.072954864
0.33239833 -0.073321941
0.332295 -0.074209629
0.33219167 -0.075192507
0.33208833 -0.076232098
0.331985 -0.077263158
0.33188167 -0.078664317
0.33177833 -0.079709311
0.331675 -0.08090919
0.33157167 -0.081950588
0.33146833 -0.082451203
0.331365 -0.082129198
0.33126167 -0.081064993
0.33115833 -0.079277014
0.331055 -0.077506809
0.33095167 -0.07584332
0.33084833 -0.074321987
0.330745 -0.073583456
0.33064167 -0.074007273
0.33053833 -0.074973146
0.330435 -0.076107439
0.33033167 -0.077067852
0.33022833 -0.077595088
0.330125 -0.077708352
0.33002167 -0.078068478
0.32991833 -0.078593112
0.329815 -0.079214137
0.32971167 -0.079727783
0.32960833 -0.08001763
0.329505 -0.079479553
0.32940167 -0.078007851
0.32929833 -0.076418615
0.329195 -0.075051412
0.32909167 -0.074115302
0.32898833 -0.073505571
0.328885 -0.074203218
0.32878167 -0.075936298
0.32867833 -0.078364567
0.328575 -0.080895208
0.32847167 -0.083336479
0.32836833 -0.085043679
0.328265 -0.0865202
0.32816167 -0.087306611
0.32805833 -0.087651438
0.327955 -0.087555012
0.32785167 -0.086770126
0.32774833 -0.085155191
0.327645 -0.08272186
0.32754167 -0.079849147
0.32743833 -0.077121272
0.327335 -0.074780146
0.32723167 -0.073428878
0.32712833 -0.072842452
0.327025 -0.072966853
0.32692167 -0.074228397
0.32681833 -0.076604573
0.326715 -0.079803366
0.32661167 -0.083084105
0.32650833 -0.086331284
0.326405 -0.08935129
0.32630167 -0.091727931
0.32619833 -0.093137061
0.326095 -0.093871298
0.32599167 -0.093278238
0.32588833 -0.09120027
0.325785 -0.088534659
0.32568167 -0.085217445
0.32557833 -0.081704963
0.325475 -0.078462295
0.32537167 -0.075981649
0.32526833 -0.07462111
0.325165 -0.073917707
0.32506167 -0.074099497
0.32495833 -0.075664009
0.324855 -0.078117913
0.32475167 -0.081334762
0.32464833 -0.084735389
0.324545 -0.088103837
0.32444167 -0.09116503
0.32433833 -0.093580485
0.324235 -0.095172244
0.32413167 -0.095834106
0.32402833 -0.095349832
0.323925 -0.0937399
0.32382167 -0.091411577
0.32371833 -0.088248557
0.323615 -0.08496108
0.32351167 -0.081767743
0.32340833 -0.079285802
0.323305 -0.077236756
0.32320167 -0.076091662
0.32309833 -0.076023348
0.322995 -0.076968391
0.32289167 -0.07871054
0.32278833 -0.08157929
0.322685 -0.084918555
0.32258167 -0.088343441
0.32247833 -0.091201777
0.322375 -0.093732269
0.32227167 -0.095448
0.32216833 -0.096139325
0.322065 -0.095990001
0.32196167 -0.094596818
0.32185833 -0.092817488
0.321755 -0.090277066
0.32165167 -0.087644124
0.32154833 -0.085267355
0.321445 -0.083275081
0.32134167 -0.081694367
0.32123833 -0.08031692
0.321135 -0.079650766
0.32103167 -0.079950754
0.32092833 -0.081402858
0.320825 -0.083660386
0.32072167 -0.086462707
0.32061833 -0.088842291
0.320515 -0.090610422
0.32041167 -0.091947838
0.32030833 -0.092850256
0.320205 -0.092638687
0.32010167 -0.091786068
0.31999833 -0.090144341
0.319895 -0.087794364
0.31979167 -0.08535506
0.31968833 -0.083591084
0.319585 -0.082405257
0.31948167 -0.081483451
0.31937833 -0.08071147
0.319275 -0.080051583
0.31917167 -0.080167311
0.31906833 -0.081201459
0.318965 -0.08322313
0.31886167 -0.085673688
0.31875833 -0.08809076
0.318655 -0.089787959
0.31855167 -0.090685703
0.31844833 -0.091410549
0.318345 -0.091367912
0.31824167 -0.090309831
0.31813833 -0.088527355
0.318035 -0.086197413
0.31793167 -0.083617086
0.31782833 -0.081474415
0.317725 -0.079915199
0.31762167 -0.079047292
0.31751833 -0.078665899
0.317415 -0.078465017
0.31731167 -0.078614603
0.31720833 -0.079037738
0.317105 -0.080476071
0.31700167 -0.083196424
0.31689833 -0.086371508
0.316795 -0.089305782
0.31669167 -0.09118573
0.31658833 -0.092010617
0.316485 -0.091947829
0.31638167 -0.090903574
0.31627833 -0.089082149
0.316175 -0.086568456
0.31607167 -0.08341459
0.31596833 -0.080505473
0.315865 -0.077850089
0.31576167 -0.076116258
0.31565833 -0.075214282
0.315555 -0.074606453
0.31545167 -0.074468969
0.31534833 -0.074555885
0.315245 -0.075307362
0.31514167 -0.077135898
0.31503833 -0.080176609
0.314935 -0.083596763
0.31483167 -0.086567409
0.31472833 -0.088864084
0.314625 -0.090380089
0.31452167 -0.090795807
0.31441833 -0.090095771
0.314315 -0.088670984
0.31421167 -0.086825871
0.31410833 -0.084218418
0.314005 -0.081223088
0.31390167 -0.078627889
0.31379833 -0.076676168
0.313695 -0.075015052
0.31359167 -0.073956766
0.31348833 -0.073419368
0.313385 -0.073132644
0.31328167 -0.073291691
0.31317833 -0.074481583
0.313075 -0.076441435
0.31297167 -0.079057805
0.31286833 -0.082096962
0.312765 -0.084892436
0.31266167 -0.08705864
0.31255833 -0.0878127
0.312455 -0.087711507
0.31235167 -0.086374417
0.31224833 -0.084707826
0.312145 -0.082968378
0.31204167 -0.080819727
0.31193833 -0.078677212
0.311835 -0.076451522
0.31173167 -0.074810442
0.31162833 -0.073411493
0.311525 -0.072193412
0.31142167 -0.07119688
0.31131833 -0.071014666
0.311215 -0.071661071
0.31111167 -0.073215733
0.31100833 -0.0752074
0.310905 -0.077730179
0.31080167 -0.08082238
0.31069833 -0.083933372
0.310595 -0.08602501
0.31049167 -0.08701561
0.31038833 -0.087053318
0.310285 -0.086386705
0.31018167 -0.085469349
0.31007833 -0.084415192
0.309975 -0.083196558
0.30987167 -0.081631035
0.30976833 -0.080101382
0.309665 -0.07856921
0.30956167 -0.07735662
0.30945833 -0.076396163
0.309355 -0.076338785
0.30925167 -0.076584394
0.30914833 -0.077353899
0.309045 -0.078790164
0.30894167 -0.081054678
0.30883833 -0.084113187
0.308735 -0.087308003
0.30863167 -0.089955711
0.30852833 -0.091288378
0.308425 -0.09149808
0.30832167 -0.09128789
0.30821833 -0.091292552
0.308115 -0.091394741
0.30801167 -0.091233397
0.30790833 -0.090171947
0.307805 -0.088792852
0.30770167 -0.087145618
0.30759833 -0.085474844
0.307495 -0.084330923
0.30739167 -0.083497864
0.30728833 -0.082702926
0.307185 -0.081515722
0.30708167 -0.080934964
0.30697833 -0.081651196
0.306875 -0.083367091
0.30677167 -0.085383715
0.30666833 -0.087224065
0.306565 -0.088093115
0.30646167 -0.087560049
0.30635833 -0.086041608
0.306255 -0.084605651
0.30615167 -0.083907781
0.30604833 -0.083664238
0.305945 -0.083403053
0.30584167 -0.083552392
0.30573833 -0.083522263
0.305635 -0.083172521
0.30553167 -0.08255254
0.30542833 -0.08172586
0.305325 -0.080786729
0.30522167 -0.079509152
0.30511833 -0.078193385
0.305015 -0.077147726
0.30491167 -0.076639521
0.30480833 -0.076661868
0.304705 -0.077391194
0.30460167 -0.077978794
0.30449833 -0.078186157
0.304395 -0.077786522
0.30429167 -0.077499463
0.30418833 -0.077496037
0.304085 -0.077631015
0.30398167 -0.0778412
0.30387833 -0.078059677
0.303775 -0.078182075
0.30367167 -0.078696855
0.30356833 -0.07924667
0.303465 -0.079624554
0.30336167 -0.079710375
0.30325833 -0.079450607
0.303155 -0.078862578
0.30305167 -0.078226643
0.30294833 -0.078143996
0.302845 -0.078319645
0.30274167 -0.078440124
0.30263833 -0.078335223
0.302535 -0.078252432
0.30243167 -0.078506034
0.30232833 -0.078860346
0.302225 -0.079596363
0.30212167 -0.080094994
0.30201833 -0.080737403
0.301915 -0.081367028
0.30181167 -0.081960093
0.30170833 -0.082776858
0.301605 -0.083624358
0.30150167 -0.084185011
0.30139833 -0.084276135
0.301295 -0.08395453
0.30119167 -0.083418456
0.30108833 -0.083061938
0.300985 -0.082468002
0.30088167 -0.081712247
0.30077833 -0.080741756
0.300675 -0.079731162
0.30057167 -0.07886314
0.30046833 -0.078135941
0.300365 -0.077882897
0.30026167 -0.077501584
0.30015833 -0.076805882
0.300055 -0.075401466
0.29995167 -0.074248224
0.29984833 -0.073227507
0.299745 -0.072564589
0.29964167 -0.073136672
0.29953833 -0.073840987
0.299435 -0.074541581
0.29933167 -0.074540087
0.29922833 -0.074184212
0.299125 -0.073665345
0.29902167 -0.073008858
0.29891833 -0.071914254
0.298815 -0.069968751
0.29871167 -0.067196071
0.29860833 -0.064510144
0.298505 -0.062317373
0.29840167 -0.060531354
0.29829833 -0.059384512
0.298195 -0.0589104
0.29809167 -0.058560288
0.29798833 -0.056952926
0.297885 -0.054616037
0.29778167 -0.052320435
0.29767833 -0.051359517
0.297575 -0.051752961
0.29747167 -0.053130691
0.29736833 -0.054761818
0.297265 -0.056274523
0.29716167 -0.05741068
0.29705833 -0.058207098
0.296955 -0.05825561
0.29685167 -0.057619366
0.29674833 -0.056110188
0.296645 -0.053813692
0.29654167 -0.051272767
0.29643833 -0.048680817
0.296335 -0.046321342
0.29623167 -0.044870542
0.29612833 -0.044468906
0.296025 -0.044345816
0.29592167 -0.044082122
0.29581833 -0.043115924
0.295715 -0.041488705
0.29561167 -0.040097251
0.29550833 -0.040008741
0.295405 -0.040960797
0.29530167 -0.043011167
0.29519833 -0.045479623
0.295095 -0.0474176
0.29499167 -0.048457476
0.29488833 -0.048598465
0.294785 -0.048243264
0.29468167 -0.04670836
0.29457833 -0.04424012
0.294475 -0.040702042
0.29437167 -0.036270825
0.29426833 -0.031858301
0.294165 -0.028590626
0.29406167 -0.027844697
0.29395833 -0.029184401
0.293855 -0.031534362
0.29375167 -0.033056908
0.29364833 -0.033156734
0.293545 -0.032560025
0.29344167 -0.031344594
0.29333833 -0.03083738
0.293235 -0.031558639
0.29313167 -0.033555743
0.29302833 -0.035875246
0.292925 -0.037706114
0.29282167 -0.038928623
0.29271833 -0.039647854
0.292615 -0.039597908
0.29251167 -0.038486624
0.29240833 -0.035930537
0.292305 -0.031973041
0.29220167 -0.027362739
0.29209833 -0.023154441
0.291995 -0.020602912
0.29189167 -0.01996966
0.29178833 -0.020655096
0.291685 -0.0215104
0.29158167 -0.021738423
0.29147833 -0.021016887
0.291375 -0.020238852
0.29127167 -0.019520391
0.29116833 -0.019145216
0.291065 -0.019259154
0.29096167 -0.020276455
0.29085833 -0.021876251
0.290755 -0.023667771
0.29065167 -0.025174614
0.29054833 -0.025260807
0.290445 -0.023764087
0.29034167 -0.020989991
0.29023833 -0.017327521
0.290135 -0.013233839
0.29003167 -0.0089654408
0.28992833 -0.0053871876
0.289825 -0.0027276822
0.28972167 -0.0017601856
0.28961833 -0.0019102993
0.289515 -0.0025615867
0.28941167 -0.0031776339
0.28930833 -0.0033510284
0.289205 -0.0030792693
0.28910167 -0.0025598705
0.28899833 -0.0026704607
0.288895 -0.0033722678
0.28879167 -0.0049823643
0.28868833 -0.006934432
0.288585 -0.0086287261
0.28848167 -0.0094660128
0.28837833 -0.0092804639
0.288275 -0.0078783988
0.28817167 -0.0052762591
0.28806833 -0.0011055202
0.287965 0.0037664515
0.28786167 0.0081153605
0.28775833 0.011357968
0.287655 0.013037934
0.28755167 0.012959601
0.28744833 0.011242766
0.287345 0.0090022728
0.28724167 0.0075329345
0.28713833 0.0068634385
0.287035 0.0074602418
0.28693167 0.0081041241
0.28682833 0.0082044553
0.286725 0.0075494442
0.28662167 0.0065297569
0.28651833 0.0044474609
0.286415 0.0022841692
0.28631167 0.00082845499
0.28620833 0.00081989982
0.286105 0.0020342378
0.28600167 0.004675786
0.28589833 0.0086866699
0.285795 0.013391769
0.28569167 0.017937456
0.28558833 0.021025252
0.285485 0.022277238
0.28538167 0.022392341
0.28527833 0.021771876
0.285175 0.020912866
0.28507167 0.020302193
0.28496833 0.020135202
0.284865 0.020586003
0.28476167 0.021493101
0.28465833 0.022765692
0.284555 0.023501253
0.28445167 0.023300424
0.28434833 0.022131875
0.284245 0.020009176
0.28414167 0.018221138
0.28403833 0.017874305
0.283935 0.019068247
0.28383167 0.02154369
0.28372833 0.025012834
0.283625 0.028942971
0.28352167 0.03301572
0.28341833 0.036272154
0.283315 0.038575256
0.28321167 0.039988301
0.28310833 0.040352777
0.283005 0.039439804
0.28290167 0.038326575
0.28279833 0.037464724
0.282695 0.036600026
0.28259167 0.036802005
0.28248833 0.037428546
0.282385 0.037855193
0.28228167 0.037164511
0.28217833 0.035823588
0.282075 0.03373705
0.28197167 0.031331669
0.28186833 0.029548092
0.281765 0.02909325
0.28166167 0.03100837
0.28155833 0.034724136
0.281455 0.039843613
0.28135167 0.044799007
0.28124833 0.049212962
0.281145 0.052980062
0.28104167 0.056373871
0.28093833 0.059154425
0.280835 0.060964598
0.28073167 0.061763888
0.28062833 0.061915725
0.280525 0.061319639
0.28042167 0.061361068
0.28031833 0.061937401
0.280215 0.063037642
0.28011167 0.064419674
0.28000833 0.06520473
0.279905 0.065347929
0.27980167 0.064830163
0.27969833 0.064019649
0.279595 0.063584178
0.27949167 0.065835982
0.27938833 0.070336315
0.279285 0.075569498
0.27918167 0.080808234
0.27907833 0.085082858
0.278975 0.088775297
0.27887167 0.092464906
0.27876833 0.095852147
0.278665 0.098982612
0.27856167 0.10139364
0.27845833 0.10240994
0.278355 0.10218911
0.27825167 0.1023288
0.27814833 0.10357074
0.278045 0.10520109
0.27794167 0.10650249
0.27783833 0.10791164
0.277735 0.10913837
0.27763167 0.10972238
0.27752833 0.10995717
0.277425 0.11034086
0.27732167 0.11172118
0.27721833 0.11521367
0.277115 0.12145174
0.27701167 0.12847254
0.27690833 0.13513568
0.276805 0.14065222
0.27670167 0.14546031
0.27659833 0.15015567
0.276495 0.15437569
0.27639167 0.15812247
0.27628833 0.16065981
0.276185 0.16083225
0.27608167 0.15927503
0.27597833 0.15762728
0.275875 0.15719498
0.27577167 0.1584048
0.27566833 0.15937464
0.275565 0.16024376
0.27546167 0.16102945
0.27535833 0.16165376
0.275255 0.16231103
0.27515167 0.16371051
0.27504833 0.16615851
0.274945 0.17196349
0.27484167 0.17950901
0.27473833 0.18629388
0.274635 0.19170305
0.27453167 0.19630878
0.27442833 0.20053143
0.274325 0.20498314
0.27422167 0.20909463
0.27411833 0.21293967
0.274015 0.21509475
0.27391167 0.21442398
0.27380833 0.21126127
0.273705 0.20766538
0.27360167 0.2052381
0.27349833 0.20425395
0.273395 0.20432482
0.27329167 0.20437245
0.27318833 0.20459764
0.273085 0.20539078
0.27298167 0.20668748
0.27287833 0.208814
0.272775 0.2122945
0.27267167 0.21788016
0.27256833 0.22394354
0.272465 0.22920209
0.27236167 0.23344528
0.27225833 0.23691368
0.272155 0.24021762
0.27205167 0.24374902
0.27194833 0.24752593
0.271845 0.25143031
0.27174167 0.25436529
0.27163833 0.25456912
0.271535 0.25260713
0.27143167 0.25007676
0.27132833 0.24714684
0.271225 0.24397142
0.27112167 0.24105525
0.27101833 0.23899302
0.270915 0.23704334
0.27081167 0.23567895
0.27070833 0.23553396
0.270605 0.23652493
0.27050167 0.23796921
0.27039833 0.24101237
0.270295 0.24643035
0.27019167 0.25127173
0.27008833 0.25505327
0.269985 0.25853948
0.26988167 0.26249886
0.26977833 0.26641077
0.269675 0.27010951
0.26957167 0.27288347
0.26946833 0.27421138
0.269365 0.27336065
0.26926167 0.26944531
0.26915833 0.26348901
0.269055 0.25819596
0.26895167 0.253278
0.26884833 0.24860775
0.268745 0.24405345
0.26864167 0.24001835
0.26853833 0.23675207
0.268435 0.23495582
0.26833167 0.23473344
0.26822833 0.23519207
0.268125 0.23655458
0.26802167 0.23863568
0.26791833 0.24204217
0.267815 0.245848
0.26771167 0.24858033
0.26760833 0.25037994
0.267505 0.2515886
0.26740167 0.25239588
0.26729833 0.25328117
0.267195 0.25435699
0.26709167 0.25377927
0.26698833 0.25069634
0.266885 0.24518212
0.26678167 0.23920015
0.26667833 0.23398417
0.266575 0.22943819
0.26647167 0.22512405
0.26636833 0.22103702
0.266265 0.21738862
0.26616167 0.21512466
0.26605833 0.21450294
0.265955 0.2149795
0.26585167 0.21468624
0.26574833 0.21335605
0.265645 0.21353569
0.26554167 0.21528202
0.26543833 0.21724335
0.265335 0.21926028
0.26523167 0.22134227
0.26512833 0.22321309
0.265025 0.22468204
0.26492167 0.22563886
0.26481833 0.22544303
0.264715 0.22302237
0.26461167 0.21941387
0.26450833 0.21428158
0.264405 0.20866093
0.26430167 0.20336066
0.26419833 0.19953441
0.264095 0.19711319
0.26399167 0.19567406
0.26388833 0.19519106
0.263785 0.19657989
0.26368167 0.19865614
0.26357833 0.20081891
0.263475 0.20220188
0.26337167 0.20243332
0.26326833 0.20269869
0.263165 0.20359432
0.26306167 0.20495952
0.26295833 0.20596492
0.262855 0.20684666
0.26275167 0.20761283
0.26264833 0.20795146
0.262545 0.20541032
0.26244167 0.20149901
0.26233833 0.19783464
0.262235 0.19425293
0.26213167 0.19025676
0.26202833 0.18605669
0.261925 0.18215151
0.26182167 0.17933666
0.26171833 0.1781797
0.261615 0.17843993
0.26151167 0.18075171
0.26140833 0.18414837
0.261305 0.18771401
0.26120167 0.19008457
0.26109833 0.19144896
0.260995 0.19196111
0.26089167 0.19261444
0.26078833 0.19366719
0.260685 0.19467075
0.26058167 0.19551365
0.26047833 0.1961009
0.260375 0.19582612
0.26027167 0.19301854
0.26016833 0.18929039
0.260065 0.18593238
0.25996167 0.18312317
0.25985833 0.18020934
0.259755 0.17686074
0.25965167 0.17290624
0.25954833 0.16962321
0.259445 0.16802286
0.25934167 0.16822259
0.25923833 0.17010013
0.259135 0.17310918
0.25903167 0.17609417
0.25892833 0.17934338
0.258825 0.18239482
0.25872167 0.18519111
0.25861833 0.1871797
0.258515 0.18897072
0.25841167 0.19117496
0.25830833 0.19391673
0.258205 0.19716423
0.25810167 0.20045306
0.25799833 0.2019353
0.257895 0.20057428
0.25779167 0.19744944
0.25768833 0.19422348
0.257585 0.19090047
0.25748167 0.18720454
0.25737833 0.18301622
0.257275 0.17879431
0.25717167 0.17630234
0.25706833 0.17684645
0.256965 0.17905072
0.25686167 0.18313319
0.25675833 0.18786854
0.256655 0.19041646
0.25655167 0.19181072
0.25644833 0.19254971
0.256345 0.19310287
0.25624167 0.19344371
0.25613833 0.19425287
0.256035 0.19588636
0.25593167 0.19814045
0.25582833 0.20050267
0.255725 0.20209847
0.25562167 0.20117683
0.25551833 0.19776719
0.255415 0.19222983
0.25531167 0.18655657
0.25520833 0.18148135
0.255105 0.17737268
0.25500167 0.17380678
0.25489833 0.17043571
0.254795 0.16752455
0.25469167 0.16571153
0.25458833 0.16583508
0.254485 0.16845818
0.25438167 0.17070461
0.25427833 0.17150174
0.254175 0.17090347
0.25407167 0.16976752
0.25396833 0.16871855
0.253865 0.16838459
0.25376167 0.16895388
0.25365833 0.16992069
0.253555 0.17154721
0.25345167 0.17408118
0.25334833 0.1767228
0.253245 0.17741594
0.25314167 0.17670548
0.25303833 0.17619662
0.252935 0.17546445
0.25283167 0.17388079
0.25272833 0.17238272
0.252625 0.17089568
0.25252167 0.16890691
0.25241833 0.16644531
0.252315 0.16508084
0.25221167 0.1644753
0.25210833 0.16529391
0.252005 0.16673067
0.25190167 0.16758131
0.25179833 0.16659099
0.251695 0.16430568
0.25159167 0.16182452
0.25148833 0.15932149
0.251385 0.15710477
0.25128167 0.15576205
0.25117833 0.15395137
0.251075 0.15130164
0.25097167 0.14809159
0.25086833 0.14611853
0.250765 0.14467985
0.25066167 0.14355106
0.25055833 0.14362096
0.250455 0.1443879
0.25035167 0.14515609
0.25024833 0.14577887
0.250145 0.14576009
0.25004167 0.14479097
0.24993833 0.14407169
0.249835 0.14428188
0.24973167 0.1454652
0.24962833 0.14825839
0.249525 0.15160422
0.24942167 0.15441855
0.24931833 0.15572291
0.249215 0.15595762
0.24911167 0.15576569
0.24900833 0.15538612
0.248905 0.15390041
0.24880167 0.15199805
0.24869833 0.149404
0.248595 0.14666944
0.24849167 0.14505445
0.24838833 0.14399428
0.248285 0.14445045
0.24818167 0.14626553
0.24807833 0.14937633
0.247975 0.15264299
0.24787167 0.15562424
0.24776833 0.15677453
0.247665 0.15657529
0.24756167 0.15526418
0.24745833 0.15441044
0.247355 0.15473554
0.24725167 0.15661042
0.24714833 0.15885746
0.247045 0.16022354
0.24694167 0.16041597
0.24683833 0.16026032
0.246735 0.16001376
0.24663167 0.15953593
0.24652833 0.15795701
0.246425 0.15548563
0.24632167 0.15231737
0.24621833 0.14890604
0.246115 0.1463148
0.24601167 0.14412612
0.24590833 0.14229967
0.245805 0.14125873
0.24570167 0.14052675
0.24559833 0.13977486
0.245495 0.13826673
0.24539167 0.13636798
0.24528833 0.13347855
0.245185 0.13005477
0.24508167 0.1271774
0.24497833 0.12580011
0.244875 0.12609453
0.24477167 0.12684157
0.24466833 0.12660946
0.244565 0.12659069
0.24446167 0.12688532
0.24435833 0.12765035
0.244255 0.12844115
0.24415167 0.12900249
0.24404833 0.12888789
0.243945 0.12808506
0.24384167 0.12682375
0.24373833 0.12495971
0.243635 0.12237171
0.24353167 0.11918293
0.24342833 0.11603709
0.243325 0.11348933
0.24322167 0.11110102
0.24311833 0.10868916
0.243015 0.10691076
0.24291167 0.10589183
0.24280833 0.10562141
0.242705 0.10594564
0.24260167 0.10750582
0.24249833 0.10999985
0.242395 0.11265133
0.24229167 0.11497558
0.24218833 0.11649272
0.242085 0.1172387
0.24198167 0.1176333
0.24187833 0.11795888
0.241775 0.11842959
0.24167167 0.11834224
0.24156833 0.11820205
0.241465 0.11709643
0.24136167 0.11495218
0.24125833 0.11235878
0.241155 0.10910954
0.24105167 0.10503608
0.24094833 0.09995863
0.240845 0.093980908
0.24074167 0.087398062
0.24063833 0.080175803
0.240535 0.073529619
0.24043167 0.069066659
0.24032833 0.06654573
0.240225 0.065846256
0.24012167 0.0668782
0.24001833 0.06855314
0.239915 0.069131063
0.23981167 0.068978829
0.23970833 0.067915614
0.239605 0.066328791
0.23950167 0.064300056
0.23939833 0.061951057
0.239295 0.059715731
0.23919167 0.057397572
0.23908833 0.055800817
0.238985 0.054549116
0.23888167 0.053026356
0.23877833 0.051955626
0.238675 0.051054306
0.23857167 0.049877588
0.23846833 0.046809889
0.238365 0.042433595
0.23826167 0.037124939
0.23815833 0.031189646
0.238055 0.025932445
0.23795167 0.022722327
0.23784833 0.021657492
0.237745 0.02234455
0.23764167 0.02400046
0.23753833 0.024673333
0.237435 0.023873934
0.23733167 0.021973403
0.23722833 0.018309462
0.237125 0.013256164
0.23702167 0.0076753146
0.23691833 0.0023375894
0.236815 -0.0023691526
0.23671167 -0.0070406315
0.23660833 -0.010917692
0.236505 -0.012929283
0.23640167 -0.013699364
0.23629833 -0.01400655
0.236195 -0.014414238
0.23609167 -0.016654129
0.23598833 -0.020247201
0.235885 -0.025955311
0.23578167 -0.03268119
0.23567833 -0.040452184
0.235575 -0.047296461
0.23547167 -0.053000983
0.23536833 -0.05554837
0.235265 -0.055682017
0.23516167 -0.054484812
0.23505833 -0.053405012
0.234955 -0.052886664
0.23485167 -0.053197955
0.23474833 -0.054756296
0.234645 -0.056858568
0.23454167 -0.058890433
0.23443833 -0.060868241
0.234335 -0.062852535
0.23423167 -0.06446909
0.23412833 -0.065308715
0.234025 -0.06542274
0.23392167 -0.0652877
0.23381833 -0.064456066
0.233715 -0.064174085
0.23361167 -0.065035241
0.23350833 -0.067006331
0.233405 -0.070093368
0.23330167 -0.073481202
0.23319833 -0.076782958
0.233095 -0.079392028
0.23299167 -0.08023486
0.23288833 -0.079329076
0.232785 -0.077405603
0.23268167 -0.075208224
0.23257833 -0.073292018
0.232475 -0.072446886
0.23237167 -0.07265295
0.23226833 -0.07349739
0.232165 -0.074657249
0.23206167 -0.076156991
0.23195833 -0.077630745
0.231855 -0.078876705
0.23175167 -0.080197484
0.23164833 -0.081055659
0.231545 -0.081688107
0.23144167 -0.082270043
0.23133833 -0.082720552
0.231235 -0.083182833
0.23113167 -0.083661047
0.23102833 -0.084539362
0.230925 -0.085878991
0.23082167 -0.086986075
0.23071833 -0.087842672
0.230615 -0.088351038
0.23051167 -0.088637131
0.23040833 -0.089024046
0.230305 -0.088956742
0.23020167 -0.089005002
0.23009833 -0.089593036
0.229995 -0.09049881
0.22989167 -0.091667641
0.22978833 -0.092612427
0.229685 -0.093286168
0.22958167 -0.093268317
0.22947833 -0.092612832
0.229375 -0.091641559
0.22927167 -0.090218186
0.22916833 -0.089220959
0.229065 -0.088214909
0.22896167 -0.087556938
0.22885833 -0.086788216
0.228755 -0.086012683
0.22865167 -0.085290426
0.22854833 -0.084390008
0.228445 -0.08313501
0.22834167 -0.081043116
0.22823833 -0.078586857
0.228135 -0.075751737
0.22803167 -0.073302022
0.22792833 -0.071559154
0.227825 -0.070597937
0.22772167 -0.069753242
0.22761833 -0.068845192
0.227515 -0.067430093
0.22741167 -0.065648227
0.22730833 -0.062965361
0.227205 -0.059658795
0.22710167 -0.05499605
0.22699833 -0.049981428
0.226895 -0.044626762
0.22679167 -0.039070189
0.22668833 -0.034257073
0.226585 -0.030121333
0.22648167 -0.026890181
0.22637833 -0.024386299
0.226275 -0.022471742
0.22617167 -0.020617781
0.22606833 -0.019148378
0.225965 -0.017895872
0.22586167 -0.017085254
0.22575833 -0.016282438
0.225655 -0.016585438
0.22555167 -0.018186812
0.22544833 -0.020879005
0.225345 -0.024353888
0.22524167 -0.028335356
0.22513833 -0.032143989
0.225035 -0.035123961
0.22493167 -0.037391152
0.22482833 -0.038559567
0.224725 -0.038485366
0.22462167 -0.037029077
0.22451833 -0.034707561
0.224415 -0.031716634
0.22431167 -0.027836362
0.22420833 -0.023804393
0.224105 -0.020247124
0.22400167 -0.017150832
0.22389833 -0.01430312
0.223795 -0.01162628
0.22369167 -0.0087721743
0.22358833 -0.0062198018
0.223485 -0.0038204849
0.22338167 -0.0020029876
0.22327833 -0.0005127587
0.223175 -9.6274284e-005
0.22307167 -0.00035126545
0.22296833 -0.002717254
0.222865 -0.0066922248
0.22276167 -0.011404756
0.22265833 -0.015550486
0.222555 -0.018795237
0.22245167 -0.021227265
0.22234833 -0.022846652
0.222245 -0.023891299
0.22214167 -0.024362645
0.22203833 -0.023755739
0.221935 -0.022361792
0.22183167 -0.020731936
0.22172833 -0.019022779
0.221625 -0.01714143
0.22152167 -0.014805659
0.22141833 -0.012427522
0.221315 -0.01018965
0.22121167 -0.0076342674
0.22110833 -0.0048454693
0.221005 -0.0025370315
0.22090167 -0.00079514438
0.22079833 0.00034311659
0.220695 0.00049228667
0.22059167 -0.0004479217
0.22048833 -0.0028971337
0.220385 -0.0059032698
0.22028167 -0.0095792195
0.22017833 -0.013230131
0.220075 -0.016127594
0.21997167 -0.018545039
0.21986833 -0.020226233
0.219765 -0.021329858
0.21966167 -0.021544698
0.21955833 -0.021278644
0.219455 -0.020234801
0.21935167 -0.01863409
0.21924833 -0.016819438
0.219145 -0.01426749
0.21904167 -0.01120468
0.21893833 -0.0079684172
0.218835 -0.0042868803
0.21873167 -0.00071232887
0.21862833 0.0024532284
0.218525 0.0049462451
0.21842167 0.0074432195
0.21831833 0.0096895827
0.218215 0.011115938
0.21811167 0.012054112
0.21800833 0.012652472
0.217905 0.012662932
0.21780167 0.012382073
0.21769833 0.012829485
0.217595 0.013465663
0.21749167 0.013931089
0.21738833 0.014446872
0.217285 0.015154387
0.21718167 0.015736453
0.21707833 0.016341659
0.216975 0.017043391
0.21687167 0.017928424
0.21676833 0.019314632
0.216665 0.021061932
0.21656167 0.023346984
0.21645833 0.025736844
0.216355 0.027707561
0.21625167 0.029426859
0.21614833 0.030862912
0.216045 0.0316718
0.21594167 0.031698979
0.21583833 0.031059554
0.215735 0.029844613
0.21563167 0.028253787
0.21552833 0.026355098
0.215425 0.024319811
0.21532167 0.021771805
0.21521833 0.019059967
0.215115 0.016386412
0.21501167 0.013857604
0.21490833 0.011519713
0.214805 0.0092953755
0.21470167 0.0069263086
0.21459833 0.0051783246
0.214495 0.0034911171
0.21439167 0.0020121586
0.21428833 0.0011070625
0.214185 0.0002911272
0.21408167 -0.00039994531
0.21397833 -0.001033941
0.213875 -0.0015598432
0.21377167 -0.002273051
0.21366833 -0.0025121082
0.213565 -0.002354536
0.21346167 -0.00150745
0.21335833 -0.00051470578
0.213255 0.0010112249
0.21315167 0.0027277428
0.21304833 0.0050355431
0.212945 0.0073654224
0.21284167 0.0095671763
0.21273833 0.011567643
0.212635 0.012553937
0.21253167 0.013444757
0.21242833 0.014099156
0.212325 0.014730718
0.21222167 0.014736665
0.21211833 0.014467355
0.212015 0.014186047
0.21191167 0.013550603
0.21180833 0.012619025
0.211705 0.011469018
0.21160167 0.0093286824
0.21149833 0.0069536555
0.211395 0.0044221489
0.21129167 0.0021841368
0.21118833 0.0004790462
0.211085 -0.00042132211
0.21098167 -0.00049002957
0.21087833 0.00067417073
0.210775 0.002876718
0.21067167 0.0055618833
0.21056833 0.0088569131
0.210465 0.012531155
0.21036167 0.015937862
0.21025833 0.018536141
0.210155 0.020163425
0.21005167 0.021154556
0.20994833 0.021927903
0.209845 0.022736655
0.20974167 0.023515435
0.20963833 0.023726027
0.209535 0.023652656
0.20943167 0.022944432
0.20932833 0.022073146
0.209225 0.020844728
0.20912167 0.018970847
0.20901833 0.016084565
0.208915 0.013379581
0.20881167 0.010790899
0.20870833 0.008356858
0.208605 0.0068303007
0.20850167 0.0065899708
0.20839833 0.0071346629
0.208295 0.008684423
0.20819167 0.010549717
0.20808833 0.013140558
0.207985 0.015924083
0.20788167 0.019042324
0.20777833 0.022062848
0.207675 0.024705337
0.20757167 0.027048472
0.20746833 0.028783194
0.207365 0.030200144
0.20726167 0.030931077
0.20715833 0.03136725
0.207055 0.031344239
0.20695167 0.03095563
0.20684833 0.030165686
0.206745 0.028994478
0.20664167 0.02721632
0.20653833 0.024617166
0.206435 0.021478742
0.20633167 0.018283659
0.20622833 0.015764366
0.206125 0.013930925
0.20602167 0.012459993
0.20591833 0.011522605
0.205815 0.011280735
0.20571167 0.011389704
0.20560833 0.011910696
0.205505 0.012391196
0.20540167 0.013062267
0.20529833 0.013180715
0.205195 0.013206034
0.20509167 0.013174351
0.20498833 0.012807148
0.204885 0.012094689
0.20478167 0.01131004
0.20467833 0.010287177
0.204575 0.0093777535
0.20447167 0.0085024934
0.20436833 0.007677914
0.204265 0.0068937152
0.20416167 0.0061006812
0.20405833 0.0052407653
0.203955 0.0046956142
0.20385167 0.0042473749
0.20374833 0.0039142972
0.203645 0.0039989657
0.20354167 0.0041650515
0.20343833 0.004730386
0.203335 0.0051567629
0.20323167 0.0052951925
0.20312833 0.0053385645
0.203025 0.0053964815
0.20292167 0.0054968422
0.20281833 0.00554033
0.202715 0.0051606511
0.20261167 0.0049389687
0.20250833 0.0042782515
0.202405 0.0034136613
0.20230167 0.002562169
0.20219833 0.0016551532
0.202095 0.00076724022
0.20199167 -0.00011943697
0.20188833 -0.0010269589
0.201785 -0.0017839285
0.20168167 -0.0020819991
0.20157833 -0.002130733
0.201475 -0.0018562417
0.20137167 -0.0012090145
0.20126833 -0.0003409561
0.201165 0.00040725914
0.20106167 0.00099888058
0.20095833 0.0011189032
0.200855 0.0010931422
0.20075167 0.00090720573
0.20064833 0.00017122529
0.200545 -0.0008487007
0.20044167 -0.0021733062
0.20033833 -0.0035786842
0.200235 -0.0045314837
0.20013167 -0.0056082558
0.20002833 -0.0071950329
0.199925 -0.0092222996
0.19982167 -0.011023018
0.19971833 -0.012661353
0.199615 -0.014256787
0.19951167 -0.015124078
0.19940833 -0.015265837
0.199305 -0.015004572
0.19920167 -0.013618826
0.19909833 -0.012054152
0.198995 -0.010224853
0.19889167 -0.008443262
0.19878833 -0.0067525145
0.198685 -0.0052060975
0.19858167 -0.0042549287
0.19847833 -0.0038567491
0.198375 -0.0039812816
0.19827167 -0.0048009819
0.19816833 -0.0058087809
0.198065 -0.0071125882
0.19796167 -0.0081179734
0.19785833 -0.0090850339
0.197755 -0.0099903066
0.19765167 -0.010972415
0.19754833 -0.011838093
0.197445 -0.012702716
0.19734167 -0.013582388
0.19723833 -0.014390154
0.197135 -0.015123074
0.19703167 -0.015253959
0.19692833 -0.015278038
0.196825 -0.01520994
0.19672167 -0.015136613
0.19661833 -0.014700686
0.196515 -0.014407002
0.19641167 -0.013765364
0.19630833 -0.013022981
0.196205 -0.012149575
0.19610167 -0.011368915
0.19599833 -0.010535577
0.195895 -0.0097851496
0.19579167 -0.0090752637
0.19568833 -0.0085533324
0.195585 -0.0082033123
0.19548167 -0.0082555374
0.19537833 -0.0084110798
0.195275 -0.0090310891
0.19517167 -0.0099206323
0.19506833 -0.011052213
0.194965 -0.01265241
0.19486167 -0.014169231
0.19475833 -0.015280476
0.194655 -0.016069436
0.19455167 -0.016512242
0.19444833 -0.016554055
0.194345 -0.016515857
0.19424167 -0.015749979
0.19413833 -0.014317118
0.194035 -0.012871252
0.19393167 -0.011429501
0.19382833 -0.0098382121
0.193725 -0.0083234969
0.19362167 -0.0070984288
0.19351833 -0.0066077836
0.193415 -0.0062724634
0.19331167 -0.0062739131
0.19320833 -0.0067061234
0.193105 -0.0068217924
0.19300167 -0.0070032016
0.19289833 -0.0071397871
0.192795 -0.0072336787
0.19269167 -0.0072864868
0.19258833 -0.0072175514
0.192485 -0.0070972173
0.19238167 -0.0069832808
0.19227833 -0.0066846354
0.192175 -0.0065878346
0.19207167 -0.0065935682
0.19196833 -0.0067123968
0.191865 -0.0073715067
0.19176167 -0.0081753071
0.19165833 -0.0090092193
0.191555 -0.0097523016
0.19145167 -0.010264529
0.19134833 -0.010683351
0.191245 -0.0109972
0.19114167 -0.01106709
0.19103833 -0.010993492
0.190935 -0.010559042
0.19083167 -0.0093000933
0.19072833 -0.0078146261
0.190625 -0.0062527288
0.19052167 -0.0046927759
0.19041833 -0.0032763118
0.190315 -0.0019924814
0.19021167 -0.0018954767
0.19010833 -0.0023858936
0.190005 -0.0031398308
0.18990167 -0.0040444903
0.18979833 -0.0050080848
0.189695 -0.0058818003
0.18959167 -0.0065777802
0.18948833 -0.0067176246
0.189385 -0.0067010522
0.18928167 -0.0065778807
0.18917833 -0.0063214407
0.189075 -0.0062272992
0.18897167 -0.0062447246
0.18886833 -0.0063537357
0.188765 -0.0064737095
0.18866167 -0.0065263631
0.18855833 -0.0064660156
0.188455 -0.0064637118
0.18835167 -0.0065169262
0.18824833 -0.007104665
0.188145 -0.0074740429
0.18804167 -0.007031585
0.18793833 -0.006363932
0.187835 -0.0056095764
0.18773167 -0.0047382643
0.18762833 -0.0034419757
0.187525 -0.0020549394
0.18742167 -0.00076294959
0.18731833 0.00079779341
0.187215 0.0024268459
0.18711167 0.0036970545
0.18700833 0.0039645405
0.186905 0.0037727774
0.18680167 0.0022493796
0.18669833 -0.00016389266
0.186595 -0.0029488986
0.18649167 -0.0057482432
0.18638833 -0.0083526225
0.186285 -0.010932756
0.18618167 -0.012809248
0.18607833 -0.013847287
0.185975 -0.014476985
0.18587167 -0.013863198
0.18576833 -0.012975775
0.185665 -0.011934594
0.18556167 -0.010790364
0.18545833 -0.0092431363
0.185355 -0.0075912961
0.18525167 -0.0058081938
0.18514833 -0.0041620405
0.185045 -0.0026389385
0.18494167 -0.0016547268
0.18483833 -0.001003412
0.184735 -0.00088677616
0.18463167 -0.0010419695
0.18452833 -0.0016502328
0.184425 -0.0023782487
0.18432167 -0.0030948645
0.18421833 -0.0038623699
0.184115 -0.0046742486
0.18401167 -0.0055082173
0.18390833 -0.006395885
0.183805 -0.0072316832
0.18370167 -0.0077087401
0.18359833 -0.0078675145
0.183495 -0.0079169661
0.18339167 -0.0086089015
0.18328833 -0.009357074
0.183185 -0.010409587
0.18308167 -0.011305614
0.18297833 -0.01216507
0.182875 -0.012475813
0.18277167 -0.012074348
0.18266833 -0.011131688
0.182565 -0.0095388128
0.18246167 -0.0076986098
0.18235833 -0.0060955757
0.182255 -0.0048008508
0.18215167 -0.0037745943
0.18204833 -0.002937168
0.181945 -0.002064863
0.18184167 -0.0017374829
0.18173833 -0.001525642
0.181635 -0.0013813212
0.18153167 -0.001169163
0.18142833 -0.0011564203
0.181325 -0.0011854383
0.18122167 -0.0018769275
0.18111833 -0.0029512943
0.181015 -0.0042180935
0.18091167 -0.0052675558
0.18080833 -0.0057938714
0.180705 -0.0064330786
0.18060167 -0.0071180848
0.18049833 -0.0077402943
0.180395 -0.0078464064
0.18029167 -0.0077497529
0.18018833 -0.0071847082
0.180085 -0.0064266609
0.17998167 -0.0055190827
0.17987833 -0.004719753
0.179775 -0.0039604915
0.17967167 -0.0036043155
0.17956833 -0.0035596798
0.179465 -0.003697477
0.17936167 -0.003816443
0.17925833 -0.0038650005
0.179155 -0.0039592392
0.17905167 -0.0040115273
0.17894833 -0.0041189429
0.178845 -0.0042353644
0.17874167 -0.004284434
0.17863833 -0.0043620258
0.178535 -0.0044400947
0.17843167 -0.0049608678
0.17832833 -0.0051374634
0.178225 -0.0050194294
0.17812167 -0.0043333331
0.17801833 -0.0033416389
0.177915 -0.0022519844
0.17781167 -0.00058407183
0.17770833 0.0011755187
0.177605 0.0024179952
0.17750167 0.0025359837
0.17739833 0.0019193571
0.177295 0.0012091446
0.17719167 0.00033130434
0.17708833 -0.00053514897
0.176985 -0.0013750498
0.17688167 -0.0019052507
0.17677833 -0.0021518843
0.176675 -0.0021745413
0.17657167 -0.0018161484
0.17646833 -0.0010116475
0.176365 -0.00014255749
0.17626167 0.00033993521
0.17615833 0.00078173062
0.176055 0.00092399008
0.17595167 0.00090938968
0.17584833 0.00093393768
0.175745 0.00081873468
0.17564167 0.00025003545
0.17553833 -0.00036522248
0.175435 -0.00098415822
0.17533167 -0.0016153198
0.17522833 -0.0020512912
0.175125 -0.0024060144
0.17502167 -0.00291412
0.17491833 -0.0036142137
0.174815 -0.0041721282
0.17471167 -0.0046437157
0.17460833 -0.0040197727
0.174505 -0.002888558
0.17440167 -0.00057974649
0.17429833 0.0025186578
0.174195 0.0058312118
0.17409167 0.0085953763
0.17398833 0.010762814
0.173885 0.012281439
0.17378167 0.013030414
0.17367833 0.012499503
0.173575 0.01196211
0.17347167 0.011164439
0.17336833 0.010410821
0.173265 0.010071856
0.17316167 0.0096116497
0.17305833 0.0089022797
0.172955 0.0081537021
0.17285167 0.0073594003
0.17274833 0.0066404003
0.172645 0.0059639903
0.17254167 0.0057096593
0.17243833 0.005808485
0.172335 0.006522378
0.17223167 0.0074674272
0.17212833 0.0088649819
0.172025 0.0099496743
0.17192167 0.010717827
0.17181833 0.011375132
0.171715 0.011900346
0.17161167 0.01188995
0.17150833 0.011885022
0.171405 0.011709882
0.17130167 0.010728693
0.17119833 0.0097604486
0.171095 0.0089914568
0.17099167 0.0093578254
0.17088833 0.010352437
0.170785 0.012346276
0.17068167 0.01466488
0.17057833 0.016833486
0.170475 0.018524579
0.17037167 0.01909469
0.17026833 0.018439629
0.170165 0.017200949
0.17006167 0.015145965
0.16995833 0.012588516
0.169855 0.010300376
0.16975167 0.0083078444
0.16964833 0.0068746868
0.169545 0.005873988
0.16944167 0.0054163523
0.16933833 0.0050960204
0.169235 0.0048351565
0.16913167 0.0048783358
0.16902833 0.0056058854
0.168925 0.0066160316
0.16882167 0.0088444441
0.16871833 0.011962403
0.168615 0.015303564
0.16851167 0.018025291
0.16840833 0.020018936
0.168305 0.021066955
0.16820167 0.021060659
0.16809833 0.020135939
0.167995 0.018334261
0.16789167 0.015883995
0.16778833 0.01278802
0.167685 0.0098333592
0.16758167 0.0066338053
0.16747833 0.0037525632
0.167375 0.00141466
0.16727167 0.00020689049
0.16716833 0.00018283697
0.167065 0.0010432503
0.16696167 0.0026335005
0.16685833 0.0044407902
0.166755 0.006547199
0.16665167 0.0088947231
0.16654833 0.01117274
0.166445 0.013249321
0.16634167 0.014977029
0.16623833 0.016132351
0.166135 0.016873066
0.16603167 0.016970777
0.16592833 0.016560573
0.165825 0.015809854
0.16572167 0.01500843
0.16561833 0.014200307
0.165515 0.013270059
0.16541167 0.012379784
0.16530833 0.01174937
0.165205 0.012042313
0.16510167 0.013455393
0.16499833 0.015680109
0.164895 0.017944646
0.16479167 0.020111398
0.16468833 0.021031633
0.164585 0.020918171
0.16448167 0.01961972
0.16437833 0.01727446
0.164275 0.014189594
0.16417167 0.010661591
0.16406833 0.0072387225
0.163965 0.0038910843
0.16386167 0.0014228359
0.16375833 -0.0001427022
0.163655 -0.0010215133
0.16355167 -0.00094710047
0.16344833 0.00031680205
0.163345 0.0021710429
0.16324167 0.0045543355
0.16313833 0.0076242619
0.163035 0.01112319
0.16293167 0.014932631
0.16282833 0.018545937
0.162725 0.021920998
0.16262167 0.024909571
0.16251833 0.026987278
0.162415 0.027760391
0.16231167 0.02701796
0.16220833 0.024653129
0.162105 0.021739607
0.16200167 0.018022483
0.16189833 0.014622716
0.161795 0.011445944
0.16169167 0.0092085863
0.16158833 0.0079986134
0.161485 0.0075468993
0.16138167 0.0077246818
0.16127833 0.0090766098
0.161175 0.010297341
0.16107167 0.011212135
0.16096833 0.012484273
0.160865 0.013218844
0.16076167 0.013758134
0.16065833 0.014275386
0.160555 0.014312229
0.16045167 0.014084881
0.16034833 0.013406638
0.160245 0.012371776
0.16014167 0.010526065
0.16003833 0.0081675261
0.159935 0.0062528705
0.15983167 0.0045152104
0.15972833 0.0029625793
0.159625 0.001895352
0.15952167 0.0010944904
0.15941833 0.00040440328
0.159315 0.00040467152
0.15921167 0.0013841169
0.15910833 0.0031028583
0.159005 0.0055414366
0.15890167 0.0086866721
0.15879833 0.011553922
0.158695 0.014073329
0.15859167 0.015889731
0.15848833 0.01659113
0.158385 0.016127165
0.15828167 0.014718167
0.15817833 0.012660418
0.158075 0.010418097
0.15797167 0.0086526853
0.15786833 0.0083462609
0.157765 0.0087528631
0.15766167 0.010366538
0.15755833 0.012251821
0.157455 0.013444919
0.15735167 0.014160704
0.15724833 0.0137858
0.157145 0.01283371
0.15704167 0.011291254
0.15693833 0.010238362
0.156835 0.01002174
0.15673167 0.0098327137
0.15662833 0.009026873
0.156525 0.007961036
0.15642167 0.0056646458
0.15631833 0.0025272649
0.156215 -0.00084150761
0.15611167 -0.0046716731
0.15600833 -0.0086660502
0.155905 -0.01208612
0.15580167 -0.013681671
0.15569833 -0.013003065
0.155595 -0.011301354
0.15549167 -0.0089843345
0.15538833 -0.0067014657
0.155285 -0.0052942756
0.15518167 -0.0040338243
0.15507833 -0.0034674691
0.154975 -0.0023542793
0.15487167 -5.3736772e-005
0.15476833 0.0024097767
0.154665 0.0055894782
0.15456167 0.0087799354
0.15445833 0.011923652
0.154355 0.014619941
0.15425167 0.016324383
0.15414833 0.016689298
0.154045 0.015897743
0.15394167 0.014091009
0.15383833 0.011559441
0.153735 0.0083764696
0.15363167 0.0057253523
0.15352833 0.0035385093
0.153425 0.0022112009
0.15332167 0.001395279
0.15321833 0.0012565026
0.153115 0.0013462288
0.15301167 0.0014253864
0.15290833 0.00067717614
0.152805 -0.0011497592
0.15270167 -0.0035091458
0.15259833 -0.0057378079
0.152495 -0.0073717461
0.15239167 -0.0081240648
0.15228833 -0.0078236428
0.152185 -0.0066695248
0.15208167 -0.0050295127
0.15197833 -0.0033213559
0.151875 -0.0016626862
0.15177167 -0.00059980061
0.15166833 -0.00028209694
0.151565 0.00062966981
0.15146167 0.0017175058
0.15135833 0.002366494
0.151255 0.0031053691
0.15115167 0.003254375
0.15104833 0.0025825947
0.150945 0.0013983808
0.15084167 -0.00073649819
0.15073833 -0.0038799049
0.150635 -0.0074695222
0.15053167 -0.010570881
0.15042833 -0.011990017
0.150325 -0.011404092
0.15022167 -0.0090331087
0.15011833 -0.0049185992
0.150015 0.00047248473
0.14991167 0.0068032543
0.14980833 0.013347688
0.149705 0.019229802
0.14960167 0.023880988
0.14949833 0.026868417
0.149395 0.028430867
0.14929167 0.028736474
0.14918833 0.028293042
0.149085 0.027933297
0.14898167 0.027282706
0.14887833 0.025711308
0.148775 0.02353804
0.14867167 0.020297299
0.14856833 0.015480502
0.148465 0.0096832125
0.14836167 0.0032866239
0.14825833 -0.0032478331
0.148155 -0.0084210069
0.14805167 -0.011358912
0.14794833 -0.012468582
0.147845 -0.012220542
0.14774167 -0.010429521
0.14763833 -0.0074899183
0.147535 -0.0048322421
0.14743167 -0.0022217397
0.14732833 7.4444912e-005
0.147225 0.001637721
0.14712167 0.0023695319
0.14701833 0.0030330185
0.146915 0.0050022345
0.14681167 0.0073793323
0.14670833 0.0094631924
0.146605 0.010549395
0.14650167 0.010628545
0.14639833 0.0097075376
0.146295 0.0080274365
0.14619167 0.0064467406
0.14608833 0.0062622175
0.145985 0.008266702
0.14588167 0.012311665
0.14577833 0.018187728
0.145675 0.025070758
0.14557167 0.031957585
0.14546833 0.037997216
0.145365 0.043351439
0.14526167 0.046768107
0.14515833 0.048637806
0.145055 0.049124356
0.14495167 0.047732683
0.14484833 0.045986316
0.144745 0.044018552
0.14464167 0.042325608
0.14453833 0.04037923
0.144435 0.038418517
0.14433167 0.036775472
0.14422833 0.035275936
0.144125 0.033822989
0.14402167 0.032926816
0.14391833 0.031963179
0.143815 0.030435675
0.14371167 0.030193841
0.14360833 0.031709372
0.143505 0.034893505
0.14340167 0.03828743
0.14329833 0.041156733
0.143195 0.043904761
0.14309167 0.047101651
0.14298833 0.050501788
0.142885 0.054238026
0.14278167 0.057685063
0.14267833 0.061115362
0.142575 0.062492619
0.14247167 0.061075802
0.14236833 0.057895707
0.142265 0.055341584
0.14216167 0.053269684
0.14205833 0.051711668
0.141955 0.050367063
0.14185167 0.049371258
0.14174833 0.048730986
0.141645 0.048505482
0.14154167 0.049365159
0.14143833 0.051625122
0.141335 0.05567328
0.14123167 0.061396903
0.14112833 0.068846761
0.141025 0.075945116
0.14092167 0.082465328
0.14081833 0.088195884
0.140715 0.092998631
0.14061167 0.096918852
0.14050833 0.099993603
0.140405 0.10192941
0.14030167 0.10192028
0.14019833 0.10034152
0.140095 0.09820434
0.13999167 0.095884376
0.13988833 0.094498156
0.139785 0.094014319
0.13968167 0.094646178
0.13957833 0.096323734
0.139475 0.09854651
0.13937167 0.10057839
0.13926833 0.1011074
0.139165 0.10027337
0.13906167 0.09956147
0.13895833 0.1005834
0.138855 0.10302189
0.13875167 0.10665985
0.13864833 0.1112694
0.138545 0.11648904
0.13844167 0.12263544
0.13833833 0.12857097
0.138235 0.13393199
0.13813167 0.13765082
0.13802833 0.13830956
0.137925 0.13582595
0.13782167 0.13095963
0.13771833 0.12452058
0.137615 0.11841752
0.13751167 0.11350234
0.13740833 0.10963174
0.137305 0.10717085
0.13720167 0.10634561
0.13709833 0.10667932
0.136995 0.10764929
0.13689167 0.10923301
0.13678833 0.11055575
0.136685 0.11177855
0.13658167 0.11389581
0.13647833 0.11784563
0.136375 0.12372547
0.13627167 0.1318505
0.13616833 0.14110527
0.136065 0.15125886
0.13596167 0.16185776
0.13585833 0.17147677
0.135755 0.17893854
0.13565167 0.18257232
0.13554833 0.18257545
0.135445 0.18070445
0.13534167 0.17848993
0.13523833 0.17610061
0.135135 0.17396459
0.13503167 0.17207215
0.13492833 0.17114162
0.134825 0.17153015
0.13472167 0.17253757
0.13461833 0.17261141
0.134515 0.16976632
0.13441167 0.16535456
0.13430833 0.1611007
0.134205 0.15870109
0.13410167 0.15801154
0.13399833 0.1587916
0.133895 0.16070071
0.13379167 0.16279715
0.13368833 0.16388907
0.133585 0.1631197
0.13348167 0.16036569
0.13337833 0.15541826
0.133275 0.1487621
0.13317167 0.14128787
0.13306833 0.13380871
0.132965 0.12718954
0.13286167 0.12228027
0.13275833 0.11945849
0.132655 0.11866861
0.13255167 0.12076448
0.13244833 0.12473506
0.132345 0.1292515
0.13224167 0.13369662
0.13213833 0.13763128
0.132035 0.14076392
0.13193167 0.14354339
0.13182833 0.1467319
0.131725 0.15069357
0.13162167 0.15548487
0.13151833 0.161585
0.131415 0.16860286
0.13131167 0.17478173
0.13120833 0.17887848
0.131105 0.18070303
0.13100167 0.18056846
0.13089833 0.17855124
0.130795 0.17468625
0.13069167 0.16897201
0.13058833 0.16250402
0.130485 0.15607841
0.13038167 0.15038787
0.13027833 0.14574865
0.130175 0.14264568
0.13007167 0.14081195
0.12996833 0.13984309
0.129865 0.13698466
0.12976167 0.13256122
0.12965833 0.12743887
0.129555 0.12316576
0.12945167 0.12051886
0.12934833 0.11928067
0.129245 0.11898514
0.12914167 0.11882786
0.12903833 0.11825645
0.128935 0.11650375
0.12883167 0.11294069
0.12872833 0.10681365
0.128625 0.10003003
0.12852167 0.092325688
0.12841833 0.084237283
0.128315 0.076767133
0.12821167 0.07031248
0.12810833 0.066295699
0.128005 0.065090277
0.12790167 0.066725505
0.12779833 0.070392247
0.127695 0.074614262
0.12759167 0.078708855
0.12748833 0.082244911
0.127385 0.085387408
0.12728167 0.088043866
0.12717833 0.090342163
0.127075 0.09274341
0.12697167 0.095704981
0.12686833 0.099892421
0.126765 0.10411079
0.12666167 0.10676237
0.12655833 0.10673156
0.126455 0.10479723
0.12635167 0.10095987
0.12624833 0.09564686
0.126145 0.089502029
0.12604167 0.08230252
0.12593833 0.075199691
0.125835 0.068722209
0.12573167 0.063262795
0.12562833 0.059860087
0.125525 0.058395504
0.12542167 0.05881836
0.12531833 0.060571576
0.125215 0.062399362
0.12511167 0.063255872
0.12500833 0.063739417
0.124905 0.063578807
0.12480167 0.062653925
0.12469833 0.061153549
0.124595 0.059430201
0.12449167 0.057207527
0.12438833 0.054725988
0.124285 0.051869742
0.12418167 0.04783196
0.12407833 0.042189077
0.123975 0.035281509
0.12387167 0.027732913
0.12376833 0.020928643
0.123665 0.015006243
0.12356167 0.010366941
0.12345833 0.0074260264
0.123355 0.0063145247
0.12325167 0.0078980212
0.12314833 0.012537074
0.123045 0.018301217
0.12294167 0.023843744
0.12283833 0.028765854
0.122735 0.032536479
0.12263167 0.035132051
0.12252833 0.035929432
0.122425 0.034711769
0.12232167 0.032818471
0.12221833 0.031056906
0.122115 0.029580188
0.12201167 0.028060657
0.12190833 0.025298881
0.121805 0.020786529
0.12170167 0.015062015
0.12159833 0.0092761754
0.121495 0.0038719708
0.12139167 -0.00077165408
0.12128833 -0.0047426435
0.121185 -0.0079238188
0.12108167 -0.010109588
0.12097833 -0.010435287
0.120875 -0.0089880265
0.12077167 -0.0054804148
0.12066833 -0.00079074498
0.120565 0.0041488699
0.12046167 0.0084243534
0.12035833 0.01168487
0.120255 0.014001873
0.12015167 0.014748812
0.12004833 0.013902042
0.119945 0.012056419
0.11984167 0.0093462256
0.11973833 0.0062005173
0.119635 0.0025259871
0.11953167 -0.0018856689
0.11942833 -0.0071061023
0.119325 -0.013039218
0.11922167 -0.019168022
0.11911833 -0.024837674
0.119015 -0.029853112
0.11891167 -0.034035452
0.11880833 -0.037506381
0.118705 -0.040680136
0.11860167 -0.043026642
0.11849833 -0.044220843
0.118395 -0.044221153
0.11829167 -0.042666723
0.11818833 -0.039835538
0.118085 -0.036326076
0.11798167 -0.032430455
0.11787833 -0.028953699
0.117775 -0.02616858
0.11767167 -0.024344922
0.11756833 -0.023397868
0.117465 -0.022620903
0.11736167 -0.021939549
0.11725833 -0.021885859
0.117155 -0.023049673
0.11705167 -0.026025455
0.11694833 -0.029252089
0.116845 -0.031635971
0.11674167 -0.033218598
0.11663833 -0.033846189
0.116535 -0.033812203
0.11643167 -0.033385812
0.11632833 -0.032315792
0.116225 -0.03081061
0.11612167 -0.028804912
0.11601833 -0.026264552
0.115915 -0.02291146
0.11581167 -0.018879725
0.11570833 -0.015568283
0.115605 -0.013293362
0.11550167 -0.012424902
0.11539833 -0.013082142
0.115295 -0.015121123
0.11519167 -0.018387115
0.11508833 -0.022670877
0.114985 -0.028150715
0.11488167 -0.03413925
0.11477833 -0.04034362
0.114675 -0.046469414
0.11457167 -0.052262863
0.11446833 -0.0572509
0.114365 -0.061530376
0.11426167 -0.064781758
0.11415833 -0.066689554
0.114055 -0.06807942
0.11395167 -0.068256027
0.11384833 -0.067666169
0.113745 -0.066720198
0.11364167 -0.065142417
0.11353833 -0.063135539
0.113435 -0.061335006
0.11333167 -0.059908904
0.11322833 -0.05973303
0.113125 -0.060439304
0.11302167 -0.062267273
0.11291833 -0.065227313
0.112815 -0.069051683
0.11271167 -0.072809382
0.11260833 -0.07616019
0.112505 -0.079049234
0.11240167 -0.080626016
0.11229833 -0.080855667
0.112195 -0.080056576
0.11209167 -0.078331991
0.11198833 -0.075721149
0.111885 -0.072936745
0.11178167 -0.069426033
0.11167833 -0.065898638
0.111575 -0.062607688
0.11147167 -0.060024181
0.11136833 -0.058362388
0.111265 -0.057537871
0.11116167 -0.057790872
0.11105833 -0.05898737
0.110955 -0.061193564
0.11085167 -0.064738623
0.11074833 -0.069446959
0.110645 -0.07445139
0.11054167 -0.079651512
0.11043833 -0.084663008
0.110335 -0.088999864
0.11023167 -0.092380141
0.11012833 -0.094603246
0.110025 -0.094951406
0.10992167 -0.094162755
0.10981833 -0.09242178
0.109715 -0.089713042
0.10961167 -0.086906645
0.10950833 -0.083515123
0.109405 -0.079793215
0.10930167 -0.075986491
0.10919833 -0.072735819
0.109095 -0.070102648
0.10899167 -0.068227106
0.10888833 -0.066639895
0.108785 -0.065753917
0.10868167 -0.065101851
0.10857833 -0.06523558
0.108475 -0.066342441
0.10837167 -0.068640831
0.10826833 -0.072017518
0.108165 -0.076162586
0.10806167 -0.079982002
0.10795833 -0.083265249
0.107855 -0.08569938
0.10775167 -0.087158843
0.10764833 -0.087832997
0.107545 -0.0877528
0.10744167 -0.087057785
0.10733833 -0.085905326
0.107235 -0.084141749
0.10713167 -0.081797265
0.10702833 -0.078457257
0.106925 -0.074839597
0.10682167 -0.07113235
0.10671833 -0.068304476
0.106615 -0.066214776
0.10651167 -0.064571189
0.10640833 -0.062964705
0.106305 -0.06167543
0.10620167 -0.060678227
0.10609833 -0.060389172
0.105995 -0.060571651
0.10589167 -0.061274837
0.10578833 -0.062798348
0.105685 -0.065153751
0.10558167 -0.068075119
0.10547833 -0.070985404
0.105375 -0.073907528
0.10527167 -0.075826477
0.10516833 -0.076920344
0.105065 -0.077456558
0.10496167 -0.077296576
0.10485833 -0.075937192
0.104755 -0.073308418
0.10465167 -0.069533166
0.10454833 -0.06537948
0.104445 -0.061329445
0.10434167 -0.057641813
0.10423833 -0.054180808
0.104135 -0.051004316
0.10403167 -0.048004859
0.10392833 -0.045754462
0.103825 -0.044156916
0.10372167 -0.043402036
0.10361833 -0.04355411
0.103515 -0.044976234
0.10341167 -0.047648333
0.10330833 -0.051124134
0.103205 -0.055059345
0.10310167 -0.058963862
0.10299833 -0.062348559
0.102895 -0.065138977
0.10279167 -0.067294051
0.10268833 -0.068776506
0.102585 -0.06889419
0.10248167 -0.068303268
0.10237833 -0.067247188
0.102275 -0.066097805
0.10217167 -0.064829402
0.10206833 -0.06329884
0.101965 -0.0617049
0.10186167 -0.059663416
0.10175833 -0.057264295
0.101655 -0.054145402
0.10155167 -0.050864569
0.10144833 -0.047314742
0.101345 -0.043933894
0.10124167 -0.040940062
0.10113833 -0.038683724
0.101035 -0.03709296
0.10093167 -0.035898354
0.10082833 -0.034844827
0.100725 -0.034290406
0.10062167 -0.03419157
0.10051833 -0.034239053
0.100415 -0.034615879
0.10031167 -0.035442385
0.10020833 -0.03652318
0.100105 -0.037694439
0.10000167 -0.039002828
0.099898333 -0.040581409
0.099795 -0.042215923
0.099691667 -0.043738135
0.099588333 -0.045323714
0.099485 -0.04652106
0.099381667 -0.047647391
0.099278333 -0.04776419
0.099175 -0.047191061
0.099071667 -0.046538373
0.098968333 -0.046040656
0.098865 -0.046003366
0.098761667 -0.046567288
0.098658333 -0.047049383
0.098555 -0.047785191
0.098451667 -0.048316378
0.098348333 -0.049255461
0.098245 -0.050223297
0.098141667 -0.051490521
0.098038333 -0.052579129
0.097935 -0.05326694
0.097831667 -0.053293529
0.097728333 -0.053296778
0.097625 -0.053143428
0.097521667 -0.052891933
0.097418333 -0.05229481
0.097315 -0.051711719
0.097211667 -0.050415845
0.097108333 -0.048878243
0.097005 -0.046976841
0.096901667 -0.044730507
0.096798333 -0.042341239
0.096695 -0.040015364
0.096591667 -0.037901793
0.096488333 -0.03649479
0.096385 -0.035037286
0.096281667 -0.034240151
0.096178333 -0.033885172
0.096075 -0.033504227
0.095971667 -0.03347588
0.095868333 -0.034034131
0.095765 -0.034834508
0.095661667 -0.036113993
0.095558333 -0.037166475
0.095455 -0.037808048
0.095351667 -0.037878797
0.095248333 -0.037784266
0.095145 -0.037540762
0.095041667 -0.037404312
0.094938333 -0.037241137
0.094835 -0.037367363
0.094731667 -0.037522015
0.094628333 -0.038299227
0.094525 -0.038712913
0.094421667 -0.03948613
0.094318333 -0.040282845
0.094215 -0.041163687
0.094111667 -0.042001449
0.094008333 -0.042875939
0.093905 -0.043443394
0.093801667 -0.043730498
0.093698333 -0.043738299
0.093595 -0.043352173
0.093491667 -0.043243611
0.093388333 -0.043163068
0.093285 -0.042984703
0.093181667 -0.043219398
0.093078333 -0.043615034
0.092975 -0.043724581
0.092871667 -0.043655766
0.092768333 -0.043204358
0.092665 -0.042177076
0.092561667 -0.040624833
0.092458333 -0.039167227
0.092355 -0.038235547
0.092251667 -0.037830258
0.092148333 -0.037852568
0.092045 -0.038574553
0.091941667 -0.039666753
0.091838333 -0.041249726
0.091735 -0.043202338
0.091631667 -0.045588445
0.091528333 -0.04751325
0.091425 -0.049735111
0.091321667 -0.051363643
0.091218333 -0.052944759
0.091115 -0.054143657
0.091011667 -0.05487744
0.090908333 -0.054864023
0.090805 -0.054159924
0.090701667 -0.052751487
0.090598333 -0.050972244
0.090495 -0.04895478
0.090391667 -0.046402335
0.090288333 -0.044035662
0.090185 -0.042358455
0.090081667 -0.041155247
0.089978333 -0.040244646
0.089875 -0.039197809
0.089771667 -0.037755719
0.089668333 -0.036761459
0.089565 -0.035726342
0.089461667 -0.035168269
0.089358333 -0.03531634
0.089255 -0.036424374
0.089151667 -0.038388028
0.089048333 -0.040775039
0.088945 -0.043300308
0.088841667 -0.045578051
0.088738333 -0.047165115
0.088635 -0.048048778
0.088531667 -0.048353151
0.088428333 -0.048058171
0.088325 -0.047132145
0.088221667 -0.045564424
0.088118333 -0.043488644
0.088015 -0.040909638
0.087911667 -0.038095152
0.087808333 -0.035348695
0.087705 -0.032882686
0.087601667 -0.031084714
0.087498333 -0.030083703
0.087395 -0.029352692
0.087291667 -0.029048079
0.087188333 -0.029323808
0.087085 -0.029998403
0.086981667 -0.031031028
0.086878333 -0.033228915
0.086775 -0.036028891
0.086671667 -0.039123054
0.086568333 -0.041784068
0.086465 -0.043598093
0.086361667 -0.044626481
0.086258333 -0.045364599
0.086155 -0.044839299
0.086051667 -0.043934659
0.085948333 -0.041606267
0.085845 -0.038903353
0.085741667 -0.035180752
0.085638333 -0.031294306
0.085535 -0.027184801
0.085431667 -0.023692579
0.085328333 -0.020416057
0.085225 -0.017839476
0.085121667 -0.015721819
0.085018333 -0.014730585
0.084915 -0.014197958
0.084811667 -0.014933417
0.084708333 -0.016676035
0.084605 -0.019278048
0.084501667 -0.023133129
0.084398333 -0.02731881
0.084295 -0.03158774
0.084191667 -0.036223508
0.084088333 -0.039737595
0.083985 -0.04297561
0.083881667 -0.045322696
0.083778333 -0.046425772
0.083675 -0.046945104
0.083571667 -0.046299281
0.083468333 -0.044810294
0.083365 -0.042996153
0.083261667 -0.040573789
0.083158333 -0.037851727
0.083055 -0.035507049
0.082951667 -0.033837305
0.082848333 -0.032906933
0.082745 -0.032373799
0.082641667 -0.032393503
0.082538333 -0.033001022
0.082435 -0.033678074
0.082331667 -0.03500612
0.082228333 -0.036794059
0.082125 -0.039743544
0.082021667 -0.042958219
0.081918333 -0.046256957
0.081815 -0.049120197
0.081711667 -0.051506892
0.081608333 -0.053097423
0.081505 -0.054082254
0.081401667 -0.054324389
0.081298333 -0.053697009
0.081195 -0.052612308
0.081091667 -0.050392215
0.080988333 -0.047121688
0.080885 -0.042977692
0.080781667 -0.038024149
0.080678333 -0.032607131
0.080575 -0.027330954
0.080471667 -0.023086159
0.080368333 -0.019913185
0.080265 -0.0177664
0.080161667 -0.017338597
0.080058333 -0.018016515
0.079955 -0.019770728
0.079851667 -0.022405765
0.079748333 -0.025781721
0.079645 -0.029662473
0.079541667 -0.033867185
0.079438333 -0.038120741
0.079335 -0.042023213
0.079231667 -0.045447147
0.079128333 -0.048568584
0.079025 -0.05048471
0.078921667 -0.051966885
0.078818333 -0.052167556
0.078715 -0.051990974
0.078611667 -0.051220771
0.078508333 -0.04972241
0.078405 -0.048130897
0.078301667 -0.046417689
0.078198333 -0.044280839
0.078095 -0.042251673
0.077991667 -0.04091866
0.077888333 -0.039990721
0.077785 -0.039195831
0.077681667 -0.039077095
0.077578333 -0.039185115
0.077475 -0.040175447
0.077371667 -0.041777729
0.077268333 -0.043594835
0.077165 -0.0458471
0.077061667 -0.048352047
0.076958333 -0.050808939
0.076855 -0.053064119
0.076751667 -0.055065002
0.076648333 -0.056240454
0.076545 -0.056432093
0.076441667 -0.055758745
0.076338333 -0.054044316
0.076235 -0.051494338
0.076131667 -0.048243847
0.076028333 -0.0448057
0.075925 -0.041347729
0.075821667 -0.03810094
0.075718333 -0.035636216
0.075615 -0.033947073
0.075511667 -0.033092531
0.075408333 -0.033189606
0.075305 -0.034045557
0.075201667 -0.035532225
0.075098333 -0.037240476
0.074995 -0.039321938
0.074891667 -0.04168042
0.074788333 -0.043623264
0.074685 -0.0453772
0.074581667 -0.046898125
0.074478333 -0.047960904
0.074375 -0.048408282
0.074271667 -0.048525692
0.074168333 -0.048126928
0.074065 -0.048050001
0.073961667 -0.047956812
0.073858333 -0.047183686
0.073755 -0.046849341
0.073651667 -0.046121526
0.073548333 -0.045896452
0.073445 -0.045321906
0.073341667 -0.04534478
0.073238333 -0.045702834
0.073135 -0.046881199
0.073031667 -0.048658596
0.072928333 -0.050565401
0.072825 -0.052707917
0.072721667 -0.054927823
0.072618333 -0.056692052
0.072515 -0.058163983
0.072411667 -0.058894266
0.072308333 -0.058917888
0.072205 -0.058508578
0.072101667 -0.057151157
0.071998333 -0.055516151
0.071895 -0.053665996
0.071791667 -0.051076262
0.071688333 -0.048518785
0.071585 -0.045816892
0.071481667 -0.04274651
0.071378333 -0.040176068
0.071275 -0.037781525
0.071171667 -0.03605335
0.071068333 -0.0346472
0.070965 -0.033938363
0.070861667 -0.034007721
0.070758333 -0.035064984
0.070655 -0.036780247
0.070551667 -0.039098441
0.070448333 -0.041141822
0.070345 -0.042984883
0.070241667 -0.04463482
0.070138333 -0.045616677
0.070035 -0.046244788
0.069931667 -0.045714354
0.069828333 -0.044674359
0.069725 -0.04301578
0.069621667 -0.04066461
0.069518333 -0.038124766
0.069415 -0.035279749
0.069311667 -0.032264716
0.069208333 -0.029560241
0.069105 -0.026723992
0.069001667 -0.024382068
0.068898333 -0.022929072
0.068795 -0.022143296
0.068691667 -0.022144753
0.068588333 -0.023445977
0.068485 -0.025800535
0.068381667 -0.028875148
0.068278333 -0.032768245
0.068175 -0.036664295
0.068071667 -0.040548296
0.067968333 -0.044029357
0.067865 -0.047149331
0.067761667 -0.049173337
0.067658333 -0.050568406
0.067555 -0.051254232
0.067451667 -0.051165069
0.067348333 -0.050294362
0.067245 -0.048880307
0.067141667 -0.046842903
0.067038333 -0.044301016
0.066935 -0.041456682
0.066831667 -0.038176279
0.066728333 -0.034962271
0.066625 -0.032379035
0.066521667 -0.030053476
0.066418333 -0.028393384
0.066315 -0.027127832
0.066211667 -0.026995068
0.066108333 -0.027781186
0.066005 -0.028793851
0.065901667 -0.030496924
0.065798333 -0.032767814
0.065695 -0.034979878
0.065591667 -0.03688874
0.065488333 -0.038456137
0.065385 -0.039525266
0.065281667 -0.039795239
0.065178333 -0.039650102
0.065075 -0.038206494
0.064971667 -0.03647144
0.064868333 -0.034044423
0.064765 -0.031225511
0.064661667 -0.028243376
0.064558333 -0.025439699
0.064455 -0.022874498
0.064351667 -0.020540656
0.064248333 -0.019603353
0.064145 -0.019716486
0.064041667 -0.021323994
0.063938333 -0.024668145
0.063835 -0.028985819
0.063731667 -0.034596925
0.063628333 -0.040621291
0.063525 -0.047127597
0.063421667 -0.053514894
0.063318333 -0.059158145
0.063215 -0.063840867
0.063111667 -0.067264598
0.063008333 -0.069445285
0.062905 -0.070303962
0.062801667 -0.069873499
0.062698333 -0.068331135
0.062595 -0.065630403
0.062491667 -0.06218196
0.062388333 -0.05816547
0.062285 -0.054030037
0.062181667 -0.05009
0.062078333 -0.046310642
0.061975 -0.043385763
0.061871667 -0.040851536
0.061768333 -0.039227191
0.061665 -0.037773406
0.061561667 -0.036871241
0.061458333 -0.036855297
0.061355 -0.03700871
0.061251667 -0.037735504
0.061148333 -0.038076024
0.061045 -0.038911161
0.060941667 -0.039614204
0.060838333 -0.039862846
0.060735 -0.039669859
0.060631667 -0.038897399
0.060528333 -0.037818436
0.060425 -0.035950243
0.060321667 -0.033814594
0.060218333 -0.031457283
0.060115 -0.029147596
0.060011667 -0.026911615
0.059908333 -0.025173209
0.059805 -0.023829139
0.059701667 -0.02332007
0.059598333 -0.023286704
0.059495 -0.024041122
0.059391667 -0.025410875
0.059288333 -0.027893143
0.059185 -0.030760303
0.059081667 -0.034707553
0.058978333 -0.038909634
0.058875 -0.043192106
0.058771667 -0.047395853
0.058668333 -0.051247794
0.058565 -0.054323179
0.058461667 -0.056272991
0.058358333 -0.05760805
0.058255 -0.0577141
0.058151667 -0.056894989
0.058048333 -0.055104213
0.057945 -0.052858572
0.057841667 -0.049740533
0.057738333 -0.046499825
0.057635 -0.04323909
0.057531667 -0.040624271
0.057428333 -0.038296813
0.057325 -0.036207035
0.057221667 -0.03528574
0.057118333 -0.034787588
0.057015 -0.035611348
0.056911667 -0.037161974
0.056808333 -0.039604561
0.056705 -0.042437504
0.056601667 -0.045449996
0.056498333 -0.048296884
0.056395 -0.050601716
0.056291667 -0.052382999
0.056188333 -0.053449409
0.056085 -0.05383658
0.055981667 -0.053520923
0.055878333 -0.052699787
0.055775 -0.051623202
0.055671667 -0.050019696
0.055568333 -0.047773267
0.055465 -0.045662399
0.055361667 -0.043705963
0.055258333 -0.04196581
0.055155 -0.0403425
0.055051667 -0.038868492
0.054948333 -0.038121176
0.054845 -0.03758973
0.054741667 -0.037942456
0.054638333 -0.038879187
0.054535 -0.040278466
0.054431667 -0.042579397
0.054328333 -0.045105026
0.054225 -0.047602944
0.054121667 -0.050081579
0.054018333 -0.052425855
0.053915 -0.054078628
0.053811667 -0.055055175
0.053708333 -0.055754844
0.053605 -0.055778745
0.053501667 -0.055067025
0.053398333 -0.053924133
0.053295 -0.05238993
0.053191667 -0.050692998
0.053088333 -0.048852396
0.052985 -0.047275305
0.052881667 -0.045906708
0.052778333 -0.04502254
0.052675 -0.044915232
0.052571667 -0.045199277
0.052468333 -0.046319215
0.052365 -0.047929164
0.052261667 -0.049808352
0.052158333 -0.05197853
0.052055 -0.054121391
0.051951667 -0.056369662
0.051848333 -0.057675182
0.051745 -0.058519245
0.051641667 -0.05850235
0.051538333 -0.057468269
0.051435 -0.055837844
0.051331667 -0.053466195
0.051228333 -0.050440263
0.051125 -0.0469196
0.051021667 -0.04311165
0.050918333 -0.039184735
0.050815 -0.035568845
0.050711667 -0.032395071
0.050608333 -0.030155028
0.050505 -0.028609785
0.050401667 -0.028133173
0.050298333 -0.028331537
0.050195 -0.029812187
0.050091667 -0.031743187
0.049988333 -0.034366794
0.049885 -0.037510085
0.049781667 -0.040609613
0.049678333 -0.043686768
0.049575 -0.046042423
0.049471667 -0.047813058
0.049368333 -0.048804512
0.049265 -0.049434798
0.049161667 -0.048969563
0.049058333 -0.048170124
0.048955 -0.046712383
0.048851667 -0.045022492
0.048748333 -0.043378961
0.048645 -0.041755929
0.048541667 -0.040244209
0.048438333 -0.039240475
0.048335 -0.038639148
0.048231667 -0.038609641
0.048128333 -0.038868743
0.048025 -0.039972421
0.047921667 -0.041541459
0.047818333 -0.043720092
0.047715 -0.046102909
0.047611667 -0.048476282
0.047508333 -0.050519304
0.047405 -0.052291917
0.047301667 -0.053535862
0.047198333 -0.054339949
0.047095 -0.054412775
0.046991667 -0.053484594
0.046888333 -0.051750111
0.046785 -0.049634001
0.046681667 -0.046627135
0.046578333 -0.04331603
0.046475 -0.03989943
0.046371667 -0.036423354
0.046268333 -0.033028978
0.046165 -0.029898064
0.046061667 -0.027282055
0.045958333 -0.024919963
0.045855 -0.023658898
0.045751667 -0.022928709
0.045648333 -0.023068095
0.045545 -0.024262156
0.045441667 -0.025979907
0.045338333 -0.028366018
0.045235 -0.030971523
0.045131667 -0.033512953
0.045028333 -0.035943051
0.044925 -0.038269137
0.044821667 -0.039989365
0.044718333 -0.041459815
0.044615 -0.042251915
0.044511667 -0.042331512
0.044408333 -0.04170743
0.044305 -0.040886864
0.044201667 -0.039544603
0.044098333 -0.038071545
0.043995 -0.036718018
0.043891667 -0.035665635
0.043788333 -0.034654257
0.043685 -0.034135002
0.043581667 -0.033817432
0.043478333 -0.033730601
0.043375 -0.033791804
0.043271667 -0.034067709
0.043168333 -0.034757784
0.043065 -0.035400994
0.042961667 -0.036280448
0.042858333 -0.037042934
0.042755 -0.03768406
0.042651667 -0.038070168
0.042548333 -0.037479624
0.042445 -0.036698992
0.042341667 -0.035301203
0.042238333 -0.035290033
0.042135 -0.034300216

