0.365 -0.0055553158
0.36489098 -0.0067817842
0.36479176 0.00050714539
0.36469256 -0.034550681
0.36458348 -0.026479116
0.36448426 0.01528962
0.3643752 0.080813308
0.36427569 0.084770264
0.36417676 0.056123299
0.36406768 0.025962193
0.36396848 -0.040832154
0.36385943 -0.034970301
0.36376025 0.0049406983
0.36366103 0.018177007
0.36355195 0.0018277621
0.36345275 -0.061982037
0.36334369 -0.087652295
0.36324449 -0.068930461
0.36313541 -0.051612842
0.36303617 0.011463047
0.36293697 0.0075023418
0.36282789 0.028729446
0.36272867 0.057249868
0.36261959 0.087368298
0.36252035 0.076193022
0.36242115 0.010260861
0.36231205 -0.034490213
0.36221285 -0.053277812
0.36210381 -0.022096413
0.36200459 0.054089212
0.36190539 0.074089938
0.36179631 0.012797054
0.36169709 -0.041738637
0.36158803 -0.046654235
0.36148883 -0.04630357
0.36138961 -0.02786329
0.36128051 -0.0017792081
0.36118131 -0.00020973192
0.36107222 -0.0051459009
0.36097302 0.036676802
0.36086396 -0.00086240701
0.36076474 -0.0040598774
0.36066554 -0.005305536
0.36055646 -0.018374289
0.36045726 0.010162231
0.3603482 0.043043233
0.36024898 0.088615351
0.36014976 0.04757426
0.36004066 -0.071355251
0.35994144 -0.084355622
0.35983238 -0.059932822
0.35973316 -0.012421258
0.35963396 0.0077865629
0.35952486 0.043765292
0.35942568 0.063169166
0.3593166 0.048665474
0.35921738 0.041738289
0.35911785 0.0039279157
0.3590091 -0.016197238
0.3589099 -0.052688416
0.35880085 -0.054569013
0.35870162 -0.0057174514
0.35859257 0.042350387
0.35849333 0.043448119
0.35839413 -0.042711485
0.35828494 -0.077878659
0.35818581 -0.051961967
0.35807675 -0.01139736
0.35797751 0.035583664
0.35787831 0.046986353
0.35776923 0.04470516
0.35766974 0.039890048
0.35756097 0.014615933
0.35746177 -0.00062352635
0.35736255 -0.032039214
0.35725347 0.01378543
0.35715427 -0.00016257616
0.35704519 0.0071839419
0.35694595 0.040632926
0.35683687 0.076169658
0.35673749 0.0062221153
0.35663843 -0.090095257
0.35652935 -0.09670682
0.35643013 -0.078335112
0.35632105 -0.019535845
0.35622183 0.021601163
0.35612263 0.019704332
0.35601355 0.039583692
0.35591435 0.017888975
0.35580529 0.033537881
0.35570605 -0.0041066887
0.35560685 0.039125215
0.35549775 0.026414749
0.35539853 0.003164663
0.35528948 0.02438541
0.35519013 0.024846556
0.35509103 0.0050053029
0.35498196 -0.052721238
0.35488273 -0.084871335
0.35477366 -0.070244529
0.35467446 -6.5157838e-005
0.35456536 0.040902151
0.35446612 0.046279252
0.35436692 0.038486517
0.35425782 -0.037370265
0.35415862 -0.028565981
0.35404956 -0.035700249
0.35395032 0.0062064991
0.35385108 0.040749298
0.353742 0.045086325
0.35364263 0.039819171
0.35353372 0.017418874
0.35343448 0.035961471
0.3533353 -0.012280532
0.3532262 -0.036080119
0.35312698 -0.071501633
0.3530179 -0.040180352
0.35291868 0.012160929
0.35281946 0.023025342
0.35271038 0.015106698
0.35261116 0.0016888724
0.3525021 -0.047806806
0.3524029 0.00797236
0.35229384 0.01548622
0.35219462 0.066407851
0.35209521 0.071300172
0.3519863 0.010079727
0.3518871 -0.007524261
0.35177804 -0.057287103
0.35167882 -0.040121581
0.35157962 -0.041613721
0.35147052 -0.048394997
0.35137132 -0.053812872
0.35126224 0.0039070467
0.35116304 0.034122472
0.35106384 0.01478948
0.35095475 0.026548527
0.35085532 -0.0071883907
0.35074645 -0.046258093
0.35064723 -0.016348333
0.35053815 0.045699325
0.35043891 0.061444818
0.35033971 0.053042529
0.35023065 0.0540352
0.35013145 -0.044761025
0.35002239 -0.049742789
0.34992315 0.0004453222
0.34982393 -0.0017573919
0.34971483 0.00099613575
0.34961563 -0.043557267
0.34950657 -0.014430168
0.34940735 -0.033094113
0.34930815 -0.039211938
0.34919905 -0.0096093749
0.34909985 -0.032590344
0.34899077 -0.018351591
0.34889157 0.032353294
0.34879235 0.083006762
0.34868325 0.093022455
0.34858405 0.068674032
0.34847475 0.007611733
0.34837577 -0.064176879
0.34826671 -0.073132736
0.34816747 0.0014837624
0.34806825 0.011794075
0.34795915 0.010012534
0.34785991 -0.01583399
0.34775052 -0.011348868
0.34765161 -0.032747831
0.34755239 -0.035414378
0.34744329 0.013873544
0.34734407 -0.009992935
0.34723501 -0.02699778
0.34713579 0.0087229036
0.34703657 0.042970063
0.34692747 0.040758323
0.34682827 0.0037995696
0.34671917 0.043671377
0.34661995 -0.031884985
0.34652075 -0.015092705
0.34641167 0.017653208
0.34631243 0.039534186
0.34620335 0.02226506
0.34610415 -0.064691338
0.3459951 -0.043880288
0.34589586 -0.042170426
0.34579663 -0.034921693
0.34568756 0.032462664
0.34558834 0.010494888
0.34547928 0.0084878292
0.3453801 -0.00050472669
0.34528088 0.047627025
0.34517182 0.044143679
0.34507258 0.0040005249
0.3449635 0.047763427
0.3448643 -0.032633011
0.3447651 -0.045273247
0.34465602 -0.0023037743
0.3445568 0.0066089781
0.34444774 -0.0031728749
0.34434852 -0.066530171
0.34423946 -0.039106672
0.34414024 -0.036069478
0.34404102 -0.024353796
0.34393192 0.043065292
0.34383272 0.039201102
0.34372364 -0.028780333
0.34362444 -0.021760672
0.34352522 0.020044589
0.34341614 0.030025865
0.34331694 0.032019627
0.34320789 0.066811234
0.34310867 0.03504516
0.34300947 -0.034114877
0.34290037 0.011049352
0.34280117 0.0050662584
0.34269205 -0.0083563001
0.34259285 -0.081543024
0.34249361 -0.03865395
0.34238422 -0.033274349
0.34228526 -0.039190688
0.34217617 0.0063474226
0.34207694 0.012240877
0.34196787 -0.012533956
0.34186865 -0.042118878
0.3417694 0.024460013
0.3416603 0.025905015
0.34156119 0.055924433
0.34145211 0.094981123
0.34135287 0.037764995
0.34125365 -0.011577369
0.34114459 -0.048842574
0.34104539 -0.00064688857
0.34093606 -0.012479217
0.34083707 -0.042333536
0.34073783 -0.02756118
0.34062875 -0.007994837
0.34052953 -0.014984911
0.34042047 -0.0099523184
0.34032125 0.0022476251
0.34022203 -0.030126497
0.34011295 -0.063090575
0.34001373 -0.01173653
0.33990465 0.023696322
0.33980543 0.041047411
0.33969635 0.082890036
0.33959713 0.06848032
0.33949793 -0.017666264
0.33938885 -0.046085304
0.33928963 -0.012787957
0.33918057 -0.007326703
0.33908135 -0.0091767084
0.33898215 -0.0040846574
0.33887307 -0.01860436
0.33877387 -0.039957554
0.33866482 -0.035765137
0.3385656 0.0067120948
0.33846637 -0.0032937974
0.33835728 -0.030652986
0.33825808 -0.0091162067
0.338149 0.029506169
0.33804978 0.041023885
0.3379506 0.052409801
0.3378415 0.057036141
0.3377423 -0.016853428
0.33763322 -0.052530229
0.337534 -0.0098994428
0.33742494 -9.4422276e-005
0.33732572 -0.0037128731
0.3372265 0.0081950674
0.33711742 -0.0051811595
0.3370182 -0.03206826
0.33690912 -0.01788989
0.33680994 -0.0065489068
0.33671074 0.0067394199
0.33660164 -0.003568331
0.33650244 -0.0027412981
0.33639336 -0.0044948052
0.33629416 0.0024311119
0.33619492 0.047752878
0.33608584 0.054794249
0.33598662 0.057350572
0.33587754 0.00091253229
0.33577832 -0.033475476
0.33566927 -0.014073714
0.33557004 -0.045200862
0.33547082 0.0016450423
0.33536175 -0.035655645
0.33526252 -0.07337622
0.33515347 -0.02627058
0.33505394 -0.017131104
0.33495503 0.0011374461
0.33484593 0.0064634715
0.33474673 0.00035780139
0.33463769 -0.0013164392
0.33453843 -0.013911117
0.33443921 0.024533164
0.33433011 0.062671982
0.33423091 0.074942747
0.33412156 0.05256048
0.33402263 -0.0069070293
0.33392343 -0.041779936
0.33381437 -0.045498569
0.33371517 -0.033608215
0.33360609 0.0055920943
0.33350687 -0.040507647
0.33339781 -0.035787908
0.33329857 -0.00063654971
0.33319937 -0.0077830252
0.33309027 0.0066695177
0.33299107 -0.01808217
0.33288201 -0.037141094
0.33278279 -0.032659368
0.33268357 -0.035975307
0.33257449 0.049910825
0.33247529 0.081662262
0.33236622 0.091085905
0.33226702 0.059679934
0.33216782 -0.029709088
0.33205872 -0.047325096
0.33195952 -0.050335237
0.33185044 -0.028327881
0.3317512 -0.0057785565
0.33165202 -0.014597459
0.33154292 -0.033384271
0.33144372 -0.017144357
0.33133464 -0.035259912
0.33123542 0.0029520549
0.33112636 -0.0058711787
0.33102714 -0.039703278
0.3309279 -0.021465312
0.3308188 -0.014877835
0.3307196 0.030887757
0.33061052 0.044665307
0.3305113 0.074647253
0.33041206 0.078702931
0.33030296 -0.019705772
0.33020376 -0.034992819
0.33009468 -0.034070414
0.32999548 -0.0016726212
0.3298963 0.0037104266
0.32978722 -0.037713561
0.32968773 -0.042160408
0.32957892 -0.050574294
0.32947968 -0.031533069
0.32937064 0.0068214102
0.3292714 -0.0053890508
0.32917208 -0.0039841833
0.32906308 -0.00088869171
0.32896355 -0.0093138631
0.32885482 0.010582548
0.32875558 0.0473622
0.32865638 0.084407336
0.32854728 0.078838081
0.32844806 0.028105757
0.32833901 -0.013466607
0.32823976 -0.060733479
0.32814054 -0.024802645
0.3280314 -0.0019489968
0.32793226 -0.016216385
0.32782321 -0.044386346
0.32772399 -0.03241161
0.32762472 -0.006546819
0.32751542 0.0055550485
0.32741647 0.0026330042
0.32730737 -0.0027253501
0.32720817 -0.042635411
0.32709911 -0.044668923
0.32699987 0.0034839076
0.32690067 0.057178421
0.32679159 0.092217878
0.32669239 0.11602529
0.32658333 0.03617478
0.32648411 -0.025811965
0.32638489 -0.078262772
0.32627583 -0.039360222
0.32617663 -0.0089090871
0.32606757 -0.0054154453
0.32596835 -0.047334872
0.32586913 -0.049239612
0.32576005 -0.022275111
0.32566083 -0.0031377224
0.32555175 0.0060011737
0.32545255 -0.00079239705
0.32535333 -0.014019386
0.32524425 -0.037726575
0.32514503 -0.0042010488
0.32503596 0.03371432
0.32493671 0.076046127
0.32482766 0.085237516
0.32472844 0.049443432
0.32462921 -0.01424265
0.32452012 -0.047594023
0.32442089 -0.029211707
0.32431184 -0.0059578982
0.3242126 0.0015158484
0.32411335 -0.031740641
0.3240043 -0.057892658
0.32390508 -0.040419335
0.32379598 -0.032624769
0.32369678 -0.0064762761
0.32359756 0.00095797389
0.32348848 -0.0024908314
0.32338928 -0.01715977
0.32328018 -0.036815765
0.32318096 0.017000647
0.32307188 0.078812406
0.32297266 0.10231961
0.32287346 0.092661404
0.32276436 0.038629737
0.32266514 -0.037070499
0.32255606 -0.045468539
0.32245684 -0.033903399
0.32235727 -0.0070321578
0.32224852 -0.013169643
0.32214888 -0.07506725
0.32204024 -0.037235752
0.321941 -0.002852141
0.32184178 -0.0013986913
0.32173272 0.016492865
0.32163352 -0.0045151105
0.32152444 -0.037345504
0.3214252 -0.078571688
0.321326 -0.0085420366
0.32121692 0.047038922
0.32111768 0.097779512
0.32100858 0.12474894
0.32090936 0.096222499
0.3208003 -0.0023963978
0.3207005 -0.0513308
0.32060186 -0.045573322
0.3204928 -0.0080673495
0.32039356 -0.012731282
0.32028448 -0.043687418
0.32018522 -0.057426737
0.32008602 -0.02949082
0.31997692 -0.020937506
0.31987772 0.012707587
0.31976868 0.0055915793
0.31966944 -0.012908991
0.31957024 -0.040787667
0.31946116 -0.054781585
0.31936194 0.04271869
0.31925286 0.086039083
0.31915366 0.090190528
0.31905442 0.087867052
0.31894534 0.04101676
0.31884614 -0.018633926
0.31873709 -0.036041195
0.31863787 -0.0085199226
0.31852881 0.01087032
0.31842955 -0.00045135172
0.31833035 -0.081588115
0.31822125 -0.070299895
0.31812205 -0.037499748
0.31801295 -0.0075373555
0.31791371 0.032616599
0.31781448 0.0038623945
0.31770539 -0.037203425
0.31760614 -0.050343338
0.31749707 -0.045553723
0.31739784 0.047909345
0.31729867 0.083005232
0.31718959 0.09253567
0.31709035 0.091705154
0.31698129 0.015850791
0.31688205 -0.016256018
0.31677299 -0.038940608
0.31667375 -0.0041166942
0.31657453 -0.005476459
0.31646541 -0.043245455
0.31636623 -0.079243538
0.31625717 -0.044403898
0.31615795 0.002926641
0.31605873 0.0045390208
0.31594965 0.043826094
0.31585047 -0.010096571
0.31574137 -0.071958356
0.31564213 -0.077212266
0.31554289 -0.022984939
0.31543381 0.074845363
0.31533457 0.089959734
0.31522549 0.10007378
0.31512629 0.089582694
0.31502709 0.03464729
0.31491801 -0.031740769
0.31481881 -0.035521507
0.31470973 -0.0075098031
0.31461053 -0.021916493
0.31450145 -0.03501929
0.31440223 -0.085055593
0.31430301 -0.026809682
0.31419391 0.0012085973
0.31409469 -0.00448709
0.31398563 0.025489051
0.31388637 -0.023328656
0.31378717 -0.043519512
0.31367807 -0.038555203
0.31357889 -0.0062175381
0.31346983 0.050569835
0.31337059 0.071763087
0.31327139 0.07665515
0.31316229 0.087685275
0.31306309 0.058166515
0.31295399 0.044954274
0.31285479 0.0041041458
0.31275559 -0.018001013
0.31264652 -0.08165608
0.3125473 -0.078460344
0.3124382 -0.072519749
0.312339 -0.041578966
0.31222963 0.00092801421
0.31213072 0.0031719649
0.3120315 0.0094988521
0.31192242 -0.028403395
0.3118232 -0.058481705
0.31171414 -0.0090734881
0.31161492 -0.0074135201
0.31151568 0.042997074
0.31140652 0.067605262
0.3113074 0.079806807
0.31119832 0.089665281
0.3110991 0.053811093
0.31099988 0.048481174
0.3108908 0.028239615
0.31079158 -0.035060936
0.3106825 -0.081664287
0.31058326 -0.08002388
0.31047424 -0.052695503
0.31037502 -0.05210472
0.3102758 -0.030330407
0.31016672 -0.0047218544
0.3100675 -0.010606025
0.30995844 -0.033063751
0.30985912 -0.069691526
0.30976002 -0.0095925915
0.30965092 0.00017084989
0.30955172 0.040126958
0.30944267 0.041905545
0.30934345 0.048018969
0.30924422 0.085040738
0.30913513 0.085178724
0.30903593 0.098611512
0.30892683 0.045819202
0.30882763 -0.037217664
0.3087281 -0.087569075
0.30861935 -0.086838039
0.30852015 -0.045000433
0.30841105 -0.056036724
0.30831172 -0.032092731
0.30820277 -0.024433368
0.30810353 -0.038083647
0.30800433 -0.020707964
0.30789527 -0.030673827
0.30779609 -0.011473819
0.30768701 -0.017984882
0.30758779 -0.018032075
0.30748859 0.025757381
0.30737953 0.013795887
0.30728031 0.073349957
0.30717123 0.16283114
0.30707199 0.12596935
0.30697277 0.095755432
0.30686369 -0.0066747972
0.30676449 -0.093244967
0.30665539 -0.081915801
0.30655617 -0.070064567
0.30645691 -0.017741747
0.30634785 -0.046163983
0.30624867 -0.034926307
0.30613962 -0.039863983
0.3060404 -0.053262356
0.30593132 -0.0010601086
0.3058321 -0.0081978729
0.30573288 0.0033546559
0.30562376 -0.0091231326
0.30552456 0.0017773551
0.30541552 0.0089773503
0.3053163 0.039519367
0.30521708 0.1254267
0.30510802 0.17782398
0.30500882 0.096717692
0.30489972 0.051727471
0.30480052 -0.035095008
0.3047013 -0.07897905
0.30459224 -0.051548312
0.30449304 -0.070595
0.30438394 -0.024666572
0.30428474 -0.088957793
0.30417564 -0.046958812
0.3040764 -0.033879781
0.30397718 -0.03053784
0.30386808 0.038140084
0.30376886 -0.036237757
0.3036598 -0.0073729112
0.30356056 -0.035280146
0.30346136 -0.030674439
0.30335228 0.043301401
0.30325308 0.082529365
0.30314402 0.16179059
0.30304478 0.13689492
0.30294556 0.060838232
0.30283648 0.053852514
0.30273728 -0.048921732
0.30262819 -0.063420895
0.30252899 -0.039568784
0.30242979 -0.085062081
0.30232067 -0.052369679
0.30222144 -0.078656076
0.30211236 -0.018140638
0.30201315 -0.029598776
0.30190409 -0.02678483
0.30180489 0.012074179
0.30170566 -0.03917686
0.30159657 -0.032791268
0.30149732 -0.011027811
0.30138827 0.0012359669
0.30128902 0.074014105
0.30118982 0.084393115
0.3010807 0.11486386
0.3009815 0.12633324
0.30087245 0.093483552
0.30077321 0.093637304
0.30067398 -0.015663
0.30056489 -0.056342671
0.30046569 -0.078960442
0.30035659 -0.11967224
0.30025739 -0.070054269
0.30015817 -0.072781591
0.30004902 -0.032871213
0.29994987 0.0088202678
0.29984077 -0.016810866
0.29974157 -0.0059845588
0.29963251 -0.058048086
0.29953296 -0.029324986
0.29943409 0.00080442431
0.29932501 0.00033143084
0.29922579 0.037829
0.29911671 0.081088394
0.29901747 0.094051388
0.29891825 0.17537931
0.29880878 0.14631203
0.29870997 0.12020909
0.29860087 0.00032021836
0.29850167 -0.076341139
0.29840245 -0.093194629
0.29829337 -0.11605759
0.29819415 -0.048217009
0.29808507 -0.077572251
0.29798585 -0.046348137
0.29788665 -0.037854798
0.29777757 -0.051460282
0.29767835 -0.01396487
0.29756927 -0.013168604
0.29747005 -0.0034796858
0.29736098 -0.0041184906
0.29726175 -0.056522917
0.29716258 0.0082291416
0.29705347 0.039761392
0.29695427 0.095995615
0.29684522 0.17521617
0.29674595 0.17467117
0.29664674 0.1514329
0.29653765 0.024169407
0.29643845 -0.050752684
0.29632936 -0.099246763
0.29623016 -0.11322196
0.29613096 -0.081098998
0.29602188 -0.07920139
0.29592266 -0.082469712
0.2958136 -0.038900933
0.2957144 -0.04211198
0.29560534 -0.025803142
0.2955061 -0.0027792673
0.2954069 0.00091892333
0.29529782 -0.0076242436
0.2951986 -0.053936283
0.29508952 -0.010021662
0.29499032 0.040566452
0.2948911 0.090691597
0.294782 0.139564
0.29468278 0.14480968
0.29457372 0.13452772
0.29447448 0.094702289
0.29437528 0.045206437
0.2942662 -0.070432895
0.29416698 -0.089878055
0.29405793 -0.10922974
0.29395873 -0.12036407
0.29385953 -0.12453556
0.29375044 -0.047987028
0.29365122 -0.026996309
0.29354215 -0.039021427
0.2934429 -0.012995234
0.29333389 -0.027006119
0.29323467 -0.021996031
0.29313547 -0.0079590036
0.29302637 -0.0099082796
0.29292715 -0.01032173
0.29281807 0.022643287
0.29271885 0.092139669
0.29261963 0.14111823
0.29251057 0.16422374
0.29241137 0.17810491
0.29230225 0.090818874
0.29220305 -0.029853585
0.29210385 -0.086778297
0.29199475 -0.13358317
0.29189559 -0.081970966
0.29178649 -0.098298065
0.29168727 -0.081289041
0.29158807 -0.075161477
0.29147899 -0.042310603
0.29137977 -0.043675977
0.29127069 -0.03410831
0.29117147 -0.0021207302
0.2910624 0.0034915298
0.29096315 0.0012919556
0.29086395 -0.031385488
0.29075488 -0.017446085
0.29065565 0.044701735
0.29054656 0.092056163
0.29044733 0.17106456
0.29034813 0.18597935
0.29023904 0.16274423
0.29013981 0.089848302
0.29003073 -0.0081267202
0.28993149 -0.085378363
0.28983229 -0.08252328
0.2897232 -0.11168368
0.28962395 -0.091588811
0.28951489 -0.097519139
0.28941569 -0.053957381
0.28930659 -0.041764621
0.28920737 -0.057617219
0.28910817 -0.00078990572
0.28899899 -0.040442694
0.28889987 -0.00798134
0.2887908 -0.0088325021
0.28869153 -0.031360441
0.28859229 0.0070350931
0.28848326 0.054557031
0.28838403 0.1433091
0.28827498 0.13856318
0.28817574 0.17563075
0.28807654 0.17407642
0.28796744 0.089190782
0.28786824 0.0084745073
0.28775916 -0.087031978
0.28765994 -0.12439028
0.28756074 -0.14689763
0.28745153 -0.085581548
0.28735244 -0.08212244
0.28724334 -0.074974725
0.28714412 -0.0373492
0.28703506 -0.044483964
0.28693586 -0.038063941
0.28683656 -0.027581543
0.28672756 -0.0086888062
0.28662836 -0.0055784957
0.28651932 -0.024870644
0.28642006 -0.0027322168
0.28632084 0.046474306
0.28621172 0.10037296
0.28611215 0.17170396
0.28600342 0.20730205
0.28590418 0.18399774
0.28580498 0.088922897
0.28569592 -0.015233429
0.2855967 -0.094631156
0.28548762 -0.13933981
0.28538842 -0.13102261
0.2852892 -0.095656007
0.28518002 -0.079418795
0.28508092 -0.056812466
0.28497184 -0.04429103
0.28487263 -0.051164838
0.28476354 -0.032927798
0.28466432 -0.0030279247
0.28456511 -0.0042293227
0.28445602 -0.02781724
0.28435682 -0.030878802
0.28424775 -0.034595654
0.28414853 0.0056479653
0.2840493 0.10446133
0.28394023 0.17829068
0.28384105 0.21068845
0.28373195 0.21535465
0.28363273 0.13738358
0.28353351 0.044837018
0.28342443 -0.041607858
0.28332519 -0.16876751
0.28321611 -0.16187836
0.28311687 -0.13681414
0.28300781 -0.091377926
0.28290857 -0.06980367
0.28280935 -0.02965553
0.28270029 -0.016587009
0.28260109 -0.028867662
0.28249201 -0.0050913712
0.28239275 -0.019234214
0.28229353 -0.013141617
0.28218443 -0.030715851
0.28208521 -0.031223824
0.28197615 -0.011809948
0.28187691 0.05195476
0.28177769 0.13351817
0.28166861 0.18845951
0.28156939 0.22128489
0.28146031 0.22573339
0.28136111 0.14057852
0.28126189 -0.029964083
0.28115279 -0.13401244
0.28105359 -0.20766171
0.28094449 -0.16975624
0.28084529 -0.14448083
0.28073625 -0.086827726
0.28063701 -0.080579448
0.28053777 -0.038923028
0.28042869 -0.013844876
0.28032949 -0.01220068
0.28022041 0.010537181
0.28012117 -0.0033026639
0.28002193 -0.0078882779
0.27991285 -0.027652013
0.27981365 -0.041084097
0.27970462 0.010317983
0.27960539 0.086503249
0.27950617 0.1780001
0.27939705 0.21168555
0.27929785 0.2240356
0.27918878 0.21190193
0.27908953 0.10258229
0.27899033 -0.017210387
0.27888126 -0.16742942
0.27878199 -0.22760543
0.27867295 -0.21451339
0.27857334 -0.15945
0.2784647 -0.12423946
0.27836545 -0.04179351
0.27826625 -0.0071450761
0.27815713 -0.011405246
0.27805793 0.0029348611
0.27794888 -0.0031754965
0.27784943 -0.0037105481
0.27775044 -0.0073575429
0.27764138 -0.0053611186
0.27754214 -0.018415934
0.27743304 -0.0034413698
0.2773338 0.086347544
0.2772346 0.17494581
0.27712552 0.22202663
0.27702632 0.26076219
0.27691722 0.23116936
0.27681798 0.079555045
0.27670886 -0.04015207
0.27660972 -0.21615009
0.27651046 -0.26301366
0.27640138 -0.24072543
0.27630216 -0.1451905
0.27619308 -0.093539304
0.27609384 -0.056931952
0.27599464 -0.0044601779
0.27588554 0.0042990301
0.27578634 0.014925605
0.27567726 0.030437993
0.27557802 0.0090721558
0.27547882 0.0021815536
0.27536972 -0.0047063234
0.27527052 -0.0034545266
0.27516146 0.00090111508
0.27506222 0.083755263
0.27496304 0.20634096
0.27485398 0.23533214
0.27475476 0.26462904
0.27464566 0.25684115
0.27454644 0.12398465
0.27443738 -0.038557288
0.27433802 -0.21040665
0.27423894 -0.30162313
0.27412986 -0.30287102
0.27403064 -0.21481505
0.27392158 -0.080519358
0.27382234 -0.049465445
0.27372312 0.014042459
0.27361406 0.039442724
0.27351485 0.018894152
0.27340579 0.037070245
0.27330656 0.0012521528
0.27320734 0.005621541
0.27309824 -0.020673378
0.27299907 -0.0033206127
0.27289001 -0.0052935932
0.27279079 0.032208377
0.27269157 0.20077314
0.27258247 0.25525402
0.27248312 0.27020622
0.27237419 0.2775102
0.27227499 0.13514433
0.27216593 -0.0056916369
0.27206671 -0.21174405
0.27196747 -0.33709634
0.27185839 -0.33348059
0.27175917 -0.25857881
0.27165011 -0.11926253
0.27155085 -0.041992879
0.27145163 0.017396575
0.27134253 0.056527046
0.27124333 0.051886005
0.27113425 0.050984441
0.27103501 0.014363836
0.27093581 0.0053482182
0.27082675 -0.0091140534
0.27072753 -0.0045768751
0.27061843 0.0066001897
0.27051921 0.011868069
0.27041011 0.1379384
0.27031087 0.26061201
0.27021163 0.26666503
0.27010255 0.30144153
0.27000337 0.22624017
0.26989429 0.041204677
0.26979507 -0.14096943
0.26969585 -0.3417178
0.26958677 -0.39000605
0.26948755 -0.33884441
0.26937847 -0.16769678
0.26927921 -0.035101305
0.26918001 0.00075095845
0.26907093 0.082047954
0.26897173 0.057107853
0.26886263 0.063729727
0.26876341 0.043329022
0.26866419 -0.021206886
0.26855511 0.0012809276
0.26845591 -0.03415674
0.26834684 -0.00025594247
0.26824761 0.0071331986
0.26813855 0.045054895
0.26803933 0.22120893
0.26794012 0.2930393
0.26783103 0.30556907
0.26773181 0.2611752
0.26762274 0.13993447
0.26752351 -0.067372566
0.26742428 -0.30472592
0.26731519 -0.38486174
0.26721599 -0.43043595
0.26710692 -0.29171642
0.2670077 -0.11232963
0.2669085 0.025431695
0.2667994 0.083235293
0.26670018 0.12267114
0.26659103 0.09323188
0.2664919 0.064509794
0.26639266 -0.025628843
0.26628358 -0.0067071335
0.26618438 -0.0082311472
0.2660753 -0.0050649644
0.26597606 0.027589288
0.265867 0.01698404
0.26576776 0.099779121
0.26566856 0.23321928
0.26555946 0.27797425
0.26546028 0.30138702
0.2653512 0.22229506
0.26525196 0.10465952
0.26515255 -0.18830688
0.26504366 -0.36080785
0.26494446 -0.46433826
0.26483538 -0.4278787
0.26473616 -0.25461604
0.26463688 -0.0076631093
0.2645278 0.043390731
0.26442862 0.13733943
0.26431954 0.14397443
0.26422034 0.090630399
0.26411128 0.040084427
0.26401208 -0.055194177
0.26391284 -0.038029783
0.26380374 -0.041025039
0.2637045 -0.0078493709
0.26359547 0.043045519
0.26349622 0.050933462
0.26339698 0.13448302
0.2632879 0.22955339
0.26318868 0.27182061
0.2630796 0.30490324
0.26298034 0.21220249
0.26288112 0.059768041
0.26277202 -0.22278506
0.2626728 -0.42641508
0.2625636 -0.47935596
0.2624645 -0.43033836
0.2623653 -0.21526731
0.26225622 0.045455645
0.26215696 0.10534638
0.26204788 0.18737619
0.26194866 0.17145644
0.26183919 0.06005779
0.2617403 0.011360381
0.2616411 -0.057712841
0.26153202 -0.040364674
0.2614328 -0.038307219
0.26132376 0.00025595931
0.26122452 0.07586309
0.26112532 0.071812618
0.26101622 0.1424458
0.26091704 0.22648771
0.26080801 0.26236921
0.26070875 0.29605269
0.26060952 0.18612744
0.26050046 0.019595592
0.26040126 -0.26741674
0.26029219 -0.43451953
0.26019297 -0.47839789
0.26009374 -0.40175011
0.25998467 -0.17467508
0.25988545 0.087477118
0.25977635 0.16041822
0.25967717 0.22858348
0.25956809 0.17457701
0.25946883 0.053034634
0.25936961 -0.020586121
0.25926051 -0.082446083
0.25916131 -0.064053663
0.25905227 -0.041431427
0.25895303 0.0066712236
0.25885381 0.089611445
0.25874475 0.090245951
0.25864553 0.14151772
0.25853645 0.20431236
0.25843723 0.24029621
0.25833801 0.26227745
0.25822891 0.174553
0.25812969 -0.0028113116
0.25802059 -0.26000516
0.25792139 -0.4431223
0.25782217 -0.47728193
0.25771309 -0.38287242
0.25761387 -0.15053045
0.25750481 0.081989403
0.25740557 0.18415458
0.25729651 0.24690706
0.25719729 0.19478175
0.25709807 0.048809841
0.25698899 0.00082453239
0.25688977 -0.10645217
0.25678071 -0.083941167
0.25668116 -0.042928733
0.25658227 0.0051409301
0.25647319 0.11883361
0.25637399 0.14358188
0.2562649 0.14785777
0.2561657 0.17474381
0.25606647 0.1943772
0.25595739 0.23403525
0.25585818 0.1324304
0.25574912 -0.049184759
0.25564989 -0.20838862
0.25554082 -0.4096633
0.2554416 -0.42255977
0.2553424 -0.35105708
0.2552333 -0.15486122
0.25513408 0.053330327
0.25502491 0.18364619
0.25492578 0.22154704
0.25482658 0.21238402
0.25471746 0.079718065
0.25461826 -0.014753018
0.25450918 -0.11489497
0.25440994 -0.11459967
0.25431074 -0.070835614
0.25420166 0.03813111
0.25410244 0.12702533
0.25399336 0.18237677
0.25389414 0.19286808
0.25379492 0.17147738
0.25368584 0.15860182
0.2535866 0.16223767
0.25347752 0.12815511
0.2533783 -0.047856484
0.25326924 -0.21317072
0.25317 -0.31141054
0.25307078 -0.38084953
0.2529617 -0.29018182
0.25286248 -0.18134514
0.2527534 0.018742806
0.25265418 0.16962563
0.25255498 0.19241461
0.2524459 0.21077357
0.25234668 0.089651399
0.25223764 -0.034590272
0.25213842 -0.084127298
0.25203918 -0.15528915
0.25193012 -0.09621612
0.25183092 0.040436329
0.25172182 0.15078103
0.2516226 0.18822213
0.25152342 0.18332313
0.25141433 0.20723336
0.2513151 0.13448232
0.25120602 0.063617381
0.25110682 0.056528631
0.25099779 -0.003207667
0.25089855 -0.15085973
0.25079935 -0.25459232
0.25069025 -0.3011984
0.250591 -0.25524039
0.25048195 -0.1384644
0.25038273 -0.032288663
0.25028351 0.08845203
0.25017443 0.12402604
0.25007459 0.12727364
0.24996613 0.096635652
0.24986684 -0.025778878
0.24976773 -0.093830428
0.24965867 -0.10289403
0.24955947 -0.078023308
0.24945037 -0.0022339988
0.24935115 0.12990359
0.24924205 0.23849767
0.24914244 0.22386764
0.24904359 0.20419857
0.24893449 0.14374993
0.24883529 0.039853409
0.24872623 -0.033673249
0.24862701 -0.039992998
0.24852781 -0.081318094
0.24841873 -0.13470286
0.24831949 -0.21030446
0.24821041 -0.17721102
0.24811117 -0.122419
0.24801197 -0.040538144
0.24790289 0.0087215538
0.24780367 0.069388684
0.24769439 0.053422302
0.24759537 0.036670597
0.24749615 0.0022250029
0.24738709 -0.075700083
0.24728787 -0.084234256
0.2471788 -0.058233394
0.2470796 -0.0021193736
0.24697054 0.084199516
0.24687131 0.17622662
0.24677208 0.25851277
0.24666299 0.20768756
0.24656379 0.14052141
0.2464547 0.070415285
0.2463555 -0.051477749
0.24625627 -0.091012161
0.2461472 -0.088849963
0.246048 -0.087568359
0.24593892 -0.081127626
0.2458397 -0.082983546
0.24574023 -0.083219525
0.2456314 -0.034999258
0.24553218 -0.015972288
0.24542312 0.0069150058
0.24532392 0.010297095
0.24522472 -0.03427947
0.24511564 -0.05418359
0.24501644 -0.084779798
0.24490734 -0.053188229
0.24480812 -0.034684759
0.24469904 0.026436946
0.24459984 0.083723803
0.24450062 0.13068846
0.24439154 0.17216937
0.24429234 0.18355895
0.24418328 0.1349707
0.24408404 0.072331295
0.24398439 -0.032608592
0.24387572 -0.11299813
0.24377652 -0.12639951
0.24366743 -0.11090859
0.2435682 -0.031672551
0.24346894 0.009299784
0.24335991 0.002584387
0.24326002 0.001341854
0.2431516 0.014226081
0.2430524 -0.038945809
0.24294333 -0.027688448
0.24284408 -0.046071552
0.24274484 -0.082707894
0.24263575 -0.081389065
0.24253655 -0.078370868
0.24242749 -0.038716043
0.24232826 0.024858262
0.24222904 0.10302578
0.24211997 0.12857431
0.24202077 0.13390005
0.24191171 0.13740187
0.24181185 0.097326655
0.24171327 0.048434576
0.24160419 -0.039418024
0.24150495 -0.076940256
0.24139587 -0.085038295
0.24129665 -0.085838568
0.24119745 -0.040515929
0.24108837 0.012164521
0.24098915 0.049053749
0.24088005 0.060372769
0.24078083 0.044129498
0.24067177 0.006657946
0.24057253 -0.050830568
0.24047333 -0.10219091
0.24036423 -0.1003541
0.24026503 -0.058228353
0.24015597 -0.043539577
0.24005673 -0.039708246
0.23995751 -0.0097742103
0.23984841 0.0214956
0.23974921 0.11288989
0.23964015 0.099786986
0.23954093 0.10420128
0.23944171 0.066785677
0.23933263 0.036712333
0.23923343 -0.032334029
0.23912435 -0.091527075
0.23902513 -0.079741201
0.23892591 -0.073967578
0.23881686 -0.034137382
0.23871763 0.035673397
0.23860855 0.052618263
0.23850935 0.099062281
0.2384003 0.07524163
0.23830105 0.044970869
0.23820183 -0.0041759491
0.23809276 -0.048659524
0.23799353 -0.082949573
0.23788448 -0.076564514
0.23778526 -0.057125392
0.23768604 0.0075914969
0.23757696 0.0071749768
0.23747774 0.041938142
0.23736868 0.042669915
0.23726944 0.0055230657
0.23717024 0.052315252
0.23706118 0.028737512
0.23696196 0.011256048
0.23685288 -0.053464692
0.23675368 -0.0895583
0.2366446 -0.086093251
0.23654536 -0.057584694
0.23644593 0.010977889
0.23633708 0.046609552
0.23623784 0.057349357
0.23612876 0.090971257
0.2360295 0.086810956
0.23593028 0.05828174
0.2358212 -0.0023835914
0.23572198 -0.032171521
0.2356129 -0.036860075
0.23551368 -0.038974714
0.23541444 -0.038314551
0.23530536 -0.0039220922
0.23520616 0.0026473595
0.23509708 0.044955377
0.23499788 0.010070914
0.23489868 -0.026097842
0.23478958 -0.037615747
0.23469038 -0.048073222
0.23458126 -0.041459109
0.23448208 -0.062245647
0.23437302 -0.037989849
0.23427381 -0.050304556
0.23417458 -0.04385072
0.2340655 0.0018193777
0.2339663 0.036461012
0.23385702 0.086468992
0.23375803 0.096696122
0.23365883 0.094912407
0.23354973 0.062594435
0.23345051 0.018655434
0.23334141 0.0065381179
0.23324223 -0.038040801
0.23314301 -0.034074986
0.23303391 -0.0065649695
0.23293471 0.0026390059
0.23282561 0.049630639
0.23272641 0.038964789
0.23262717 0.03853482
0.23251807 0.0018773219
0.23241887 -0.066650401
0.23230979 -0.072598793
0.23221057 -0.085391689
0.23210149 -0.069030891
0.23200225 -0.057425797
0.23190303 -0.033254134
0.23179395 -0.019749204
0.23169475 0.00081725412
0.23158567 0.016383106
0.23148645 0.055267269
0.23138723 0.087346838
0.23127813 0.085410283
0.23117893 0.065479266
0.23106987 0.030487038
0.23097065 0.0061646586
0.23087143 -0.024793209
0.23076237 -0.0048475926
0.23066315 0.0080151481
0.23055405 0.041903533
0.23045483 0.045069984
0.23034577 0.044977889
0.23024653 0.046309363
0.23014731 0.031661089
0.23003823 -0.072806794
0.22993901 -0.095159229
0.22982993 -0.12715675
0.22973069 -0.093418796
0.22963118 -0.046340881
0.22952239 -0.031504116
0.22942321 0.0045521317
0.22931415 -0.015697861
0.22921489 0.005804221
0.22911569 0.035170078
0.22900657 0.04650541
0.2289074 0.044150549
0.22879828 0.049138413
0.22869905 0.047719845
0.22859983 0.0045521385
0.22849076 -0.0039244157
0.22839153 -0.0084639376
0.22828245 0.0017669281
0.22818325 0.056602238
0.22807418 0.055004152
0.22797493 0.082433567
0.22787572 0.072705825
0.22776666 -0.018365542
0.22766746 -0.043671531
0.2275584 -0.068000348
0.22745918 -0.081751352
0.22735996 -0.089267122
0.22725086 -0.044518906
0.22715168 -0.01899123
0.22704262 0.011960587
0.22694338 0.044038469
0.22684416 0.049926269
0.22673508 0.024275726
0.22663588 -0.041499753
0.22652666 -0.027330848
0.2264276 -0.016497812
0.2263284 0.02851402
0.2262193 0.0038429808
0.22612008 0.0032161299
0.22601098 -0.0065760611
0.22591178 0.0028130088
0.22580272 0.020802618
0.2257035 0.04873499
0.22560428 0.059587555
0.22549518 0.056554188
0.22539596 0.042401518
0.22528691 0.008939521
0.22518764 -0.013966711
0.22508842 -0.083735976
0.22497934 -0.082277757
0.22488014 -0.045454202
0.22477104 0.0011463276
0.22467182 0.014967042
0.22457258 0.047346963
0.2244635 0.054147745
0.2243643 0.0010720255
0.22425523 -0.0056450447
0.22415598 -0.021304365
0.22404692 -0.03163084
0.22394771 -0.043110362
0.22384851 -0.028288471
0.2237394 -0.0034148271
0.2236402 -0.0076378624
0.22353113 -0.0028841812
0.22343188 0.016433415
0.22333267 0.016905805
0.22322358 0.044363962
0.22312438 0.049060552
0.22301531 0.046512175
0.22291606 0.0084494185
0.22281684 -0.051790128
0.22270774 -0.03989614
0.22260854 -0.037735623
0.22249945 -0.00029021607
0.2224002 0.037544009
0.222301 0.042632854
0.2221919 0.054798729
0.2220927 0.04893845
0.22198361 0.031638294
0.22188438 0.022687544
0.22177531 -0.038210881
0.22167606 -0.068597895
0.22157686 -0.057513228
0.22146777 -0.0039086753
0.22136854 0.020119013
0.22125947 0.0071875082
0.22116025 -0.0023671746
0.22106102 -0.021840553
0.22095193 -0.030892712
0.22085273 -0.0058734688
0.22074369 -0.016374292
0.22064447 0.0013007299
0.22054527 0.0014916101
0.22043619 -0.0015190119
0.22033697 -0.027598485
0.22022789 -0.025290257
0.22012867 -0.028541338
0.22002943 0.005323973
0.21992037 0.052629354
0.21982115 0.092349094
0.21971207 0.082765998
0.21961285 0.063350322
0.21950379 0.010640508
0.21940457 -0.035855092
0.21930535 -0.048068517
0.21919627 -0.039751888
0.21909705 -0.027734786
0.21898799 -0.033660676
0.21888875 0.0040701214
0.21878955 0.028630004
0.21868047 0.005101439
0.21858127 0.0041837989
0.21847219 -0.015935823
0.21837299 -0.029698282
0.21827379 -0.040481497
0.21816472 -0.042838692
0.21806547 -0.036545865
0.2179564 -0.041782092
0.21785717 -0.012245554
0.21775797 -0.0019504213
0.2176489 0.0032678338
0.2175497 0.042459664
0.21744062 0.041038026
0.21734142 0.075210359
0.21723238 0.06817705
0.21713316 0.045761337
0.21703394 0.0059321568
0.21692488 -0.018013875
0.21682568 0.002160627
0.2167166 -0.0022579044
0.21661738 -0.0036566841
0.21651816 0.0035285079
0.2164091 0.0090866583
0.2163099 0.0078059534
0.21620082 -0.0052081142
0.21610161 -0.023815657
0.21600241 -0.010705556
0.21589332 -0.084208136
0.21579412 -0.041328436
0.21568503 0.0048107491
0.21558583 0.0020918873
0.21547677 0.0068420189
0.21537755 0.004264783
0.21527835 -0.0078723837
0.21516927 -0.0076929343
0.21507007 -0.0011127268
0.21496099 0.048895537
0.21486175 0.037249505
0.21476255 0.011662015
0.21465345 0.028260193
0.21455421 -0.039260193
0.21444517 0.0050455443
0.21434593 -0.015423911
0.21424673 0.0027822266
0.21413765 0.045220191
0.21403845 0.047176201
0.21392933 0.085705578
0.21383003 0.030580171
0.21373091 -0.0092577008
0.21362181 -0.033673909
0.21352259 -0.071867199
0.21341349 -0.043991477
0.21331429 -0.033761071
0.21320521 -0.022423049
0.21310566 -0.0019559902
0.21300679 0.0027600106
0.21289771 0.0032901624
0.21279851 0.010816677
0.21268944 0.0081333666
0.21259019 0.035849291
0.21249099 0.0032201529
0.21238187 -0.0018115156
0.21228269 -0.024759614
0.21217361 -0.040881879
0.21207441 -0.03623388
0.21197517 -0.034076878
0.21186609 0.0039959292
0.21176688 0.019079147
0.21165779 0.036907522
0.21155859 0.039299661
0.21145939 0.036538929
0.21135032 0.017366437
0.2112511 -0.0024246063
0.21114198 -0.00079103668
0.21104275 -0.0053432754
0.21093368 -0.00091130535
0.21083446 0.0022357742
0.21073526 0.0096064177
0.21062618 0.011828215
0.21052696 -0.0023342823
0.2104179 0.00066212494
0.21031868 0.0045704443
0.21021948 -0.025845066
0.21011038 -0.029881919
0.21001118 0.00063921842
0.20990208 -0.00019344898
0.20980288 -0.0021341287
0.20970366 0.0019665595
0.2095946 0.00070836163
0.20949536 -0.00087010408
0.20938628 -0.013376236
0.20928708 -0.027710876
0.20917802 -0.035887665
0.2090788 0.0099994902
0.20897962 0.0093101988
0.2088705 -0.020008789
0.2087713 -0.0080393735
0.20866224 -0.0035807354
0.208563 0.002070713
0.20846376 0.0081473813
0.20835466 0.038411739
0.20825544 0.057213886
0.20814639 0.054821129
0.20804712 0.049176153
0.20794794 0.04453165
0.20783884 0.0022497354
0.20773964 -0.0035548148
0.20763056 -0.02347155
0.20753136 -0.028443493
0.20743215 -0.013668694
0.20732304 -0.0082004711
0.20722316 -0.026893245
0.20711479 -0.022429836
0.20701559 -0.030685775
0.20690649 0.0011889713
0.20680725 0.014455917
0.20670802 0.0077132661
0.20659884 0.015984128
0.20649968 -0.018979979
0.20639063 -0.050360794
0.20629112 -0.060933993
0.20619218 -0.050282154
0.20608309 -0.011891683
0.20598386 0.001000597
0.20587479 0.04034032
0.20577557 0.047773296
0.20567634 0.04501961
0.20556727 0.013965374
0.20546807 -0.0022839085
0.20535899 0.0061290754
0.20525979 0.0042475809
0.20516057 0.0014233848
0.20505138 0.0089360315
0.20495227 0.042772396
0.20484298 0.015312898
0.20474395 0.0079528767
0.20463489 -0.0085122342
0.20453563 -0.027368495
0.20443641 -0.022653202
0.20432733 -0.010780389
0.20422813 -0.033915967
0.20411907 -0.041127059
0.20401985 -0.031831758
0.20392065 -0.029521951
0.20381157 -0.0075913648
0.20371235 0.012982337
0.20360327 0.048903366
0.20350395 0.042622897
0.20340485 0.041160568
0.20329577 -0.00051647825
0.20319655 -0.033817214
0.20308745 -0.035909623
0.20298825 -0.024651479
0.20287919 -0.028121432
0.20277998 -0.014173806
0.20268075 0.0063101051
0.20257166 0.02222842
0.20247243 0.0091514005
0.20236337 0.038797472
0.20226414 0.011298676
0.20216491 0.0058943473
0.20205579 0.016569711
0.20195645 0.026208527
0.20184753 0.012157704
0.2017483 0.0026920776
0.2016491 -0.0085264274
0.20154001 -0.0052717582
0.20144081 -0.016567672
0.20133174 -0.014987353
0.20123252 -0.007113588
0.20113259 -0.016005815
0.20102422 -0.00022857412
0.200925 0.0081567521
0.20081594 -0.0021003991
0.20071672 0.0062949495
0.20060766 0.0010106097
0.20050842 0.0049316998
0.20040889 0.00098436847
0.20030014 -0.011148464
0.20020092 -0.012353479
0.20009184 -0.031924672
0.19999262 -0.03247101
0.1998934 -0.024600362
0.19978432 -0.0035520037
0.19968485 -0.0026312679
0.19957606 -0.0012824296
0.19947682 0.0013201918
0.19937758 0.0029604493
0.1992685 -0.0048462088
0.1991693 0.0020362374
0.19906022 0.0097809607
0.198961 0.013673428
0.19886159 0.048518163
0.19875272 0.043772065
0.19865348 0.029937574
0.19854438 0.0074985008
0.19844518 -0.012365003
0.1983361 -0.0042101632
0.19823686 -0.029659394
0.19813766 -0.026038155
0.19802852 -0.043488436
0.19792934 -0.028970552
0.1978203 -0.01708069
0.19772109 -0.0035811528
0.19762189 0.026943442
0.19751278 0.034255801
0.19741354 0.03834737
0.19730451 0.011248727
0.19720531 -0.021827656
0.19710606 -0.039321738
0.19699699 -0.047298705
0.19689779 -0.041787534
0.19678871 -0.02884297
0.19668953 -0.0034353251
0.19658045 0.021061583
0.19648123 0.016252718
0.19638201 0.01388618
0.19627291 0.015811451
0.19617371 0.011944417
0.19606465 0.0041871926
0.19596541 0.018769612
0.19586619 0.0074413467
0.19575713 0.0081031472
0.19565791 0.013648987
0.19554885 0.010834678
0.19544963 -0.0058027573
0.19535041 0.00036385652
0.19524133 -0.0005463831
0.19514213 -0.0039164931
0.19503305 -0.0044719484
0.19493383 -0.026410022
0.19483459 -0.035009702
0.19472549 -0.017381339
0.19462629 -0.033717464
0.19451721 -0.020091151
0.19441801 0.036023197
0.19430895 0.028465975
0.19420973 0.053123166
0.19411052 0.041678596
0.19400143 0.0026027566
0.19390221 -0.031823426
0.19379311 -0.06722692
0.19369389 -0.035056338
0.19359469 -0.024121401
0.19348562 -0.0091701877
0.19338642 -0.01483421
0.19327736 -0.0046505641
0.19317814 0.0036125183
0.19307892 -0.0093621903
0.19296986 0.0081437683
0.19287062 0.01356122
0.19276156 0.0033244371
0.19266232 0.036678581
0.19256312 0.01491634
0.19245404 0.0077036876
0.19235484 -0.0094737847
0.19224576 -0.0085138995
0.19214629 -0.02592575
0.19203748 -0.013122995
0.19193824 -0.0019120185
0.19183904 0.014697058
0.19172994 -0.015361974
0.19163076 -0.0056378009
0.19152168 0.0042684206
0.19142242 -0.031766902
0.19132324 0.0043145457
0.19121416 0.034015302
0.19111496 0.019239739
0.19100588 0.043856564
0.19090668 0.0069004264
0.1908075 -0.0077760438
0.19069843 -0.043862022
0.19059916 -0.040234866
0.19049011 -0.027183418
0.19039089 -0.016193799
0.19028181 0.0075752246
0.19018254 0.014516302
0.19008332 0.0094755216
0.18997427 -0.00069092092
0.18987505 -0.0042520884
0.18976564 0.0062961817
0.18966679 0.004388857
0.18956755 0.0064033215
0.18945849 0.045701194
0.18935929 0.048674322
0.18925023 0.036062813
0.18915099 0.027910417
0.18905179 0.0082619479
0.18894269 -0.0057215167
0.18884347 -0.022523184
0.18873439 -0.006947244
0.18863517 -0.013190867
0.18853597 -0.019736265
0.18842689 -0.043046977
0.18832767 -0.040679037
0.18821859 -0.023696597
0.18811939 -0.020135344
0.18801034 0.014573577
0.18791111 0.052422757
0.18781191 0.050801653
0.18770283 0.050888949
0.18760362 -0.015610734
0.18749458 -0.032747298
0.18739536 -0.056709615
0.18729613 -0.033208397
0.18718708 -0.023205902
0.18708786 -0.0032765032
0.1869788 0.0042025199
0.18687958 0.036284399
0.18678038 0.002988865
0.18667132 -0.0062360084
0.18657212 -0.016825392
0.18646304 0.003411843
0.18636382 0.0035850301
0.1862646 0.004007165
0.1861555 0.016361279
0.1860563 0.011606771
0.1859472 0.017738244
0.18584798 0.037075811
0.1857389 0.0085103871
0.18563968 0.0057127324
0.18554048 0.01339421
0.18543136 0.006727728
0.18533214 -0.0053688481
0.18522308 -0.016950479
0.1851239 -0.037701244
0.18502468 -0.087575049
0.18491561 -0.042537427
0.18481641 0.009356915
0.1847073 0.027329938
0.18460806 0.074728708
0.18450884 0.090714138
0.18439978 0.05809834
0.18430057 0.0036922228
0.18419145 -0.031068779
0.18409222 -0.03155031
0.18399305 -0.04458494
0.18388394 -0.04093207
0.18378468 -0.021228238
0.18367517 -0.012082483
0.18357641 0.014004325
0.18346735 -0.0038677257
0.18336812 -0.0078659618
0.1832689 0.0097859395
0.18315983 4.3444838e-005
0.18306058 0.01662629
0.18295114 0.011665581
0.18285231 0.010408404
0.18275313 0.0062321234
0.18264401 -0.00014319134
0.18254481 -0.0014263131
0.18243571 0.01620498
0.18233651 0.046788037
0.18223729 0.063062357
0.18212819 0.054281007
0.18202897 0.0057418611
0.18191987 -0.040479266
0.18182065 -0.069496588
0.18171159 -0.082028018
0.18161235 -0.092700611
0.18151313 -0.042508473
0.18140403 -0.004800887
0.18130476 0.048703004
0.18119573 0.064349127
0.18109651 0.082817966
0.18099729 0.06861588
0.18088819 0.01963764
0.18078897 -0.0034140981
0.18067991 -0.013474873
0.18058067 -0.016513481
0.18048147 -0.0243982
0.18037239 -0.03339868
0.18027317 -0.020695633
0.18016409 -0.011577278
0.18006489 -0.013561304
0.17996567 0.0023486021
0.17985657 0.012216562
0.17975737 0.039415763
0.17964827 0.014544636
0.17954892 0.0091343901
0.17943999 -0.0073298916
0.17934075 -0.050263996
0.17924155 -0.046100811
0.17913247 -0.0082833698
0.17903327 0.03498651
0.17892421 0.083530084
0.17882497 0.092290483
0.17872577 0.07402371
0.17861669 0.011587264
0.17851749 -0.025764037
0.17840841 -0.069990566
0.1783092 -0.089386207
0.17820995 -0.078931788
0.17810088 -0.038845524
0.17800165 -0.040946459
0.17789257 -0.013329035
0.17779336 0.038924863
0.17769416 0.048732123
0.17758507 0.049649976
0.17748587 0.060507501
0.17737678 0.054897526
0.17727755 0.044929206
0.17716852 0.028916976
0.17706928 -0.037699045
0.17697008 -0.051797855
0.176861 -0.071656478
0.17676178 -0.045297625
0.17665272 -0.018761448
0.1765535 -0.00094342732
0.17645413 0.046747961
0.17634522 0.056922043
0.17624602 0.0019065009
0.17613694 0.00035951673
0.17603774 -0.078249552
0.17593852 -0.049144986
0.17582944 -0.046106671
0.17573024 -0.029685916
0.17562114 0.042961243
0.17552194 0.048706328
0.17541287 0.06241074
0.17531362 0.081653008
0.17521436 0.077126811
0.17510532 0.041853954
0.1750061 0.0084509528
0.17489704 -0.041964122
0.17479783 -0.043898687
0.1746986 -0.076344237
0.17458952 -0.071157665
0.17449031 -0.070398748
0.17438125 -0.04281627
0.174282 0.0016358692
0.17418279 0.020706585
0.1740737 0.050945011
0.1739745 0.09133743
0.17386543 0.092241973
0.17376621 0.022834062
0.17366698 -0.031703699
0.17355793 -0.036361265
0.17345871 -0.034188729
0.17334963 -0.035437235
0.17325037 -0.0048362249
0.17314133 0.016593004
0.17304207 0.049445069
0.17294285 0.0058548395
0.17283379 0.019570997
0.17273457 -0.0040201713
0.17262551 -0.039050028
0.17252627 -0.03586927
0.17242707 -0.045816503
0.17231797 -0.045093957
0.17221875 -0.036371536
0.17210965 -0.0041482108
0.17201045 0.0053046706
0.17191125 0.028515467
0.17180219 0.081411866
0.1717028 0.091257971
0.17159387 0.081880223
0.17149465 0.054832262
0.17139541 0.0015287078
0.17128633 -0.065182885
0.17118713 -0.10489541
0.17107801 -0.083776773
0.17097848 -0.076701157
0.17086969 -0.039148634
0.17077047 -0.0012626388
0.17067127 0.04361461
0.17056217 0.058218219
0.17046297 0.055802371
0.17035391 0.041775368
0.17025469 0.0097252846
0.17015547 0.0053467535
0.17004637 -0.0245357
0.16994715 -0.019788066
0.16983807 -0.006154853
0.16973885 0.0024389418
0.16963965 0.0064717533
0.16953 -0.0015563822
0.16943135 0.0069571172
0.16932221 0.010091741
0.16922303 0.0040416808
0.16911398 -0.0054777339
0.16901475 -0.038732426
0.16891551 -0.051612414
0.16880641 -0.078662554
0.16870719 -0.082023362
0.16859814 -0.037382838
0.16849891 -0.0014544271
0.16839971 0.044621599
0.16829063 0.058792805
0.16819143 0.10366601
0.1680824 0.099980444
0.16798318 0.058732506
0.16788396 0.034009024
0.1677749 -0.027821988
0.16767568 -0.047628615
0.16756662 -0.058458975
0.16746738 -0.069144503
0.16736818 -0.042533771
0.16725912 -0.019441463
0.16715992 -0.010314836
0.16705084 0.0033336665
0.16695164 -0.020440595
0.16684261 -0.0084773118
0.16674336 0.039697801
0.16664414 0.0090256871
0.16653506 -0.011914725
0.16643586 0.0036773815
0.1663268 -0.00031192591
0.16622758 0.0056417895
0.16612837 0.0026349433
0.16601928 0.049557632
0.16592008 0.084203157
0.16581101 0.052142093
0.16571181 0.046892714
0.16561256 -0.0032385108
0.16550353 -0.056503976
0.16540429 -0.075541722
0.16529521 -0.08701021
0.16519599 -0.096686989
0.16509677 -0.039497234
0.16498769 -0.0060293342
0.16488849 0.0060364901
0.16477941 0.049110859
0.16468019 0.045169003
0.16457113 0.041010269
0.16447189 0.043255912
0.16437225 0.045520246
0.16426359 0.051314005
0.16416439 0.014246455
0.16405529 0.012693314
0.16395603 0.0020973338
0.16385685 -0.0063868039
0.16374775 -0.027022816
0.16364855 -0.022394274
0.16353947 -0.015610293
0.16344 -0.0012432061
0.16334105 -0.0034329609
0.16323197 -0.022669984
0.16313275 -0.042618082
0.16302365 -0.038599025
0.16292447 -0.037858013
0.16281537 -0.015652434
0.16271613 -0.006281348
0.16261691 0.031456747
0.16250781 0.090120522
0.16240861 0.092724557
0.16229956 0.053089974
0.16220033 0.055343688
0.16210113 0.022492546
0.16199185 0.00052575804
0.16189284 -0.040349759
0.16178375 -0.040514482
0.16168452 -0.041754185
0.16158532 -0.05732028
0.16147623 -0.035962321
0.16137701 -0.034625177
0.16126788 -0.01731275
0.16116874 -0.00012042327
0.16106951 0.005368522
0.16096042 0.037541738
0.16086122 0.0045304546
0.16075214 0.006112337
0.16065296 0.0093029099
0.16054388 -0.0043914626
0.16044466 0.011255797
0.16034544 0.03357411
0.16023638 0.039846845
0.16013718 0.05670713
0.16002812 0.050234505
0.15992888 0.012098728
0.15982966 -0.0099214388
0.1597205 -0.058545817
0.15962138 -0.077321229
0.15951232 -0.082478686
0.1594131 -0.060248122
0.1593139 -0.041720207
0.1592048 -0.036520948
0.15910558 -0.02234258
0.15899651 0.053939056
0.15889728 0.044795976
0.15879808 0.042755561
0.15868899 0.054046772
0.15858976 0.053193815
0.15848067 0.044343545
0.15838147 0.03060504
0.15827241 0.016206099
0.15817306 -0.028848838
0.15807395 -0.001330839
0.15796484 -0.00024282391
0.15786563 -0.00075632442
0.15775654 -0.0033755567
0.15765728 -0.0043849872
0.15755808 0.0013609862
0.15744899 -0.039347979
0.15734979 -0.047828227
0.1572407 -0.067591254
0.15714147 -0.070917935
0.15704224 -0.031344433
0.15693321 -0.021707165
0.15683372 0.018438732
0.15672486 0.04627298
0.15662564 0.051058615
0.15651657 0.077292285
0.15641732 0.063455107
0.15631812 0.045775414
0.15620902 0.029363133
0.15610985 0.0090019301
0.15600077 -0.0016505533
0.15590155 -0.068729498
0.15580233 -0.068903246
0.15569323 -0.060147765
0.15559403 -0.044374495
0.15548495 -0.029784032
0.15538573 -0.03354351
0.15528653 -0.0034775608
0.15517747 0.010504976
0.15507817 0.0029667984
0.15496917 0.00011999413
0.15486997 0.0010072191
0.15477077 0.0048056914
0.15466169 0.0049211054
0.15456249 0.048513495
0.15445341 0.053558896
0.15435419 0.083298112
0.15424511 0.086238776
0.15414587 0.067943073
0.15404667 0.043375797
0.15393759 -0.00038189353
0.15383839 -0.046603152
0.15372933 -0.069802976
0.1536301 -0.081120506
0.15353087 -0.10928348
0.15342179 -0.084431887
0.15332259 -0.051246439
0.15321354 -0.036000513
0.15311429 -0.031731865
0.15301509 -0.005522446
0.152906 0.015704997
0.15280677 0.028886689
0.15269765 0.021732816
0.15259843 0.03930043
0.15249922 0.018463977
0.15239013 0.032856625
0.15229091 0.037162317
0.15218184 0.039803265
0.15208264 0.043512041
0.15197358 0.048604157
0.15187434 0.056124752
0.15177509 0.0056094981
0.15166602 -0.028657181
0.15156682 -0.082420375
0.15145776 -0.10032061
0.15135854 -0.090841632
0.15125932 -0.079542506
0.15115026 -0.071540581
0.15105104 -0.05475713
0.15094194 -0.035499861
0.1508427 -0.0075717743
0.15074348 0.030848443
0.1506344 0.080026586
0.1505352 0.081708834
0.15042614 0.061573032
0.15032692 0.081660926
0.15021786 0.074837512
0.15011864 0.051579099
0.15001928 0.041989989
0.14991036 0.038406944
0.14981114 0.035661803
0.14970209 -0.008463821
0.14960284 0.00066401195
0.14950362 -0.02376817
0.14939452 -0.043127163
0.1492953 -0.066009019
0.14918622 -0.092014461
0.149087 -0.081802446
0.1489878 -0.10714663
0.1488787 -0.045402577
0.14877953 -0.033459603
0.14867047 -0.0049148898
0.14857124 0.044846515
0.14847201 0.052105585
0.1483629 0.066939396
0.14826372 0.090066275
0.14815465 0.086340146
0.14805543 0.091051678
0.14794637 0.083461154
0.14784715 0.057384621
0.14774795 0.010952781
0.14763887 0.0063568481
0.14753967 -0.00033095478
0.14743063 -0.037591412
0.14733137 -0.030249319
0.14723217 -0.034045669
0.14712307 -0.050766742
0.14702387 -0.069599227
0.14691479 -0.071315412
0.14681555 -0.075901109
0.14671633 -0.078514203
0.14660725 -0.056856165
0.14650803 -0.038344967
0.14639891 0.010436386
0.14629967 0.038329313
0.14620045 0.094154599
0.14609135 0.09944416
0.14599213 0.10074989
0.14588305 0.11197481
0.14578383 0.093872693
0.14567477 0.094047841
0.14557557 0.056555541
0.14547633 0.0095389796
0.14536723 -0.0005184424
0.14526803 -0.019534403
0.14515897 -0.077861721
0.14505973 -0.087149638
0.14496055 -0.086730389
0.14485145 -0.081085745
0.14475223 -0.073755074
0.14464315 -0.066289555
0.14454393 -0.064036107
0.14444471 -0.049914101
0.14433563 -0.045290553
0.14423639 -0.0058299395
0.14412731 0.0099696651
0.14402809 0.050665435
0.14392893 0.087177336
0.14381981 0.10524635
0.14372061 0.11601531
0.14361149 0.12139565
0.14351229 0.10505388
0.14340323 0.084448262
0.143304 0.041508173
0.14320481 -0.0038665608
0.14309569 -0.0063820679
0.14299648 -0.061616474
0.14288739 -0.072314468
0.14278817 -0.078265364
0.14268896 -0.081671544
0.14257987 -0.078044936
0.14248067 -0.084913588
0.14237155 -0.075420702
0.14227235 -0.052917687
0.14217315 -0.038955387
0.14206403 -0.039948378
0.14196483 -0.028883327
0.14185576 0.030287332
0.14175654 0.049353797
0.14164746 0.067828749
0.14154817 0.12679525
0.14144902 0.13667151
0.14133992 0.13879336
0.14124072 0.13555662
0.14113164 0.10468797
0.14103242 0.050723556
0.14093322 0.0097388151
0.14082377 -0.029604431
0.14072492 -0.077579513
0.14061586 -0.090600301
0.14051664 -0.1199449
0.14041744 -0.11681572
0.14030836 -0.12320318
0.14020916 -0.084814677
0.1401001 -0.050199747
0.14000088 -0.074584516
0.13990166 -0.028202004
0.13979258 -0.012785962
0.13969338 -0.0043222613
0.13958428 0.01921529
0.13948508 0.051825011
0.13937582 0.076289266
0.13927679 0.12449832
0.13917759 0.12987549
0.1390685 0.13767908
0.1389693 0.13642473
0.13886023 0.12444402
0.13876101 0.086729481
0.13866178 0.005316409
0.13855269 -0.032276475
0.13845351 -0.078996775
0.13834439 -0.091152309
0.13824517 -0.12682461
0.13814597 -0.12790336
0.13803689 -0.096635773
0.13793769 -0.089486194
0.13782853 -0.084585266
0.13772939 -0.054402769
0.13763019 -0.033063433
0.13752111 0.00040397538
0.13742189 -0.0010673506
0.13731279 0.0069529435
0.13721359 0.04234435
0.13710453 0.077627451
0.13700529 0.10053839
0.13690605 0.12799996
0.13679701 0.14114769
0.13669779 0.14165371
0.13658873 0.13010927
0.13648949 0.12213555
0.13639027 0.047246214
0.13628109 0.0066993593
0.13618197 -0.04876218
0.13607289 -0.094848391
0.13597367 -0.13416096
0.13587447 -0.154211
0.13576542 -0.11804178
0.13566619 -0.12188993
0.13555711 -0.10376863
0.13545787 -0.078278183
0.13534881 -0.058136705
0.13524959 -0.033798631
0.13515039 -0.0052811875
0.13504132 0.0051314716
0.13494209 0.036907489
0.13483302 0.056565621
0.1347338 0.10677094
0.1346346 0.13946292
0.1345255 0.14822397
0.1344263 0.15008992
0.13431722 0.14424944
0.134218 0.13579294
0.13411878 0.08603292
0.13400968 0.011900057
0.13391048 -0.043828538
0.1338014 -0.092141932
0.13370218 -0.12881811
0.13360298 -0.15387802
0.13349359 -0.16358144
0.13339468 -0.12270486
0.13328556 -0.11290959
0.13318638 -0.076096945
0.1330773 -0.053425182
0.13297808 -0.034502205
0.13287886 -0.0091374613
0.13276978 0.0085213924
0.13267058 0.015715692
0.13256117 0.045690323
0.13246228 0.056555671
0.13236308 0.086093794
0.13225398 0.11699624
0.13215476 0.13867697
0.13204568 0.14686525
0.13194648 0.15033408
0.13184724 0.14352654
0.13173818 0.084846862
0.13163898 -0.00060515639
0.13152989 -0.041785919
0.13143069 -0.092142163
0.1313315 -0.092004178
0.13122238 -0.13736255
0.13112318 -0.12934867
0.13101413 -0.11516743
0.13091491 -0.089379685
0.13080585 -0.064463597
0.13070663 -0.074837481
0.13060739 -0.06013183
0.13049831 -0.033456527
0.13039909 -0.028799121
0.13029003 0.0026597124
0.13019079 0.032684142
0.13009161 0.056595518
0.12998253 0.096858797
0.12988335 0.10212954
0.12977425 0.14236515
0.12967503 0.17319305
0.12957581 0.1697428
0.12946673 0.13819404
0.12936749 0.051858227
0.12925839 0.0054421799
0.12915915 -0.068890439
0.12905009 -0.11403675
0.12895085 -0.12737371
0.12885159 -0.13148049
0.12874255 -0.11677617
0.12864335 -0.102971
0.12853429 -0.084718647
0.12843509 -0.058414636
0.12833579 -0.068673296
0.12822679 -0.060255846
0.12812724 -0.041263325
0.12801852 -0.021827085
0.12791927 0.0052675322
0.12782005 0.042722352
0.12771097 0.083525049
0.12761177 0.088051445
0.12750265 0.095373132
0.12740339 0.096180537
0.12730425 0.11083495
0.12719517 0.12190865
0.12709597 0.10481459
0.1269869 0.060884159
0.12688767 0.0049573089
0.12677862 -0.022635045
0.12667915 -0.093501589
0.12658015 -0.12032847
0.12647108 -0.11022492
0.12637186 -0.075459309
0.12626278 -0.044877759
0.12616354 -0.036414019
0.12606431 -0.027444274
0.12595524 -0.051147571
0.12585604 -0.042485854
0.125747 -0.03406769
0.12564776 -0.037425816
0.12554856 -0.0025111842
0.12543946 0.00052305774
0.12534026 0.035460782
0.12523118 0.062628782
0.125132 0.090463873
0.12503278 0.10600074
0.12492368 0.10226481
0.12482448 0.099036191
0.1247154 0.091114834
0.12461618 0.076693172
0.12450712 0.036201523
0.12440788 -0.047103463
0.12430868 -0.083770035
0.12419958 -0.093490986
0.12410034 -0.080417909
0.12399126 -0.068104484
0.12389202 -0.045031437
0.12379282 -0.0250712
0.12368374 -0.033948514
0.12358452 -0.041691677
0.12347544 -0.052283635
0.12337622 -0.058247557
0.12327704 -0.042182758
0.12316796 -0.037359964
0.12306876 0.011995358
0.12295969 0.03508002
0.12286046 0.067451178
0.12275141 0.088546123
0.12265219 0.089819373
0.12255294 0.09015593
0.12244387 0.08682915
0.12234465 0.057192496
0.12223559 0.0080048925
0.12213635 0.0032452072
0.12203713 -0.0090217611
0.12192803 -0.045933581
0.12182881 -0.061556316
0.12171975 -0.064894608
0.12162049 -0.044001184
0.12152124 -0.039609547
0.12141223 0.01166229
0.12131301 0.034940161
0.12120393 0.015574938
0.12110471 0.00052285595
0.12100551 -0.053889416
0.12089643 -0.039229017
0.1207969 -0.0021501168
0.12068813 0.013352606
0.12058891 0.050787838
0.12047985 0.061793096
0.12038061 0.055268751
0.12028141 0.05624641
0.12017233 0.018061656
0.12007307 0.011585305
0.11996401 -0.028327839
0.11986448 -0.02900544
0.11976557 -0.024500175
0.11965647 -0.030658186
0.11955727 -0.033095145
0.11944821 -0.039892396
0.11934899 -0.03713955
0.11924975 -0.019549199
0.11914069 0.0031398144
0.11904149 0.016248767
0.11893242 0.024515439
0.11883319 0.030189993
0.11873397 0.023147541
0.1186249 -0.01761853
0.11852567 -0.027841364
0.11841659 -0.030362384
0.11831739 0.00062703103
0.11820832 0.0061936032
0.11810909 0.036297163
0.11800989 0.048964308
0.11790082 0.02937223
0.11780162 0.0013122245
0.11769256 -0.016903899
0.11759332 -0.028034534
0.11749412 -0.023787896
0.11738504 -0.027354089
0.11728584 -0.027403737
0.11717676 -0.031464389
0.11707754 -0.025006041
0.11697832 -0.027509418
0.11686924 -0.018030389
0.11677002 -0.0026865004
0.1166609 0.014046354
0.1165617 0.011517339
0.11645264 0.014512737
0.11635342 0.012602236
0.1162542 0.016648897
0.11614512 0.010288019
0.11604592 -0.0073031391
0.11593686 0.020811663
0.1158376 0.049032471
0.11573838 0.060788738
0.11562932 0.074174976
0.1155301 0.053042548
0.11542105 0.039766215
0.1153218 -0.0041853516
0.1152226 -0.068983243
0.11511353 -0.063346611
0.11501433 -0.070409695
0.11490524 -0.052315605
0.11480604 -0.042639339
0.11470682 -0.03480059
0.11459775 -0.038955691
0.11449852 -0.036750318
0.11438947 -0.0021313563
0.11429025 0.0076017805
0.11418119 0.011282883
0.11408195 0.04830466
0.1139824 0.046118383
0.11387367 0.047685912
0.11377436 0.049844846
0.11366539 0.049983239
0.11356615 0.049730961
0.11346695 0.043333912
0.11335789 0.050716111
0.11325838 0.055169075
0.11314959 0.045111482
0.11305037 0.0046507236
0.11295115 -0.037357633
0.11284207 -0.077155128
0.11274285 -0.08997102
0.11263373 -0.10333235
0.11253453 -0.077963337
0.11243533 -0.040948882
0.11232629 -0.038286596
0.11222707 -0.031478451
0.11211801 -0.025242896
0.11201877 -0.006114921
0.11190974 0.0018596547
0.11181049 0.0043184933
0.11171129 0.017742794
0.11160222 0.034089104
0.11150302 0.033664708
0.11139394 0.020098673
0.1112947 0.02281119
0.11119547 0.045840699
0.1110864 0.035286382
0.11098718 0.047810754
0.1108781 0.048290767
0.11077888 0.046309432
0.11067963 0.010406181
0.11057058 -0.024261825
0.11047136 -0.020833213
0.11036228 -0.046752939
0.11026308 -0.08594805
0.11015398 -0.042625158
0.11005474 -0.015218336
0.10995554 0.0059063956
0.10984646 0.032428461
0.10974726 0.039648865
0.10963818 0.010694686
0.10953894 0.0043365861
0.10943974 0.0074419818
0.10933066 0.0043979002
0.10923146 0.0036164727
0.1091224 0.0034206722
0.10902318 -0.00024408111
0.10892394 0.0053898374
0.10881486 0.0059547619
0.10871566 0.0057503008
0.1086066 0.019734487
0.10850738 0.01910092
0.10840816 0.043649063
0.10829908 0.034771499
0.10819988 -0.012145208
0.10809079 -0.028981224
0.10799156 -0.040860169
0.1078825 -0.035956827
0.1077833 -0.039645006
0.10768408 -0.0067017985
0.10757501 0.015007614
0.10747578 0.039343698
0.10736673 0.034273019
0.10726751 0.014027188
0.10716826 -0.0091627943
0.10705917 -0.017866723
0.10695997 -0.028067388
0.10685091 -0.032177658
0.10675167 -0.032059803
0.10665247 -0.004097976
0.10654341 -0.01032407
0.10644417 -0.0065378463
0.10633507 -0.0074329012
0.10623585 -0.0005204219
0.10613661 0.016144395
0.10602751 0.02129659
0.10592831 0.0039155676
0.10581921 0.00050423355
0.10572001 -0.030606407
0.10561095 -0.041361408
0.10551171 -0.039890049
0.10541249 -0.025689053
0.10530343 -0.0039688171
0.10520417 0.0059098808
0.10509513 0.030755994
0.10499591 0.032000866
0.10489671 0.0082680928
0.10478761 -0.0050254054
0.10468841 -0.027856746
0.10457931 -0.017137451
0.10448009 -0.0254919
0.10438087 -0.0105709
0.10427177 0.012706727
0.10417257 0.021808252
0.10406351 0.021948386
0.10396427 0.013674162
0.10386509 0.015722129
0.10375599 0.04143218
0.10365679 0.0090271707
0.10354771 0.022280513
0.10344851 0.00026483136
0.10333906 -0.019624316
0.10324019 -0.022118807
0.10314095 -0.035926647
0.1030319 -0.032930187
0.1029327 -0.023543363
0.10282361 -0.00034094678
0.10272435 0.0010345737
0.10262518 -0.0011779115
0.10251607 0.0027644107
0.10241687 -0.032082868
0.1023078 -0.031885619
0.1022086 -0.02274094
0.10210937 -0.023372571
0.10200028 -0.0054114675
0.10190108 0.0089930882
0.101792 0.042544515
0.1016928 0.047815743
0.10158372 0.056698753
0.10148448 0.048990042
0.10138526 0.028881445
0.10127618 0.018010219
0.10117698 0.0037910037
0.10106792 -0.0034044743
0.10096866 -0.016955461
0.10086946 -0.031128621
0.10076036 -0.029719375
0.10066116 -0.033992699
0.1005521 -0.039951802
0.10045288 -0.0329453
0.10035366 -0.022302482
0.10024456 -0.02435217
0.10014534 -0.033987631
0.10003626 -0.024425449
0.099937017 -0.036826089
0.099837817 -0.038513301
0.099728759 -0.015502216
0.099629522 0.0091069919
0.099520439 0.03046486
0.099421221 0.032320893
0.099312163 0.051051026
0.099212919 0.052833242
0.099113719 0.043894085
0.099004643 0.027128079
0.098905443 0.014318801
0.098796366 -0.032443206
0.098697104 -0.028480224
0.098597904 -0.013621116
0.098488846 -0.0347097
0.098389603 -0.036205572
0.098280501 -0.034453989
0.098181283 -0.027110423
0.098082083 -0.031882124
0.097972696 -0.027134365
0.097873806 -0.0065636252
0.097764723 -0.021375534
0.097665505 -0.012762301
0.097566286 -0.0024544151
0.097457185 0.001123329
0.097357966 0.0043139648
0.097248883 0.012317759
0.097149665 0.047905696
0.097040588 0.077423952
0.096941363 0.082858881
0.096842145 0.065336084
0.096733043 0.04727242
0.096633825 0.039321596
0.096524519 0.0023852728
0.096425548 -0.02842118
0.096326323 -0.032142099
0.096217228 -0.03252203
0.096118003 -0.041350912
0.096008945 -0.034644283
0.095909727 -0.036767884
0.095810527 -0.033732058
0.09570145 -0.024943278
0.095602225 -0.027057499
0.095493149 -0.025320664
0.095393949 -0.011451382
0.095284872 -0.019134458
0.095185629 -0.018392947
0.095086429 -0.0020881238
0.094977352 0.010518967
0.094878127 0.026433383
0.094769094 0.059227069
0.094669851 0.05779988
0.094570651 0.073696679
0.094461549 0.067633713
0.094362349 0.020052272
0.094253291 0.0094221143
0.094154029 -0.024767126
0.094054829 -0.027771901
0.093945753 -0.042001662
0.093846553 -0.047498637
0.093737476 -0.043471953
0.093638251 -0.047851639
0.093539033 -0.043081706
0.093429931 -0.052646261
0.093330731 -0.047337544
0.093221636 -0.033049097
0.093122436 -0.031326509
0.093013378 -0.032808417
0.092914135 -0.026080454
0.092814916 5.5090711e-005
0.092705815 0.009163404
0.092606615 0.021962187
0.092497557 0.042309713
0.092398338 0.04988331
0.092299138 0.044983884
0.092190055 0.049423488
0.092090837 0.058751278
0.09198176 0.04056241
0.09188256 0.0011718354
0.09178336 -0.025481884
0.091674277 -0.038327687
0.091575077 -0.040916006
0.091465982 -0.046245797
0.091366509 -0.041866101
0.091267582 -0.034419679
0.091158499 -0.040171715
0.091059281 -0.029151801
0.090950204 -0.036373494
0.090850979 -0.033320028
0.090741921 -0.029077813
0.090642684 -0.02262091
0.090543484 -0.0088073563
0.090434135 0.002681092
0.090335121 0.021897552
0.090226106 0.044993043
0.090126863 0.052113086
0.090027663 0.056258352
0.089918586 0.061123646
0.089819386 0.059933477
0.089710285 0.052451548
0.089611085 0.048363807
0.089511885 0.010179155
0.089402808 -0.02069027
0.089303608 -0.037941179
0.08919455 -0.036004907
0.089095325 -0.034741773
0.088985734 -0.033944502
0.08888703 -0.032501235
0.08878783 -0.026806063
0.088678772 -0.021451796
0.088579547 -0.026922036
0.088470471 -0.028459454
0.088371252 -0.017410643
0.088272027 -0.02479815
0.088162932 -0.0094928
0.088063707 -0.0028052963
0.087954631 0.010177322
0.087855431 0.019434089
0.087756231 0.027156422
0.087647154 0.041557158
0.087547929 0.049114362
0.087438834 0.042657696
0.087339609 0.031066967
0.087240391 0.024681192
0.087131289 0.0035979871
0.087032071 -0.018930747
0.086922994 -0.03149931
0.086823769 -0.034205653
0.086714674 -0.022844178
0.086615387 -0.031436813
0.086516231 -0.028815425
0.086407129 -0.021325307
0.086307911 -0.011924838
0.086198853 -0.0093657624
0.086099609 -0.02899983
0.086000409 -0.035811165
0.085891333 -0.025585017
0.085792114 -0.027938571
0.085683075 -0.0055837326
0.085583813 0.010198456
0.085484656 0.0094430908
0.085375573 0.023454089
0.085276249 0.022476882
0.085167253 0.018986086
0.085068053 0.022565536
0.084968853 0.032159325
0.084859758 0.013322198
0.084760558 -0.010811505
0.084651475 -0.02375488
0.084551965 -0.022294348
0.084443199 -0.029869389
0.084343955 -0.017589783
0.084244755 -0.021050667
0.084135635 -0.026089549
0.084036435 -0.0053719802
0.083927377 -0.013796146
0.08382814 -0.021001612
0.08372894 -0.018370947
0.083619839 -0.015141451
0.083520657 -0.014128331
0.083411562 -0.023745379
0.083312337 -0.0030389209
0.083213137 -0.0012280449
0.083103769 0.011238917
0.083004842 0.032559975
0.082895759 0.015700737
0.082796541 0.016237696
0.082687483 0.015285178
0.082588239 0.0036691044
0.082489039 0.0020388239
0.082379919 0.0028704891
0.082280701 -0.0019701402
0.082171624 -0.01087016
0.082072399 -0.0036918988
0.081973199 -0.0090724363
0.081864123 -0.0037773845
0.081764923 0.0063131821
0.081655846 0.0053844798
0.081556603 0.0013583271
0.081457403 0.0039503379
0.081348326 0.0047955409
0.081249126 0.0095934868
0.081140043 -0.00062996393
0.081040825 0.003026434
0.080941606 0.0025308781
0.080832486 0.0083630292
0.080733261 0.039439412
0.080624166 0.033227201
0.080524966 0.029551578
0.080415883 0.013781901
0.080316665 0.0040175074
0.080217465 0.0035650799
0.080108363 -0.0050918515
0.080009145 -0.013387664
0.079900087 -0.012176235
0.079800868 -0.020180502
0.079701668 -0.0056281703
0.079592567 -0.026470945
0.079493348 -0.0093221847
0.07938429 -0.0087737284
0.079285065 -0.0044608667
0.079185828 -0.001672854
0.079076745 -0.00060916906
0.078977527 -0.0015594453
0.078868388 0.005956533
0.078769225 -0.0064103131
0.078669715 -0.0019815323
0.07856093 0.01090075
0.07846173 0.005133057
0.078352647 0.013248699
0.078253447 0.018277822
0.078144389 0.011681837
0.078045152 0.011410203
0.077945927 0.0027415545
0.077836851 -0.022300523
0.077737384 -0.030552334
0.077628593 -0.034277273
0.077529374 -0.031734313
0.077430149 -0.029387115
0.077321054 -0.030496427
0.077221829 -0.019824315
0.077112753 -0.017639877
0.077013553 -0.011762137
0.076914353 -0.020389984
0.076805276 -0.013137515
0.076706051 -0.004223084
0.076596975 -0.001028212
0.076497756 -0.0011477094
0.076388673 0.0046584015
0.076289225 0.00041632668
0.076190236 0.0068741575
0.076081178 0.0074637357
0.075981953 0.0076323479
0.075872895 0.0059953682
0.075773677 0.013788201
0.075674477 0.0062036466
0.075565375 0.0004382632
0.075466157 -0.023457095
0.075357099 -0.0089402268
0.07525788 -0.025794751
0.07515868 -0.027378125
0.075049579 -0.013145119
0.074950335 -0.023308737
0.074841259 -0.010312933
0.07474204 -0.01742999
0.07464284 -0.025053909
0.074533739 -0.014899938
0.074434539 -0.011577767
0.074325462 -0.0034746907
0.074226262 -0.004493882
0.074117204 0.00085428833
0.074017961 0.003037259
0.073918761 0.0063027946
0.073809684 0.0053552418
0.073710484 0.0027995144
0.073601426 0.00091054022
0.073502201 0.005615821
0.073403001 0.012448154
0.073293925 0.014622966
0.073194725 0.0016634884
0.073085667 -0.019330008
0.072986423 -0.0034419576
0.072887205 -0.0071569777
0.072778128 -0.018375929
0.072678928 -0.013378663
0.072569845 0.0017663376
0.072470645 0.00263795
0.072371427 0.0054238285
0.07226235 0.00260947
0.072163125 0.0087979053
0.072054049 0.0017857113
0.07195483 0.0039720885
0.071845747 0.0054724937
0.07174651 0.012957442
0.071647285 0.016326329
0.07153819 0.01179253
0.07143899 0.025060027
0.071329932 0.021977814
0.071230689 0.015162211
0.071131489 0.016030407
0.071022412 0.01693836
0.070923212 0.011702708
0.070814129 0.0050699026
0.070714929 -0.00013598522
0.070615692 -0.017279296
0.070506609 -0.020039898
0.070407372 -0.026283086
0.070298271 -0.022243567
0.070199071 -0.012364303
0.070089969 -0.0090488709
0.069990769 0.0024814878
0.069891569 0.0016850181
0.069782449 -0.0020020003
0.069683249 0.0022900038
0.069574191 0.005260511
0.069474973 0.0089520606
0.069375729 0.0048551894
0.069266634 0.0078816692
0.069167434 0.011384539
0.069058376 0.016733426
0.068959151 0.010496962
0.068859951 0.010283001
0.068750875 0.0062165833
0.068651631 0.0036532017
0.068542536 0.0075905061
0.068443311 -0.014507077
0.068344111 -0.021284399
0.068235035 -0.024690363
0.068135835 -0.036598502
0.068026758 -0.038848771
0.067927533 -0.017317348
0.067818395 -0.0085810542
0.067719238 -0.0097024713
0.067620038 0.0053746133
0.06751098 -0.00016808405
0.067411755 -0.0020915275
0.067302697 0.0020958021
0.06720346 0.0024509309
0.06710426 0.0033969045
0.066995159 0.0050374627
0.066895959 0.0079461867
0.066786882 0.0079959044
0.066687639 0.01258552
0.066588395 0.0089847992
0.066479319 0.0069446177
0.066380075 -0.00064588808
0.066270999 0.0041308476
0.06617178 -0.0023202922
0.066072555 -0.00075845517
0.065963479 -0.013907101
0.065864279 -0.012054798
0.065755202 -0.020374172
0.065655977 -0.020494563
0.065546901 -0.0082893721
0.065447657 -0.022921693
0.065348439 0.0032322988
0.065239337 0.0049130881
0.065140119 -3.2530373e-005
0.065031042 0.010132391
0.064931799 0.0096645773
0.064832555 0.0022383685
0.06472346 0.0039033228
0.064624235 0.0048669443
0.064515159 0.012212656
0.06441594 0.01535851
0.06431674 0.011477402
0.064207639 0.0093782912
0.06410842 0.0097848123
0.063999337 0.0039583742
0.063900119 -0.0070621398
0.063800937 -0.00011236921
0.063691817 -0.0074491964
0.063592289 -0.0049081394
0.063483541 -0.013658081
0.063384341 -0.0046902143
0.063275264 0.0049061322
0.063176021 -0.0011476204
0.063076802 0.002872096
0.062967744 0.0011521666
0.062868519 0.0016418486
0.062759461 0.015049102
0.062660243 0.0093778136
0.062560999 0.0059484696
0.062451923 0.0075333917
0.062352723 0.0097756075
0.062243646 0.013930097
0.062144446 0.011635676
0.062045246 0.0099839032
0.061936163 0.01166753
0.061836963 0.012737273
0.061727868 0.0099966026
0.061628668 0.0071265675
0.06151961 0.0010387651
0.061420385 0.0064998956
0.061321185 0.0021975557
0.061211799 0.006703159
0.061112865 0.0059284771
0.061003789 0.005363719
0.06090457 0.006876584
0.06080537 0.0087688156
0.06069625 0.0048926061
0.060597025 0.0041813128
0.060487967 0.011777733
0.060388749 0.015150205
0.060289549 0.010069538
0.060180447 0.010219422
0.060081247 0.014088673
0.059972152 0.013170717
0.059872952 0.0097991613
0.059773727 0.0042685412
0.059664651 0.011430453
0.059565432 0.0097608267
0.059456331 0.012729925
0.059357112 0.0075032372
0.059248054 0.0052229149
0.059148829 0.0046317595
0.059049611 0.0014216407
0.058940534 0.004605498
0.058841334 0.00089265513
0.058732276 0.0041633868
0.058633051 0.0033985107
0.058533851 -0.0011099018
0.058424756 0.0039547035
0.058325556 -1.053022e-005
0.058216498 0.0050208974
0.058117255 0.0059735082
0.058018011 0.0065929047
0.057908935 0.0024039005
0.057809716 8.072207e-005
0.057700633 0.0084378827
0.057601433 0.0064345138
0.057502258 -0.0060405475
0.057393138 0.0055059192
0.057293938 -0.0029717239
0.057184855 -0.0013848078
0.057085637 -0.00062890193
0.05697656 -0.0081624771
0.056877335 -0.011379716
0.056778098 -0.010779506
0.056668997 -0.009322955
0.056569815 -0.0081923477
0.05646072 -0.0069134322
0.056361495 -0.00088216866
0.056262277 -0.001225529
0.0561532 -0.00049206546
0.056054 0.001348151
0.055944942 0.0011002959
0.055845742 -0.0051709579
0.055746542 0.0027975892
0.055637459 0.0022749728
0.055538241 -0.0029621301
0.055429139 0.005069657
0.055329921 -3.3867805e-005
0.055220844 -0.001712888
0.055121619 -0.00016844423
0.055022419 0.0030829135
0.054913343 0.0023395754
0.054814143 0.00040931227
0.054705085 -0.0017451015
0.054605866 0.00096545914
0.054506666 0.0051659254
0.054397236 -0.0032835973
0.054298346 -0.005995119
0.054189307 0.00021892623
0.054090088 0.00089818592
0.053990863 -0.00233154
0.053881768 0.00085055863
0.053782543 0.0027093733
0.053673467 0.0014702154
0.053574223 0.004450691
0.053475005 0.0057403598
0.053365903 -0.00095184042
0.053266685 -0.0033727504
0.053157583 0.0083888153
0.053058365 0.0062989368
0.052949015 0.0038736673
0.052850088 0.0031460637
0.052750863 0.0048227492
0.052641787 0.0058307801
0.052542587 0.003464152
0.052433529 0.0028826222
0.05233431 0.0019665676
0.05223511 0.0023699551
0.052126052 0.0073023127
0.052026852 0.0048979423
0.051917769 0.00219554
0.051818569 -0.0013797299
0.051719332 -0.0013156348
0.051610274 0.0053216913
0.051511074 0.0055073691
0.051401973 0.0064463707
0.051302773 0.0045071184
0.051203554 0.00026673161
0.051094471 -0.00097609585
0.050995271 0.0026959848
0.050886195 0.0052260906
0.050786995 0.0027795585
0.050677937 0.0039510292
0.050578693 0.0059266872
0.050479493 0.0052929488
0.050370417 0.0028855219
0.050271217 0.009367294
0.050162177 0.0062882628
0.05006294 -0.0018761531
0.049963697 -0.0059351837
0.049854595 -0.0077398998
0.049755395 0.0053340345
0.0496463 0.003299378
0.0495471 0.0042392226
0.049447875 0.00074023913
0.049338799 0.0043800583
0.049239599 0.010791134
0.049130522 0.0097475847
0.049031322 0.0078122888
0.048922264 0.0071017431
0.048823039 0.0095381799
0.048723821 0.0018200549
0.048614719 0.0099600582
0.048515234 0.00021304791
0.048406461 0.0048988128
0.048307243 0.010399457
0.048208024 0.012000131
0.048098941 0.017538818
0.047999723 0.0088343776
0.047890665 0.011139509
0.047791421 0.0070674647
0.047692221 0.011175955
0.047582835 0.0091142808
0.047483926 0.0054743799
0.047374843 0.0065583507
0.047275606 0.0062009665
0.047176406 0.010483099
0.047067323 0.010894991
0.046968123 0.0089786313
0.046859028 0.018580588
0.046759828 0.022814994
0.046650745 0.013577849
0.046551508 0.015025642
0.046452308 0.006895364
0.046343225 0.0055482574
0.046244025 0.011726699
0.046134992 0.0057549672
0.046035767 0.007985882
0.045936567 0.011751195
0.045827472 0.0068874095
0.045728272 0.009838296
0.045619189 0.0047075631
0.045519952 0.0052671502
0.045420752 0.0076992208
0.045311669 0.0079072045
0.045212469 0.0067774715
0.045103393 0.0048844286
0.045004174 0.0072067142
0.044904949 0.0031801647
0.044795873 0.0040489544
0.044696691 0.0017897582
0.044587571 0.007276806
0.044488353 0.0054974314
0.044379313 0.0030613743
0.044280051 0.0046160983
0.044180851 0.0047139154
0.044071756 -0.0048110567
0.043972513 -0.0016215366
0.043863455 -0.0040254184
0.043764211 -0.0059649679
0.043664993 0.00287899
0.043555891 -0.0013816838
0.043456691 0.0043899657
0.043347615 -0.0076119139
0.043248396 0.0028372065
0.043149171 -0.00032577342
0.043040095 -0.0065250667
0.042940876 -0.0056418136
0.042831793 -0.0057929788
0.042732593 -0.0043371357
0.042623517 -0.011973139
0.042524298 -0.0058776109
0.042425098 -0.010777142
0.042316015 0.0004149024
0.042216815 -0.0046602999
0.042107739 -0.0011693436
0.042008495 0.00062380974
0.041909295 -0.0051722432
0.0418002 -0.0041297848
0.041701 -0.0059615361
0.041591942 0.0037518756
0.041492717 -0.004188675
0.04139348 -0.0018556845
0.041284379 -0.0044239551
0.04118516 -0.0005458911
0.041076102 -0.0059175899
0.040976611 0.002865015
0.040877677 -0.0016397445
0.040768619 -0.0048086355
0.040669401 -0.013276878
0.040560324 -0.0011989418
0.040461099 -0.0037275494
0.040352041 -0.0074571764
0.040252804 -0.0069122359
0.040153579 0.0010966616
0.040044503 0.0012942977
0.039945284 -0.0012834305
0.039836201 -0.0065040947
0.039736983 -0.0051471424
0.039637764 -0.0024689039
0.039528663 -0.00036255885
0.039429481 -0.0070476206
0.039320405 -0.003059293
0.039221161 -0.0053065779
0.039121961 0.00099143746
0.039012866 -0.0021060556
0.038913623 0.00036430799
0.038804546 -0.0062640803
0.038705321 -0.0011051136
0.038606121 -0.00097129966
0.038497026 0.0025950742
0.038397801 -0.0012268281
0.038288743 -0.0049945358
0.038189543 -0.0045296545
0.038080485 -0.0059455664
0.037981248 -0.00769724
0.037882023 -0.0051933864
0.037772928 -0.00024429804
0.037673685 -0.0018884148
0.037564608 -0.0007166353
0.037465383 0.0036879256
0.037366121 -0.0051039441
0.037257088 -0.019192383
0.037157863 -0.01936239
0.037048787 -0.0052198886
0.036949587 -0.0031902702
0.036850387 -0.013382198
0.036741285 -0.0025670942
0.036642085 -0.0086583606
0.036533027 -0.0063408466
0.036433827 -0.0031717532
0.036324732 -0.0049372033
0.036225532 -0.010152822
0.036126332 -0.011813152
0.036017231 -0.0083387959
0.035918031 -0.00039362313
0.035808954 -0.0076605618
0.035709711 -0.002034169

