tömeg_A
t	x
0.000000000E0	1.188969521E2
1.600000000E-1	1.208077614E2
3.359666667E-1	1.227688453E2
4.960333333E-1	1.251242203E2
6.719666667E-1	1.278831976E2
8.321000000E-1	1.306274838E2
9.920666667E-1	1.338579097E2
1.167966667E0	1.364583195E2
1.328100000E0	1.390875063E2
1.504033333E0	1.333569736E2
1.664033333E0	1.352961072E2
1.840033333E0	1.461781474E2
1.999966667E0	1.483243147E2
2.160000000E0	1.500508842E2
2.335966667E0	1.520805418E2
2.496066667E0	1.538661612E2
2.671966667E0	1.552111308E2
2.832100000E0	1.570014667E2
2.991933333E0	1.577819213E2
3.167933333E0	1.589494167E2
3.328000000E0	1.596861517E2
3.503900000E0	1.611283080E2
3.663933333E0	1.619571908E2
3.824000000E0	1.623364947E2
4.000033333E0	1.628042439E2
4.159933333E0	1.554658546E2
4.335966667E0	1.558968561E2
4.495933333E0	1.561626189E2
4.671966667E0	1.566794103E2
4.832033333E0	1.566210594E2
4.992033333E0	1.565161259E2
5.167900000E0	1.567388901E2
5.328000000E0	1.569500112E2
5.504000000E0	1.567399776E2
5.663966667E0	1.565968593E2
5.824033333E0	1.561935354E2
5.999966667E0	1.558196869E2
6.159966667E0	1.548566532E2
6.335833333E0	1.544054282E2
6.495966667E0	1.610537989E2
6.656033333E0	1.608719417E2
6.832000000E0	1.603992981E2
6.991866667E0	1.594370037E2
7.167900000E0	1.581495463E2
7.327966667E0	1.570520709E2
7.487933333E0	1.560341707E2
7.663866667E0	1.548585068E2
7.823866667E0	1.533955453E2
7.999866667E0	1.521806511E2
8.159866667E0	1.508578035E2
8.335833333E0	1.492590250E2
8.495900000E0	1.478673180E2
8.655933333E0	1.365297949E2
8.831866667E0	1.343190602E2
8.991900000E0	1.318487302E2
9.167833333E0	1.368088886E2
9.327900000E0	1.342739911E2
9.487933333E0	1.310661184E2
9.663900000E0	1.276328130E2
9.823966667E0	1.241683232E2
9.999900000E0	1.201754807E2
1.015996667E1	1.167627083E2
1.031990000E1	1.131141157E2
1.049600000E1	1.106440985E2
1.065593333E1	1.081480333E2
1.083193333E1	1.050201032E2
1.099196667E1	1.025808965E2
1.115200000E1	9.973950853E1
1.132796667E1	9.791188732E1
1.148786667E1	9.641319512E1
1.166393333E1	9.498492629E1
1.182390000E1	9.415190199E1
1.199980000E1	9.311621838E1
1.215983333E1	9.219485363E1
1.231990000E1	9.177332570E1
1.249593333E1	9.096576847E1
1.265586667E1	9.077876748E1
1.283190000E1	9.035113586E1
1.299193333E1	9.008061496E1
1.315196667E1	8.992799051E1
1.332793333E1	8.984113358E1
1.348786667E1	8.990692693E1
1.366380000E1	8.995305540E1
1.382396667E1	9.010736836E1
1.398396667E1	9.026847776E1
1.415990000E1	9.596182050E1
1.431993333E1	9.125523604E1
1.449590000E1	9.191096709E1
1.465583333E1	9.875768813E1
1.483180000E1	9.894528200E1
1.499180000E1	9.372889941E1
1.515186667E1	9.480257297E1
1.532776667E1	9.624485824E1
1.548780000E1	9.756821229E1
1.566373333E1	9.912659795E1
1.582376667E1	1.002776592E2
1.598390000E1	1.016903437E2
1.615983333E1	1.047163737E2
1.631990000E1	1.068728367E2
1.649586667E1	1.092867710E2
1.665580000E1	1.109463141E2
1.681586667E1	1.122295175E2
1.699176667E1	1.141907327E2
1.715186667E1	1.160354959E2
1.732786667E1	1.179925251E2
1.748783333E1	1.197576876E2
1.764793333E1	1.216997114E2
1.782373333E1	1.241233196E2
1.798393333E1	1.267946837E2
1.815990000E1	1.296146998E2
1.831983333E1	1.319013134E2
1.849576667E1	1.347257268E2
1.865576667E1	1.375218324E2
1.881583333E1	1.322358065E2
1.899183333E1	1.350084388E2
1.915176667E1	1.360499345E2
1.932770000E1	1.385872352E2
1.948773333E1	1.494471880E2
1.964786667E1	1.518551451E2
1.982373333E1	1.535595762E2
1.998380000E1	1.545189902E2
2.015976667E1	1.558351059E2
2.031986667E1	1.577022249E2
2.047976667E1	1.592023937E2
2.065576667E1	1.596972340E2
2.081576667E1	1.609635475E2
2.099173333E1	1.612457154E2
2.115180000E1	1.619638368E2
2.131176667E1	1.548906576E2
2.148773333E1	1.550908124E2
2.164783333E1	1.555733593E2
2.182383333E1	1.558720179E2
2.198383333E1	1.563525944E2
2.215973333E1	1.566579683E2
2.231983333E1	1.568163247E2
2.247973333E1	1.566566662E2
2.265576667E1	1.567282936E2
2.281583333E1	1.566882516E2
2.299166667E1	1.567008331E2
2.315180000E1	1.565258143E2
2.331183333E1	1.558480559E2
2.348770000E1	1.552843125E2
2.364773333E1	1.546580693E2
2.382370000E1	1.615780591E2
2.398373333E1	1.607665925E2
2.414380000E1	1.602046048E2
2.431973333E1	1.598566144E2
2.447973333E1	1.585286988E2
2.465576667E1	1.572932809E2
2.481573333E1	1.560300372E2
2.499163333E1	1.550141199E2
2.515166667E1	1.536854916E2
2.531173333E1	1.524094380E2
2.548770000E1	1.511287485E2
2.564773333E1	1.497167116E2
2.582376667E1	1.480874565E2
2.598370000E1	1.371385643E2
2.614370000E1	1.350717530E2
2.631976667E1	1.329552054E2
2.647973333E1	1.370725655E2
2.665566667E1	1.346343566E2
2.681580000E1	1.310933429E2
2.697573333E1	1.279995241E2
2.715173333E1	1.239204865E2
2.731170000E1	1.198564422E2
2.748770000E1	1.160032207E2
2.764776667E1	1.128704407E2
2.780783333E1	1.102447804E2
2.798366667E1	1.079070087E2
2.814370000E1	1.048061331E2
2.831960000E1	1.019780478E2
2.847963333E1	9.982409010E1
2.865560000E1	9.788578626E1
2.881576667E1	9.590924953E1
2.897570000E1	9.493998364E1
2.915163333E1	9.399602008E1
2.931163333E1	9.297211262E1
2.948756667E1	9.209391781E1
2.964763333E1	9.183960082E1
2.980766667E1	9.102254216E1
2.998360000E1	9.076870728E1
3.014366667E1	9.077081412E1
3.031953333E1	8.983677800E1
3.047960000E1	8.988039126E1
3.063970000E1	9.000488074E1
3.081560000E1	8.995157943E1
3.097576667E1	9.012424661E1
3.115166667E1	9.044958841E1
3.131183333E1	9.056872638E1
3.147166667E1	9.785433479E1
3.164763333E1	9.621313152E1
3.180766667E1	9.186954367E1
3.198360000E1	9.826805185E1
3.214360000E1	9.913962577E1
3.231953333E1	9.409023816E1
3.247960000E1	9.523284369E1
3.263970000E1	9.643563661E1
3.281570000E1	9.779888838E1
3.297566667E1	9.952179110E1
3.315160000E1	1.006757920E2
3.331156667E1	1.020661893E2
3.347156667E1	1.052690458E2
3.364756667E1	1.078319041E2
3.380760000E1	1.097047650E2
3.398370000E1	1.115466172E2
3.414370000E1	1.128375283E2
3.430363333E1	1.148522151E2
3.447956667E1	1.164673993E2
3.463973333E1	1.184430344E2
3.481556667E1	1.200872416E2
3.497563333E1	1.220639539E2
3.515150000E1	1.247255460E2
3.531160000E1	1.269671018E2
3.547163333E1	1.298416993E2
3.564750000E1	1.324433181E2
3.580763333E1	1.355053807E2
3.598356667E1	1.379089260E2
3.614360000E1	1.322711563E2
3.630360000E1	1.342698813E2
3.647963333E1	1.360130740E2
3.663970000E1	1.380429604E2
3.681563333E1	1.491732211E2
3.697566667E1	1.511724294E2
3.713560000E1	1.531706408E2
3.731166667E1	1.545683867E2
3.747156667E1	1.559703788E2
3.764766667E1	1.575256374E2
3.780763333E1	1.581541785E2
3.796760000E1	1.592135940E2
3.814363333E1	1.605983018E2
3.830356667E1	1.611699013E2
3.847953333E1	1.620277040E2
3.863960000E1	1.550363263E2
3.881546667E1	1.554435959E2
3.897563333E1	1.555460047E2
3.913566667E1	1.560610492E2
3.931156667E1	1.566834229E2
3.947160000E1	1.566457878E2
3.964746667E1	1.569120364E2
3.980756667E1	1.567600511E2
3.996760000E1	1.568925406E2
4.014356667E1	1.566921991E2
4.030353333E1	1.569855662E2
4.047946667E1	1.566400489E2
4.063946667E1	1.559026871E2
4.079953333E1	1.551633734E2
4.097560000E1	1.547589698E2
4.113553333E1	1.537247856E2
4.131160000E1	1.606664769E2
4.147160000E1	1.601582310E2
4.163146667E1	1.591270522E2
4.180763333E1	1.585718647E2
4.196763333E1	1.572546517E2
4.214350000E1	1.560979875E2
4.230350000E1	1.548654966E2
4.247956667E1	1.534801476E2
4.263956667E1	1.523149055E2
4.279953333E1	1.507804003E2
4.297550000E1	1.493324829E2
4.313556667E1	1.479493565E2
4.331140000E1	1.367536983E2
4.347156667E1	1.341848438E2
4.363150000E1	1.318602518E2
4.380743333E1	1.369454210E2
4.396750000E1	1.338690698E2
4.414353333E1	1.306979196E2
4.430346667E1	1.269783309E2
4.446346667E1	1.236951463E2
4.463943333E1	1.192345473E2
4.479950000E1	1.155327197E2
4.497543333E1	1.122311553E2
4.513556667E1	1.098536527E2
4.531143333E1	1.071396872E2
4.547140000E1	1.043129111E2
4.563146667E1	1.011857500E2
4.580740000E1	9.916188481E1
4.596750000E1	9.773351324E1
4.614353333E1	9.603992186E1
4.630353333E1	9.480468003E1
4.646346667E1	9.394658385E1
4.663953333E1	9.296975817E1
4.679943333E1	9.199432933E1
4.697540000E1	9.188604821E1
4.713540000E1	9.092932760E1
4.729553333E1	9.052789737E1
4.747140000E1	9.022607887E1
4.763153333E1	8.984086692E1
4.780746667E1	8.998044320E1
4.796746667E1	9.004395742E1
4.812743333E1	9.004615102E1
4.830343333E1	9.019098986E1
4.846343333E1	9.053430990E1
4.863940000E1	9.539520014E1
4.879943333E1	9.758561745E1
4.897533333E1	9.791551769E1
4.913546667E1	9.788651741E1
4.929546667E1	9.853946080E1
4.947140000E1	9.978112007E1
4.963140000E1	1.000352778E2
4.980733333E1	9.563634024E1
4.996746667E1	1.016003404E2
5.012743333E1	9.805196403E1
5.030343333E1	9.974170764E1
5.046340000E1	1.008959774E2
5.063950000E1	1.032797506E2
5.079946667E1	1.060030165E2
5.095950000E1	1.088244709E2
5.113533333E1	1.099980090E2
5.129540000E1	1.120488084E2
5.147133333E1	1.131479685E2
5.163150000E1	1.156423304E2
5.179140000E1	1.173895191E2
5.196736667E1	1.189848364E2
5.212736667E1	1.210508425E2
5.230333333E1	1.230639788E2
5.246336667E1	1.258609797E2
5.263933333E1	1.287081204E2
5.279933333E1	1.311862962E2
5.295943333E1	1.339784124E2
5.313536667E1	1.368606242E2
5.329550000E1	1.395788273E2
5.347133333E1	1.332045255E2
5.363143333E1	1.358233125E2
5.379146667E1	1.375702291E2
5.396736667E1	1.483804169E2
5.412746667E1	1.508122039E2
5.430333333E1	1.521373207E2
5.446333333E1	1.538571411E2
5.462343333E1	1.557103969E2
5.479940000E1	1.574726282E2
5.495936667E1	1.588215673E2
5.513530000E1	1.590483291E2
5.529533333E1	1.600447546E2
5.547126667E1	1.609132000E2
5.563136667E1	1.621702765E2
5.579136667E1	1.630805296E2
5.596730000E1	1.550212186E2
5.612736667E1	1.558607151E2
5.630326667E1	1.562144993E2
5.646330000E1	1.564966330E2
5.662336667E1	1.566400663E2
5.679930000E1	1.569835524E2
5.695933333E1	1.568274535E2
5.713526667E1	1.570172777E2
5.729526667E1	1.567056897E2
5.745533333E1	1.567218279E2
5.763130000E1	1.566596861E2
5.779133333E1	1.559425700E2
5.796726667E1	1.551831568E2
5.812730000E1	1.626368555E2
5.828733333E1	1.615890984E2
5.846330000E1	1.608745148E2
5.862333333E1	1.605205140E2
5.879926667E1	1.596517274E2
5.895933333E1	1.584814270E2
5.913583333E1	1.576080100E2
5.929526667E1	1.561990570E2
5.945530000E1	1.551216258E2
5.963130000E1	1.536282658E2
5.979130000E1	1.524000782E2
5.996723333E1	1.510326208E2
6.012726667E1	1.496718309E2
6.028750000E1	1.479668318E2
6.046326667E1	1.371086694E2
6.062330000E1	1.346127468E2
6.079926667E1	1.318845444E2
6.096140000E1	1.366446253E2
6.111933333E1	1.340253665E2
6.129526667E1	1.308087998E2
6.145530000E1	1.271521409E2
6.163123333E1	1.237146171E2
6.179126667E1	1.197890151E2
6.195130000E1	1.156052533E2
6.212720000E1	1.125333820E2
6.228726667E1	1.100045904E2
6.246323333E1	1.077443102E2
6.262326667E1	1.050541928E2
6.279920000E1	1.018713425E2
6.295923333E1	9.919448198E1
6.311930000E1	9.775882884E1
6.329523333E1	9.613690262E1
6.345526667E1	9.461290429E1
6.363116667E1	9.403409858E1
6.379126667E1	9.316730763E1
6.395130000E1	9.221036020E1
6.412723333E1	9.181606102E1
6.428726667E1	9.094498729E1
6.446323333E1	9.084585800E1
6.462336667E1	9.003747849E1
6.478326667E1	8.999217638E1
6.495920000E1	8.989551992E1
6.511920000E1	8.988181516E1
6.529520000E1	9.004503634E1
6.545523333E1	9.005944751E1
6.563116667E1	9.012788530E1
6.579123333E1	9.019734669E1
6.595123333E1	9.081814735E1
6.612720000E1	9.771824632E1
6.628723333E1	9.951419990E1
6.646573333E1	9.957658127E1
6.662316667E1	9.353376198E1
6.678323333E1	1.000812109E2
6.695916667E1	1.001344405E2
6.711923333E1	9.699345670E1
6.729516667E1	9.829639442E1
6.745520000E1	1.000090924E2
6.761626667E1	1.011429651E2
6.779116667E1	1.040713913E2
6.795123333E1	1.059875554E2
6.812720000E1	1.091784741E2
6.828720000E1	1.103003136E2
6.844723333E1	1.119166146E2
6.862320000E1	1.139135105E2
6.878323333E1	1.159439714E2
6.895920000E1	1.177430064E2
6.911920000E1	1.191553975E2
6.929530000E1	1.213578261E2
6.945520000E1	1.235285416E2
6.961516667E1	1.262499017E2
6.979116667E1	1.289470462E2
6.995120000E1	1.314165584E2
7.012713333E1	1.347605461E2
7.028743333E1	1.369764800E2
7.044720000E1	1.321110600E2
7.062313333E1	1.338743217E2
7.078320000E1	1.362928935E2
7.095913333E1	1.380784537E2
7.111913333E1	1.491411668E2
7.127920000E1	1.513078362E2
7.145526667E1	1.532250049E2
7.161516667E1	1.546647215E2
7.179116667E1	1.558969262E2
7.195203333E1	1.570673486E2
7.211120000E1	1.582336298E2
7.228716667E1	1.589558231E2
7.244723333E1	1.605890536E2
7.262313333E1	1.616327173E2
7.278316667E1	1.549117730E2
7.295910000E1	1.549583739E2
7.311913333E1	1.556034755E2
7.327916667E1	1.557905753E2
7.345513333E1	1.559513556E2
7.361516667E1	1.565040645E2
7.379106667E1	1.567010763E2
7.395113333E1	1.566567634E2
7.411473333E1	1.568501807E2
7.428710000E1	1.568850849E2
7.444713333E1	1.564624120E2
7.462310000E1	1.566730712E2
7.478306667E1	1.563122732E2
7.494316667E1	1.637333537E2
7.511910000E1	1.550361525E2
7.527916667E1	1.541560183E2
7.545506667E1	1.613578124E2
7.561510000E1	1.606052086E2
7.579106667E1	1.600465433E2
7.595113333E1	1.590718729E2
7.611116667E1	1.579936086E2
7.628710000E1	1.569761651E2
7.644713333E1	1.559627315E2
7.662303333E1	1.546323491E2
7.678303333E1	1.532960830E2
7.694313333E1	1.520957003E2
7.711910000E1	1.507280813E2
7.727913333E1	1.489478064E2
7.745506667E1	1.477346185E2
7.761510000E1	1.364221097E2
7.777513333E1	1.341176537E2
7.795103333E1	1.312448654E2
7.811113333E1	1.363939372E2
7.828706667E1	1.329737758E2
7.844710000E1	1.298405795E2
7.860713333E1	1.264973284E2
7.878306667E1	1.225651954E2
7.894303333E1	1.182730949E2
7.911903333E1	1.142963790E2
7.927910000E1	1.117889630E2
7.945503333E1	1.091807932E2
7.961510000E1	1.067099008E2
7.977513333E1	1.034991921E2
7.995106667E1	1.000594588E2
8.011110000E1	9.883165441E1
8.028696667E1	9.700506251E1
8.044703333E1	9.550304476E1
8.060706667E1	9.414375678E1
8.078306667E1	9.343993874E1
8.094310000E1	9.278484323E1
8.111903333E1	9.199143866E1
8.127966667E1	9.131835941E1
8.143906667E1	9.089760876E1
8.161520000E1	9.063704453E1
8.177506667E1	9.014621637E1
8.195100000E1	8.995735343E1
8.211103333E1	9.002645904E1
8.227106667E1	9.014371025E1
8.244700000E1	9.002706337E1
8.260706667E1	9.010268756E1
8.278300000E1	9.056999164E1
8.294303333E1	9.048699605E1
8.311893333E1	9.786592069E1
8.327900000E1	9.717902934E1
8.343903333E1	9.953292952E1
8.361503333E1	9.953952919E1
8.377506667E1	9.373197764E1
8.395096667E1	1.000020417E2
8.411103333E1	9.592594296E1
8.427106667E1	9.731334469E1
8.444763333E1	9.917586558E1
8.460703333E1	1.004455120E2
8.478303333E1	1.020943757E2
8.494300000E1	1.048025849E2
8.510310000E1	1.071212868E2
8.527960000E1	1.098069919E2
8.543910000E1	1.110459056E2
8.561500000E1	1.126183622E2
8.577543333E1	1.148429104E2
8.595136667E1	1.167222252E2
8.611213333E1	1.184474465E2
8.627106667E1	1.200324348E2
8.644696667E1	1.221783006E2
8.660703333E1	1.244041099E2
8.678293333E1	1.271226190E2
8.694300000E1	1.299062502E2
8.710300000E1	1.327316514E2
8.727896667E1	1.356660447E2
8.743960000E1	1.386415050E2
8.761580000E1	1.325433459E2
8.777683333E1	1.352299222E2
8.793506667E1	1.457419320E2
8.811093333E1	1.390191570E2
8.827100000E1	1.495682252E2
8.844693333E1	1.517674332E2
8.860700000E1	1.536048026E2
8.876696667E1	1.549767743E2
8.894306667E1	1.571122051E2
8.910296667E1	1.578725527E2
8.927903333E1	1.588536532E2
8.944193333E1	1.597955883E2
8.961486667E1	1.611478624E2
8.977493333E1	1.547913788E2
8.993496667E1	1.551239891E2
9.011090000E1	1.631218089E2
9.027096667E1	1.558629617E2
9.044686667E1	1.567088796E2
9.060693333E1	1.566742882E2
9.076700000E1	1.569615871E2
9.094290000E1	1.569144278E2
9.110296667E1	1.568150237E2
9.127890000E1	1.566837001E2
9.143890000E1	1.568224936E2
9.159896667E1	1.565485840E2
9.177490000E1	1.564627614E2
9.193496667E1	1.561683435E2
9.211090000E1	1.554587711E2
9.227093333E1	1.547874010E2
9.243096667E1	1.533623282E2
9.260693333E1	1.608649034E2
9.276696667E1	1.602970475E2
9.294290000E1	1.596100542E2
9.310293333E1	1.586372132E2
9.327880000E1	1.574321191E2
9.343890000E1	1.560026908E2
9.359896667E1	1.552776414E2
9.377490000E1	1.538931468E2
9.393493333E1	1.527270154E2
9.411116667E1	1.513030388E2
9.427093333E1	1.493749881E2
9.443096667E1	1.481931204E2
9.460690000E1	1.372099940E2
9.476690000E1	1.350438370E2
9.494283333E1	1.326677622E2
9.510286667E1	1.370856282E2
9.526296667E1	1.341494931E2
9.543886667E1	1.312036442E2
9.559890000E1	1.280477900E2
9.577483333E1	1.238698192E2
9.593490000E1	1.197011888E2
9.611080000E1	1.154541623E2
9.627090000E1	1.124997072E2
9.643090000E1	1.104563163E2
9.660686667E1	1.078891537E2
9.676686667E1	1.050994792E2
9.694280000E1	1.019046679E2
9.710286667E1	9.906760113E1
9.726290000E1	9.771860710E1
9.743883333E1	9.607007020E1
9.759890000E1	9.496594361E1
9.777480000E1	9.385241719E1
9.793486667E1	9.305605827E1
9.809490000E1	9.243677948E1
9.827080000E1	9.179312113E1
9.843086667E1	9.091565193E1
9.860680000E1	9.063923028E1
9.876686667E1	9.018054248E1
9.892686667E1	8.997139092E1
9.910283333E1	8.983817650E1
9.926286667E1	8.993725992E1
9.943880000E1	9.003546944E1
9.959893333E1	8.999129469E1
9.977480000E1	9.013485784E1
9.993480000E1	9.025294126E1
1.000948667E2	9.779523664E1
1.002708000E2	9.748643963E1
1.004308333E2	9.851916094E1
1.006067667E2	9.964598368E1
1.007668333E2	9.335284536E1
1.009268667E2	1.006654459E2
1.011028000E2	9.556200647E1
1.012628667E2	9.686384591E1
1.014388000E2	1.024943477E2
1.015988000E2	1.002796154E2
1.017588667E2	1.011666979E2
1.019348000E2	1.040737198E2
1.020948333E2	1.067870848E2
1.022707667E2	1.093665601E2
1.024308000E2	1.108889531E2
1.025908333E2	1.121643184E2
1.027668000E2	1.143398889E2
1.029268333E2	1.162510211E2
1.031027667E2	1.179971801E2
1.032628333E2	1.198404141E2
1.034387667E2	1.217720611E2
1.035987667E2	1.239696743E2
1.037588333E2	1.267556853E2
1.039347667E2	1.297227420E2
1.040948000E2	1.321509921E2
1.042707000E2	1.356767801E2
1.044308000E2	1.380014500E2
1.045909333E2	1.325423435E2
1.047668000E2	1.346279545E2
1.049268333E2	1.450328758E2
1.051027333E2	1.388189205E2
1.052628000E2	1.494737757E2
1.054228333E2	1.519803114E2
1.055987667E2	1.538693371E2
1.057588000E2	1.542670931E2
1.059347333E2	1.563254379E2
1.060948000E2	1.578453778E2
1.062707000E2	1.590763729E2
1.064307667E2	1.597069257E2
1.065908000E2	1.608910096E2
1.067667333E2	1.623403407E2
1.069267667E2	1.621913692E2
1.071026667E2	1.551031510E2
1.072627333E2	1.556400653E2
1.074227667E2	1.567642789E2
1.075987000E2	1.567778402E2
1.077587333E2	1.569189522E2
1.079346667E2	1.575902624E2
1.080947333E2	1.569844813E2
1.082548000E2	1.572236537E2
1.084307333E2	1.569806412E2
1.085907333E2	1.569047655E2
1.087667000E2	1.567953784E2
1.089267333E2	1.562035432E2
1.090868000E2	1.557285511E2
1.092627333E2	1.548848093E2
1.094227333E2	1.539694098E2
1.095987000E2	1.532118235E2
1.097587333E2	1.603790520E2
1.099346667E2	1.597702319E2
1.100947000E2	1.590273791E2
1.102547667E2	1.578067074E2
1.104306667E2	1.567760777E2
1.105907333E2	1.556819836E2
1.107667000E2	1.539558805E2
1.109267000E2	1.531125604E2
1.110867667E2	1.518875478E2
1.112627000E2	1.500738892E2
1.114227333E2	1.488327849E2
1.115986333E2	1.377999784E2
1.117587333E2	1.355232858E2
1.119187667E2	1.330742642E2
1.120946667E2	1.386980776E2
1.122547333E2	1.352157725E2
1.124307667E2	1.317573842E2
1.125906333E2	1.288424933E2
1.127507667E2	1.256961455E2
1.129266667E2	1.210954661E2
1.130867333E2	1.169621515E2
1.132626667E2	1.132953878E2
1.134226667E2	1.111724081E2
1.135986667E2	1.085949628E2
1.137588000E2	1.058972828E2
1.139188000E2	1.028939748E2
1.140946000E2	9.993867719E1
1.142546333E2	9.847175237E1
1.144307333E2	9.682112682E1
1.145906667E2	9.513343536E1
1.147508000E2	9.414782613E1
1.149267000E2	9.330770149E1
1.150867000E2	9.273095497E1
1.152627000E2	9.193121918E1
1.154227000E2	9.108019016E1
1.155826667E2	9.089418914E1
1.157586667E2	9.053745796E1
1.159186333E2	9.004655739E1
1.160946333E2	8.995279653E1
1.162546667E2	8.992128428E1
1.164305667E2	9.006757501E1
1.165906333E2	9.008737781E1
1.167507333E2	9.012473048E1
1.169265667E2	9.060932208E1
1.170866333E2	9.757026831E1
1.172625333E2	9.762928394E1
1.174226000E2	9.426144644E1
1.175826667E2	9.869152675E1
1.177586000E2	9.303891176E1
1.179186333E2	9.381250340E1
1.180945667E2	9.989444206E1
1.182546000E2	9.613888597E1
1.184146667E2	9.778836210E1
1.185906667E2	9.961044903E1
1.187506333E2	1.005368651E2
1.189265333E2	1.030648633E2
1.190866000E2	1.049034043E2
1.192466333E2	1.081471430E2
1.194225667E2	1.098245423E2
1.195826333E2	1.118155033E2
1.197585667E2	1.131564616E2
1.199186333E2	1.150624117E2
1.200945333E2	1.170629292E2
1.202545333E2	1.187778675E2
1.204147000E2	1.207953475E2
1.205905667E2	1.226849727E2
1.207506667E2	1.250260563E2
1.209265000E2	1.277903551E2
1.210866333E2	1.305808759E2
1.212466000E2	1.336066374E2
1.214226667E2	1.364868681E2
1.215826333E2	1.395774568E2
1.217585333E2	1.337512819E2
1.219186333E2	1.356496044E2
1.220786000E2	1.377987147E2
1.222545000E2	1.487639591E2
1.224145667E2	1.509842466E2
1.225905333E2	1.524626539E2
1.227506667E2	1.546296618E2
1.229266333E2	1.559033680E2
1.230866333E2	1.570124448E2
1.232466667E2	1.582352096E2
1.234226000E2	1.588012696E2
1.235826000E2	1.607163343E2
1.237585000E2	1.614893099E2
1.239185667E2	1.540015432E2
1.240785667E2	1.550780892E2
1.242545333E2	1.555157149E2
1.244145667E2	1.567488252E2
1.245904667E2	1.567078136E2
1.247506000E2	1.568425706E2
1.249106333E2	1.571230537E2
1.250865000E2	1.568318342E2
1.252466000E2	1.568997825E2
1.254226667E2	1.567671850E2
1.255826000E2	1.569348635E2
1.257425667E2	1.566618597E2
1.259185333E2	1.561640948E2
1.260785333E2	1.558529173E2
1.262546000E2	1.549646397E2
1.264145333E2	1.542033526E2
1.265904667E2	1.614903243E2
1.267505000E2	1.609264601E2
1.269106333E2	1.600856830E2
1.270865000E2	1.589914450E2
1.272465333E2	1.579742891E2
1.274224667E2	1.570480360E2
1.275826000E2	1.559292217E2
1.277426000E2	1.545935212E2
1.279184667E2	1.531956445E2
1.280786000E2	1.518080521E2
1.282544333E2	1.503410933E2
1.284144667E2	1.484779195E2
1.285745333E2	1.468022670E2
1.287504667E2	1.359577203E2
1.289105000E2	1.330155718E2
1.290864333E2	1.306014550E2
1.292465333E2	1.354959868E2
1.294065000E2	1.317650170E2
1.295824667E2	1.288676396E2
1.297425333E2	1.252730809E2
1.299185000E2	1.209509243E2
1.300784333E2	1.168448200E2
1.302545000E2	1.130222597E2
1.304145000E2	1.107133279E2
1.305744667E2	1.082787105E2
1.307505333E2	1.056295524E2
1.309105000E2	1.025010875E2
1.310864333E2	9.977503317E1
1.312464333E2	9.800499008E1
1.314065000E2	9.618278015E1
1.315824333E2	9.500324412E1
1.317425000E2	9.406035492E1
1.319185333E2	9.310737599E1
1.320785667E2	9.233779555E1
1.322384667E2	9.174927695E1
1.324144333E2	9.104107791E1
1.325745333E2	9.065756930E1
1.327504333E2	9.003218924E1
1.329104333E2	8.994184853E1
1.330863667E2	8.995435719E1
1.332464333E2	9.003863459E1
1.334064000E2	9.011774951E1
1.335825333E2	9.021017090E1
1.337425667E2	9.046977409E1
1.339185000E2	9.312341829E1
1.340784000E2	9.790749839E1
1.342384667E2	9.793451382E1
1.344144000E2	9.216563293E1
1.345745000E2	9.952573290E1
1.347505000E2	9.349140950E1
1.349104333E2	1.000172289E2
1.350705000E2	9.582710733E1
1.352463667E2	9.703953320E1
1.354064333E2	9.912407988E1
1.355825000E2	1.003812831E2
1.357425000E2	1.020316800E2
1.359023667E2	1.042387750E2
1.360784667E2	1.076567260E2
1.362384333E2	1.093615381E2
1.364144667E2	1.117688354E2
1.365744667E2	1.129799870E2
1.367504667E2	1.149552909E2
1.369105000E2	1.170083860E2
1.370704333E2	1.187069731E2
1.372463667E2	1.208209439E2
1.374064667E2	1.224373740E2
1.375823667E2	1.249180738E2
1.377425333E2	1.275144169E2
1.379025333E2	1.300762014E2
1.380784333E2	1.329744709E2
1.382384667E2	1.361353904E2
1.384144000E2	1.394296866E2
1.385744667E2	1.333573653E2
1.387345000E2	1.356724491E2
1.389104667E2	1.378546074E2
1.390704000E2	1.487728834E2
1.392464000E2	1.512427403E2
1.394064667E2	1.528997581E2
1.395665000E2	1.545240948E2
1.397424667E2	1.560710199E2
1.399024333E2	1.578314443E2
1.400783333E2	1.590655567E2
1.402383667E2	1.599484382E2
1.404143000E2	1.608455400E2
1.405743333E2	1.619252719E2
1.407343667E2	1.552660739E2
1.409104000E2	1.558036666E2
1.410704333E2	1.558759941E2
1.412463667E2	1.567467225E2
1.414063667E2	1.567504465E2
1.415664000E2	1.568150488E2
1.417423333E2	1.568723398E2
1.419023667E2	1.566510516E2
1.420782667E2	1.566578450E2
1.422383333E2	1.566972766E2
1.423984000E2	1.566729035E2
1.425744000E2	1.561296675E2
1.427343667E2	1.559112462E2
1.429104000E2	1.553489745E2
1.430703667E2	1.546169203E2
1.432462667E2	1.613860525E2
1.434063000E2	1.603919844E2
1.435663667E2	1.598620334E2
1.437423667E2	1.596483833E2
1.439023000E2	1.586036346E2
1.440782667E2	1.572441035E2
1.442383667E2	1.560061549E2
1.443983667E2	1.548943734E2
1.445744000E2	1.536821026E2
1.447344000E2	1.525803773E2
1.449103667E2	1.510648981E2
1.450704333E2	1.494538256E2
1.452304000E2	1.384208593E2
1.454063667E2	1.368345419E2
1.455663000E2	1.341457533E2
1.457423667E2	1.317244575E2
1.459023333E2	1.366665020E2
1.460623667E2	1.337045709E2
1.462384000E2	1.306012568E2
1.463983000E2	1.268302726E2
1.465743667E2	1.227778389E2
1.467343000E2	1.182705944E2
1.469103333E2	1.142242440E2
1.470703000E2	1.113545562E2
1.472304000E2	1.088336207E2
1.474063667E2	1.059612948E2
1.475663000E2	1.031705512E2
1.477422667E2	9.991950423E1
1.479023667E2	9.824229282E1
1.480624000E2	9.643260212E1
1.482382667E2	9.499634147E1
1.483983333E2	9.403505294E1
1.485743000E2	9.321757954E1
1.487343000E2	9.252321606E1
1.488943000E2	9.208055526E1
1.490702333E2	9.131872298E1
1.492303667E2	9.049170727E1
1.494063667E2	9.042450775E1
1.495663000E2	9.005588186E1
1.497263667E2	8.997252201E1
1.499022333E2	9.007157807E1
1.500623333E2	9.025735674E1
1.502383333E2	9.010455794E1
1.503982667E2	9.035983799E1
1.505743000E2	9.562299309E1
1.507342333E2	9.076912236E1
1.508942667E2	9.164927996E1
1.510702667E2	9.733927197E1
1.512303333E2	9.290005745E1
1.514062667E2	9.334142829E1
1.515662667E2	9.423691801E1
1.517263333E2	9.536408370E1
1.519022000E2	1.011904730E2
1.520622333E2	9.841880879E1
1.522382667E2	9.983431434E1
1.523983333E2	1.010746871E2
1.525582333E2	1.039027315E2
1.527343333E2	1.058385789E2
1.528943333E2	1.060569346E2
1.530701667E2	1.064536948E2
1.532303000E2	1.062205291E2
1.534062333E2	1.066092156E2
1.535662000E2	1.066066339E2
1.537261667E2	1.068487423E2
1.539022000E2	1.068927430E2
1.540621667E2	1.067397686E2
1.542381333E2	1.068134888E2
1.543982000E2	1.067068432E2
