tömeg_A
t	x
0,000000000E0	8,917271408E1
1,760000000E-1	8,919813454E1
3,360666667E-1	8,918932756E1
4,960000000E-1	8,918720318E1
6,721000000E-1	8,918531567E1
8,320000000E-1	8,919270387E1
1,007933333E0	8,919936768E1
1,167966667E0	8,919265955E1
1,328066667E0	8,920226021E1
1,504000000E0	8,919212975E1
1,664100000E0	8,918697584E1
1,840033333E0	8,918238567E1
2,000100000E0	8,920839249E1
2,175900000E0	8,920112795E1
2,335933333E0	8,920235280E1
2,496033333E0	8,918298880E1
2,672066667E0	8,920130408E1
2,832066667E0	8,932307998E1
3,007900000E0	9,119683223E1
3,167966667E0	9,405137185E1
3,328000000E0	9,716198320E1
3,504166667E0	1,019856742E2
3,663933333E0	1,060426615E2
3,839933333E0	1,094562445E2
4,000066667E0	1,125320881E2
4,160066667E0	1,160970833E2
4,335866667E0	1,201902926E2
4,495933333E0	1,252510093E2
4,671933333E0	1,211847891E2
4,832033333E0	1,263698272E2
4,991933333E0	1,321650347E2
5,168000000E0	1,462879543E2
5,327933333E0	1,508200558E2
5,503933333E0	1,532748244E2
5,664033333E0	1,561395219E2
5,839866667E0	1,504121018E2
6,000033333E0	1,513659980E2
6,159966667E0	1,532529355E2
6,336000000E0	1,539600368E2
6,496033333E0	1,550345929E2
6,671933333E0	1,541945456E2
6,832000000E0	1,542173825E2
6,991933333E0	1,524889959E2
7,167966667E0	1,513541371E2
7,328000000E0	1,501244564E2
7,504000000E0	1,561487140E2
7,664033333E0	1,537991930E2
7,823933333E0	1,509346995E2
7,999933333E0	1,482484209E2
8,159933333E0	1,451468855E2
8,335933333E0	1,312717055E2
8,496000000E0	1,252667518E2
8,671966667E0	1,272613433E2
8,831900000E0	1,209961124E2
8,991966667E0	1,149363470E2
9,167966667E0	1,078346805E2
9,328000000E0	1,021035385E2
9,503966667E0	9,618284776E1
9,664033333E0	9,326577668E1
9,823900000E0	9,065299501E1
9,999933333E0	8,839793814E1
1,015993333E1	8,718077386E1
1,033580000E1	8,625192093E1
1,049590000E1	8,568730858E1
1,065600000E1	8,535331231E1
1,083190000E1	8,583708431E1
1,099190000E1	8,641645090E1
1,116783333E1	8,731248869E1
1,132793333E1	8,910840982E1
1,148800000E1	9,094800020E1
1,166390000E1	9,332741509E1
1,182400000E1	9,618571769E1
1,200006667E1	9,952900272E1
1,215983333E1	1,052042788E2
1,233593333E1	1,083844435E2
1,249593333E1	1,121491309E2
1,265600000E1	1,156263756E2
1,283196667E1	1,194440806E2
1,299186667E1	1,244600087E2
1,316790000E1	1,293605621E2
1,332790000E1	1,259844505E2
1,348796667E1	1,311775951E2
1,366386667E1	1,460353152E2
1,382386667E1	1,503646836E2
1,399990000E1	1,539364948E2
1,415983333E1	1,568322112E2
1,431993333E1	1,508228715E2
1,449586667E1	1,523998173E2
1,465593333E1	1,533789993E2
1,483190000E1	1,539164763E2
1,499190000E1	1,543531592E2
1,515193333E1	1,542966058E2
1,532786667E1	1,539299227E2
1,548800000E1	1,524732331E2
1,566393333E1	1,503027471E2
1,582390000E1	1,572333661E2
1,599973333E1	1,551699738E2
1,615980000E1	1,530622080E2
1,631993333E1	1,500804840E2
1,649580000E1	1,461522758E2
1,665576667E1	1,332641251E2
1,683183333E1	1,279875375E2
1,699193333E1	1,221561820E2
1,715186667E1	1,240275427E2
1,732776667E1	1,171697012E2
1,748776667E1	1,103226942E2
1,766376667E1	1,051940817E2
1,782380000E1	1,000284067E2
1,798393333E1	9,466271328E1
1,815980000E1	9,136694911E1
1,831993333E1	8,965937216E1
1,849590000E1	8,806059056E1
1,865583333E1	8,636552409E1
1,883186667E1	8,580574379E1
1,899183333E1	8,548488073E1
1,915176667E1	8,590471367E1
1,932776667E1	8,614559674E1
1,948780000E1	8,706740822E1
1,966370000E1	8,906399135E1
1,982390000E1	9,025800121E1
1,998390000E1	9,218519793E1
2,015973333E1	9,518754282E1
2,031976667E1	9,883214786E1
2,049570000E1	1,040067926E2
2,065576667E1	1,072899548E2
2,081576667E1	1,112912261E2
2,099190000E1	1,144006168E2
2,115186667E1	1,183108978E2
2,132770000E1	1,230295154E2
2,148780000E1	1,281859533E2
2,164773333E1	1,249955584E2
2,182383333E1	1,304398152E2
2,198383333E1	1,359549480E2
2,215976667E1	1,495041823E2
2,231980000E1	1,527081048E2
2,249566667E1	1,552730909E2
2,265576667E1	1,500828872E2
2,281586667E1	1,522842625E2
2,299183333E1	1,535471813E2
2,315173333E1	1,535599616E2
2,332766667E1	1,542089489E2
2,348790000E1	1,538850108E2
2,364773333E1	1,534197204E2
2,382380000E1	1,522225230E2
2,398373333E1	1,502767525E2
2,415973333E1	1,572661547E2
2,431966667E1	1,550289299E2
2,447976667E1	1,529255318E2
2,465570000E1	1,492390436E2
2,481583333E1	1,467042915E2
2,499176667E1	1,331697386E2
2,515180000E1	1,290198883E2
2,531186667E1	1,222507787E2
2,548773333E1	1,242261078E2
2,564780000E1	1,179742688E2
2,582376667E1	1,112147203E2
2,598380000E1	1,050513148E2
2,615976667E1	9,960588765E1
2,631980000E1	9,512636954E1
2,647970000E1	9,140071614E1
2,665576667E1	8,948633457E1
2,681583333E1	8,796378102E1
2,699176667E1	8,660039019E1
2,715170000E1	8,556067520E1
2,731180000E1	8,527428803E1
2,748770000E1	8,545619284E1
2,764770000E1	8,611677191E1
2,782380000E1	8,701241713E1
2,798363333E1	8,847533631E1
2,814380000E1	9,045361435E1
2,831966667E1	9,232322675E1
2,847983333E1	9,523125432E1
2,865573333E1	9,903083282E1
2,881566667E1	1,042390707E2
2,899170000E1	1,078100931E2
2,915196667E1	1,118015891E2
2,931173333E1	1,152974548E2
2,948763333E1	1,193791731E2
2,964763333E1	1,242207844E2
2,982366667E1	1,292677543E2
2,998376667E1	1,254681773E2
3,014370000E1	1,313657873E2
3,031963333E1	1,463180506E2
3,047976667E1	1,502432597E2
3,065573333E1	1,533771608E2
3,081563333E1	1,552266354E2
3,097580000E1	1,580356373E2
3,115173333E1	1,517581431E2
3,131176667E1	1,528570957E2
3,148766667E1	1,537630667E2
3,164760000E1	1,540984100E2
3,180766667E1	1,534931856E2
3,198360000E1	1,524931114E2
3,214370000E1	1,515008633E2
3,231976667E1	1,494248259E2
3,247966667E1	1,563836764E2
3,265553333E1	1,543077699E2
3,281560000E1	1,520675066E2
3,297563333E1	1,491407642E2
3,315160000E1	1,458745309E2
3,331173333E1	1,322674955E2
3,348760000E1	1,271668869E2
3,364756667E1	1,210522015E2
3,380773333E1	1,231845760E2
3,398363333E1	1,162144330E2
3,414373333E1	1,094460055E2
3,431970000E1	1,040378896E2
3,447953333E1	9,828040839E1
3,463973333E1	9,460548541E1
3,481556667E1	9,083876360E1
3,497553333E1	8,910718084E1
3,515160000E1	8,749009577E1
3,531166667E1	8,632139346E1
3,547166667E1	8,541906881E1
3,564763333E1	8,573049646E1
3,580763333E1	8,593799789E1
3,598370000E1	8,637359569E1
3,614363333E1	8,784222839E1
3,631946667E1	8,919847097E1
3,647966667E1	9,124853027E1
3,663966667E1	9,367201678E1
3,681566667E1	9,628369790E1
3,697556667E1	1,009278298E2
3,715160000E1	1,060691425E2
3,731166667E1	1,094577550E2
3,747160000E1	1,130884248E2
3,764766667E1	1,166037286E2
3,780760000E1	1,212736854E2
3,798356667E1	1,261334290E2
3,814366667E1	1,223869421E2
3,830353333E1	1,272226626E2
3,847966667E1	1,321866432E2
3,863956667E1	1,478267130E2
3,881560000E1	1,511946147E2
3,897563333E1	1,540587510E2
3,915156667E1	1,572141301E2
3,931160000E1	1,515019378E2
3,947160000E1	1,525331588E2
3,964763333E1	1,534313282E2
3,980766667E1	1,540856784E2
3,998343333E1	1,540149090E2
4,014370000E1	1,533445118E2
4,030356667E1	1,528925135E2
4,047950000E1	1,511607736E2
4,063953333E1	1,571808616E2
4,081556667E1	1,557914509E2
4,097563333E1	1,529220012E2
4,113553333E1	1,502486968E2
4,131160000E1	1,474323714E2
4,147150000E1	1,348380505E2
4,164763333E1	1,300752099E2
4,180746667E1	1,241089749E2
4,196753333E1	1,263490432E2
4,214356667E1	1,193046499E2
4,230350000E1	1,128745396E2
4,247953333E1	1,063030977E2
4,263956667E1	1,011617778E2
4,281550000E1	9,587179172E1
4,297556667E1	9,224419139E1
4,313553333E1	8,996407800E1
4,331160000E1	8,815565248E1
4,347150000E1	8,692683922E1
4,364756667E1	8,562539635E1
4,380750000E1	8,536928741E1
4,396746667E1	8,588451227E1
4,414360000E1	8,610377828E1
4,430350000E1	8,701488822E1
4,447943333E1	8,831766691E1
4,463950000E1	9,030732706E1
4,479953333E1	9,240397485E1
4,497553333E1	9,523430995E1
4,513546667E1	9,878450287E1
4,531156667E1	1,042351027E2
4,547153333E1	1,080331613E2
4,563153333E1	1,118422201E2
4,580753333E1	1,152984636E2
4,596756667E1	1,193212449E2
4,614353333E1	1,242210125E2
4,630346667E1	1,293809432E2
4,647940000E1	1,252358811E2
4,663943333E1	1,315113515E2
4,679953333E1	1,364184348E2
4,697546667E1	1,492729090E2
4,713553333E1	1,531433710E2
4,731143333E1	1,558602775E2
4,747143333E1	1,574433084E2
4,763160000E1	1,519620327E2
4,780746667E1	1,524949820E2
4,796743333E1	1,538402717E2
4,814353333E1	1,539055058E2
4,830343333E1	1,532618758E2
4,846356667E1	1,524547925E2
4,863950000E1	1,512876060E2
4,879953333E1	1,571124111E2
4,897553333E1	1,562481232E2
4,913550000E1	1,534291825E2
4,931136667E1	1,511445590E2
4,947143333E1	1,482527788E2
4,963146667E1	1,451104754E2
4,980736667E1	1,315291848E2
4,996756667E1	1,256670844E2
5,014333333E1	1,279756896E2
5,030336667E1	1,208331377E2
5,046350000E1	1,142753907E2
5,063950000E1	1,073293296E2
5,079946667E1	1,023072372E2
5,097546667E1	9,639704525E1
5,113550000E1	9,301525485E1
5,129553333E1	9,000817882E1
5,147133333E1	8,819359894E1
5,163136667E1	8,717415180E1
5,180736667E1	8,600432475E1
5,196746667E1	8,540285371E1
5,212750000E1	8,580082274E1
5,230343333E1	8,613571695E1
5,246340000E1	8,691867024E1
5,263936667E1	8,817684402E1
5,279946667E1	9,008235725E1
5,297536667E1	9,215684856E1
5,313540000E1	9,481820119E1
5,329543333E1	9,792683497E1
5,347136667E1	1,030714174E2
5,363140000E1	1,071838233E2
5,380733333E1	1,112467961E2
5,396733333E1	1,148668012E2
5,412746667E1	1,184454263E2
5,430343333E1	1,233401927E2
5,446340000E1	1,287711732E2
5,463930000E1	1,250578737E2
5,479940000E1	1,301865551E2
5,495940000E1	1,460410095E2
5,513540000E1	1,500155143E2
5,529536667E1	1,530770972E2
5,547130000E1	1,563521692E2
5,563130000E1	1,503637370E2
5,579140000E1	1,523026530E2
5,596733333E1	1,530343458E2
5,612733333E1	1,541378636E2
5,630326667E1	1,541839582E2
5,646333333E1	1,538323516E2
5,663926667E1	1,531566341E2
5,679930000E1	1,515047248E2
5,695936667E1	1,577554657E2
5,713530000E1	1,568501547E2
5,729536667E1	1,539224720E2
5,747126667E1	1,519730587E2
5,763143333E1	1,489738009E2
5,779130000E1	1,464187779E2
5,796733333E1	1,319782849E2
5,812733333E1	1,256859156E2
5,830336667E1	1,282402499E2
5,846340000E1	1,211900406E2
5,862343333E1	1,141336490E2
5,879943333E1	1,078845922E2
5,895930000E1	1,027739705E2
5,913533333E1	9,672187900E1
5,929533333E1	9,342799080E1
5,947123333E1	9,014837758E1
5,963126667E1	8,830259892E1
5,979133333E1	8,728503973E1
5,996726667E1	8,618908907E1
6,012740000E1	8,534245965E1
6,030323333E1	8,548035815E1
6,046333333E1	8,616561415E1
6,062333333E1	8,695672104E1
6,079933333E1	8,814346591E1
6,095933333E1	8,996808222E1
6,113520000E1	9,213832139E1
6,129530000E1	9,502453456E1
6,145530000E1	9,803453274E1
6,163126667E1	1,031158569E2
6,179130000E1	1,072210528E2
6,196723333E1	1,114120914E2
6,212726667E1	1,150018419E2
6,228736667E1	1,189854277E2
6,246323333E1	1,239082269E2
6,262326667E1	1,290715938E2
6,279923333E1	1,252357010E2
6,295923333E1	1,307017377E2
6,313516667E1	1,456099963E2
6,329523333E1	1,503840485E2
6,345526667E1	1,542856995E2
6,363123333E1	1,561853388E2
6,379126667E1	1,582175166E2
6,396720000E1	1,521753810E2
6,412730000E1	1,531787987E2
6,428726667E1	1,539517946E2
6,446336667E1	1,540187234E2
6,462336667E1	1,540229379E2
6,479930000E1	1,530554504E2
6,495923333E1	1,516419059E2
6,511940000E1	1,574725314E2
6,529523333E1	1,562420706E2
6,545536667E1	1,535484946E2
6,563130000E1	1,508662894E2
6,579133333E1	1,482783301E2
6,595136667E1	1,350114285E2
6,612720000E1	1,310068309E2
6,628720000E1	1,252330817E2
6,646316667E1	1,270720147E2
6,662330000E1	1,200341565E2
6,679926667E1	1,130392654E2
6,695920000E1	1,062185615E2
6,711933333E1	1,013683286E2
6,729516667E1	9,594308084E1
6,745530000E1	9,225105171E1
6,763123333E1	8,956042041E1
6,779130000E1	8,813557117E1
6,795130000E1	8,706188326E1
6,812720000E1	8,577587471E1
6,828723333E1	8,532143934E1
6,846313333E1	8,599740757E1
6,862320000E1	8,624284839E1
6,878333333E1	8,712386890E1
6,895926667E1	8,831040543E1
6,911920000E1	9,054168134E1
6,929513333E1	9,250380806E1
6,945520000E1	9,556282564E1
6,963113333E1	9,907868885E1
6,979123333E1	1,047243041E2
6,995126667E1	1,082583472E2
7,012726667E1	1,124530549E2
7,028726667E1	1,161516983E2
7,046326667E1	1,201973081E2
7,062323333E1	1,253601091E2
7,078326667E1	1,221040981E2
7,095923333E1	1,262326637E2
7,111926667E1	1,315138077E2
7,129510000E1	1,465093217E2
7,145516667E1	1,498439427E2
7,161516667E1	1,547828395E2
7,179130000E1	1,568692392E2
7,195123333E1	1,505522879E2
7,212710000E1	1,519698535E2
7,228716667E1	1,527405522E2
7,244726667E1	1,531849041E2
7,262313333E1	1,535025148E2
7,278330000E1	1,528810276E2
7,295913333E1	1,522012770E2
7,311923333E1	1,504019878E2
7,329513333E1	1,568261258E2
7,345526667E1	1,548077585E2
7,361516667E1	1,521003054E2
7,379113333E1	1,499328580E2
7,395130000E1	1,465340200E2
7,412723333E1	1,340842738E2
7,428716667E1	1,290434892E2
7,444713333E1	1,232959690E2
7,462320000E1	1,253147936E2
7,478320000E1	1,175556105E2
7,495916667E1	1,107799077E2
7,511920000E1	1,050799875E2
7,527923333E1	9,996609764E1
7,545520000E1	9,507491006E1
7,561520000E1	9,153617834E1
7,579106667E1	8,911582748E1
7,595123333E1	8,794818969E1
7,611126667E1	8,693412024E1
7,628710000E1	8,529728094E1
7,644710000E1	8,509153294E1
7,662316667E1	8,606292947E1
7,678323333E1	8,645659067E1
7,695913333E1	8,721097471E1
7,711923333E1	8,914749585E1
7,727923333E1	9,118658962E1
7,745516667E1	9,407163226E1
7,761503333E1	9,703993123E1
7,779113333E1	1,006209246E2
7,795120000E1	1,062340426E2
7,811123333E1	1,100326785E2
7,828723333E1	1,132981135E2
7,844706667E1	1,172876632E2
7,862316667E1	1,218791270E2
7,878306667E1	1,269039463E2
7,894306667E1	1,234712371E2
7,911906667E1	1,282781144E2
7,927906667E1	1,346582231E2
7,945510000E1	1,480588117E2
7,961506667E1	1,521256222E2
7,979103333E1	1,558148125E2
7,995110000E1	1,503851761E2
8,011120000E1	1,521826461E2
8,028700000E1	1,523617022E2
8,044723333E1	1,538514021E2
8,062310000E1	1,536948454E2
8,078313333E1	1,540335565E2
8,094316667E1	1,532008682E2
8,111913333E1	1,520141499E2
8,127916667E1	1,503436437E2
8,145496667E1	1,567933668E2
8,161506667E1	1,542146849E2
8,177506667E1	1,528685037E2
8,195113333E1	1,489347973E2
8,211106667E1	1,460004118E2
8,228713333E1	1,323649910E2
8,244703333E1	1,267985058E2
8,260710000E1	1,214192508E2
8,278300000E1	1,233109514E2
8,294316667E1	1,154819009E2
8,311910000E1	1,085344184E2
8,327913333E1	1,039524372E2
8,345506667E1	9,822629950E1
8,361513333E1	9,417566345E1
8,377500000E1	9,036746048E1
8,395113333E1	8,903906494E1
8,411106667E1	8,763816270E1
8,428703333E1	8,627614024E1
8,444706667E1	8,528561657E1
8,460703333E1	8,536394000E1
8,478300000E1	8,617038719E1
8,494316667E1	8,690275373E1
8,511893333E1	8,727250825E1
8,527910000E1	8,939141939E1
8,543916667E1	9,199079153E1
8,561510000E1	9,441805744E1
8,577513333E1	9,749524423E1
8,595096667E1	1,021173703E2
8,611100000E1	1,072337814E2
8,627100000E1	1,108713024E2
8,644703333E1	1,144069874E2
8,660713333E1	1,182198480E2
8,678316667E1	1,232230888E2
8,694306667E1	1,283613807E2
8,711903333E1	1,251455047E2
8,727913333E1	1,302619512E2
8,743906667E1	1,352883369E2
8,761493333E1	1,493003069E2
8,777496667E1	1,532292348E2
8,795090000E1	1,554631217E2
8,811110000E1	1,576451035E2
8,827113333E1	1,516424064E2
8,844703333E1	1,524004261E2
8,860700000E1	1,536214592E2
8,878300000E1	1,534245185E2
8,894296667E1	1,532663517E2
8,910300000E1	1,524601045E2
8,927900000E1	1,513819956E2
8,943903333E1	1,569831821E2
8,961500000E1	1,557869943E2
8,977506667E1	1,531284918E2
8,995090000E1	1,510947911E2
9,011096667E1	1,476435267E2
9,027106667E1	1,351974080E2
9,044696667E1	1,302984556E2
9,060710000E1	1,240751357E2
9,078293333E1	1,272353540E2
9,094303333E1	1,199614769E2
9,110296667E1	1,122209668E2
9,127896667E1	1,061513652E2
9,143893333E1	1,012444839E2
9,161496667E1	9,574006591E1
9,177503333E1	9,219256647E1
9,193496667E1	8,946629003E1
9,211100000E1	8,811857912E1
9,227096667E1	8,695795926E1
9,244693333E1	8,562154621E1
9,260696667E1	8,508192636E1
9,276696667E1	8,593042477E1
9,294300000E1	8,633831339E1
9,310293333E1	8,718674913E1
9,327886667E1	8,887830257E1
9,343903333E1	9,104092986E1
9,361500000E1	9,327616637E1
9,377490000E1	9,618966625E1
9,393506667E1	9,934301375E1
9,411086667E1	1,053005886E2
9,427093333E1	1,090290729E2
9,444683333E1	1,130022943E2
9,460686667E1	1,169279117E2
9,476703333E1	1,210631068E2
9,494296667E1	1,261811913E2
9,510290000E1	1,231705985E2
9,527883333E1	1,273531607E2
9,543886667E1	1,323921695E2
9,559900000E1	1,484554568E2
9,577503333E1	1,523707574E2
9,593490000E1	1,548538367E2
9,611100000E1	1,492651500E2
9,627086667E1	1,513606119E2
9,643100000E1	1,522480414E2
9,660686667E1	1,532582369E2
9,676690000E1	1,533175446E2
9,694293333E1	1,534418024E2
9,710300000E1	1,526393446E2
9,727890000E1	1,518540468E2
9,743883333E1	1,499436305E2
9,759900000E1	1,563285653E2
9,777483333E1	1,539323071E2
9,793486667E1	1,518738127E2
9,811090000E1	1,485927085E2
9,827086667E1	1,470871970E2
9,843096667E1	1,318846826E2
9,860683333E1	1,258574947E2
9,876683333E1	1,279434608E2
9,894286667E1	1,223161765E2
9,910293333E1	1,142494563E2
9,926283333E1	1,066905263E2
9,943880000E1	1,022877736E2
9,959886667E1	9,678924666E1
9,977483333E1	9,315563828E1
9,993496667E1	9,003465638E1
1,001107667E2	8,817014539E1
1,002709667E2	8,730542652E1
1,004309000E2	8,609917919E1
1,006069333E2	8,532114168E1
1,007668333E2	8,514847499E1
1,009428667E2	8,616724750E1
1,011029333E2	8,717988480E1
1,012628333E2	8,825935948E1
1,014388000E2	9,015729099E1
1,015989000E2	9,308069251E1
1,017747333E2	9,551839394E1
1,019348000E2	9,906602472E1
1,020949333E2	1,043819392E2
1,022709000E2	1,083163740E2
1,024309333E2	1,125530164E2
1,026068000E2	1,162732269E2
1,027669000E2	1,202343696E2
1,029269333E2	1,253566292E2
1,031027667E2	1,221063292E2
1,032628000E2	1,265117551E2
1,034387667E2	1,328828815E2
1,035988667E2	1,471231605E2
1,037748333E2	1,517723257E2
1,039349000E2	1,548777586E2
1,040949000E2	1,574440972E2
1,042707667E2	1,513886886E2
1,044308000E2	1,526285525E2
1,046067000E2	1,530163202E2
1,047667667E2	1,540600537E2
1,049268000E2	1,535972755E2
1,051027333E2	1,531422886E2
1,052628667E2	1,519197012E2
1,054387333E2	1,501681737E2
1,055988333E2	1,568706914E2
1,057589000E2	1,542942982E2
1,059349000E2	1,523053103E2
1,060948667E2	1,491264878E2
1,062709000E2	1,462099717E2
1,064308000E2	1,330921522E2
1,065908333E2	1,263799106E2
1,067667333E2	1,282005235E2
1,069268000E2	1,230351017E2
1,071028333E2	1,154142672E2
1,072628667E2	1,074597202E2
1,074388333E2	1,025636341E2
1,075988667E2	9,716662578E1
1,077587667E2	9,364041260E1
1,079348333E2	9,017840312E1
1,080947000E2	8,819897948E1
1,082707667E2	8,738114762E1
1,084308000E2	8,642115814E1
1,085907667E2	8,536241172E1
1,087668000E2	8,530419704E1
1,089268333E2	8,614248698E1
1,091026667E2	8,717171347E1
1,092627667E2	8,822372601E1
1,094227000E2	9,006726117E1
1,095988000E2	9,226468273E1
1,097587333E2	9,524551022E1
1,099348333E2	9,838535050E1
1,100947333E2	1,032977421E2
1,102706333E2	1,080051663E2
1,104307667E2	1,121878776E2
1,105908667E2	1,156111460E2
1,107667000E2	1,196748134E2
1,109268333E2	1,250392455E2
1,111027667E2	1,301338747E2
1,112628000E2	1,263675291E2
1,114227000E2	1,310915365E2
1,115986667E2	1,465370913E2
1,117587333E2	1,512412192E2
1,119346000E2	1,546679213E2
1,120946333E2	1,562535705E2
1,122546667E2	1,504835518E2
1,124307667E2	1,518977081E2
1,125906667E2	1,524009078E2
1,127666333E2	1,522836026E2
1,129267000E2	1,533912170E2
1,130867333E2	1,522918574E2
1,132626667E2	1,515758159E2
1,134226667E2	1,495365312E2
1,135987667E2	1,562764187E2
1,137587000E2	1,541646403E2
1,139347667E2	1,519519869E2
1,140947667E2	1,489164042E2
1,142548000E2	1,455397033E2
1,144306000E2	1,329342252E2
1,145908333E2	1,270902163E2
1,147666000E2	1,203440532E2
1,149266667E2	1,229925888E2
1,150867000E2	1,159942940E2
1,152627333E2	1,082995972E2
1,154226333E2	1,031979439E2
1,155987667E2	9,744897720E1
1,157587667E2	9,434212877E1
1,159188000E2	9,038079120E1
1,160946333E2	8,824250384E1
1,162547667E2	8,721557666E1
1,164307667E2	8,647632044E1
1,165907333E2	8,529727897E1
1,167507667E2	8,528740115E1
1,169267667E2	8,613434679E1
1,170868000E2	8,710517599E1
1,172627333E2	8,818665570E1
1,174226000E2	8,959120662E1
1,175986333E2	9,216516633E1
1,177587000E2	9,505011265E1
1,179187000E2	9,805262878E1
1,180945667E2	1,022991283E2
1,182546000E2	1,072451018E2
1,184306333E2	1,112215479E2
1,185905667E2	1,146440250E2
1,187507000E2	1,187186159E2
1,189266000E2	1,233607404E2
1,190867333E2	1,288865236E2
1,192625667E2	1,251682925E2
1,194225667E2	1,301250081E2
1,195826667E2	1,354492111E2
1,197586667E2	1,498971831E2
1,199187000E2	1,531772676E2
1,200946000E2	1,561571902E2
1,202546667E2	1,505918741E2
1,204305667E2	1,513338757E2
1,205906667E2	1,528724256E2
1,207507000E2	1,536371799E2
1,209266333E2	1,535026693E2
1,210867000E2	1,532098848E2
1,212626333E2	1,522634493E2
1,214225333E2	1,510394831E2
1,215827000E2	1,572835557E2
1,217586667E2	1,558272193E2
1,219186667E2	1,529331105E2
1,220946667E2	1,497001609E2
1,222545667E2	1,472170697E2
1,224148000E2	1,350906533E2
1,225905333E2	1,291389024E2
1,227506333E2	1,228185082E2
1,229266333E2	1,251647355E2
1,230866667E2	1,185314623E2
1,232466333E2	1,112233155E2
1,234225667E2	1,049748203E2
1,235827333E2	9,957512324E1
1,237586000E2	9,536061113E1
1,239186667E2	9,203130458E1
1,240945667E2	8,904940940E1
1,242545333E2	8,761443834E1
1,244146000E2	8,704604812E1
1,245906667E2	8,570706062E1
1,247505333E2	8,505762207E1
1,249266000E2	8,588687052E1
1,250865000E2	8,631660349E1
1,252465667E2	8,727612021E1
1,254225000E2	8,918267611E1
1,255826000E2	9,115244968E1
1,257586000E2	9,400589337E1
1,259186333E2	9,635402154E1
1,260786667E2	1,002678363E2
1,262545667E2	1,062171520E2
1,264145333E2	1,095126478E2
1,265906333E2	1,134428445E2
1,267505333E2	1,174142542E2
1,269106667E2	1,216057988E2
1,270866000E2	1,270372994E2
1,272465333E2	1,234247614E2
1,274225000E2	1,285920312E2
1,275825667E2	1,343649356E2
1,277584667E2	1,492440984E2
1,279186333E2	1,524413057E2
1,280786333E2	1,554288336E2
1,282545000E2	1,574380265E2
1,284145333E2	1,517309441E2
1,285904333E2	1,524300635E2
1,287505000E2	1,531583195E2
1,289106667E2	1,535976105E2
1,290865000E2	1,534212526E2
1,292465667E2	1,523307950E2
1,294224333E2	1,511706475E2
1,295824333E2	1,573328811E2
1,297425000E2	1,562557795E2
1,299185000E2	1,539393861E2
1,300785000E2	1,516192547E2
1,302546000E2	1,485943150E2
1,304145333E2	1,451616197E2
1,305904333E2	1,319551736E2
1,307505000E2	1,251317368E2
1,309106333E2	1,274053501E2
1,310865667E2	1,213114550E2
1,312466000E2	1,141381272E2
1,314224000E2	1,063990871E2
1,315824667E2	1,018842437E2
1,317426000E2	9,646020969E1
1,319184000E2	9,304949395E1
1,320786000E2	8,973675270E1
1,322544333E2	8,813730410E1
1,324145667E2	8,729210202E1
1,325745667E2	8,591509006E1
1,327504333E2	8,518141614E1
1,329104667E2	8,529003128E1
1,330865000E2	8,608760056E1
1,332465667E2	8,712996348E1
1,334066000E2	8,829447092E1
1,335824333E2	9,017781027E1
1,337424667E2	9,255024310E1
1,339185333E2	9,534511847E1
1,340785667E2	9,850635863E1
1,342545000E2	1,042165079E2
1,344145667E2	1,080680388E2
1,345744333E2	1,121717600E2
1,347504000E2	1,156050082E2
1,349105000E2	1,194376429E2
1,350865000E2	1,246064529E2
1,352465000E2	1,299935748E2
1,354065667E2	1,260618969E2
1,355824333E2	1,311378658E2
1,357424333E2	1,463893286E2
1,359183667E2	1,507479209E2
1,360785000E2	1,542343188E2
1,362385333E2	1,568256390E2
1,364145333E2	1,587358142E2
1,365745333E2	1,522435342E2
1,367504000E2	1,535332708E2
1,369105333E2	1,538439740E2
