tömeg_C
t	x
0,000000000E0	1,086792453E2
1,600000000E-1	1,087056305E2
3,361666667E-1	1,087135102E2
4,960333333E-1	1,087292229E2
6,720333333E-1	1,087321696E2
8,321333333E-1	1,087016247E2
1,007966667E0	1,087043880E2
1,168100000E0	1,087104894E2
1,328100000E0	1,087081821E2
1,504100000E0	1,087149821E2
1,664033333E0	1,086984289E2
1,839966667E0	1,086855658E2
2,000066667E0	1,086927505E2
2,160033333E0	1,087058140E2
2,336033333E0	1,087085754E2
2,496033333E0	1,087108583E2
2,672000000E0	1,086912437E2
2,832033333E0	1,086936446E2
2,991966667E0	1,086898752E2
3,167933333E0	1,087201269E2
3,328133333E0	1,087185029E2
3,504066667E0	1,086951285E2
3,664000000E0	1,087112470E2
3,824133333E0	1,087094342E2
4,000066667E0	1,087000552E2
4,160133333E0	1,087056107E2
4,336066667E0	1,087121539E2
4,496033333E0	1,087086270E2
4,672033333E0	1,087076939E2
4,832166667E0	1,087105834E2
4,992000000E0	1,087587256E2
5,168000000E0	1,087259041E2
5,328100000E0	1,087204623E2
5,503933333E0	1,087336472E2
5,663966667E0	1,087343201E2
5,824133333E0	1,087132376E2
6,000066667E0	1,086958402E2
6,159966667E0	1,087182717E2
6,335933333E0	1,087103454E2
6,495933333E0	1,087202782E2
6,656066667E0	1,087095968E2
6,831900000E0	1,086966522E2
6,991966667E0	1,087205212E2
7,167900000E0	1,087076946E2
7,327966667E0	1,087101819E2
7,488000000E0	1,087037086E2
7,663933333E0	1,086842660E2
7,823933333E0	1,087313098E2
7,999900000E0	1,086821881E2
8,160066667E0	1,087321929E2
8,335866667E0	1,087004484E2
8,496066667E0	1,087007519E2
8,656066667E0	1,087207341E2
8,831900000E0	1,087005268E2
8,992000000E0	1,087206024E2
9,167833333E0	1,086868298E2
9,327966667E0	1,086934603E2
9,487933333E0	1,087321084E2
9,664000000E0	1,087054676E2
9,824066667E0	1,086412423E2
9,999866667E0	1,077387250E2
1,016000000E1	1,076326026E2
1,031990000E1	1,077187102E2
1,049600000E1	1,076964577E2
1,065600000E1	1,076611357E2
1,083186667E1	1,076773562E2
1,099196667E1	1,077280411E2
1,116786667E1	1,076660750E2
1,132786667E1	1,076642722E2
1,148796667E1	1,076293563E2
1,166410000E1	1,076615785E2
1,182403333E1	1,076542407E2
1,199983333E1	1,076440337E2
1,216000000E1	1,076817389E2
1,232000000E1	1,076433077E2
1,249596667E1	1,076457789E2
1,265600000E1	1,077023898E2
1,283193333E1	1,076613515E2
1,299186667E1	1,076295443E2
1,315196667E1	1,076924991E2
1,332800000E1	1,076200465E2
1,348790000E1	1,076427935E2
1,366390000E1	1,077051750E2
1,382400000E1	1,076752427E2
1,398390000E1	1,076766923E2
1,415996667E1	1,076675998E2
1,431990000E1	1,076305346E2
1,449580000E1	1,076313598E2
1,465586667E1	1,076705138E2
1,483190000E1	1,076934561E2
1,499186667E1	1,076662164E2
1,515186667E1	1,076761732E2
1,532793333E1	1,070543780E2
1,548786667E1	1,063503733E2
1,566380000E1	1,057077098E2
1,582390000E1	1,047109949E2
1,598386667E1	1,039030718E2
1,615990000E1	1,037165198E2
1,631993333E1	1,036605933E2
1,649590000E1	1,038906676E2
1,665596667E1	1,042855871E2
1,681583333E1	1,037036239E2
1,699180000E1	1,035981398E2
1,715183333E1	1,027158269E2
1,732796667E1	1,024219795E2
1,748783333E1	1,010165513E2
1,764793333E1	9,875144963E1
1,782390000E1	9,655783645E1
1,798386667E1	9,543516103E1
1,815980000E1	9,383891330E1
1,831993333E1	9,262893793E1
1,849586667E1	9,101008139E1
1,865580000E1	8,983680339E1
1,881583333E1	8,890292486E1
1,899183333E1	8,817292827E1
1,915180000E1	8,768208873E1
1,932783333E1	8,699744135E1
1,948790000E1	8,669340170E1
1,964783333E1	8,652311420E1
1,982376667E1	8,615956492E1
1,998383333E1	8,615926677E1
2,015986667E1	8,635985725E1
2,031980000E1	8,617540004E1
2,047980000E1	8,639327911E1
2,065576667E1	8,672210676E1
2,081593333E1	8,745042410E1
2,099173333E1	8,775206427E1
2,115180000E1	8,867321199E1
2,132773333E1	8,916132419E1
2,148776667E1	9,012116490E1
2,164780000E1	9,117415580E1
2,182383333E1	9,257455668E1
2,198390000E1	9,409046694E1
2,215973333E1	9,573388429E1
2,231976667E1	9,736785941E1
2,247990000E1	9,972983092E1
2,265586667E1	1,027694741E2
2,281590000E1	1,044784075E2
2,299176667E1	1,060975628E2
2,315180000E1	1,078585430E2
2,331190000E1	1,098107120E2
2,348773333E1	1,118966943E2
2,364776667E1	1,140784720E2
2,382383333E1	1,162848098E2
2,398373333E1	1,187348246E2
2,414383333E1	1,215219514E2
2,431973333E1	1,248744113E2
2,447976667E1	1,279592586E2
2,465573333E1	1,311277004E2
2,481586667E1	1,339265070E2
2,499173333E1	1,368809952E2
2,515170000E1	1,313985970E2
2,531176667E1	1,348375101E2
2,548773333E1	1,462802725E2
2,564783333E1	1,481028338E2
2,582366667E1	1,494521287E2
2,598373333E1	1,523703074E2
2,614383333E1	1,547615612E2
2,631970000E1	1,548161154E2
2,647983333E1	1,565474679E2
2,665576667E1	1,571707876E2
2,681576667E1	1,576510433E2
2,697573333E1	1,518246077E2
2,715176667E1	1,527438113E2
2,731180000E1	1,526942297E2
2,748766667E1	1,537460574E2
2,764770000E1	1,538287175E2
2,780770000E1	1,528628832E2
2,798376667E1	1,528325549E2
2,814373333E1	1,523483745E2
2,831976667E1	1,519611149E2
2,847980000E1	1,589374972E2
2,865560000E1	1,581949244E2
2,881566667E1	1,565985794E2
2,897576667E1	1,560144629E2
2,915166667E1	1,548242535E2
2,931183333E1	1,531874876E2
2,948776667E1	1,519229274E2
2,964783333E1	1,499644416E2
2,980766667E1	1,485114986E2
2,998373333E1	1,464914635E2
3,014380000E1	1,449882300E2
3,031980000E1	1,329189190E2
3,047976667E1	1,297916803E2
3,063966667E1	1,257935529E2
3,081573333E1	1,300971372E2
3,097576667E1	1,256339696E2
3,115173333E1	1,220237276E2
3,131176667E1	1,170013580E2
3,148776667E1	1,124351707E2
3,164780000E1	1,077995344E2
3,180770000E1	1,044329938E2
3,198376667E1	1,004288315E2
3,214373333E1	9,663246194E1
3,231966667E1	9,473473924E1
3,247976667E1	9,168087553E1
3,263966667E1	8,977375694E1
3,281576667E1	8,857759679E1
3,297563333E1	8,766299399E1
3,315156667E1	8,681242209E1
3,331170000E1	8,659307881E1
3,347173333E1	8,571513786E1
3,364766667E1	8,571415850E1
3,380766667E1	8,590226693E1
3,398366667E1	8,615736260E1
3,414376667E1	8,669966558E1
3,430376667E1	8,771221107E1
3,447970000E1	8,843051812E1
3,463980000E1	8,973071504E1
3,481576667E1	9,146659997E1
3,497573333E1	9,349118553E1
3,515170000E1	9,557783216E1
3,531176667E1	9,808456931E1
3,547173333E1	1,027259083E2
3,564770000E1	1,056505912E2
3,580763333E1	1,084890049E2
3,598366667E1	1,111979607E2
3,614356667E1	1,146855723E2
3,630376667E1	1,178427088E2
3,647970000E1	1,218573936E2
3,663960000E1	1,263274210E2
3,681573333E1	1,306850412E2
3,697560000E1	1,268865277E2
3,713566667E1	1,309266432E2
3,731166667E1	1,445562728E2
3,747166667E1	1,469215005E2
3,764766667E1	1,514963750E2
3,780756667E1	1,531030772E2
3,796766667E1	1,555980485E2
3,814370000E1	1,575377576E2
3,830366667E1	1,587127944E2
3,847960000E1	1,598004751E2
3,863970000E1	1,528599523E2
3,881550000E1	1,525119935E2
3,897556667E1	1,600596388E2
3,913570000E1	1,517697659E2
3,931170000E1	1,508475528E2
3,947156667E1	1,576309396E2
3,964756667E1	1,556453514E2
3,980766667E1	1,546419794E2
3,996763333E1	1,525486201E2
4,014356667E1	1,507491446E2
4,030356667E1	1,480227071E2
4,047953333E1	1,447380945E2
4,063966667E1	1,335430188E2
4,079953333E1	1,297046014E2
4,097550000E1	1,254760906E2
4,113553333E1	1,285210870E2
4,131156667E1	1,228017682E2
4,147160000E1	1,171671730E2
4,164756667E1	1,117433431E2
4,180766667E1	1,066510617E2
4,196760000E1	1,020270747E2
4,214376667E1	9,695235484E1
4,230370000E1	9,379335942E1
4,247950000E1	9,155902500E1
4,263963333E1	8,890063246E1
4,279970000E1	8,760237130E1
4,297556667E1	8,678702476E1
4,313553333E1	8,598945411E1
4,331153333E1	8,572044643E1
4,347163333E1	8,582146191E1
4,363153333E1	8,589675964E1
4,380760000E1	8,653935369E1
4,396760000E1	8,736208907E1
4,414343333E1	8,862201078E1
4,430360000E1	8,988775337E1
4,446363333E1	9,232620882E1
4,463946667E1	9,393887720E1
4,479966667E1	9,699214343E1
4,497553333E1	1,007636680E2
4,513560000E1	1,046813459E2
4,531143333E1	1,079058052E2
4,547146667E1	1,107155220E2
4,563160000E1	1,137926344E2
4,580746667E1	1,176194739E2
4,596770000E1	1,214381227E2
4,614356667E1	1,256224108E2
4,630360000E1	1,299479306E2
4,646360000E1	1,339707338E2
4,663956667E1	1,386858837E2
4,679956667E1	1,429155166E2
4,697553333E1	1,467149127E2
4,713550000E1	1,499959442E2
4,729553333E1	1,524097054E2
4,747156667E1	1,558029107E2
4,763146667E1	1,577771369E2
4,780753333E1	1,511669136E2
4,796753333E1	1,515507293E2
4,812746667E1	1,524942043E2
4,830346667E1	1,523843550E2
4,846360000E1	1,527118916E2
4,863946667E1	1,524187203E2
4,879950000E1	1,513720960E2
4,897550000E1	1,585583279E2
4,913556667E1	1,566032895E2
4,929546667E1	1,555854442E2
4,947153333E1	1,534798301E2
4,963160000E1	1,510132901E2
4,980756667E1	1,486169858E2
4,996750000E1	1,460255994E2
5,012760000E1	1,355382932E2
5,030353333E1	1,314479015E2
5,046350000E1	1,274402292E2
5,063953333E1	1,294059440E2
5,079950000E1	1,244165053E2
5,095950000E1	1,184361679E2
5,113543333E1	1,127215243E2
5,129550000E1	1,073015268E2
5,147153333E1	1,027489997E2
5,163156667E1	9,771920005E1
5,180736667E1	9,408555927E1
5,196750000E1	9,169756101E1
5,212760000E1	8,894329423E1
5,230343333E1	8,776109070E1
5,246343333E1	8,686866079E1
5,263946667E1	8,642428617E1
5,279946667E1	8,567095569E1
5,295940000E1	8,566263637E1
5,313553333E1	8,577471727E1
5,329543333E1	8,613928618E1
5,347136667E1	8,693762540E1
5,363143333E1	8,857977108E1
5,379146667E1	8,974188193E1
5,396743333E1	9,184516987E1
5,412746667E1	9,390142685E1
5,430346667E1	9,672620776E1
5,446340000E1	9,996522454E1
5,462353333E1	1,046352884E2
5,479950000E1	1,076747618E2
5,495943333E1	1,103442521E2
5,513540000E1	1,135823381E2
5,529550000E1	1,167793843E2
5,547133333E1	1,207596915E2
5,563140000E1	1,251646384E2
5,579150000E1	1,290643047E2
5,596743333E1	1,336388538E2
5,612743333E1	1,299013793E2
5,630330000E1	1,347846532E2
5,646350000E1	1,484094725E2
5,662343333E1	1,513056293E2
5,679933333E1	1,538626191E2
5,695943333E1	1,564024313E2
5,713543333E1	1,578511429E2
5,729550000E1	1,516628007E2
5,745550000E1	1,519887116E2
5,763136667E1	1,528069332E2
5,779146667E1	1,529746318E2
5,796740000E1	1,530170128E2
5,812736667E1	1,526706490E2
5,828740000E1	1,514788622E2
5,846330000E1	1,586268507E2
5,862346667E1	1,565977977E2
5,879933333E1	1,556901145E2
5,895933333E1	1,533694985E2
5,913526667E1	1,514737284E2
5,929533333E1	1,487848461E2
5,945530000E1	1,459569461E2
5,963130000E1	1,337623057E2
5,979130000E1	1,308664056E2
5,996733333E1	1,250492878E2
6,012746667E1	1,285784307E2
6,028746667E1	1,233783435E2
6,046343333E1	1,171939374E2
6,062333333E1	1,115436202E2
6,079930000E1	1,065750589E2
6,095930000E1	1,019075143E2
6,111933333E1	9,672786838E1
6,129536667E1	9,336215961E1
6,145533333E1	9,075746538E1
6,163140000E1	8,887878239E1
6,179146667E1	8,762922695E1
6,196733333E1	8,672019675E1
6,212746667E1	8,596055662E1
6,228733333E1	8,567741945E1
6,246330000E1	8,581125964E1
6,262336667E1	8,582749921E1
6,279930000E1	8,645160582E1
6,295936667E1	8,749613199E1
6,311936667E1	8,882988935E1
6,329526667E1	9,013786373E1
6,345523333E1	9,247052820E1
6,363136667E1	9,460095682E1
6,379123333E1	9,732736221E1
6,395133333E1	1,016822132E2
6,412736667E1	1,051126000E2
6,428743333E1	1,086131772E2
6,446336667E1	1,114964658E2
6,462340000E1	1,145083661E2
6,478346667E1	1,180138869E2
6,495926667E1	1,220148272E2
6,511930000E1	1,263700458E2
6,529540000E1	1,304248916E2
6,545526667E1	1,343893408E2
6,563120000E1	1,306445878E2
6,579136667E1	1,347032644E2
6,595130000E1	1,470793648E2
6,612736667E1	1,515681443E2
6,628726667E1	1,530246395E2
6,646316667E1	1,558177730E2
6,662336667E1	1,576018450E2
6,678336667E1	1,511525159E2
6,695933333E1	1,528605614E2
6,711926667E1	1,526466416E2
6,729526667E1	1,525634711E2
6,745523333E1	1,530580342E2
6,761526667E1	1,519927551E2
6,779123333E1	1,516044900E2
6,795126667E1	1,583186720E2
6,812736667E1	1,567864012E2
6,828723333E1	1,554417764E2
6,844726667E1	1,534368140E2
6,862330000E1	1,513173144E2
6,878340000E1	1,487658981E2
6,895923333E1	1,456804871E2
6,911923333E1	1,339343083E2
6,929526667E1	1,304992863E2
6,945523333E1	1,330994505E2
6,961546667E1	1,279215559E2
6,979133333E1	1,226422768E2
6,995123333E1	1,166320807E2
7,012730000E1	1,112835790E2
7,028723333E1	1,063939592E2
7,044723333E1	1,016613380E2
7,062323333E1	9,645926797E1
7,078320000E1	9,282254799E1
7,095923333E1	9,067457974E1
7,111920000E1	8,887990037E1
7,127923333E1	8,763186670E1
7,145520000E1	8,665058621E1
7,161533333E1	8,615230579E1
7,179123333E1	8,562301312E1
7,195126667E1	8,568361479E1
7,212726667E1	8,586253257E1
7,228720000E1	8,663523029E1
7,244723333E1	8,766680721E1
7,262316667E1	8,894638722E1
7,278330000E1	9,072966069E1
7,295920000E1	9,278190710E1
7,311933333E1	9,542104492E1
7,327933333E1	9,792186685E1
7,345516667E1	1,028753573E2
7,361536667E1	1,058779563E2
7,379123333E1	1,093550504E2
7,395123333E1	1,123562031E2
7,411130000E1	1,154561023E2
7,428716667E1	1,188113177E2
7,444716667E1	1,230085622E2
7,462316667E1	1,273334676E2
7,478326667E1	1,317233098E2
7,494326667E1	1,358390750E2
7,511916667E1	1,314784976E2
7,527913333E1	1,454264725E2
7,545510000E1	1,487914389E2
7,561510000E1	1,525918756E2
7,579120000E1	1,543243137E2
7,595123333E1	1,560006075E2
7,611120000E1	1,576621420E2
7,628726667E1	1,586838519E2
7,644723333E1	1,514015187E2
7,662306667E1	1,598907436E2
7,678336667E1	1,528521221E2
7,694313333E1	1,597742824E2
7,711923333E1	1,509304408E2
7,727923333E1	1,583909794E2
7,745510000E1	1,566592491E2
7,761513333E1	1,555503194E2
7,777516667E1	1,535572874E2
7,795110000E1	1,513188215E2
7,811126667E1	1,490422288E2
7,828716667E1	1,473496979E2
7,844706667E1	1,446062661E2
7,860723333E1	1,320578940E2
7,878320000E1	1,356968969E2
7,894310000E1	1,306023538E2
7,911913333E1	1,254178240E2
7,927923333E1	1,197813687E2
7,945506667E1	1,132843364E2
7,961523333E1	1,077581337E2
7,977506667E1	1,037017810E2
7,995113333E1	9,874917022E1
8,011110000E1	9,419044354E1
8,028716667E1	9,159847124E1
8,044720000E1	8,964885426E1
8,060713333E1	8,794893630E1
8,078316667E1	8,672382439E1
8,094320000E1	8,614648880E1
8,111906667E1	8,550936011E1
8,127916667E1	8,565478938E1
8,143920000E1	8,565231308E1
8,161516667E1	8,595767893E1
8,177513333E1	8,699525076E1
8,195106667E1	8,862810281E1
8,211116667E1	8,967299675E1
8,228713333E1	9,186408858E1
8,244716667E1	9,384729624E1
8,260710000E1	9,683699440E1
8,278313333E1	1,003350423E2
8,294303333E1	1,048765986E2
8,311910000E1	1,078912567E2
8,327916667E1	1,106522867E2
8,343906667E1	1,139023616E2
8,361503333E1	1,174893945E2
8,377516667E1	1,213282412E2
8,395096667E1	1,257836741E2
8,411110000E1	1,297150834E2
8,427113333E1	1,339324793E2
8,444713333E1	1,389557914E2
8,460706667E1	1,430600115E2
8,478310000E1	1,476286036E2
8,494303333E1	1,508279227E2
8,510310000E1	1,535851389E2
8,527916667E1	1,554961035E2
8,543920000E1	1,570914244E2
8,561516667E1	1,584312268E2
8,577503333E1	1,513538329E2
8,595100000E1	1,527372881E2
8,611103333E1	1,528931485E2
8,627103333E1	1,526871204E2
8,644706667E1	1,516418416E2
8,660720000E1	1,508873257E2
8,678296667E1	1,578826750E2
8,694313333E1	1,560363410E2
8,710310000E1	1,551213065E2
8,727903333E1	1,528423551E2
8,743900000E1	1,509241358E2
8,761506667E1	1,483689505E2
8,777503333E1	1,454560887E2
8,793516667E1	1,338379493E2
8,811103333E1	1,384686786E2
8,827116667E1	1,329665307E2
8,844696667E1	1,285954218E2
8,860700000E1	1,234481380E2
8,878306667E1	1,170067980E2
8,894300000E1	1,111940388E2
8,910313333E1	1,064005861E2
8,927910000E1	1,018139217E2
8,943910000E1	9,677339514E1
8,961506667E1	9,315145222E1
8,977493333E1	9,064718444E1
8,993496667E1	8,890814043E1
9,011106667E1	8,762594155E1
9,027113333E1	8,676637054E1
9,044703333E1	8,580025573E1
9,060700000E1	8,563935045E1
9,076700000E1	8,576663342E1
9,094296667E1	8,587381493E1
9,110303333E1	8,647404007E1
9,127906667E1	8,754981649E1
9,143906667E1	8,889969199E1
9,159906667E1	9,052380027E1
9,177500000E1	9,274869219E1
9,193503333E1	9,501040461E1
9,211093333E1	9,769674243E1
9,227096667E1	1,023432418E2
9,244690000E1	1,057286041E2
9,260710000E1	1,087216898E2
9,276710000E1	1,116696460E2
9,294293333E1	1,147384695E2
9,310300000E1	1,181646702E2
9,327903333E1	1,223427356E2
9,343900000E1	1,266319540E2
9,359903333E1	1,308396751E2
9,377496667E1	1,268840640E2
9,393503333E1	1,314713250E2
9,411086667E1	1,456141206E2
9,427106667E1	1,485273978E2
9,443093333E1	1,526809567E2
9,460706667E1	1,545684315E2
9,476693333E1	1,569204178E2
9,494286667E1	1,510411523E2
9,510303333E1	1,517713535E2
9,526300000E1	1,526389786E2
9,543893333E1	1,528950389E2
9,559903333E1	1,609701536E2
9,577506667E1	1,528599360E2
9,593500000E1	1,520378953E2
9,611083333E1	1,513930107E2
9,627103333E1	1,581887828E2
9,643096667E1	1,567014792E2
9,660693333E1	1,550594172E2
9,676693333E1	1,527775554E2
9,694293333E1	1,508130835E2
9,710293333E1	1,486104315E2
9,726293333E1	1,451260215E2
9,743886667E1	1,327198519E2
9,759900000E1	1,287206479E2
9,777503333E1	1,234939641E2
9,793496667E1	1,267180833E2
9,809493333E1	1,208528569E2
9,827100000E1	1,143527772E2
9,843090000E1	1,088001838E2
9,860700000E1	1,047675993E2
9,876690000E1	9,965677935E1
9,894283333E1	9,501011719E1
9,910296667E1	9,186049143E1
9,926293333E1	8,970718254E1
9,943890000E1	8,844094457E1
9,959900000E1	8,703902174E1
9,977490000E1	8,639565563E1
9,993486667E1	8,561545810E1
1,000950000E2	8,564203584E1
1,002710000E2	8,573649659E1
1,004309000E2	8,589993493E1
1,006069333E2	8,691548171E1
1,007669667E2	8,819988924E1
1,009270000E2	8,947295983E1
1,011029333E2	9,159283013E1
1,012628667E2	9,365895439E1
1,014389333E2	9,658288096E1
1,015988667E2	9,949186319E1
1,017589333E2	1,044018765E2
1,019349667E2	1,070349890E2
1,020949667E2	1,103574745E2
1,022709333E2	1,134617255E2
1,024308333E2	1,166300590E2
1,026068333E2	1,202432864E2
1,027668333E2	1,247374861E2
1,029269000E2	1,288908884E2
1,031029000E2	1,332523903E2
1,032628333E2	1,293037280E2
1,034389000E2	1,338402732E2
1,035989667E2	1,470133886E2
1,037588667E2	1,513057630E2
1,039348000E2	1,536112060E2
1,040949000E2	1,556647069E2
1,042709000E2	1,575199580E2
1,044308333E2	1,510046599E2
1,045909000E2	1,518988214E2
1,047668000E2	1,525675533E2
1,049269000E2	1,606196891E2
1,051029000E2	1,606223325E2
1,052629333E2	1,519688567E2
1,054229333E2	1,512252098E2
1,055987333E2	1,586448050E2
1,057589333E2	1,564327327E2
1,059348333E2	1,555214446E2
1,060947667E2	1,531887488E2
1,062707667E2	1,516589610E2
1,064309000E2	1,486588408E2
1,065909333E2	1,459945124E2
1,067668667E2	1,344130243E2
1,069269667E2	1,308248131E2
1,071028667E2	1,330590333E2
1,072627667E2	1,285549173E2
1,074229000E2	1,237090375E2
1,075987667E2	1,170268155E2
1,077587667E2	1,110649619E2
1,079348333E2	1,065045795E2
1,080949333E2	1,017831102E2
1,082548000E2	9,678757176E1
1,084309000E2	9,279464348E1
1,085908667E2	9,046422978E1
1,087667333E2	8,886372627E1
1,089268333E2	8,767341953E1
1,091027000E2	8,665935328E1
1,092629000E2	8,579305049E1
1,094228333E2	8,567511621E1
1,095987667E2	8,570047648E1
1,097588667E2	8,579511040E1
1,099347667E2	8,659792703E1
1,100948667E2	8,770517844E1
1,102548667E2	8,890889933E1
1,104308667E2	9,048601209E1
1,105908333E2	9,287700421E1
1,107667000E2	9,541131129E1
1,109268333E2	9,824962247E1
1,110868667E2	1,031048105E2
1,112628333E2	1,058518492E2
1,114227333E2	1,096562048E2
1,115987000E2	1,123723107E2
1,117588333E2	1,156729135E2
1,119187667E2	1,188940201E2
1,120948667E2	1,234070060E2
1,122548333E2	1,278081422E2
1,124308000E2	1,319113887E2
1,125907000E2	1,284856544E2
1,127666667E2	1,415604957E2
1,129267333E2	1,469196901E2
1,130867333E2	1,497212161E2
1,132628333E2	1,541701293E2
1,134228000E2	1,566707538E2
1,135986333E2	1,583722067E2
1,137588000E2	1,595358022E2
1,139188333E2	1,604528231E2
1,140948333E2	1,527591090E2
1,142547333E2	1,534646695E2
1,144308000E2	1,528908444E2
1,145907667E2	1,527415815E2
1,147507333E2	1,521267887E2
1,149266667E2	1,509169192E2
1,150868000E2	1,572481604E2
1,152626333E2	1,562447095E2
1,154228000E2	1,542843084E2
1,155827667E2	1,520636666E2
1,157588000E2	1,495942501E2
1,159187333E2	1,470163194E2
1,160947000E2	1,448030070E2
1,162547333E2	1,316740145E2
1,164307333E2	1,339210475E2
1,165907667E2	1,292862860E2
1,167508000E2	1,239195087E2
1,169267333E2	1,184598248E2
1,170867667E2	1,118014804E2
1,172627333E2	1,066742289E2
1,174226667E2	1,020524173E2
1,175828333E2	9,752312202E1
1,177588000E2	9,364134928E1
1,179186667E2	9,058973877E1
1,180946000E2	8,885407622E1
1,182548000E2	8,774347826E1
1,184148000E2	8,673678197E1
1,185907667E2	8,592261257E1
1,187507000E2	8,560957471E1
1,189267000E2	8,571588053E1
1,190866667E2	8,574628854E1
1,192626667E2	8,641470620E1
1,194226333E2	8,759291694E1
1,195828000E2	8,869477122E1
1,197586000E2	9,025863829E1
1,199187667E2	9,265991227E1
1,200947000E2	9,495313414E1
1,202548000E2	9,785328747E1
1,204147667E2	1,023953073E2
1,205907000E2	1,056828373E2
1,207507667E2	1,089525286E2
1,209265667E2	1,118272407E2
1,210866333E2	1,150741305E2
1,212467667E2	1,188024449E2
1,214227333E2	1,230282210E2
1,215827000E2	1,274668551E2
1,217586000E2	1,318588966E2
1,219187000E2	1,356768870E2
1,220788000E2	1,406201293E2
1,222545667E2	1,455074299E2
1,224147667E2	1,494823996E2
1,225905667E2	1,524613505E2
1,227507667E2	1,550510558E2
1,229267333E2	1,490449606E2
1,230867000E2	1,503528436E2
1,232466333E2	1,519891353E2
1,234226000E2	1,605150600E2
1,235826000E2	1,531997445E2
1,237586667E2	1,528775464E2
1,239186000E2	1,604691967E2
1,240787000E2	1,519899709E2
1,242545667E2	1,587785123E2
1,244147000E2	1,570033551E2
1,245906000E2	1,560740579E2
1,247506000E2	1,539858868E2
1,249107000E2	1,519944586E2
1,250865667E2	1,495112256E2
1,252466667E2	1,470703812E2
1,254225333E2	1,450570863E2
1,255827000E2	1,319427251E2
1,257427333E2	1,345409947E2
1,259186000E2	1,292956056E2
1,260785667E2	1,243063081E2
1,262545333E2	1,182308975E2
1,264147000E2	1,119586208E2
1,265906333E2	1,065764914E2
1,267506333E2	1,021830435E2
1,269106667E2	9,757326290E1
1,270865333E2	9,366070621E1
1,272466333E2	9,060292106E1
1,274225333E2	8,881251252E1
1,275826333E2	8,763753662E1
1,277425667E2	8,674815873E1
1,279187000E2	8,588615182E1
1,280786667E2	8,568340606E1
1,282546667E2	8,565238256E1
1,284146333E2	8,576717770E1
1,285745667E2	8,656550151E1
1,287506333E2	8,766795798E1
1,289105667E2	8,891304100E1
1,290866667E2	9,051267677E1
1,292466667E2	9,262636965E1
1,294224667E2	9,539137458E1
1,295825333E2	9,813722496E1
1,297426000E2	1,030593248E2
1,299185667E2	1,060115424E2
1,300785333E2	1,097762671E2
1,302545000E2	1,125672781E2
1,304144667E2	1,158319583E2
1,305745667E2	1,197361745E2
1,307505000E2	1,241061432E2
1,309104667E2	1,286035143E2
1,310866333E2	1,326147726E2
1,312466000E2	1,289003135E2
1,314065333E2	1,332731002E2
1,315825000E2	1,468450947E2
1,317426000E2	1,506294450E2
1,319185000E2	1,533831892E2
1,320785667E2	1,564539316E2
1,322386333E2	1,578766666E2
1,324146000E2	1,510717770E2
1,325745000E2	1,518440424E2
1,327504667E2	1,526952950E2
1,329105667E2	1,527785254E2
1,330865333E2	1,528699278E2
1,332465667E2	1,521633133E2
1,334066000E2	1,517945029E2
1,335825333E2	1,584331644E2
1,337426333E2	1,566374890E2
1,339185333E2	1,558642939E2
1,340785333E2	1,536806462E2
1,342386000E2	1,515143172E2
1,344144333E2	1,487278239E2
1,345745000E2	1,459111397E2
1,347505333E2	1,348000091E2
1,349105667E2	1,290946231E2
1,350705667E2	1,317514796E2
1,352465667E2	1,268639245E2
1,354065000E2	1,215255975E2
1,355825667E2	1,156290962E2
1,357424667E2	1,094998892E2
1,359024667E2	1,047943382E2
1,360784667E2	1,004053912E2
1,362386000E2	9,573237200E1
1,364144667E2	9,263303909E1
1,365745667E2	8,950496345E1
1,367504000E2	8,802845375E1
1,369106333E2	8,706736208E1
1,370705333E2	8,651658376E1
1,372464667E2	8,582169362E1
1,374064667E2	8,577018972E1
1,375825000E2	8,568809435E1
1,377424333E2	8,595043050E1
1,379025000E2	8,676807929E1
1,380785000E2	8,841184324E1
1,382384667E2	8,930896671E1
1,384144333E2	8,952573882E1
1,385745667E2	8,948518317E1
1,387345667E2	8,963246004E1
1,389104000E2	8,962528486E1
1,390705000E2	8,926837744E1
1,392465000E2	8,910337052E1
1,394063667E2	8,912358329E1
1,395824667E2	8,908212166E1
1,397424000E2	8,927051573E1
