tömeg_A
t	x
0.000000000E0	1.606966618E2
1.600666667E-1	1.607052530E2
3.361333333E-1	1.607205654E2
4.960000000E-1	1.607180187E2
6.720666667E-1	1.606835636E2
8.321333333E-1	1.607379081E2
9.920666667E-1	1.606801203E2
1.167933333E0	1.606845467E2
1.328000000E0	1.607116558E2
1.504033333E0	1.607468541E2
1.664100000E0	1.606310801E2
1.823966667E0	1.606738436E2
2.000133333E0	1.606786316E2
2.160266667E0	1.607094514E2
2.336033333E0	1.606867003E2
2.496100000E0	1.606015228E2
2.656066667E0	1.607023591E2
2.832033333E0	1.606673010E2
2.992033333E0	1.606771459E2
3.168133333E0	1.607573494E2
3.327966667E0	1.607115816E2
3.488233333E0	1.606842406E2
3.663933333E0	1.606566598E2
3.824000000E0	1.607168280E2
4.000033333E0	1.606461616E2
4.160066667E0	1.606641712E2
4.336000000E0	1.607033744E2
4.496300000E0	1.606555582E2
4.655966667E0	1.606996086E2
4.831966667E0	1.606182806E2
4.992066667E0	1.606525275E2
5.168066667E0	1.607230746E2
5.327966667E0	1.607206907E2
5.488100000E0	1.607274921E2
5.663933333E0	1.606798275E2
5.823966667E0	1.616227147E2
6.000000000E0	1.610801450E2
6.159933333E0	1.608010048E2
6.319900000E0	1.596285812E2
6.495933333E0	1.574345487E2
6.656000000E0	1.579104382E2
6.832000000E0	1.550221708E2
6.992000000E0	1.539173192E2
7.167866667E0	1.537998320E2
7.327900000E0	1.495746951E2
7.488066667E0	1.378013830E2
7.664066667E0	1.365593897E2
7.824000000E0	1.306764332E2
7.999933333E0	1.239609956E2
8.159966667E0	1.111579412E2
8.320066667E0	1.096155802E2
8.495900000E0	1.042274741E2
8.655933333E0	9.991643286E1
8.831933333E0	9.726599310E1
8.991966667E0	9.891848782E1
9.152033333E0	9.727818014E1
9.328033333E0	8.761990221E1
9.488066667E0	8.755107054E1
9.663966667E0	8.778654590E1
9.824033333E0	8.798801019E1
9.983966667E0	8.958145692E1
1.015996667E1	9.240230449E1
1.032000000E1	9.670325862E1
1.049583333E1	1.026061789E2
1.065590000E1	1.017868540E2
1.083183333E1	1.105220827E2
1.099190000E1	1.146228235E2
1.115203333E1	1.132857271E2
1.132790000E1	1.229646680E2
1.148800000E1	1.276235021E2
1.166390000E1	1.334679224E2
1.182400000E1	1.389318458E2
1.198393333E1	1.446764304E2
1.215986667E1	1.498670377E2
1.231986667E1	1.498012987E2
1.249596667E1	1.565875537E2
1.265603333E1	1.548508821E2
1.281600000E1	1.576264312E2
1.299190000E1	1.589290448E2
1.315200000E1	1.596628469E2
1.332790000E1	1.598115583E2
1.348793333E1	1.598900984E2
1.364833333E1	1.588681678E2
1.382380000E1	1.573291477E2
1.398383333E1	1.585846587E2
1.415986667E1	1.576065581E2
1.431996667E1	1.566178168E2
1.449580000E1	1.536887771E2
1.465590000E1	1.495527398E2
1.481590000E1	1.456370717E2
1.499190000E1	1.396115819E2
1.515186667E1	1.321430075E2
1.532783333E1	1.249875069E2
1.548796667E1	1.166662932E2
1.564783333E1	1.097887325E2
1.582393333E1	1.037513965E2
1.598380000E1	1.000750037E2
1.615980000E1	1.003608535E2
1.631980000E1	9.867602071E1
1.648000000E1	9.726890287E1
1.665596667E1	8.820310785E1
1.681590000E1	8.679345304E1
1.699186667E1	8.793433787E1
1.715193333E1	8.856672408E1
1.732790000E1	9.091998253E1
1.748790000E1	9.421966430E1
1.764826667E1	9.658142038E1
1.782396667E1	1.018498066E2
1.798380000E1	1.060517596E2
1.815983333E1	1.103167691E2
1.831990000E1	1.156733054E2
1.847993333E1	1.139119986E2
1.865590000E1	1.229819550E2
1.881580000E1	1.280337673E2
1.899183333E1	1.337338541E2
1.915190000E1	1.394502380E2
1.931193333E1	1.385872918E2
1.948786667E1	1.480368797E2
1.964813333E1	1.527747895E2
1.982390000E1	1.527409594E2
1.998380000E1	1.554715139E2
2.014393333E1	1.579936424E2
2.031990000E1	1.590109938E2
2.048003333E1	1.597593120E2
2.065600000E1	1.599115208E2
2.081580000E1	1.597747839E2
2.099186667E1	1.588063775E2
2.115176667E1	1.564731764E2
2.131180000E1	1.548206467E2
2.148803333E1	1.549812923E2
2.164783333E1	1.536340033E2
2.182370000E1	1.526701064E2
2.198373333E1	1.469045502E2
2.214390000E1	1.429695136E2
2.231970000E1	1.357460300E2
2.247970000E1	1.289468888E2
2.265566667E1	1.213972241E2
2.281573333E1	1.134845732E2
2.297580000E1	1.063714565E2
2.315173333E1	1.015163792E2
2.331173333E1	1.012046998E2
2.348773333E1	9.960251611E1
2.364786667E1	9.805608385E1
2.380786667E1	8.964425441E1
2.398376667E1	8.788589725E1
2.414386667E1	8.759617285E1
2.431973333E1	8.879331529E1
2.447986667E1	8.815276206E1
2.465570000E1	8.947411155E1
2.481586667E1	9.453594444E1
2.497573333E1	9.783515726E1
2.515186667E1	1.045335582E2
2.531170000E1	1.094402667E2
2.548776667E1	1.102757254E2
2.564783333E1	1.168069667E2
2.580773333E1	1.210658348E2
2.598386667E1	1.260697068E2
2.614386667E1	1.316287002E2
2.631966667E1	1.358822273E2
2.647983333E1	1.355227541E2
2.663976667E1	1.467303956E2
2.681583333E1	1.498046774E2
2.697580000E1	1.503373779E2
2.715190000E1	1.536172242E2
2.731186667E1	1.557786330E2
2.748763333E1	1.578669955E2
2.764783333E1	1.587230587E2
2.780783333E1	1.590788233E2
2.798376667E1	1.588398099E2
2.814373333E1	1.579788853E2
2.831976667E1	1.564784937E2
2.847966667E1	1.574715887E2
2.863970000E1	1.579169495E2
2.881570000E1	1.569113858E2
2.897566667E1	1.500760804E2
2.915180000E1	1.503378820E2
2.931180000E1	1.463613371E2
2.947176667E1	1.403036217E2
2.964766667E1	1.321119043E2
2.980763333E1	1.244306927E2
2.998363333E1	1.162748282E2
3.014363333E1	1.086575809E2
3.030370000E1	1.028064941E2
3.047966667E1	9.903170194E1
3.063980000E1	9.603549647E1
3.081573333E1	9.588596316E1
3.097573333E1	9.782647160E1
3.115173333E1	8.880656545E1
3.131176667E1	8.777320594E1
3.147186667E1	8.896498522E1
3.164766667E1	8.787656662E1
3.180766667E1	8.846522158E1
3.198366667E1	9.402438016E1
3.214386667E1	9.972575414E1
3.230370000E1	1.035874958E2
3.247980000E1	1.086467525E2
3.263963333E1	1.095947489E2
3.281570000E1	1.113657227E2
3.297570000E1	1.146373756E2
3.313573333E1	1.245932387E2
3.331176667E1	1.299238688E2
3.347166667E1	1.350842832E2
3.364770000E1	1.405299958E2
3.380763333E1	1.385899583E2
3.396770000E1	1.487779733E2
3.414366667E1	1.530565848E2
3.430380000E1	1.526604240E2
3.447973333E1	1.547552639E2
3.463960000E1	1.575991754E2
3.481556667E1	1.586847415E2
3.497573333E1	1.593643231E2
3.513573333E1	1.588058840E2
3.531156667E1	1.585548523E2
3.547166667E1	1.572635760E2
3.564770000E1	1.602108933E2
3.580760000E1	1.530612765E2
3.596760000E1	1.539241787E2
3.614366667E1	1.545001103E2
3.630360000E1	1.471078339E2
3.647970000E1	1.464869349E2
3.663990000E1	1.354305537E2
3.679973333E1	1.343277464E2
3.697556667E1	1.261597496E2
3.713573333E1	1.133564141E2
3.731163333E1	1.085648886E2
3.747160000E1	1.039655157E2
3.764753333E1	9.971841579E1
3.780756667E1	9.670846686E1
3.796766667E1	9.496276193E1
3.814370000E1	9.035304737E1
3.830373333E1	8.890906453E1
3.847953333E1	8.744280363E1
3.863960000E1	8.862691502E1
3.879970000E1	8.940891432E1
3.897553333E1	8.957343062E1
3.913560000E1	9.469964254E1
3.931153333E1	9.787792163E1
3.947170000E1	9.971781017E1
3.963163333E1	1.081145502E2
3.980763333E1	1.117275701E2
3.996756667E1	1.102656754E2
4.014350000E1	1.196336807E2
4.030380000E1	1.245799431E2
4.046373333E1	1.296129033E2
4.063953333E1	1.345744632E2
4.079966667E1	1.404137552E2
4.097566667E1	1.388112581E2
4.113553333E1	1.485355371E2
4.131163333E1	1.517564596E2
4.147153333E1	1.565526275E2
4.163153333E1	1.545727858E2
4.180753333E1	1.568444189E2
4.196763333E1	1.577218457E2
4.214346667E1	1.585674038E2
4.230376667E1	1.585135775E2
4.246366667E1	1.578284899E2
4.263953333E1	1.567371464E2
4.279966667E1	1.536677545E2
4.297556667E1	1.573512583E2
4.313566667E1	1.568067149E2
4.329563333E1	1.510711013E2
4.347156667E1	1.466655100E2
4.363163333E1	1.477280022E2
4.380750000E1	1.425332449E2
4.396750000E1	1.351059922E2
4.412763333E1	1.281541631E2
4.430363333E1	1.196108209E2
4.446400000E1	1.113981302E2
4.463956667E1	1.045905763E2
4.479956667E1	1.000029457E2
4.497553333E1	1.005501881E2
4.513560000E1	9.531015118E1
4.529550000E1	9.040521814E1
4.547160000E1	8.936621523E1
4.563163333E1	8.742001540E1
4.580756667E1	8.831726806E1
4.596753333E1	8.907853630E1
4.612760000E1	8.811683412E1
4.630350000E1	9.453608251E1
4.646346667E1	9.766294056E1
4.663960000E1	1.032393125E2
4.679953333E1	1.079138200E2
4.695950000E1	1.117772949E2
4.713543333E1	1.162218363E2
4.729560000E1	1.207110013E2
4.747156667E1	1.252276718E2
4.763160000E1	1.303019473E2
4.780756667E1	1.353383772E2
4.796746667E1	1.345428558E2
4.812763333E1	1.401972361E2
4.830343333E1	1.458808377E2
4.846370000E1	1.532274748E2
4.863953333E1	1.524593090E2
4.879953333E1	1.553543806E2
4.895946667E1	1.572897626E2
4.913560000E1	1.586858475E2
4.929556667E1	1.592293164E2
4.947153333E1	1.595435641E2
4.963150000E1	1.588264815E2
4.979160000E1	1.575667269E2
4.996756667E1	1.556690231E2
5.012743333E1	1.576333877E2
5.030353333E1	1.577410622E2
5.046340000E1	1.486322298E2
5.062350000E1	1.478403466E2
5.079943333E1	1.475476708E2
5.095943333E1	1.365373156E2
5.113553333E1	1.357503456E2
5.129550000E1	1.285423146E2
5.147136667E1	1.204540239E2
5.163150000E1	1.135339779E2
5.179156667E1	1.053383071E2
5.196753333E1	1.001762371E2
5.212743333E1	9.916004064E1
5.230330000E1	9.492724030E1
5.246340000E1	9.065263133E1
5.262356667E1	8.877537984E1
5.279953333E1	8.771826520E1
5.295940000E1	8.831013039E1
5.313550000E1	8.940787856E1
5.329546667E1	8.852305764E1
5.345556667E1	9.157648534E1
5.363153333E1	9.748805874E1
5.379153333E1	1.022120196E2
5.396736667E1	1.073407927E2
5.412756667E1	1.114290029E2
5.428753333E1	1.152726458E2
5.446336667E1	1.146276022E2
5.462336667E1	1.245134974E2
5.479946667E1	1.296089942E2
5.495940000E1	1.350787562E2
5.513546667E1	1.341648953E2
5.529540000E1	1.397591431E2
5.545553333E1	1.502573108E2
5.563143333E1	1.491448030E2
5.579153333E1	1.525622087E2
5.596736667E1	1.548387996E2
5.612750000E1	1.561281785E2
5.628753333E1	1.576716301E2
5.646350000E1	1.581176180E2
5.662350000E1	1.581715611E2
5.679936667E1	1.577297774E2
5.695950000E1	1.565946034E2
5.711943333E1	1.538036843E2
5.729536667E1	1.567993411E2
5.745546667E1	1.547663856E2
5.763156667E1	1.481684459E2
5.779143333E1	1.476973214E2
5.796736667E1	1.473551857E2
5.812736667E1	1.423963230E2
5.828750000E1	1.355853079E2
5.846336667E1	1.286333669E2
5.862346667E1	1.204189969E2
5.879930000E1	1.125019552E2
5.895933333E1	1.056331549E2
5.911946667E1	1.005729628E2
5.929540000E1	1.007155914E2
5.945536667E1	9.875048289E1
5.963126667E1	9.033191223E1
5.979143333E1	8.915000187E1
5.995136667E1	8.679858716E1
6.012733333E1	8.783535082E1
6.028746667E1	8.802201793E1
6.046340000E1	8.930750682E1
6.062336667E1	9.386262403E1
6.078343333E1	9.735141735E1
6.095930000E1	1.025979505E2
6.111943333E1	1.074779199E2
6.129543333E1	1.116308505E2
6.145543333E1	1.102259326E2
6.163123333E1	1.210213657E2
6.179136667E1	1.246845998E2
6.195136667E1	1.302796115E2
6.212733333E1	1.350718853E2
6.228743333E1	1.346126196E2
6.246340000E1	1.476008486E2
6.262346667E1	1.467718068E2
6.278343333E1	1.529507195E2
6.295926667E1	1.528876835E2
6.311933333E1	1.556261478E2
6.329520000E1	1.568765053E2
6.345540000E1	1.583923229E2
6.361530000E1	1.586884418E2
6.379126667E1	1.587581526E2
6.395130000E1	1.586697501E2
6.412740000E1	1.570378196E2
6.428743333E1	1.542600804E2
6.444760000E1	1.536512459E2
6.462336667E1	1.529666658E2
6.478336667E1	1.545799107E2
6.495923333E1	1.464597343E2
6.511933333E1	1.475517819E2
6.529533333E1	1.355549807E2
6.545540000E1	1.349129859E2
6.561530000E1	1.281981682E2
6.579123333E1	1.198748907E2
6.595123333E1	1.123207657E2
6.612736667E1	1.056161896E2
6.628740000E1	1.000350896E2
6.644726667E1	1.006812602E2
6.662323333E1	9.181439232E1
6.678326667E1	9.012123799E1
6.695920000E1	8.863184399E1
6.711923333E1	8.795793577E1
6.727936667E1	8.832896692E1
6.745550000E1	8.814945848E1
6.761560000E1	8.976917816E1
6.779120000E1	9.350051287E1
6.795123333E1	1.029720857E2
6.812716667E1	1.026018754E2
6.828720000E1	1.074332500E2
6.844740000E1	1.116092424E2
6.862330000E1	1.159127729E2
6.878323333E1	1.205119192E2
6.895913333E1	1.249058514E2
6.911926667E1	1.303745364E2
6.927923333E1	1.355433816E2
6.945526667E1	1.346255830E2
6.961536667E1	1.467720276E2
6.979123333E1	1.495059495E2
6.995116667E1	1.544397100E2
7.011130000E1	1.536798791E2
7.028723333E1	1.559613790E2
7.044733333E1	1.574679976E2
7.062326667E1	1.586763981E2
7.078326667E1	1.590133335E2
7.094323333E1	1.594725492E2
7.111923333E1	1.587262235E2
7.127933333E1	1.572403054E2
7.145520000E1	1.545527819E2
7.161523333E1	1.530881894E2
7.179123333E1	1.537416517E2
7.195116667E1	1.504456173E2
7.211130000E1	1.506204847E2
7.228726667E1	1.405267319E2
7.244720000E1	1.416106909E2
7.262326667E1	1.333565034E2
7.278326667E1	1.261726765E2
7.294320000E1	1.136430887E2
7.311926667E1	1.107709166E2
7.327933333E1	1.045134699E2
7.345520000E1	9.984410302E1
7.361533333E1	1.002791677E2
7.377530000E1	9.098572542E1
7.395113333E1	9.071638458E1
7.411146667E1	8.875239430E1
7.428726667E1	8.775518809E1
7.444716667E1	8.774456684E1
7.460730000E1	8.925741013E1
7.478330000E1	9.168305724E1
7.494330000E1	9.391128159E1
7.511910000E1	1.000742128E2
7.527930000E1	1.043401237E2
7.545513333E1	1.083306698E2
7.561526667E1	1.124100406E2
7.577523333E1	1.111577604E2
7.595126667E1	1.221215349E2
7.611123333E1	1.256506144E2
7.628720000E1	1.313367513E2
7.644716667E1	1.365966728E2
7.660730000E1	1.351241464E2
7.678316667E1	1.458293721E2
7.694326667E1	1.478481168E2
7.711906667E1	1.553719057E2
7.727926667E1	1.544793061E2
7.743956667E1	1.566065257E2
7.761520000E1	1.586015851E2
7.777513333E1	1.591443088E2
7.795106667E1	1.595473217E2
7.811113333E1	1.591124085E2
7.828706667E1	1.582704261E2
7.844710000E1	1.566378422E2
7.860713333E1	1.547912166E2
7.878306667E1	1.558439465E2
7.894306667E1	1.506524328E2
7.911906667E1	1.499930969E2
7.927923333E1	1.461789308E2
7.943943333E1	1.463249820E2
7.961516667E1	1.334864564E2
7.977526667E1	1.315412717E2
7.995103333E1	1.243848803E2
8.011106667E1	1.159875445E2
8.027143333E1	1.087188046E2
8.044720000E1	1.026192435E2
8.060723333E1	9.883375531E1
8.078313333E1	9.636287280E1
8.094306667E1	9.055411592E1
8.110313333E1	8.816244060E1
8.127906667E1	8.825274767E1
8.143953333E1	8.787667209E1
8.161516667E1	8.841705180E1
8.177506667E1	8.877368616E1
8.195103333E1	8.988183273E1
8.211143333E1	9.389666821E1
8.227110000E1	9.766714187E1
8.244716667E1	1.045584510E2
8.260720000E1	1.093927437E2
8.278296667E1	1.108749480E2
8.294316667E1	1.129064177E2
8.310316667E1	1.236034323E2
8.327906667E1	1.264746267E2
8.343916667E1	1.326354717E2
8.361513333E1	1.385004079E2
8.377520000E1	1.366907886E2
8.393506667E1	1.494730276E2
8.411116667E1	1.485769970E2
8.427103333E1	1.518238869E2
8.444710000E1	1.546294918E2
8.460706667E1	1.566270193E2
8.476720000E1	1.575853132E2
8.494306667E1	1.587390990E2
8.510320000E1	1.587563941E2
8.527916667E1	1.587911319E2
8.543906667E1	1.579648672E2
8.561513333E1	1.557879135E2
8.577503333E1	1.538300993E2
8.593516667E1	1.517551986E2
8.611113333E1	1.495896109E2
8.627116667E1	1.488000129E2
8.644706667E1	1.472444209E2
8.660706667E1	1.370119130E2
8.676716667E1	1.367091346E2
8.694300000E1	1.286077623E2
8.710300000E1	1.216412632E2
8.727896667E1	1.134731307E2
8.743896667E1	1.060124876E2
8.759910000E1	1.010964909E2
8.777516667E1	9.773678763E1
8.793506667E1	9.491974500E1
8.811096667E1	9.053472489E1
8.827096667E1	8.884516934E1
8.844693333E1	8.787121910E1
8.860700000E1	8.781541013E1
8.876713333E1	8.837066006E1
8.894313333E1	8.962453879E1
8.910303333E1	9.342413113E1
8.927893333E1	9.627981740E1
8.943903333E1	1.019148163E2
8.959916667E1	1.036530712E2
8.977510000E1	1.104154653E2
8.993513333E1	1.094745444E2
9.011106667E1	1.189573403E2
9.027103333E1	1.235323790E2
9.043110000E1	1.285593103E2
9.060693333E1	1.339271833E2
9.076703333E1	1.393565527E2
9.094296667E1	1.377372676E2
9.110310000E1	1.503795240E2
9.126300000E1	1.534201455E2
9.143910000E1	1.524085693E2
9.159906667E1	1.549522145E2
9.177496667E1	1.570815751E2
9.193506667E1	1.584467613E2
9.211090000E1	1.592702641E2
9.227100000E1	1.591706345E2
9.243110000E1	1.590481526E2
9.260706667E1	1.578003915E2
9.276706667E1	1.555166626E2
9.294286667E1	1.539794556E2
9.310310000E1	1.541137223E2
9.326300000E1	1.495632792E2
9.343896667E1	1.485877935E2
9.359900000E1	1.473438571E2
9.377486667E1	1.364992268E2
9.393503333E1	1.352772039E2
9.409510000E1	1.277587235E2
9.427090000E1	1.202245437E2
9.443100000E1	1.120035022E2
9.460703333E1	1.052215501E2
9.476700000E1	1.001213032E2
9.492703333E1	1.012904928E2
9.510296667E1	9.862910101E1
9.526306667E1	9.048337787E1
9.543900000E1	8.884552710E1
9.559906667E1	8.744788136E1
9.577486667E1	8.795385160E1
9.593490000E1	8.859677556E1
9.609493333E1	8.901738385E1
9.627093333E1	9.451831202E1
9.643110000E1	9.564722977E1
9.660700000E1	1.021537286E2
9.676706667E1	1.072831189E2
9.692693333E1	1.116761137E2
9.710300000E1	1.109903298E2
9.726296667E1	1.140408990E2
9.743906667E1	1.245545265E2
9.759900000E1	1.297399869E2
9.775900000E1	1.348132602E2
9.793500000E1	1.338598482E2
9.809490000E1	1.397000830E2
9.827096667E1	1.505168209E2
9.843113333E1	1.529098288E2
9.860696667E1	1.528094326E2
9.876700000E1	1.547905701E2
9.892693333E1	1.571884657E2
9.910290000E1	1.588479817E2
9.926296667E1	1.594629255E2
9.943876667E1	1.591897823E2
9.959896667E1	1.588196608E2
9.975896667E1	1.575377874E2
9.993496667E1	1.546265737E2
1.000949667E2	1.531791249E2
1.002709333E2	1.507078467E2
1.004308667E2	1.480736479E2
1.005909667E2	1.506351850E2
1.007669333E2	1.429830668E2
1.009269000E2	1.348951324E2
1.011029667E2	1.333469845E2
1.012630000E2	1.258128626E2
1.014230000E2	1.189743754E2
1.015989667E2	1.101921960E2
1.017590000E2	1.030644132E2
1.019349333E2	9.981934029E1
1.020948333E2	1.004440125E2
1.022708000E2	9.829581249E1
1.024309667E2	8.958913215E1
1.025909333E2	8.835090994E1
1.027669333E2	8.762304197E1
1.029268667E2	8.885862493E1
1.031028333E2	8.943723479E1
1.032629000E2	8.921659756E1
1.034229667E2	9.383156362E1
1.035988000E2	9.988319050E1
1.037588667E2	1.034392554E2
1.039349333E2	1.091128593E2
1.040948000E2	1.132090954E2
1.042549000E2	1.170026237E2
1.044308000E2	1.212362924E2
1.045908000E2	1.261688593E2
1.047667667E2	1.316005259E2
1.049269333E2	1.364064770E2
1.050869333E2	1.359031072E2
1.052628000E2	1.484302042E2
1.054228667E2	1.497011939E2
1.055988667E2	1.518595275E2
1.057589000E2	1.540015310E2
1.059348667E2	1.561956084E2
1.060949000E2	1.573671071E2
1.062549333E2	1.585568099E2
1.064309333E2	1.586891448E2
1.065908667E2	1.586000701E2
1.067668667E2	1.575810813E2
1.069269000E2	1.557230362E2
1.070868667E2	1.537638909E2
1.072627333E2	1.517595458E2
1.074229000E2	1.563549652E2
1.075987333E2	1.527583468E2
1.077589333E2	1.478276901E2
1.079189333E2	1.373996985E2
1.080948333E2	1.377389892E2
1.082549000E2	1.294435286E2
1.084307000E2	1.222020911E2
1.085908333E2	1.156932020E2
1.087667000E2	1.067152887E2
1.089267667E2	1.020832741E2
1.090868333E2	9.796633504E1
1.092627000E2	9.934196153E1
1.094229333E2	9.038683128E1
1.095987667E2	8.960405220E1
1.097588333E2	8.775380141E1
1.099188667E2	8.794077052E1
1.100948667E2	8.777768782E1
1.102548667E2	8.877420204E1
1.104307000E2	9.228845487E1
1.105908333E2	9.633388916E1
1.107509000E2	1.009043082E2
1.109268667E2	1.035819763E2
1.110867667E2	1.100431217E2
1.112627000E2	1.144259675E2
1.114228000E2	1.132840171E2
1.115828000E2	1.225560913E2
1.117587000E2	1.277731483E2
1.119187333E2	1.333540165E2
1.120947667E2	1.388032427E2
1.122547333E2	1.370954933E2
1.124306667E2	1.487486269E2
1.125907667E2	1.521631458E2
1.127507333E2	1.518918089E2
1.129267333E2	1.547651954E2
1.130867333E2	1.569198710E2
1.132626333E2	1.578617909E2
1.134229000E2	1.587428926E2
1.135827667E2	1.590321039E2
1.137586667E2	1.588996582E2
1.139187333E2	1.577081406E2
1.140946667E2	1.582317368E2
1.142546333E2	1.539882012E2
1.144147000E2	1.550453409E2
1.145908000E2	1.489235003E2
1.147507333E2	1.459462165E2
1.149266667E2	1.478135161E2
1.150866667E2	1.369546219E2
1.152466333E2	1.365846032E2
1.154227667E2	1.292549596E2
1.155827000E2	1.221895077E2
1.157587000E2	1.135345345E2
1.159187000E2	1.042551029E2
1.160947333E2	1.021021717E2
1.162547333E2	9.777205307E1
1.164146667E2	9.570920499E1
1.165906333E2	9.050129952E1
1.167508000E2	8.893857798E1
1.169267000E2	8.766282264E1
1.170867333E2	8.774108304E1
1.172466667E2	8.834738040E1
1.174228000E2	8.809896937E1
1.175829667E2	9.355736038E1
1.177588000E2	9.602057879E1
1.179188000E2	1.017454737E2
1.180787333E2	1.061930301E2
1.182548333E2	1.108587665E2
1.184148000E2	1.150662581E2
1.185907667E2	1.143489674E2
1.187506667E2	1.235166493E2
1.189267000E2	1.285502788E2
1.190867000E2	1.340435538E2
1.192468000E2	1.398173341E2
1.194227667E2	1.381950997E2
1.195828000E2	1.503514586E2
1.197587333E2	1.488407376E2
1.199187000E2	1.565172357E2
1.200788000E2	1.549405682E2
1.202546333E2	1.571505457E2
1.204148000E2	1.581610047E2
1.205907000E2	1.585232020E2
1.207506000E2	1.587254938E2
1.209107667E2	1.584763867E2
1.210867000E2	1.574957788E2
1.212467333E2	1.547045197E2
1.214227000E2	1.537420734E2
1.215827333E2	1.528739155E2
1.217428000E2	1.485166066E2
1.219186000E2	1.469630155E2
1.220787000E2	1.477323949E2
1.222547000E2	1.423033763E2
1.224146000E2	1.348521513E2
1.225905333E2	1.275008336E2
1.227506667E2	1.197775844E2
1.229106333E2	1.109812435E2
1.230868000E2	1.045632473E2
1.232467333E2	1.006265530E2
1.234226667E2	1.004524643E2
1.235827000E2	9.842437625E1
1.237427000E2	9.024021868E1
1.239185667E2	8.861424872E1
1.240786667E2	8.740078377E1
1.242547000E2	8.779173805E1
1.244147333E2	8.804456832E1
1.245747000E2	8.863167991E1
1.247507000E2	9.380354737E1
1.249107000E2	1.032595925E2
1.250865667E2	1.028650651E2
1.252465667E2	1.085242875E2
1.254066333E2	1.125953180E2
1.255825667E2	1.164905475E2
1.257426000E2	1.227143231E2
1.259185333E2	1.252662393E2
1.260787000E2	1.308850973E2
1.262545000E2	1.329606574E2
1.264146667E2	1.352466118E2
1.265746000E2	1.468873173E2
1.267506667E2	1.497372459E2
1.269107000E2	1.547292938E2
1.270865000E2	1.538414261E2
1.272466667E2	1.557414565E2
1.274066333E2	1.577905381E2
1.275826000E2	1.587259192E2
1.277426333E2	1.588508124E2
1.279187667E2	1.586930449E2
1.280786000E2	1.578270214E2
1.282386333E2	1.562796220E2
1.284146000E2	1.539684264E2
1.285745667E2	1.548448431E2
1.287506333E2	1.520648557E2
1.289106333E2	1.540058110E2
1.290864667E2	1.478847643E2
1.292466667E2	1.450050985E2
1.294066333E2	1.396760647E2
1.295825333E2	1.315055756E2
1.297425333E2	1.243069446E2
1.299185333E2	1.157263006E2
1.300786667E2	1.079962470E2
1.302386667E2	1.019581942E2
1.304146333E2	9.872698348E1
1.305745667E2	9.644834916E1
1.307507000E2	9.012801827E1
1.309105667E2	8.889360551E1
1.310705333E2	8.835834323E1
1.312465000E2	8.774594094E1
1.314065000E2	8.792324362E1
1.315825000E2	8.924485902E1
1.317424333E2	9.366105182E1
1.319026667E2	9.609936736E1
1.320784333E2	9.941327034E1
1.322385000E2	1.022426190E2
1.324144667E2	1.103821877E2
1.325745000E2	1.146993428E2
1.327505333E2	1.139661408E2
1.329106000E2	1.230964344E2
1.330706333E2	1.285798625E2
1.332466667E2	1.343665703E2
1.334065667E2	1.395978286E2
1.335824000E2	1.388380682E2
1.337424333E2	1.484983491E2
1.339024333E2	1.529052897E2
1.340784333E2	1.567376368E2
1.342384667E2	1.549296900E2
1.344146000E2	1.573550899E2
1.345744667E2	1.581548338E2
1.347346333E2	1.586994879E2
1.349104667E2	1.588954747E2
1.350705333E2	1.585157840E2
1.352464333E2	1.573194753E2
1.354064667E2	1.573652506E2
1.355668000E2	1.581001576E2
1.357425667E2	1.537076413E2
1.359026000E2	1.477399883E2
1.360785333E2	1.505999403E2
1.362385000E2	1.467662524E2
1.364144000E2	1.355050192E2
1.365745333E2	1.342471989E2
1.367348333E2	1.262635174E2
1.369105000E2	1.188986829E2
1.370705000E2	1.106662439E2
1.372464333E2	1.041875046E2
1.374064667E2	9.977111399E1
1.375665667E2	1.005941470E2
1.377424333E2	9.139986166E1
1.379025667E2	8.914876304E1
1.380784667E2	8.864683215E1
1.382385667E2	8.740688585E1
1.383985333E2	8.775050538E1
1.385744000E2	8.938573609E1
1.387344667E2	9.145263035E1
1.389104333E2	9.405067416E1
1.390704333E2	9.700765777E1
1.392465000E2	1.009276656E2
1.394064333E2	1.093357728E2
1.395665667E2	1.133545904E2
1.397424000E2	1.173293687E2
1.399024333E2	1.236197626E2
1.400783667E2	1.267841429E2
1.402384333E2	1.326741646E2
1.403985667E2	1.378674147E2
1.405744000E2	1.365386813E2
1.407345333E2	1.477488397E2
1.409104667E2	1.498577807E2
1.410704000E2	1.487060856E2
