tömeg_A
t	x
0,000000000E0	1,560522496E2
1,759333333E-1	1,560848408E2
3,359666667E-1	1,560680101E2
4,960666667E-1	1,560736574E2
6,720666667E-1	1,561051370E2
8,320000000E-1	1,560778050E2
1,008066667E0	1,560872941E2
1,168033333E0	1,560838951E2
1,328100000E0	1,560803894E2
1,503900000E0	1,560916724E2
1,663966667E0	1,560739658E2
1,839933333E0	1,560576965E2
2,000066667E0	1,560867947E2
2,160066667E0	1,560802707E2
2,336033333E0	1,560622087E2
2,495966667E0	1,561064039E2
2,671900000E0	1,560763344E2
2,832100000E0	1,560773877E2
3,008000000E0	1,560896663E2
3,167933333E0	1,560711414E2
3,327933333E0	1,560972608E2
3,503933333E0	1,560762614E2
3,664066667E0	1,560064008E2
3,839866667E0	1,518733879E2
4,000066667E0	1,471753722E2
4,159933333E0	1,413387604E2
4,336033333E0	1,321977689E2
4,495900000E0	1,215305847E2
4,672000000E0	1,162520325E2
4,832033333E0	1,067483951E2
4,992000000E0	9,927274640E1
5,168033333E0	9,598428078E1
5,327900000E0	9,401463367E1
5,503900000E0	9,298099609E1
5,664000000E0	9,310577649E1
5,823933333E0	9,598208192E1
5,999933333E0	9,798965884E1
6,160033333E0	1,039106294E2
6,336033333E0	1,054758146E2
6,496033333E0	1,172577780E2
6,671866667E0	1,250565633E2
6,831900000E0	1,262153076E2
6,991966667E0	1,348133105E2
7,168000000E0	1,451085324E2
7,328033333E0	1,532689113E2
7,503966667E0	1,570000449E2
7,663900000E0	1,599643768E2
7,823933333E0	1,609729176E2
7,999833333E0	1,610023978E2
8,159866667E0	1,601007249E2
8,335833333E0	1,572319873E2
8,495966667E0	1,550152992E2
8,655933333E0	1,501097262E2
8,832000000E0	1,447277846E2
8,991933333E0	1,369443623E2
9,167966667E0	1,270712094E2
9,328000000E0	1,216695655E2
9,488033333E0	1,105241357E2
9,663900000E0	1,023403642E2
9,823966667E0	9,718606328E1
9,999933333E0	9,437982374E1
1,015990000E1	9,227964074E1
1,033593333E1	8,805968859E1
1,049596667E1	8,930184703E1
1,065590000E1	9,684923684E1
1,083193333E1	1,010681706E2
1,099196667E1	1,062896510E2
1,116796667E1	1,094627036E2
1,132796667E1	1,161718466E2
1,148793333E1	1,239450831E2
1,166400000E1	1,324032255E2
1,182393333E1	1,409589393E2
1,199986667E1	1,507370764E2
1,215983333E1	1,562672373E2
1,231993333E1	1,588427219E2
1,249593333E1	1,603463892E2
1,265600000E1	1,610628799E2
1,283186667E1	1,602662436E2
1,299196667E1	1,580463584E2
1,316786667E1	1,551336333E2
1,332786667E1	1,511598856E2
1,348796667E1	1,454938728E2
1,366393333E1	1,380532939E2
1,382386667E1	1,295344356E2
1,399980000E1	1,235709653E2
1,415980000E1	1,072535216E2
1,431993333E1	1,029101377E2
1,449590000E1	9,712414893E1
1,465586667E1	9,425899422E1
1,483186667E1	9,281851119E1
1,499180000E1	9,293273940E1
1,515183333E1	8,894028197E1
1,532776667E1	9,659129798E1
1,548783333E1	1,008825019E2
1,566393333E1	1,056924809E2
1,582393333E1	1,090520229E2
1,598390000E1	1,153514926E2
1,615980000E1	1,288032812E2
1,632000000E1	1,311702522E2
1,649586667E1	1,401116967E2
1,665593333E1	1,498243910E2
1,683186667E1	1,560412688E2
1,699180000E1	1,590880376E2
1,715193333E1	1,609093153E2
1,732776667E1	1,610675574E2
1,748776667E1	1,605475148E2
1,766383333E1	1,580563303E2
1,782393333E1	1,551529022E2
1,798386667E1	1,510725706E2
1,815986667E1	1,451532321E2
1,831976667E1	1,379431961E2
1,849580000E1	1,280892486E2
1,865580000E1	1,171443411E2
1,881586667E1	1,121897854E2
1,899180000E1	1,022065688E2
1,915190000E1	9,688405901E1
1,932773333E1	9,405037641E1
1,948786667E1	9,273405439E1
1,964790000E1	9,260376321E1
1,982390000E1	9,440182642E1
1,998383333E1	9,697675248E1
2,015973333E1	1,011242019E2
2,031976667E1	1,062834759E2
2,049570000E1	1,094926199E2
2,065586667E1	1,161804035E2
2,081586667E1	1,298980504E2
2,099176667E1	1,329073796E2
2,115186667E1	1,418702012E2
2,132773333E1	1,522308765E2
2,148783333E1	1,571257081E2
2,164783333E1	1,592774444E2
2,182380000E1	1,609208443E2
2,198380000E1	1,611242223E2
2,215970000E1	1,602070658E2
2,231986667E1	1,576706485E2
2,247970000E1	1,552017701E2
2,265566667E1	1,505504057E2
2,281583333E1	1,451518389E2
2,299166667E1	1,371822897E2
2,315186667E1	1,270605576E2
2,332766667E1	1,160900434E2
2,348770000E1	1,075123780E2
2,364776667E1	1,019059831E2
2,382383333E1	9,704733323E1
2,398370000E1	9,403362144E1
2,415963333E1	9,258842963E1
2,431973333E1	8,814207047E1
2,447976667E1	8,911681198E1
2,465576667E1	9,723255549E1
2,481580000E1	1,022006718E2
2,499173333E1	1,076612604E2
2,515180000E1	1,160611016E2
2,531170000E1	1,238446578E2
2,548763333E1	1,301561496E2
2,564780000E1	1,338263562E2
2,582366667E1	1,438994038E2
2,598380000E1	1,531432633E2
2,614373333E1	1,569920478E2
2,631980000E1	1,594406649E2
2,647970000E1	1,606775946E2
2,665576667E1	1,609107765E2
2,681573333E1	1,600154776E2
2,699160000E1	1,567204287E2
2,715173333E1	1,541473955E2
2,731173333E1	1,501488876E2
2,748766667E1	1,442594613E2
2,764776667E1	1,369177858E2
2,782360000E1	1,261301465E2
2,798363333E1	1,152956588E2
2,814370000E1	1,071795330E2
2,831976667E1	1,020757258E2
2,847966667E1	9,580163819E1
2,865566667E1	9,415594421E1
2,881566667E1	9,289454583E1
2,897576667E1	8,802395347E1
2,915170000E1	8,926794766E1
2,931180000E1	9,711734554E1
2,948773333E1	1,028106570E2
2,964780000E1	1,076955107E2
2,980766667E1	1,101709960E2
2,998383333E1	1,172258785E2
3,014376667E1	1,251390023E2
3,031973333E1	1,337698207E2
3,047963333E1	1,425288919E2
3,065556667E1	1,528255697E2
3,081563333E1	1,570696153E2
3,097580000E1	1,591861522E2
3,115160000E1	1,603886373E2
3,131176667E1	1,609948317E2
3,148766667E1	1,601140015E2
3,164763333E1	1,571272876E2
3,180773333E1	1,547910677E2
3,198360000E1	1,501684068E2
3,214373333E1	1,448648594E2
3,231970000E1	1,369688741E2
3,247973333E1	1,262848410E2
3,263963333E1	1,152733773E2
3,281573333E1	1,069393967E2
3,297576667E1	1,021159202E2
3,315160000E1	9,604333090E1
3,331163333E1	9,400851786E1
3,348763333E1	9,288147456E1
3,364756667E1	8,808666306E1
3,380770000E1	9,574223204E1
3,398366667E1	9,711130623E1
3,414370000E1	1,024865697E2
3,431963333E1	1,062278214E2
3,447956667E1	1,160770190E2
3,463963333E1	1,179499213E2
3,481566667E1	1,250888830E2
3,497560000E1	1,336321424E2
3,515166667E1	1,430192793E2
3,531153333E1	1,530298926E2
3,547166667E1	1,570558930E2
3,564756667E1	1,597029290E2
3,580760000E1	1,612329157E2
3,598366667E1	1,611846933E2
3,614363333E1	1,602254910E2
3,630373333E1	1,570024738E2
3,647953333E1	1,548899772E2
3,663970000E1	1,498691325E2
3,681550000E1	1,443629030E2
3,697566667E1	1,364091937E2
3,715153333E1	1,252136138E2
3,731156667E1	1,144077831E2
3,747166667E1	1,066261584E2
3,764756667E1	1,007841332E2
3,780756667E1	9,622131013E1
3,798346667E1	9,400907377E1
3,814370000E1	9,284602747E1
3,830370000E1	8,808094554E1
3,847956667E1	9,484578333E1
3,863953333E1	9,798112128E1
3,881550000E1	1,027338699E2
3,897566667E1	1,053597103E2
3,913570000E1	1,170164539E2
3,931160000E1	1,250018364E2
3,947163333E1	1,268906920E2
3,964763333E1	1,351941001E2
3,980763333E1	1,452536368E2
3,996756667E1	1,540386328E2
4,014353333E1	1,582233817E2
4,030356667E1	1,603623434E2
4,047963333E1	1,618811406E2
4,063963333E1	1,619491150E2
4,081543333E1	1,603164026E2
4,097563333E1	1,567318426E2
4,113560000E1	1,531419905E2
4,131146667E1	1,489707420E2
4,147160000E1	1,433272364E2
4,164756667E1	1,342229850E2
4,180753333E1	1,231279632E2
4,196753333E1	1,177352259E2
4,214353333E1	1,065934174E2
4,230350000E1	9,983086577E1
4,247946667E1	9,564385638E1
4,263950000E1	9,380891617E1
4,279966667E1	8,800165063E1
4,297563333E1	9,412049744E1
4,313550000E1	9,527208425E1
4,331156667E1	9,902008276E1
4,347146667E1	1,048066356E2
4,364753333E1	1,073467955E2
4,380746667E1	1,131903765E2
4,396743333E1	1,272105079E2
4,414356667E1	1,294862649E2
4,430356667E1	1,372149460E2
4,447956667E1	1,472019096E2
4,463946667E1	1,550164889E2
4,479950000E1	1,581743991E2
4,497556667E1	1,599440534E2
4,513546667E1	1,612744160E2
4,531156667E1	1,609070666E2
4,547153333E1	1,588712548E2
4,563146667E1	1,555646538E2
4,580756667E1	1,517771650E2
4,596763333E1	1,466031598E2
4,614360000E1	1,405074567E2
4,630353333E1	1,305845397E2
4,646346667E1	1,245151353E2
4,663940000E1	1,079693428E2
4,679960000E1	1,046101077E2
4,697553333E1	9,719445151E1
4,713543333E1	9,409648678E1
4,731153333E1	9,230744439E1
4,747150000E1	8,809931351E1
4,763143333E1	8,913454823E1
4,780753333E1	9,616991843E1
4,796750000E1	1,008187300E2
4,814346667E1	1,061259022E2
4,830343333E1	1,100797348E2
4,846343333E1	1,162185927E2
4,863946667E1	1,296983061E2
4,879940000E1	1,330658902E2
4,897546667E1	1,419921839E2
4,913546667E1	1,519531880E2
4,929560000E1	1,571294141E2
4,947150000E1	1,598071960E2
4,963153333E1	1,607677954E2
4,980736667E1	1,610285231E2
4,996736667E1	1,601078388E2
5,012756667E1	1,570420011E2
5,030340000E1	1,544282757E2
5,046340000E1	1,494926458E2
5,063936667E1	1,442797796E2
5,079950000E1	1,365226648E2
5,097533333E1	1,251803864E2
5,113540000E1	1,143368975E2
5,129553333E1	1,087537729E2
5,147140000E1	1,004770700E2
5,163150000E1	9,615714443E1
5,180736667E1	9,388228678E1
5,196743333E1	8,784311851E1
5,212746667E1	9,385842403E1
5,230336667E1	9,524113836E1
5,246346667E1	9,807133534E1
5,263933333E1	1,038609975E2
5,279943333E1	1,061820483E2
5,295950000E1	1,182519583E2
5,313550000E1	1,200925234E2
5,329550000E1	1,282872418E2
5,347133333E1	1,361929701E2
5,363143333E1	1,470938684E2
5,380743333E1	1,546419524E2
5,396743333E1	1,589629715E2
5,412736667E1	1,606425987E2
5,430346667E1	1,620019686E2
5,446340000E1	1,617849743E2
5,463940000E1	1,599593905E2
5,479950000E1	1,561588642E2
5,495943333E1	1,521710700E2
5,513550000E1	1,473669150E2
5,529546667E1	1,410951598E2
5,547126667E1	1,318350655E2
5,563133333E1	1,193884802E2
5,579146667E1	1,091853117E2
5,596740000E1	1,041117230E2
5,612743333E1	9,785814813E1
5,630326667E1	9,467795996E1
5,646343333E1	9,296020511E1
5,662340000E1	8,806519471E1
5,679930000E1	8,913947048E1
5,695940000E1	9,619633510E1
5,713543333E1	1,006485438E2
5,729546667E1	1,057718275E2
5,747140000E1	1,091878754E2
5,763140000E1	1,160124317E2
5,779143333E1	1,241022214E2
5,796746667E1	1,323648093E2
5,812730000E1	1,412098888E2
5,830340000E1	1,512906227E2
5,846333333E1	1,572089507E2
5,862333333E1	1,599709789E2
5,879943333E1	1,609947253E2
5,895930000E1	1,616256020E2
5,913540000E1	1,608609775E2
5,929526667E1	1,574116013E2
5,945526667E1	1,548710150E2
5,963126667E1	1,502586309E2
5,979130000E1	1,446524693E2
5,996726667E1	1,365477116E2
6,012736667E1	1,252701047E2
6,028733333E1	1,189193198E2
6,046323333E1	1,084931947E2
6,062330000E1	1,010566941E2
6,079933333E1	9,617280733E1
6,095930000E1	9,392828459E1
6,113520000E1	8,796940061E1
6,129523333E1	9,383469630E1
6,145526667E1	9,521988502E1
6,163123333E1	9,874295410E1
6,179130000E1	1,033518618E2
6,196726667E1	1,061374773E2
6,212723333E1	1,183454420E2
6,228723333E1	1,203005648E2
6,246320000E1	1,285486082E2
6,262326667E1	1,369192098E2
6,279920000E1	1,471459714E2
6,295923333E1	1,544458774E2
6,311930000E1	1,588589513E2
6,329523333E1	1,606337270E2
6,345530000E1	1,616469700E2
6,363123333E1	1,610752528E2
6,379126667E1	1,594092126E2
6,396716667E1	1,557974559E2
6,412730000E1	1,520775218E2
6,428740000E1	1,470381090E2
6,446333333E1	1,402513414E2
6,462320000E1	1,308664094E2
6,479930000E1	1,184652030E2
6,495923333E1	1,075224775E2
6,511926667E1	1,039716138E2
6,529533333E1	9,736135355E1
6,545530000E1	9,423898867E1
6,563116667E1	9,273870103E1
6,579123333E1	8,813478534E1
6,595126667E1	9,435333723E1
6,612720000E1	9,632285533E1
6,628723333E1	9,954578760E1
6,646316667E1	1,063205605E2
6,662333333E1	1,101187534E2
6,678333333E1	1,162043168E2
6,695920000E1	1,244775171E2
6,711943333E1	1,333137514E2
6,729520000E1	1,418388827E2
6,745516667E1	1,518126221E2
6,763113333E1	1,577274737E2
6,779130000E1	1,599013539E2
6,795123333E1	1,608283604E2
6,812720000E1	1,611997989E2
6,828733333E1	1,607298183E2
6,846320000E1	1,569959113E2
6,862320000E1	1,544293744E2
6,878323333E1	1,498624320E2
6,895916667E1	1,441642547E2
6,911930000E1	1,359606061E2
6,929530000E1	1,251361350E2
6,945530000E1	1,135242243E2
6,961530000E1	1,078974235E2
6,979130000E1	1,003645973E2
6,995123333E1	9,621424394E1
7,012713333E1	9,360328306E1
7,028730000E1	8,801805532E1
7,044730000E1	9,384076281E1
7,062330000E1	9,511651018E1
7,078326667E1	9,911886506E1
7,095930000E1	1,036680854E2
7,111916667E1	1,063656697E2
7,129523333E1	1,188423392E2
7,145526667E1	1,263348283E2
7,161526667E1	1,293084448E2
7,179130000E1	1,374465603E2
7,195123333E1	1,473362283E2
7,212710000E1	1,543182989E2
7,228720000E1	1,582806522E2
7,244723333E1	1,606702209E2
7,262326667E1	1,616900632E2
7,278326667E1	1,611370730E2
7,295910000E1	1,590893969E2
7,311926667E1	1,557538740E2
7,327926667E1	1,520243698E2
7,345523333E1	1,470220426E2
7,361513333E1	1,408380637E2
7,379116667E1	1,308360935E2
7,395120000E1	1,245144448E2
7,412716667E1	1,080985427E2
7,428710000E1	1,046202565E2
7,444716667E1	9,743218645E1
7,462323333E1	9,442248971E1
7,478323333E1	9,291932762E1
7,495923333E1	9,368831041E1
7,511926667E1	8,921590140E1
7,527916667E1	9,630966715E1
7,545516667E1	1,000138330E2
7,561513333E1	1,063316416E2
7,579106667E1	1,100372323E2
7,595110000E1	1,167900943E2
7,611126667E1	1,249369146E2
7,628706667E1	1,339239430E2
7,644723333E1	1,421730122E2
7,662310000E1	1,529507684E2
7,678313333E1	1,572107878E2
7,694323333E1	1,598987231E2
7,711920000E1	1,610622313E2
7,727910000E1	1,614084025E2
7,745510000E1	1,601297298E2
7,761506667E1	1,562829019E2
7,779113333E1	1,538365657E2
7,795120000E1	1,491730383E2
7,811113333E1	1,432402858E2
7,828713333E1	1,350436751E2
7,844706667E1	1,258442171E2
7,862300000E1	1,182763003E2
7,878306667E1	1,069810423E2
7,894316667E1	9,968249795E1
7,911910000E1	9,626687602E1
7,927906667E1	9,216825826E1
7,945513333E1	8,741901726E1
7,961516667E1	9,393757678E1
7,977520000E1	9,526720230E1
7,995110000E1	9,914571343E1
8,011120000E1	1,045609383E2
8,028713333E1	1,077767571E2
8,044706667E1	1,140966566E2
8,060720000E1	1,276699207E2
8,078313333E1	1,300276176E2
8,094316667E1	1,381065369E2
8,111913333E1	1,481085396E2
8,127903333E1	1,552083124E2
8,145500000E1	1,592193113E2
8,161506667E1	1,603104178E2
8,177520000E1	1,617438054E2
8,195106667E1	1,610248086E2
8,211116667E1	1,588457315E2
8,228706667E1	1,559012101E2
8,244700000E1	1,517450918E2
8,260716667E1	1,461468818E2
8,278296667E1	1,387083366E2
8,294313333E1	1,291781831E2
8,311900000E1	1,180413739E2
8,327910000E1	1,062855877E2
8,343916667E1	1,029352061E2
8,361500000E1	9,712297019E1
8,377496667E1	9,394688925E1
8,395106667E1	8,737504750E1
8,411113333E1	9,389637208E1
8,428706667E1	9,478793740E1
8,444700000E1	9,206409373E1
8,460700000E1	1,026713900E2
8,478303333E1	1,075999983E2
8,494300000E1	1,110933166E2
8,511903333E1	1,181967924E2
8,527910000E1	1,262065275E2
8,543913333E1	1,351445429E2
8,561493333E1	1,451514795E2
8,577510000E1	1,539248540E2
8,595100000E1	1,580231044E2
8,611100000E1	1,604289503E2
8,627100000E1	1,612556034E2
8,644710000E1	1,611065478E2
8,660710000E1	1,599213750E2
8,678296667E1	1,558436080E2
8,694313333E1	1,521217763E2
8,710310000E1	1,480402254E2
8,727900000E1	1,420773887E2
8,743910000E1	1,328770253E2
8,761510000E1	1,249867175E2
8,777513333E1	1,157468366E2
8,795103333E1	1,045608943E2
8,811096667E1	9,816968967E1
8,827120000E1	9,602149450E1
8,844703333E1	9,278968930E1
8,860706667E1	8,810534059E1
8,878286667E1	8,913492256E1
8,894300000E1	9,620264892E1
8,910293333E1	1,003249350E2
8,927896667E1	1,059445594E2
8,943903333E1	1,093323727E2
8,961493333E1	1,160490153E2
8,977493333E1	1,292591444E2
8,993503333E1	1,331381252E2
9,011106667E1	1,419368015E2
9,027093333E1	1,526767222E2
9,044703333E1	1,573362725E2
9,060703333E1	1,600971718E2
9,076700000E1	1,613877099E2
9,094300000E1	1,617932622E2
9,110306667E1	1,606265336E2
9,127903333E1	1,568525018E2
9,143896667E1	1,534261790E2
9,161490000E1	1,493001203E2
9,177503333E1	1,433523311E2
9,193496667E1	1,347754956E2
9,211090000E1	1,224466214E2
9,227093333E1	1,117394603E2
9,244683333E1	1,063899083E2
9,260686667E1	9,931534102E1
9,276693333E1	9,599913423E1
9,294296667E1	9,220027084E1
9,310290000E1	8,733451328E1
9,327916667E1	9,510153021E1
9,343906667E1	9,620854988E1
9,359900000E1	9,922582886E1
9,377486667E1	1,042502249E2
9,393490000E1	1,089183010E2
9,411086667E1	1,151875137E2
9,427086667E1	1,235447334E2
9,444700000E1	1,317885851E2
9,460700000E1	1,403978002E2
9,476703333E1	1,493777551E2
9,494293333E1	1,568582184E2
9,510293333E1	1,593007804E2
9,527890000E1	1,609204393E2
9,543900000E1	1,614595267E2
9,559900000E1	1,609054298E2
9,577500000E1	1,579331376E2
9,593486667E1	1,550466940E2
9,611086667E1	1,502251007E2
9,627086667E1	1,450085343E2
9,643093333E1	1,369094469E2
9,660693333E1	1,252997556E2
9,676693333E1	1,143231125E2
9,694300000E1	1,041940859E2
9,710286667E1	1,008948215E2
9,726303333E1	9,632819124E1
9,743883333E1	9,403371143E1
9,759890000E1	9,215917387E1
9,777483333E1	9,405887700E1
9,793493333E1	9,580683281E1
9,811073333E1	9,886743900E1
9,827096667E1	1,032772713E2
9,843096667E1	1,069628747E2
9,860693333E1	1,132799465E2
9,876700000E1	1,211399654E2
9,894286667E1	1,292192128E2
9,910283333E1	1,376384238E2
9,926293333E1	1,473854415E2
9,943893333E1	1,556182407E2
9,959886667E1	1,590734453E2
9,977490000E1	1,607153679E2
9,993483333E1	1,614194050E2
1,000948667E2	1,609404701E2
1,002708333E2	1,584266009E2
1,004308667E2	1,554160416E2
1,006068000E2	1,511728422E2
1,007669667E2	1,452792435E2
1,009269000E2	1,378923967E2
1,011028333E2	1,269484025E2
1,012629667E2	1,153394688E2
1,014387667E2	1,068750016E2
1,015988333E2	1,016424649E2
1,017748000E2	9,603810734E1
1,019348667E2	9,416629726E1
1,020948333E2	9,227639842E1
1,022708000E2	8,809710442E1
1,024308000E2	9,586215902E1
1,026067000E2	9,896020756E1
1,027669000E2	1,035176908E2
1,029269000E2	1,071193255E2
1,031029000E2	1,131639661E2
1,032629333E2	1,210373420E2
1,034387333E2	1,295745635E2
1,035988000E2	1,373198695E2
1,037588333E2	1,475073255E2
1,039348667E2	1,550924524E2
1,040947667E2	1,591629498E2
1,042708667E2	1,604682062E2
1,044307667E2	1,612131676E2
1,046069000E2	1,609049933E2
1,047668000E2	1,587284186E2
1,049267333E2	1,555247808E2
1,051028000E2	1,508355999E2
1,052627333E2	1,452274704E2
1,054388333E2	1,378446402E2
1,055987667E2	1,271795859E2
1,057588000E2	1,157961483E2
1,059347667E2	1,042603742E2
1,060947333E2	1,015905411E2
1,062708000E2	9,594271587E1
1,064307667E2	9,414462979E1
1,065909333E2	8,743490156E1
1,067669000E2	8,823265322E1
1,069268333E2	9,095265996E1
1,071028333E2	9,828632828E1
1,072628333E2	1,024102250E2
1,074228000E2	1,062542316E2
1,075988667E2	1,123961150E2
1,077588000E2	1,201131114E2
1,079347667E2	1,285956255E2
1,080947333E2	1,366213473E2
1,082708333E2	1,474333100E2
1,084307667E2	1,549478470E2
1,085907667E2	1,590842144E2
1,087668000E2	1,607801669E2
1,089268000E2	1,618156029E2
1,091028000E2	1,609804515E2
1,092627000E2	1,591183056E2
1,094227667E2	1,559219059E2
1,095987000E2	1,513134851E2
1,097587333E2	1,459380635E2
1,099346333E2	1,392133299E2
1,100946667E2	1,288474842E2
1,102548667E2	1,168811776E2
1,104308333E2	1,060448250E2
1,105907333E2	1,023351325E2
1,107668333E2	9,688051171E1
1,109267333E2	9,401898935E1
1,110868667E2	8,789081564E1
1,112627000E2	8,782931780E1
1,114228333E2	9,556945732E1
1,115986667E2	9,772064620E1
1,117587333E2	1,028650731E2
1,119348333E2	1,059418923E2
1,120946667E2	1,123423467E2
1,122548000E2	1,253590571E2
1,124308333E2	1,282488184E2
1,125907333E2	1,360261456E2
1,127667000E2	1,471202042E2
1,129267000E2	1,544922958E2
1,130868000E2	1,582417388E2
1,132626667E2	1,606847712E2
1,134227000E2	1,617503012E2
1,135986333E2	1,611725136E2
1,137587000E2	1,591599709E2
1,139187667E2	1,562456660E2
1,140946667E2	1,513241826E2
1,142547000E2	1,461416649E2
1,144307000E2	1,391372350E2
1,145907000E2	1,290886493E2
1,147666667E2	1,169013975E2
1,149266667E2	1,062886497E2
1,150867667E2	1,021909050E2
1,152626667E2	9,681058515E1
1,154227000E2	9,423651333E1
1,155986333E2	8,779176976E1
1,157586667E2	8,794657629E1
1,159187000E2	9,541930809E1
1,160946333E2	9,758148840E1
1,162547667E2	1,019393895E2
1,164307000E2	1,042560585E2
1,165906667E2	1,171582638E2
1,167508000E2	1,248910394E2
1,169266333E2	1,271666085E2
1,170867000E2	1,351991702E2
1,172627000E2	1,458918389E2
1,174227333E2	1,540691622E2
1,175827333E2	1,581013232E2
1,177587667E2	1,608971751E2
1,179187000E2	1,619521213E2
1,180946000E2	1,617328742E2
1,182547000E2	1,600519654E2
1,184306000E2	1,561932287E2
1,185907667E2	1,522780673E2
1,187506667E2	1,481066689E2
1,189266000E2	1,422870876E2
1,190866667E2	1,329147215E2
1,192626667E2	1,253419255E2
1,194226333E2	1,097445352E2
1,195825667E2	1,059245809E2
1,197586667E2	9,887952047E1
1,199186667E2	9,500839831E1
1,200945667E2	9,311207928E1
1,202547333E2	8,774962041E1
1,204147000E2	8,919501844E1
1,205906333E2	9,671291187E1
1,207507667E2	1,003026947E2
1,209266333E2	1,060534933E2
1,210866000E2	1,094073378E2
1,212466667E2	1,160693842E2
1,214227000E2	1,297840708E2
1,215827000E2	1,322514146E2
1,217587000E2	1,412836140E2
1,219186333E2	1,519833382E2
1,220945667E2	1,572282432E2
1,222546000E2	1,600342255E2
1,224147333E2	1,612233650E2
1,225906667E2	1,619538634E2
1,227506333E2	1,608045775E2
1,229265667E2	1,570143493E2
1,230867000E2	1,542877378E2
1,232465333E2	1,493491598E2
1,234226667E2	1,439380994E2
1,235825667E2	1,351910641E2
1,237585333E2	1,232716459E2
1,239186333E2	1,121702111E2
1,240786000E2	1,075945223E2
1,242546333E2	9,977232396E1
1,244146667E2	9,538635505E1
1,245906667E2	9,380419973E1
1,247506667E2	8,745050259E1
1,249265333E2	8,911290340E1
1,250866000E2	9,118283422E1
1,252465667E2	9,895637201E1
1,254226000E2	1,041558572E2
1,255826333E2	1,082304891E2
1,257584667E2	1,141125522E2
1,259185667E2	1,223786438E2
1,260785000E2	1,309900530E2
1,262546333E2	1,393498277E2
1,264146333E2	1,490407698E2
1,265905000E2	1,555917233E2
1,267506000E2	1,598562703E2
1,269106000E2	1,609435521E2
1,270866333E2	1,616580515E2
1,272465333E2	1,609357103E2
1,274226000E2	1,580581354E2
1,275825333E2	1,553383577E2
1,277426667E2	1,508692050E2
1,279185667E2	1,451775279E2
1,280785333E2	1,371802490E2
1,282545333E2	1,267751430E2
1,284145333E2	1,155271534E2
1,285904667E2	1,049464744E2
1,287506333E2	1,016639295E2
1,289106000E2	9,618626553E1
1,290865000E2	9,417508928E1
1,292465000E2	8,745702080E1
1,294224333E2	9,392272516E1
1,295825667E2	9,025044327E1
1,297425333E2	9,794363810E1
1,299186333E2	1,026282978E2
1,300785000E2	1,062673934E2
1,302544333E2	1,125200906E2
1,304144667E2	1,201224075E2
1,305744333E2	1,282646140E2
1,307504000E2	1,363626495E2
1,309105000E2	1,470790099E2
1,310865333E2	1,547622180E2
1,312464333E2	1,584017981E2
1,314064333E2	1,603530121E2
1,315824667E2	1,615632516E2
1,317424333E2	1,609882467E2
1,319184000E2	1,591197935E2
1,320784333E2	1,558823901E2
1,322543667E2	1,513800268E2
1,324144667E2	1,465652406E2
1,325744333E2	1,398895398E2
1,327504000E2	1,298819533E2
1,329104000E2	1,177962161E2
1,330865000E2	1,071837976E2
1,332465333E2	1,030751501E2
1,334065667E2	9,694865487E1
1,335823667E2	9,415963063E1
1,337425667E2	8,746366392E1
1,339184667E2	8,805236390E1
1,340785000E2	9,022823166E1
1,342385667E2	9,702233312E1
1,344144333E2	1,019020819E2
1,345745000E2	1,045302858E2
1,347505333E2	1,115117553E2
1,349105000E2	1,183711147E2
1,350865000E2	1,264910717E2
1,352465667E2	1,351056632E2
1,354064333E2	1,452315791E2
1,355824000E2	1,539009117E2
1,357424333E2	1,579612325E2
1,359184000E2	1,600936767E2
1,360784000E2	1,610913955E2
1,362385333E2	1,609444488E2
1,364143667E2	1,597956783E2
1,365744000E2	1,558985736E2
1,367503667E2	1,517299767E2
1,369105333E2	1,472613391E2
1,370705667E2	1,411759902E2
1,372464000E2	1,320493165E2
1,374064333E2	1,248314657E2
1,375823667E2	1,148504822E2
1,377425000E2	1,048352696E2
1,379024667E2	9,748932288E1
1,380783667E2	9,640953795E1
1,382384000E2	9,283205935E1
1,384145000E2	8,770800586E1
1,385745000E2	9,002256219E1
1,387503333E2	9,695582377E1
1,389104000E2	1,009843703E2
1,390704000E2	1,068337120E2
1,392465000E2	1,152869212E2
1,394065000E2	1,227207059E2
1,395824000E2	1,301139332E2
1,397424333E2	1,331839528E2
1,399024000E2	1,419431430E2
1,400783667E2	1,523700567E2
1,402384000E2	1,571471800E2
1,404143667E2	1,600039217E2
1,405744667E2	1,611828394E2
1,407344000E2	1,614619419E2
1,409104333E2	1,605408010E2
1,410704000E2	1,569846456E2
1,412465000E2	1,545604906E2
1,414063333E2	1,500769455E2
1,415824000E2	1,449283263E2
1,417424333E2	1,366263831E2
1,419023667E2	1,292247814E2
1,420784333E2	1,198997280E2
1,422384000E2	1,083174936E2
1,424142667E2	1,011577200E2
1,425744000E2	9,620205823E1
1,427343667E2	9,407747302E1
1,429103667E2	8,745342887E1
1,430705333E2	9,383997156E1
