tömeg_A
t	x
0.000000000E0	1.588388970E2
1.760000000E-1	1.588234195E2
3.361000000E-1	1.588548142E2
5.119666667E-1	1.588773330E2
6.721333333E-1	1.588588563E2
8.320666667E-1	1.588584271E2
1.008000000E0	1.588199575E2
1.168100000E0	1.588391101E2
1.344000000E0	1.588673194E2
1.504133333E0	1.588537901E2
1.664133333E0	1.588490996E2
1.840100000E0	1.588225161E2
2.000100000E0	1.600997801E2
2.176100000E0	1.599612727E2
2.336133333E0	1.594562321E2
2.511966667E0	1.555767003E2
2.672066667E0	1.502513069E2
2.832066667E0	1.498485397E2
3.007966667E0	1.344933465E2
3.168033333E0	1.272045587E2
3.344033333E0	1.140809990E2
3.504100000E0	1.007881500E2
3.664266667E0	9.812511182E1
3.839933333E0	9.662293362E1
4.000100000E0	8.953246119E1
4.176066667E0	9.180006674E1
4.336033333E0	9.763714802E1
4.496000000E0	1.051205205E2
4.672100000E0	1.159033043E2
4.832100000E0	1.241954740E2
5.007966667E0	1.347952029E2
5.168166667E0	1.402445072E2
5.328033333E0	1.503276672E2
5.504066667E0	1.576357102E2
5.664000000E0	1.599297059E2
5.840000000E0	1.607664483E2
6.000066667E0	1.594964433E2
6.176000000E0	1.549736375E2
6.336033333E0	1.506615460E2
6.495966667E0	1.437901512E2
6.671933333E0	1.347054201E2
6.831966667E0	1.274305980E2
7.007866667E0	1.138676652E2
7.168033333E0	1.009247814E2
7.328066667E0	9.604425920E1
7.504000000E0	9.656392961E1
7.663966667E0	8.979208173E1
7.839933333E0	9.186900593E1
8.000033333E0	9.794208066E1
8.159966667E0	1.060015853E2
8.335900000E0	1.160108914E2
8.496000000E0	1.250854657E2
8.671966667E0	1.323068669E2
8.831933333E0	1.393806478E2
8.992066667E0	1.498177726E2
9.168000000E0	1.567579451E2
9.327900000E0	1.598631650E2
9.504000000E0	1.608844032E2
9.663933333E0	1.598351420E2
9.839966667E0	1.554261986E2
9.999900000E0	1.509052113E2
1.015993333E1	1.506781880E2
1.033600000E1	1.359277780E2
1.049586667E1	1.283309820E2
1.067190000E1	1.141633612E2
1.083190000E1	1.018751707E2
1.099196667E1	9.998340962E1
1.116796667E1	9.664843540E1
1.132796667E1	8.997828309E1
1.150396667E1	9.154430079E1
1.166390000E1	9.431055535E1
1.182390000E1	1.035789448E2
1.199996667E1	1.128341332E2
1.215990000E1	1.240902799E2
1.233593333E1	1.328174854E2
1.249593333E1	1.366708965E2
1.267180000E1	1.479196344E2
1.283190000E1	1.566561822E2
1.299193333E1	1.602456920E2
1.316783333E1	1.610562288E2
1.332793333E1	1.607911594E2
1.350383333E1	1.565272901E2
1.366393333E1	1.527462902E2
1.382390000E1	1.468996768E2
1.399986667E1	1.370250572E2
1.415996667E1	1.295491188E2
1.433593333E1	1.158990199E2
1.449596667E1	1.023042890E2
1.465583333E1	9.813478049E1
1.483183333E1	9.658630948E1
1.499183333E1	8.975982561E1
1.516793333E1	9.080337149E1
1.532796667E1	9.391524712E1
1.548790000E1	1.040132100E2
1.566390000E1	1.136000566E2
1.582386667E1	1.228866832E2
1.599983333E1	1.319707181E2
1.615996667E1	1.357500008E2
1.633586667E1	1.471616411E2
1.649593333E1	1.558483435E2
1.665593333E1	1.599267624E2
1.683186667E1	1.609072148E2
1.699176667E1	1.607146766E2
1.716773333E1	1.570371262E2
1.732776667E1	1.537761023E2
1.748780000E1	1.476197982E2
1.766380000E1	1.382316621E2
1.782380000E1	1.309739671E2
1.799973333E1	1.166758921E2
1.815986667E1	1.036586649E2
1.831980000E1	9.969862940E1
1.849576667E1	9.629977118E1
1.865580000E1	8.988291036E1
1.883173333E1	9.097011784E1
1.899190000E1	9.394981060E1
1.915183333E1	1.020701738E2
1.932776667E1	1.137535759E2
1.948790000E1	1.226974077E2
1.966393333E1	1.322901168E2
1.982376667E1	1.358049648E2
1.999976667E1	1.471494688E2
2.015990000E1	1.558219909E2
2.031993333E1	1.600652086E2
2.049580000E1	1.607713752E2
2.065586667E1	1.607383937E2
2.083186667E1	1.574088448E2
2.099190000E1	1.530991217E2
2.115183333E1	1.475112616E2
2.132776667E1	1.379767291E2
2.148786667E1	1.309906520E2
2.166386667E1	1.163176789E2
2.182386667E1	1.036321419E2
2.198393333E1	9.869027224E1
2.215986667E1	9.670693991E1
2.231986667E1	9.008894235E1
2.249586667E1	9.079987625E1
2.265590000E1	9.384760209E1
2.283183333E1	1.033349440E2
2.299183333E1	1.080343431E2
2.315180000E1	1.228680745E2
2.332783333E1	1.326394972E2
2.348786667E1	1.358610569E2
2.366380000E1	1.477233933E2
2.382376667E1	1.551600666E2
2.398376667E1	1.598410819E2
2.415970000E1	1.601642413E2
2.431976667E1	1.600501475E2
2.449570000E1	1.568576055E2
2.465573333E1	1.530893044E2
2.481576667E1	1.471778677E2
2.499173333E1	1.375985302E2
2.515183333E1	1.296940382E2
2.532770000E1	1.158129756E2
2.548780000E1	1.037993046E2
2.564786667E1	9.963742632E1
2.582380000E1	9.693248225E1
2.598386667E1	9.069519547E1
2.615970000E1	9.081078160E1
2.631973333E1	9.568967886E1
2.649566667E1	1.043555671E2
2.665583333E1	1.141353186E2
2.681586667E1	1.233822708E2
2.699176667E1	1.327279675E2
2.715176667E1	1.364548950E2
2.732776667E1	1.487078355E2
2.748773333E1	1.559438468E2
2.764780000E1	1.595532520E2
2.782380000E1	1.600491055E2
2.798383333E1	1.606897529E2
2.815973333E1	1.575594906E2
2.831973333E1	1.531113236E2
2.847983333E1	1.470814632E2
2.865573333E1	1.378863239E2
2.881580000E1	1.300752234E2
2.899173333E1	1.156344063E2
2.915170000E1	1.036103465E2
2.931166667E1	9.794006915E1
2.948766667E1	9.695193266E1
2.964783333E1	9.045578323E1
2.982363333E1	9.096495373E1
2.998373333E1	9.383788952E1
3.015963333E1	1.048274398E2
3.031966667E1	1.118627632E2
3.047973333E1	1.238689493E2
3.065566667E1	1.337156996E2
3.081573333E1	1.375882816E2
3.099166667E1	1.495341043E2
3.115166667E1	1.565783030E2
3.131176667E1	1.598690605E2
3.148766667E1	1.608998917E2
3.164776667E1	1.600957994E2
3.182360000E1	1.565934045E2
3.198376667E1	1.528642958E2
3.214373333E1	1.468040935E2
3.231966667E1	1.368672150E2
3.247980000E1	1.289360585E2
3.265563333E1	1.139864140E2
3.281573333E1	1.021450403E2
3.299160000E1	9.878922771E1
3.315176667E1	9.729132003E1
3.331163333E1	9.678186585E1
3.348770000E1	9.104682614E1
3.364760000E1	9.609462862E1
3.382366667E1	1.044027024E2
3.398360000E1	1.150499998E2
3.414366667E1	1.252349087E2
3.431960000E1	1.354120896E2
3.447963333E1	1.406048441E2
3.465556667E1	1.509374069E2
3.481573333E1	1.567268598E2
3.497573333E1	1.602663479E2
3.515173333E1	1.607881804E2
3.531173333E1	1.606144614E2
3.548760000E1	1.561183129E2
3.564770000E1	1.522395532E2
3.580770000E1	1.464879626E2
3.598370000E1	1.363515742E2
3.614360000E1	1.278040643E2
3.631956667E1	1.127468860E2
3.647970000E1	1.038841719E2
3.665566667E1	1.007324246E2
3.681563333E1	9.608511755E1
3.697573333E1	9.658638063E1
3.715170000E1	9.689618644E1
3.731170000E1	9.715327347E1
3.748763333E1	1.057593297E2
3.764770000E1	1.154882624E2
3.780763333E1	1.264320845E2
3.798363333E1	1.358904261E2
3.814360000E1	1.421031683E2
3.831963333E1	1.517670346E2
3.847956667E1	1.569948760E2
3.863970000E1	1.598588548E2
3.881566667E1	1.607523627E2
3.897560000E1	1.597353869E2
3.915163333E1	1.554848980E2
3.931163333E1	1.509345422E2
3.947160000E1	1.509449392E2
3.964753333E1	1.349211985E2
3.980760000E1	1.253740488E2
3.998366667E1	1.083007898E2
4.014356667E1	1.037167384E2
4.031953333E1	9.706812081E1
4.047966667E1	9.740001812E1
4.063963333E1	9.103329124E1
4.081553333E1	9.197117802E1
4.097556667E1	9.500683672E1
4.115156667E1	1.067376936E2
4.131166667E1	1.162886472E2
4.147166667E1	1.278117365E2
4.164760000E1	1.322753213E2
4.180760000E1	1.450396360E2
4.198350000E1	1.527817718E2
4.214356667E1	1.576856289E2
4.230363333E1	1.599639398E2
4.247963333E1	1.606821991E2
4.263963333E1	1.595926125E2
4.281563333E1	1.547777057E2
4.297550000E1	1.507307101E2
4.315150000E1	1.438395723E2
4.331150000E1	1.336006695E2
4.347166667E1	1.236023558E2
4.364746667E1	1.079900232E2
4.380760000E1	1.001311516E2
4.398360000E1	9.871715688E1
4.414353333E1	9.104449928E1
4.430363333E1	9.104879711E1
4.447953333E1	9.190667181E1
4.463963333E1	9.591916072E1
4.481546667E1	1.078138833E2
4.497543333E1	1.171095176E2
4.513563333E1	1.291038645E2
4.531153333E1	1.332024461E2
4.547153333E1	1.467033916E2
4.564756667E1	1.542430005E2
4.580756667E1	1.580125612E2
4.596763333E1	1.599870892E2
4.614346667E1	1.606280673E2
4.630346667E1	1.589935347E2
4.647943333E1	1.549093193E2
4.663953333E1	1.497032322E2
4.681540000E1	1.426023301E2
4.697560000E1	1.318963462E2
4.713560000E1	1.210185788E2
4.731146667E1	1.059284030E2
4.747156667E1	1.001020863E2
4.764746667E1	9.718005891E1
4.780753333E1	9.053282580E1
4.796756667E1	9.102457475E1
4.814343333E1	9.490785829E1
4.830346667E1	9.688441353E1
4.847940000E1	1.095757356E2
4.863953333E1	1.189264526E2
4.879950000E1	1.313725073E2
4.897546667E1	1.356062447E2
4.913556667E1	1.477385291E2
4.931140000E1	1.545729413E2
4.947146667E1	1.586975224E2
4.963150000E1	1.599084219E2
4.980746667E1	1.606312905E2
4.996750000E1	1.581685323E2
5.014340000E1	1.546635476E2
5.030350000E1	1.489613756E2
5.047940000E1	1.416753786E2
5.063953333E1	1.367550592E2
5.079950000E1	1.197704372E2
5.097543333E1	1.050362505E2
5.113540000E1	9.973748867E1
5.131140000E1	9.859261869E1
5.147140000E1	9.021814066E1
5.163143333E1	9.107247994E1
5.180740000E1	9.540585501E1
5.196740000E1	9.827760825E1
5.214340000E1	1.102858589E2
5.230340000E1	1.195186982E2
5.246346667E1	1.319810080E2
5.263940000E1	1.356761675E2
5.279943333E1	1.484240703E2
5.297540000E1	1.549901125E2
5.313540000E1	1.589321464E2
5.331136667E1	1.598708008E2
5.347140000E1	1.602402018E2
5.363143333E1	1.578868299E2
5.380736667E1	1.542683720E2
5.396743333E1	1.486975544E2
5.414333333E1	1.400208815E2
5.430336667E1	1.349555484E2
5.446340000E1	1.194910172E2
5.463936667E1	1.038800416E2
5.479936667E1	9.887716630E1
5.497533333E1	9.776666170E1
5.513536667E1	8.984385878E1
5.529540000E1	9.108362823E1
5.547136667E1	9.505836863E1
5.563143333E1	9.925211178E1
5.580736667E1	1.111360387E2
5.596740000E1	1.216901369E2
5.612736667E1	1.327881486E2
5.630350000E1	1.364923248E2
5.646343333E1	1.489358895E2
5.663940000E1	1.552023266E2
5.679946667E1	1.595291017E2
5.697543333E1	1.599248219E2
5.713533333E1	1.601677660E2
5.729543333E1	1.576984029E2
5.747143333E1	1.535222579E2
5.763136667E1	1.478516288E2
5.780740000E1	1.397801373E2
5.796746667E1	1.331239787E2
5.812733333E1	1.184565276E2
5.830340000E1	1.026133145E2
5.846336667E1	1.015357136E2
5.863936667E1	9.785310719E1
5.879936667E1	9.004735197E1
5.895933333E1	9.111282989E1
5.913533333E1	9.487684971E1
5.929540000E1	1.022864634E2
5.947143333E1	1.119828562E2
5.963133333E1	1.233899262E2
5.979146667E1	1.339344544E2
5.996743333E1	1.379642539E2
6.012743333E1	1.500190875E2
6.030336667E1	1.561721029E2
6.046333333E1	1.597054984E2
6.063936667E1	1.606960277E2
6.079933333E1	1.603490786E2
6.095933333E1	1.571175049E2
6.113543333E1	1.528085887E2
6.129530000E1	1.469377812E2
6.147123333E1	1.380837234E2
6.163130000E1	1.307650820E2
6.179143333E1	1.157779487E2
6.196723333E1	1.017816816E2
6.212733333E1	9.995785450E1
6.230340000E1	9.942376180E1
6.246343333E1	9.014119432E1
6.262340000E1	9.077108481E1
6.279926667E1	9.401453842E1
6.295926667E1	1.055035253E2
6.313540000E1	1.141016258E2
6.329540000E1	1.243534107E2
6.347123333E1	1.349263820E2
6.363136667E1	1.390358192E2
6.379133333E1	1.499985756E2
6.396733333E1	1.567253254E2
6.412726667E1	1.598775295E2
6.430320000E1	1.608597636E2
6.446330000E1	1.600773487E2
6.462326667E1	1.564568622E2
6.479926667E1	1.524399941E2
6.495923333E1	1.466832038E2
6.513520000E1	1.371904025E2
6.529530000E1	1.300284822E2
6.545530000E1	1.152713637E2
6.563123333E1	1.019503323E2
6.579123333E1	9.760990917E1
6.596723333E1	9.604763573E1
6.612736667E1	9.026837555E1
6.628736667E1	9.076798605E1
6.646333333E1	9.399145180E1
6.662326667E1	1.040914302E2
6.679940000E1	1.139983010E2
6.695936667E1	1.240743518E2
6.713520000E1	1.349147820E2
6.729533333E1	1.390657840E2
6.745536667E1	1.500661928E2
6.763130000E1	1.565949917E2
6.779133333E1	1.600539957E2
6.796716667E1	1.609372072E2
6.812733333E1	1.604092591E2
6.828720000E1	1.563296717E2
6.846326667E1	1.525862049E2
6.862323333E1	1.529142247E2
6.879920000E1	1.370584132E2
6.895930000E1	1.301384973E2
6.911936667E1	1.152363355E2
6.929520000E1	1.020308507E2
6.945533333E1	9.927533056E1
6.963126667E1	9.640989238E1
6.979123333E1	9.037981247E1
6.995126667E1	9.089115622E1
7.012733333E1	9.393043461E1
7.028733333E1	1.041187638E2
7.046330000E1	1.137348839E2
7.062323333E1	1.239799257E2
7.079923333E1	1.352113342E2
7.095930000E1	1.387673984E2
7.111916667E1	1.501328915E2
7.129530000E1	1.568088965E2
7.145530000E1	1.598605415E2
7.163116667E1	1.608657613E2
7.179123333E1	1.599528282E2
7.195126667E1	1.565304766E2
7.212716667E1	1.525086576E2
7.228716667E1	1.464810564E2
7.246333333E1	1.368353333E2
7.262326667E1	1.289611527E2
7.278326667E1	1.154620764E2
7.295930000E1	1.027909283E2
7.311923333E1	1.018365014E2
7.329516667E1	9.715876332E1
7.345516667E1	9.017578614E1
7.363110000E1	9.089900179E1
7.379113333E1	9.417739391E1
7.395120000E1	1.045155854E2
7.412713333E1	1.148768572E2
7.428750000E1	1.245495299E2
7.446320000E1	1.349783296E2
7.462316667E1	1.389492015E2
7.478316667E1	1.502371403E2
7.495923333E1	1.568344791E2
7.511916667E1	1.599868859E2
7.529520000E1	1.608763578E2
7.545513333E1	1.602472704E2
7.561523333E1	1.561181114E2
7.579110000E1	1.522390812E2
7.595123333E1	1.527492051E2
7.612710000E1	1.365864444E2
7.628713333E1	1.281383087E2
7.644716667E1	1.129553488E2
7.662320000E1	1.034304889E2
7.678326667E1	9.711772373E1
7.695906667E1	9.654921085E1
7.711920000E1	9.731200831E1
7.729520000E1	9.075653103E1
7.745510000E1	9.390586331E1
7.761513333E1	1.058871848E2
7.779116667E1	1.149198899E2
7.795116667E1	1.251959329E2
7.812703333E1	1.349289164E2
7.828710000E1	1.466159362E2
7.844720000E1	1.508842372E2
7.862306667E1	1.568695504E2
7.878306667E1	1.600366911E2
7.895916667E1	1.607508738E2
7.911910000E1	1.600059644E2
7.927913333E1	1.564921941E2
7.945510000E1	1.522844820E2
7.961513333E1	1.461451624E2
7.979110000E1	1.365029857E2
7.995113333E1	1.283865853E2
8.011116667E1	1.145855631E2
8.028723333E1	1.021816374E2
8.044720000E1	1.008223293E2
8.062306667E1	9.623321613E1
8.078316667E1	9.049975675E1
8.095913333E1	9.095576497E1
8.111913333E1	9.415968643E1
8.127916667E1	1.057751567E2
8.145506667E1	1.091394176E2
8.161520000E1	1.252883936E2
8.179113333E1	1.358042796E2
8.195106667E1	1.468145909E2
8.211116667E1	1.515136037E2
8.228720000E1	1.568979984E2
8.244716667E1	1.599557429E2
8.262303333E1	1.608952036E2
8.278303333E1	1.599457508E2
8.294326667E1	1.559795374E2
8.311910000E1	1.510580318E2
8.327903333E1	1.516333223E2
8.345516667E1	1.357610718E2
8.361513333E1	1.259786274E2
8.379100000E1	1.110338764E2
8.395110000E1	1.038631668E2
8.411113333E1	9.714360135E1
8.428716667E1	9.728818747E1
8.444716667E1	9.625939329E1
8.462296667E1	9.149715212E1
8.478313333E1	9.588822273E1
8.494316667E1	1.062347268E2
8.511903333E1	1.159533329E2
8.527913333E1	1.263928768E2
8.545506667E1	1.359165071E2
8.561510000E1	1.478655229E2
8.577506667E1	1.517036147E2
8.595110000E1	1.570188739E2
