tömeg_A
t	x
0,000000000E0	9,660377358E1
1,759000000E-1	9,661991642E1
3,360666667E-1	9,662391508E1
5,119666667E-1	9,662671818E1
6,719666667E-1	9,661894041E1
8,479333333E-1	9,660711963E1
1,008033333E0	9,662018355E1
1,168033333E0	9,661670518E1
1,344033333E0	9,661169200E1
1,503933333E0	9,661171590E1
1,679900000E0	9,661064531E1
1,839933333E0	9,661959700E1
1,999933333E0	9,661235039E1
2,175900000E0	9,662074583E1
2,336033333E0	9,661395833E1
2,511966667E0	9,661457414E1
2,671900000E0	9,662173743E1
2,832000000E0	9,660661426E1
3,007966667E0	9,175693976E1
3,168000000E0	8,865857877E1
3,344000000E0	8,754480877E1
3,504000000E0	8,762054141E1
3,679966667E0	8,921402209E1
3,839900000E0	9,278788655E1
3,999933333E0	9,951435014E1
4,175900000E0	1,095431622E2
4,335966667E0	1,167943643E2
4,511866667E0	1,269888551E2
4,671966667E0	1,289159148E2
4,831966667E0	1,479662381E2
5,007933333E0	1,566522564E2
5,167900000E0	1,616710645E2
5,343900000E0	1,626449218E2
5,503966667E0	1,633418956E2
5,664033333E0	1,535169201E2
5,839900000E0	1,577597216E2
6,000000000E0	1,536395280E2
6,175866667E0	1,475661804E2
6,336000000E0	1,304241984E2
6,495933333E0	1,259307567E2
6,671833333E0	1,125931406E2
6,831966667E0	9,961971378E1
7,007833333E0	9,254798731E1
7,167966667E0	8,909897731E1
7,343800000E0	8,722304290E1
7,503833333E0	8,674117245E1
7,664000000E0	8,879457193E1
7,839966667E0	9,308609526E1
7,999866667E0	1,000215082E2
8,175800000E0	1,096797746E2
8,335900000E0	1,174238226E2
8,495933333E0	1,267017237E2
8,671933333E0	1,288863381E2
8,831900000E0	1,491282044E2
9,007800000E0	1,569315172E2
9,167900000E0	1,535137847E2
9,327866667E0	1,625398830E2
9,503933333E0	1,548726752E2
9,663866667E0	1,531485608E2
9,839933333E0	1,571192784E2
9,999866667E0	1,525139636E2
1,015993333E1	1,460043696E2
1,033583333E1	1,284640302E2
1,049583333E1	1,242594429E2
1,067193333E1	1,105922940E2
1,083183333E1	9,775287629E1
1,100786667E1	9,207104784E1
1,116790000E1	8,866723344E1
1,132783333E1	8,666621662E1
1,150393333E1	8,676082062E1
1,166390000E1	8,962534917E1
1,183986667E1	9,451035284E1
1,199990000E1	1,022632084E2
1,215986667E1	1,110486263E2
1,233593333E1	1,187600109E2
1,249590000E1	1,280703505E2
1,267190000E1	1,298007918E2
1,283193333E1	1,486262388E2
1,299196667E1	1,576804596E2
1,316783333E1	1,536439408E2
1,332793333E1	1,543455003E2
1,350386667E1	1,627251792E2
1,366393333E1	1,607680465E2
1,383983333E1	1,566668454E2
1,399986667E1	1,519818557E2
1,415983333E1	1,328571454E2
1,433583333E1	1,276976018E2
1,449580000E1	1,235206113E2
1,467180000E1	1,096852938E2
1,483173333E1	9,888921378E1
1,499180000E1	9,242348679E1
1,516786667E1	8,855274742E1
1,532783333E1	8,662660443E1
1,550370000E1	8,708437977E1
1,566386667E1	8,967221366E1
1,582390000E1	9,480964229E1
1,599980000E1	1,014676326E2
1,615980000E1	1,111995793E2
1,633583333E1	1,187627923E2
1,649583333E1	1,279772065E2
1,665586667E1	1,297480860E2
1,683176667E1	1,488906357E2
1,699190000E1	1,578404975E2
1,716783333E1	1,535329408E2
1,732776667E1	1,546782060E2
1,750366667E1	1,549088932E2
1,766380000E1	1,526574765E2
1,782386667E1	1,567437834E2
1,799983333E1	1,517772407E2
1,815983333E1	1,328092171E2
1,833570000E1	1,276773427E2
1,849573333E1	1,231526209E2
1,865583333E1	1,096083410E2
1,883183333E1	9,872846498E1
1,899186667E1	9,198484783E1
1,916776667E1	8,842641742E1
1,932776667E1	8,662634239E1
1,948780000E1	8,715940842E1
1,966370000E1	8,969182370E1
1,982383333E1	9,573961985E1
1,999980000E1	1,028193894E2
2,015983333E1	1,124732612E2
2,031980000E1	1,205502453E2
2,049573333E1	1,297149039E2
2,065573333E1	1,288548083E2
2,083176667E1	1,514673991E2
2,099176667E1	1,586248069E2
2,116776667E1	1,613765772E2
2,132780000E1	1,542851950E2
2,148783333E1	1,625133444E2
2,166376667E1	1,595054269E2
2,182380000E1	1,562197182E2
2,199973333E1	1,500222042E2
2,215980000E1	1,337714605E2
2,231990000E1	1,325994730E2
2,249570000E1	1,197918679E2
2,265570000E1	1,065055462E2
2,283166667E1	9,587419143E1
2,299180000E1	9,075598725E1
2,315183333E1	8,761789021E1
2,332776667E1	8,668164807E1
2,348780000E1	8,771658461E1
2,366366667E1	9,135791102E1
2,382376667E1	9,769761656E1
2,399973333E1	1,065735924E2
2,415973333E1	1,148009296E2
2,431976667E1	1,236273133E2
2,449576667E1	1,333994003E2
2,465576667E1	1,329634169E2
2,483170000E1	1,545360249E2
2,499170000E1	1,596909575E2
2,515163333E1	1,616202922E2
2,532776667E1	1,624996199E2
2,548776667E1	1,615231046E2
2,566360000E1	1,576199715E2
2,582363333E1	1,537751271E2
2,598376667E1	1,478886103E2
2,615973333E1	1,280349263E2
2,631966667E1	1,288089309E2
2,649570000E1	1,160989004E2
2,665576667E1	1,029730331E2
2,681576667E1	9,403778518E1
2,699166667E1	9,055303503E1
2,715176667E1	8,739619330E1
2,732760000E1	8,666691047E1
2,748766667E1	8,847489236E1
2,766366667E1	9,303056228E1
2,782363333E1	9,981329413E1
2,798366667E1	1,096460817E2
2,815973333E1	1,172869954E2
2,831966667E1	1,266297531E2
2,849560000E1	1,285271092E2
2,865566667E1	1,479453072E2
2,881566667E1	1,559082798E2
2,899170000E1	1,605807495E2
2,915173333E1	1,538193478E2
2,932766667E1	1,627058813E2
2,948773333E1	1,607465904E2
2,964776667E1	1,568847077E2
2,982373333E1	1,520671456E2
2,998363333E1	1,325366857E2
3,015956667E1	1,283370166E2
3,031970000E1	1,246831778E2
3,047960000E1	1,112915083E2
3,065570000E1	9,881991975E1
3,081563333E1	9,202407647E1
3,099166667E1	8,866441938E1
3,115160000E1	8,683236829E1
3,132763333E1	8,749178360E1
3,148770000E1	8,930811611E1
3,164770000E1	9,562310012E1
3,182356667E1	1,039846948E2
3,198366667E1	1,126897740E2
3,215963333E1	1,207963088E2
3,231966667E1	1,301190703E2
3,247963333E1	1,287614779E2
3,265566667E1	1,511832643E2
3,281556667E1	1,580643102E2
3,299163333E1	1,535090840E2
3,315160000E1	1,544276268E2
3,331170000E1	1,538199374E2
3,348763333E1	1,587161943E2
3,364763333E1	1,556364164E2
3,382363333E1	1,497263091E2
3,398356667E1	1,304810744E2
3,415956667E1	1,326146050E2
3,431953333E1	1,198886201E2
3,447956667E1	1,064969808E2
3,465560000E1	9,586000376E1
3,481560000E1	9,125555284E1
3,499163333E1	8,768760797E1
3,515163333E1	8,669813984E1
3,531160000E1	8,803279552E1
3,548753333E1	9,067253330E1
3,564753333E1	9,783660031E1
3,582350000E1	1,075128651E2
3,598353333E1	1,153580083E2
3,614356667E1	1,235631286E2
3,631960000E1	1,332000017E2
3,647963333E1	1,324466568E2
3,665560000E1	1,538626991E2
3,681556667E1	1,587041134E2
3,697553333E1	1,535291288E2
3,715153333E1	1,543057913E2
3,731160000E1	1,528868397E2
3,748746667E1	1,567095702E2
3,764756667E1	1,527897893E2
3,782343333E1	1,468163592E2
3,798356667E1	1,268811957E2
3,814360000E1	1,273805632E2
3,831956667E1	1,150037736E2
3,847956667E1	1,008689228E2
3,865543333E1	9,350587137E1
3,881556667E1	8,970173458E1
3,897560000E1	8,694170165E1
3,915146667E1	8,722113032E1
3,931150000E1	8,877783869E1
3,948746667E1	9,373970574E1
3,964756667E1	1,027005460E2
3,980753333E1	1,113400568E2
3,998346667E1	1,189926481E2
4,014360000E1	1,282389541E2
4,031946667E1	1,297362216E2
4,047953333E1	1,487535365E2
4,063963333E1	1,573241886E2
4,081560000E1	1,607381817E2
4,097560000E1	1,616858829E2
4,115160000E1	1,617160253E2
4,131156667E1	1,593518253E2
4,148740000E1	1,559845494E2
4,164753333E1	1,501653558E2
4,180756667E1	1,307172198E2
4,198356667E1	1,331446045E2
4,214353333E1	1,207082662E2
4,231940000E1	1,068430610E2
4,247946667E1	9,648515309E1
4,263943333E1	9,162786280E1
4,281553333E1	8,810001090E1
4,297556667E1	8,661172737E1
4,315153333E1	8,793900461E1
4,331150000E1	9,055671683E1
4,347143333E1	9,755899200E1
4,364746667E1	1,072448357E2
4,380743333E1	1,146242564E2
4,398353333E1	1,228508789E2
4,414346667E1	1,319619740E2
4,431943333E1	1,308070674E2
4,447956667E1	1,535707957E2
4,463953333E1	1,587164687E2
4,481543333E1	1,605577531E2
4,497553333E1	1,538968981E2
4,515150000E1	1,606777890E2
4,531146667E1	1,565421042E2
4,547146667E1	1,527367110E2
4,564740000E1	1,468522711E2
4,580756667E1	1,303957544E2
4,598343333E1	1,273078250E2
4,614336667E1	1,146013866E2
4,630346667E1	1,014202954E2
4,647946667E1	9,354094241E1
4,663940000E1	8,993546339E1
4,681543333E1	8,700936951E1
4,697540000E1	8,673431625E1
4,713540000E1	8,877474612E1
4,731146667E1	9,364505973E1
4,747140000E1	1,025235842E2
4,764740000E1	1,110831081E2
4,780746667E1	1,189477826E2
4,798336667E1	1,278338345E2
4,814336667E1	1,293561313E2
4,830350000E1	1,484894646E2
4,847940000E1	1,572591637E2
4,863950000E1	1,606682517E2
4,881530000E1	1,538881692E2
4,897543333E1	1,545938058E2
4,913546667E1	1,597279410E2
4,931143333E1	1,559326719E2
4,947136667E1	1,501555683E2
4,964740000E1	1,338605944E2
4,980743333E1	1,246942269E2
4,996750000E1	1,197136691E2
5,014346667E1	1,065918820E2
5,030333333E1	9,602022603E1
5,047940000E1	9,152765299E1
5,063936667E1	8,851509371E1
5,081543333E1	8,665336117E1
5,097536667E1	8,837358598E1
5,113536667E1	9,068073012E1
5,131140000E1	9,758119961E1
5,147133333E1	1,076420501E2
5,164736667E1	1,154255138E2
5,180743333E1	1,235171838E2
5,196736667E1	1,327945729E2
5,214333333E1	1,323243272E2
5,230340000E1	1,545328998E2
5,247930000E1	1,603188199E2
5,263933333E1	1,614686696E2
5,279946667E1	1,548349535E2
5,297533333E1	1,614158229E2
5,313543333E1	1,568428793E2
5,331136667E1	1,528292231E2
5,347130000E1	1,465591156E2
5,363146667E1	1,291127792E2
5,380730000E1	1,252647340E2
5,396733333E1	1,127820394E2
5,414330000E1	1,002622243E2
5,430336667E1	9,278270523E1
5,447923333E1	8,978041455E1
5,463930000E1	8,754335823E1
5,479943333E1	8,731772985E1
5,497543333E1	8,950566455E1
5,513530000E1	9,452820153E1
5,531136667E1	1,034253339E2
5,547126667E1	1,119159588E2
5,563143333E1	1,197742499E2
5,580740000E1	1,288964281E2
5,596740000E1	1,298116534E2
5,614333333E1	1,505169939E2
5,630336667E1	1,577646083E2
5,646336667E1	1,614214718E2
5,663930000E1	1,543427722E2
5,679930000E1	1,536720932E2
5,697526667E1	1,584620253E2
5,713526667E1	1,546015586E2
5,729536667E1	1,489624071E2
5,747123333E1	1,290322667E2
5,763140000E1	1,303016056E2
5,780726667E1	1,176655551E2
5,796730000E1	1,039018572E2
5,814323333E1	9,441116222E1
5,830336667E1	9,108090105E1
5,846336667E1	8,834359978E1
5,863936667E1	8,668031484E1
5,879926667E1	8,870185598E1
5,897520000E1	9,216079101E1
5,913526667E1	9,906852023E1
5,929540000E1	1,089039208E2
5,947123333E1	1,168976621E2
5,963130000E1	1,256845774E2
5,980726667E1	1,349664117E2
5,996726667E1	1,465256534E2
6,012733333E1	1,557688184E2
6,030330000E1	1,605761198E2
6,046336667E1	1,536647820E2
6,063936667E1	1,542451038E2
6,079936667E1	1,602006386E2
6,097520000E1	1,565032677E2
6,113530000E1	1,510059803E2
6,129533333E1	1,318041908E2
6,147123333E1	1,261211848E2
6,163136667E1	1,212286789E2
6,180733333E1	1,086514357E2
6,196730000E1	9,736850899E1
6,212723333E1	9,158774026E1
6,230330000E1	8,881136144E1
6,246333333E1	8,753924008E1
6,263930000E1	8,790792778E1
6,279923333E1	9,056289622E1
6,295926667E1	9,668126351E1
6,313530000E1	1,066268707E2
6,329523333E1	1,145963425E2
6,347116667E1	1,226201715E2
6,363126667E1	1,318179025E2
6,379130000E1	1,307423186E2
6,396733333E1	1,543057726E2
6,412723333E1	1,596085533E2
6,430316667E1	1,609139268E2
6,446326667E1	1,543378194E2
6,463926667E1	1,608772780E2
6,479930000E1	1,567127116E2
6,495920000E1	1,525086698E2
6,513530000E1	1,466427230E2
6,529523333E1	1,297896696E2
6,547110000E1	1,258262377E2
6,563130000E1	1,135747996E2
6,579133333E1	1,005575744E2
6,596723333E1	9,258267403E1
6,612720000E1	8,973132351E1
6,630326667E1	8,786832500E1
6,646326667E1	8,740062445E1
6,662320000E1	8,963544546E1
6,679926667E1	9,397317513E1
6,695923333E1	1,027604003E2
6,713523333E1	1,117033705E2
6,729516667E1	1,197299139E2
6,745520000E1	1,290629281E2
6,763113333E1	1,302685515E2
6,779120000E1	1,504546049E2
6,796713333E1	1,579574625E2
6,812723333E1	1,615917795E2
6,830306667E1	1,620176074E2
6,846323333E1	1,619134176E2
6,862326667E1	1,593135262E2
6,879920000E1	1,549598778E2
6,895916667E1	1,492450127E2
6,913513333E1	1,297052304E2
6,929513333E1	1,299253320E2
6,945526667E1	1,176845971E2
6,963123333E1	1,045451762E2
6,979126667E1	9,462955393E1
6,996710000E1	9,065818542E1
7,012723333E1	8,862207513E1
7,028720000E1	8,714786587E1
7,046313333E1	8,889266311E1
7,062320000E1	9,251915891E1
7,079910000E1	9,945166084E1
7,095923333E1	1,090738695E2
7,113520000E1	1,175119976E2
7,129523333E1	1,260519946E2
7,145516667E1	1,276526924E2
7,163123333E1	1,469171716E2
7,179116667E1	1,561694093E2
7,196716667E1	1,608943208E2
7,212713333E1	1,614887087E2
7,228720000E1	1,543403083E2
7,246310000E1	1,597640610E2
7,262310000E1	1,560334444E2
7,279916667E1	1,506806044E2
7,295906667E1	1,309958168E2
7,311910000E1	1,335121188E2
7,329516667E1	1,206249891E2
7,345510000E1	1,083277750E2
7,363103333E1	9,666037379E1
7,379116667E1	9,080511093E1
7,395110000E1	8,881772071E1
7,412716667E1	8,762779932E1
7,428716667E1	8,859097515E1
7,446310000E1	9,079720257E1
7,462320000E1	9,731105951E1
7,479906667E1	1,068768354E2
7,495916667E1	1,153439930E2
7,511916667E1	1,237733077E2
7,529506667E1	1,335767634E2
7,545510000E1	1,356150151E2
7,563103333E1	1,545262705E2
7,579110000E1	1,527291879E2
7,595110000E1	1,616162284E2
7,612713333E1	1,624456756E2
7,628710000E1	1,528424731E2
7,646303333E1	1,567350481E2
7,662320000E1	1,521301598E2
7,678316667E1	1,464605946E2
7,695913333E1	1,285442236E2
7,711910000E1	1,243890009E2
7,729500000E1	1,118547797E2
7,745503333E1	9,908725076E1
7,761510000E1	9,160010654E1
7,779113333E1	8,949320495E1
7,795110000E1	8,797491303E1
7,812706667E1	8,788430692E1
7,828706667E1	9,036768536E1
7,846313333E1	9,570218938E1
7,862316667E1	1,047633416E2
7,878320000E1	1,133973914E2
7,895906667E1	1,217567773E2
7,911920000E1	1,315619484E2
7,929506667E1	1,296154096E2
7,945513333E1	1,529789801E2
7,961506667E1	1,585262053E2
7,979100000E1	1,609615447E2
7,995103333E1	1,617046279E2
8,012710000E1	1,532091094E2
8,028710000E1	1,574980591E2
8,044703333E1	1,533593526E2
8,062303333E1	1,478209126E2
8,078306667E1	1,278976279E2
8,095906667E1	1,275650608E2
8,111900000E1	1,148448109E2
8,129500000E1	1,020463613E2
8,145500000E1	9,265526459E1
8,161513333E1	9,008691033E1
8,179110000E1	8,853056284E1
8,195103333E1	8,766061976E1
8,212700000E1	8,962249322E1
8,228703333E1	9,382178129E1
8,244713333E1	1,015943165E2
8,262306667E1	1,102193359E2
8,278303333E1	1,193730215E2
8,295896667E1	1,283719588E2
8,311893333E1	1,295970130E2
8,327896667E1	1,487536104E2
8,345496667E1	1,580780329E2
8,361510000E1	1,535356355E2
8,379106667E1	1,618772125E2
8,395100000E1	1,616914106E2
8,411100000E1	1,592638988E2
8,428706667E1	1,559293407E2
8,444703333E1	1,500095734E2
8,462310000E1	1,337013320E2
8,478310000E1	1,318536770E2
8,495893333E1	1,189093659E2
8,511893333E1	1,056860685E2
8,527906667E1	9,533628147E1
8,545496667E1	9,054770797E1
8,561503333E1	8,864900680E1
8,579100000E1	8,763175744E1
8,595096667E1	8,900201990E1
8,611106667E1	9,225950147E1
8,628696667E1	9,868846942E1
8,644710000E1	1,084025483E2
8,662293333E1	1,168994497E2
8,678303333E1	1,259426116E2
8,694303333E1	1,277445189E2
8,711893333E1	1,466567873E2
8,727896667E1	1,564032344E2
8,745490000E1	1,606816828E2
8,761506667E1	1,536328574E2
8,777506667E1	1,624463907E2
8,795100000E1	1,522013148E2
8,811106667E1	1,565565490E2
8,828700000E1	1,514193428E2
8,844703333E1	1,324949478E2
8,862296667E1	1,258928409E2
8,878300000E1	1,216987752E2
8,894303333E1	1,087656157E2
8,911893333E1	9,758240727E1
8,927900000E1	9,082621813E1
8,945493333E1	8,871910398E1
8,961490000E1	8,774447345E1
8,977503333E1	8,854461901E1
8,995090000E1	9,096929021E1
9,011100000E1	9,706743820E1
9,028690000E1	1,063850585E2
9,044703333E1	1,141233296E2
9,060700000E1	1,234711250E2
9,078300000E1	1,329598168E2
9,094303333E1	1,325751199E2
9,111886667E1	1,541932213E2
9,127900000E1	1,595411297E2
9,145480000E1	1,609272691E2
9,161500000E1	1,539225752E2
9,177490000E1	1,528449172E2
9,195086667E1	1,568719002E2
9,211100000E1	1,527677794E2
9,228680000E1	1,463300283E2
9,244700000E1	1,293396699E2
9,260700000E1	1,257498421E2
9,278300000E1	1,129181581E2
9,294296667E1	1,001047280E2
9,311896667E1	9,168357511E1
9,327886667E1	8,893399862E1
9,343890000E1	8,806711940E1
9,361490000E1	8,836644681E1
9,377493333E1	9,043732641E1
9,395096667E1	9,556385608E1
9,411096667E1	1,043208299E2
9,427093333E1	1,123092739E2
9,444690000E1	1,214101739E2
9,460693333E1	1,308245038E2
9,478296667E1	1,288071424E2
9,494283333E1	1,524579796E2
9,511876667E1	1,590389825E2
9,527893333E1	1,534696380E2
9,543890000E1	1,538983284E2
9,561483333E1	1,536263877E2
9,577490000E1	1,577233507E2
9,595093333E1	1,541203211E2
9,611086667E1	1,484524973E2
9,627090000E1	1,311318595E2
9,644686667E1	1,284400673E2
9,660693333E1	1,156180826E2
9,678290000E1	1,024974284E2
9,694293333E1	9,274897563E1
9,710296667E1	8,963668607E1
9,727886667E1	8,848472593E1
9,743883333E1	8,765522725E1
9,761496667E1	8,982640449E1
9,777496667E1	9,415202469E1
9,793483333E1	1,016533571E2
9,811093333E1	1,104758157E2
9,827100000E1	1,193951172E2
9,844693333E1	1,286427376E2
9,860696667E1	1,299581287E2
9,878280000E1	1,489360746E2
9,894290000E1	1,583750899E2
9,910283333E1	1,535800792E2
9,927880000E1	1,619857574E2
9,943883333E1	1,539803481E2
9,961490000E1	1,588284149E2
9,977490000E1	1,553484522E2
9,993493333E1	1,492372063E2
1,001108333E2	1,297569695E2
1,002709000E2	1,308693836E2
1,004468667E2	1,177500170E2
1,006068000E2	1,046326090E2
1,007669000E2	9,397991364E1
1,009428667E2	8,994622413E1
1,011029000E2	8,838870425E1
1,012788333E2	8,768112942E1
1,014388667E2	8,960055548E1
1,016147667E2	9,336204305E1
1,017749000E2	9,978802339E1
1,019349000E2	1,093801961E2
1,021108667E2	1,177641428E2
1,022708333E2	1,271760292E2
1,024468333E2	1,373338976E2
1,026067667E2	1,475805378E2
1,027668667E2	1,569090709E2
1,029427667E2	1,528415196E2
1,031029000E2	1,537600240E2
1,032788000E2	1,617525022E2
1,034387667E2	1,594855172E2
1,035989000E2	1,563510249E2
1,037747000E2	1,503747538E2
1,039348667E2	1,340114550E2
1,041108333E2	1,333493821E2
1,042708667E2	1,206553419E2
1,044307333E2	1,074078089E2
1,046067333E2	9,668053049E1
1,047667667E2	9,048426386E1
1,049427000E2	8,856806107E1
1,051027333E2	8,763679088E1
1,052787333E2	8,869612411E1
1,054388333E2	9,172938150E1
1,055988667E2	9,778225312E1
1,057747333E2	1,074407888E2
1,059348000E2	1,154803958E2
1,061107000E2	1,246478411E2
1,062707000E2	1,346779220E2
1,064308667E2	1,329534410E2
1,066067333E2	1,553862538E2
1,067667667E2	1,603487998E2
1,069427667E2	1,614368485E2
1,071028000E2	1,539802958E2
1,072628000E2	1,602912568E2
1,074388333E2	1,565070463E2
1,075988000E2	1,518498139E2
1,077747000E2	1,456917345E2
1,079347667E2	1,283005791E2
1,080947667E2	1,237067819E2
1,082707667E2	1,110660175E2
1,084307000E2	9,877637530E1
1,086066667E2	9,148942348E1
1,087666667E2	8,863919148E1
1,089426000E2	8,765118737E1
1,091028000E2	8,842561283E1
1,092626667E2	9,085639155E1
1,094387667E2	9,644987226E1
1,095987000E2	1,055768424E2
1,097747000E2	1,133263796E2
1,099346667E2	1,223925322E2
1,100947333E2	1,325527339E2
1,102707333E2	1,304250463E2
1,104308000E2	1,536986895E2
1,106067000E2	1,588875062E2
1,107666667E2	1,606492877E2
1,109267000E2	1,543080322E2
1,111027333E2	1,528238691E2
1,112627667E2	1,570695638E2
1,114386333E2	1,527592911E2
1,115987667E2	1,471229790E2
1,117747000E2	1,297166551E2
1,119347000E2	1,266506211E2
1,120947000E2	1,141723882E2
1,122706667E2	1,007571395E2
1,124306333E2	9,235329207E1
1,126066000E2	8,934220533E1
1,127667333E2	8,762262734E1
1,129267000E2	8,764669697E1
1,131027000E2	9,007724997E1
1,132626667E2	9,495703156E1
1,134385667E2	1,028795574E2
1,135986000E2	1,115564531E2
1,137587667E2	1,202929649E2
1,139346333E2	1,298208684E2
1,140946333E2	1,287048236E2
1,142706000E2	1,509911991E2
1,144306333E2	1,582547913E2
1,145908000E2	1,607300332E2
1,147667333E2	1,539570472E2
1,149267333E2	1,535158874E2
1,151026000E2	1,581165836E2
1,152626667E2	1,541637224E2
1,154386667E2	1,486760160E2
1,155985667E2	1,287974645E2
1,157586333E2	1,289470790E2
1,159347000E2	1,166252627E2
1,160946000E2	1,033208168E2
1,162706667E2	9,357363386E1
1,164305667E2	8,961842836E1
1,165906333E2	8,782383785E1
1,167667000E2	8,727602431E1
1,169267333E2	8,969066742E1
1,171026000E2	9,417700503E1
1,172626000E2	1,013999368E2
1,174226333E2	1,105648653E2
1,175986667E2	1,190210684E2
1,177587000E2	1,286293408E2
1,179346333E2	1,299547804E2
1,180946333E2	1,490465188E2
1,182546333E2	1,578587466E2
1,184306667E2	1,609056277E2
1,185906667E2	1,616803001E2
1,187665333E2	1,615512974E2
1,189266333E2	1,584429008E2
1,191026667E2	1,549150474E2
1,192626000E2	1,493315257E2
1,194227333E2	1,289957294E2
1,195986333E2	1,306222821E2
1,197587000E2	1,178752441E2
1,199345333E2	1,043466278E2
1,200946000E2	9,391185877E1
1,202545667E2	8,985371812E1
1,204305333E2	8,782310087E1
1,205905000E2	8,753431207E1
1,207665000E2	8,956246580E1
1,209265333E2	9,339133862E1
1,210865333E2	1,003188475E2
1,212625000E2	1,095785472E2
1,214226333E2	1,177463877E2
1,215985667E2	1,273942331E2
1,217585000E2	1,295469443E2
1,219346667E2	1,478705683E2
1,220945000E2	1,569062932E2
1,222545333E2	1,611788671E2
1,224305000E2	1,615736744E2
1,225906333E2	1,616873921E2
1,227664667E2	1,590873318E2
1,229265333E2	1,559940664E2
1,230865667E2	1,497362810E2
1,232626000E2	1,302261032E2
1,234226333E2	1,322671071E2
1,235985667E2	1,195985294E2
1,237585000E2	1,065247877E2
1,239186333E2	9,558247040E1
1,240946333E2	9,042310706E1
1,242545000E2	8,846879004E1
1,244307000E2	8,749890799E1
1,245905667E2	8,886993025E1
1,247506000E2	9,233045479E1
1,249264667E2	9,901073455E1
1,250866333E2	1,085379336E2
1,252625000E2	1,166939368E2
1,254225333E2	1,257054527E2
1,255984333E2	1,278846080E2
1,257585667E2	1,475032597E2
1,259186000E2	1,559571894E2
1,260944667E2	1,606410022E2
1,262545000E2	1,536812241E2
1,264306333E2	1,538318953E2
1,265905000E2	1,600857562E2
1,267505333E2	1,565157053E2
1,269265667E2	1,507357614E2
1,270864667E2	1,354194934E2
1,272625000E2	1,334047372E2
1,274225667E2	1,206794562E2
1,275825333E2	1,077976379E2
1,277585667E2	9,656099708E1
1,279185000E2	9,054220740E1
1,280945667E2	8,850041128E1
1,282544667E2	8,761780512E1
1,284146000E2	8,865649395E1
1,285904333E2	9,167871808E1
1,287505667E2	9,839779938E1
1,289265333E2	1,077972463E2
1,290865667E2	1,157748988E2
1,292624667E2	1,248781176E2
1,294225667E2	1,272991732E2
1,295825000E2	1,464099128E2
1,297584000E2	1,555045284E2
1,299186000E2	1,605042332E2
1,300945000E2	1,615909413E2
1,302544333E2	1,618143056E2
1,304145667E2	1,597686278E2
1,305905000E2	1,564987409E2
1,307504667E2	1,510181125E2
1,309264000E2	1,355258090E2
1,310864000E2	1,342421243E2
1,312464667E2	1,217490313E2
1,314223667E2	1,094118497E2
1,315824667E2	9,763156600E1
1,317584000E2	9,079086438E1
1,319184333E2	8,850979964E1
1,320945000E2	8,756852848E1
1,322544667E2	8,840594238E1
1,324145333E2	9,115032562E1
1,325903667E2	9,774346830E1
1,327504667E2	1,070124937E2
1,329264667E2	1,149350308E2
1,330865333E2	1,237407130E2
1,332464667E2	1,340367208E2
1,334224667E2	1,326787115E2
1,335824333E2	1,547441306E2
1,337584333E2	1,603882856E2
1,339184000E2	1,534930601E2
1,340785333E2	1,544779379E2
1,342544000E2	1,605458455E2
1,344145000E2	1,565327594E2
1,345904333E2	1,518368577E2
1,347504333E2	1,456661673E2
1,349105333E2	1,279691969E2
1,350864667E2	1,235023842E2
1,352464000E2	1,109299238E2
1,354223667E2	9,862432213E1
1,355823667E2	9,150701323E1
1,357583333E2	8,861666803E1
1,359184000E2	8,761516494E1
1,360785000E2	8,808464772E1
1,362543667E2	9,071342789E1
1,364145000E2	9,709845423E1
1,365904000E2	1,065355822E2
1,367505000E2	1,139601919E2
1,369104667E2	1,228905017E2
1,370863667E2	1,328228656E2
1,372464000E2	1,319244304E2
1,374223000E2	1,536468338E2
1,375824000E2	1,596015028E2
1,377424667E2	1,606606789E2
1,379183333E2	1,616744108E2
1,380784333E2	1,603241205E2
1,382543333E2	1,563283772E2
1,384144667E2	1,518878409E2
1,385744667E2	1,458401590E2
1,387504333E2	1,285087422E2
1,389103333E2	1,244281815E2
1,390864000E2	1,117339839E2
1,392464667E2	9,934148371E1
1,394222667E2	9,159991425E1
1,395824333E2	8,867379013E1
1,397424333E2	8,765803063E1
1,399184000E2	8,794119273E1
1,400784667E2	9,059033377E1
1,402543333E2	9,649707825E1
1,404144333E2	1,057546502E2
1,405744333E2	1,135515746E2
1,407504333E2	1,224267729E2
1,409104667E2	1,324727067E2
1,410864000E2	1,317869094E2
1,412462667E2	1,539582516E2
1,414064333E2	1,595462835E2
1,415823333E2	1,605902716E2
1,417423000E2	1,605254963E2
1,419184000E2	1,601531486E2
1,420784333E2	1,604783712E2
