tömeg_A
t	x
0,000000000E0	1,523367199E2
1,600666667E-1	1,523426600E2
3,361000000E-1	1,523439386E2
4,960333333E-1	1,523810302E2
6,721000000E-1	1,523649261E2
8,320000000E-1	1,523825675E2
9,920333333E-1	1,524331989E2
1,167966667E0	1,523972052E2
1,328066667E0	1,523197535E2
1,504066667E0	1,454317146E2
1,664066667E0	1,351145055E2
1,823966667E0	1,200898140E2
2,000100000E0	1,094468095E2
2,160066667E0	9,774209590E1
2,336066667E0	9,331823509E1
2,496000000E0	8,968699883E1
2,672100000E0	9,071237268E1
2,832033333E0	9,551292288E1
2,992066667E0	1,031798139E2
3,168066667E0	1,149860592E2
3,328000000E0	1,242992536E2
3,503866667E0	1,322434027E2
3,664000000E0	1,456337804E2
3,823966667E0	1,550634551E2
4,000100000E0	1,593100112E2
4,159966667E0	1,598139682E2
4,335900000E0	1,592555294E2
4,495933333E0	1,534993053E2
4,656033333E0	1,485790881E2
4,831933333E0	1,440452912E2
4,991966667E0	1,271622429E2
5,167933333E0	1,165535134E2
5,328100000E0	1,022763395E2
5,488033333E0	9,439192799E1
5,663933333E0	8,927284782E1
5,823933333E0	9,025889507E1
6,000033333E0	9,364364990E1
6,160000000E0	1,001105248E2
6,335866667E0	1,053724026E2
6,495933333E0	1,202751898E2
6,656033333E0	1,281058576E2
6,831933333E0	1,414407987E2
6,991933333E0	1,522814155E2
7,167866667E0	1,587086680E2
7,328000000E0	1,603651334E2
7,488033333E0	1,605475403E2
7,663900000E0	1,563026495E2
7,823900000E0	1,518160536E2
7,999900000E0	1,448499140E2
8,159900000E0	1,327593808E2
8,319933333E0	1,144170176E2
8,495900000E0	1,044614702E2
8,655933333E0	9,633310842E1
8,831866667E0	9,253858982E1
8,991900000E0	8,916917255E1
9,167833333E0	9,148321293E1
9,327866667E0	9,672245488E1
9,487933333E0	1,058369352E2
9,663866667E0	1,105958550E2
9,823866667E0	1,232229084E2
9,999833333E0	1,382428538E2
1,015990000E1	1,503819860E2
1,031990000E1	1,572912828E2
1,049600000E1	1,599975216E2
1,065590000E1	1,605786552E2
1,083180000E1	1,585696296E2
1,099183333E1	1,534491172E2
1,115196667E1	1,470229388E2
1,132790000E1	1,370192635E2
1,148790000E1	1,203487114E2
1,166383333E1	1,095039095E2
1,182383333E1	9,757425749E1
1,198386667E1	9,348757818E1
1,215986667E1	8,860862720E1
1,231986667E1	8,950759913E1
1,249583333E1	9,528877634E1
1,265586667E1	1,032704331E2
1,283180000E1	1,084532360E2
1,299183333E1	1,184280435E2
1,315186667E1	1,334309341E2
1,332783333E1	1,473745416E2
1,348786667E1	1,552550661E2
1,366380000E1	1,595501851E2
1,382380000E1	1,605764515E2
1,398390000E1	1,592439942E2
1,415983333E1	1,538773124E2
1,431986667E1	1,484976853E2
1,449576667E1	1,443528657E2
1,465583333E1	1,265277662E2
1,481590000E1	1,146890342E2
1,499183333E1	1,002459001E2
1,515186667E1	9,448321765E1
1,532780000E1	9,027719542E1
1,548783333E1	9,052275097E1
1,564780000E1	9,430404981E1
1,582380000E1	9,972065420E1
1,598386667E1	1,067895390E2
1,615980000E1	1,195790957E2
1,631983333E1	1,298834302E2
1,649573333E1	1,447685714E2
1,665580000E1	1,542645108E2
1,681583333E1	1,590068072E2
1,699180000E1	1,600638968E2
1,715183333E1	1,596997149E2
1,732776667E1	1,544829953E2
1,748780000E1	1,502636170E2
1,764786667E1	1,434013950E2
1,782373333E1	1,302745903E2
1,798380000E1	1,130568847E2
1,815976667E1	1,031934542E2
1,831980000E1	9,508382027E1
1,847986667E1	9,221581703E1
1,865580000E1	9,030757851E1
1,881583333E1	9,257262512E1
1,899176667E1	9,827275190E1
1,915180000E1	1,067146343E2
1,932770000E1	1,182527184E2
1,948780000E1	1,270791610E2
1,964780000E1	1,416212739E2
1,982373333E1	1,533706446E2
1,998376667E1	1,576720435E2
2,015973333E1	1,602441731E2
2,031973333E1	1,604652646E2
2,047980000E1	1,562281136E2
2,065573333E1	1,514097611E2
2,081580000E1	1,442597097E2
2,099170000E1	1,325084077E2
2,115176667E1	1,151812861E2
2,131180000E1	1,054367655E2
2,148776667E1	9,558052645E1
2,164780000E1	9,041267527E1
2,182370000E1	9,023374657E1
2,198373333E1	9,340476976E1
2,214380000E1	9,717425730E1
2,231973333E1	1,068459942E2
2,247976667E1	1,179096466E2
2,265570000E1	1,238380219E2
2,281576667E1	1,386656842E2
2,299166667E1	1,517635406E2
2,315176667E1	1,572375859E2
2,331176667E1	1,599063448E2
2,348770000E1	1,603240879E2
2,364770000E1	1,573804046E2
2,382366667E1	1,524990853E2
2,398370000E1	1,456942253E2
2,414376667E1	1,352152926E2
2,431970000E1	1,172444975E2
2,447970000E1	1,071917419E2
2,465563333E1	9,720707072E1
2,481570000E1	9,289407210E1
2,497576667E1	8,531337176E1
2,515170000E1	9,331307318E1
2,531170000E1	9,614935927E1
2,548766667E1	1,050941971E2
2,564773333E1	1,110582295E2
2,580776667E1	1,220733410E2
2,598370000E1	1,358670053E2
2,614373333E1	1,485332311E2
2,631966667E1	1,571531931E2
2,647970000E1	1,597049140E2
2,665560000E1	1,601893114E2
2,681570000E1	1,576167442E2
2,697570000E1	1,531122125E2
2,715176667E1	1,460567316E2
2,731170000E1	1,361363357E2
2,748763333E1	1,197339010E2
2,764770000E1	1,078681074E2
2,780770000E1	9,725868970E1
2,798366667E1	9,343653266E1
2,814363333E1	8,920396163E1
2,831963333E1	9,309967002E1
2,847966667E1	9,625253833E1
2,863966667E1	1,045207717E2
2,881566667E1	1,161230414E2
2,897570000E1	1,213589887E2
2,915163333E1	1,354324062E2
2,931166667E1	1,487210979E2
2,948756667E1	1,564784971E2
2,964766667E1	1,595123754E2
2,980766667E1	1,605148834E2
2,998363333E1	1,582238903E2
3,014363333E1	1,533764894E2
3,031960000E1	1,465796864E2
3,047966667E1	1,371480715E2
3,063963333E1	1,270826700E2
3,081563333E1	1,109092045E2
3,097563333E1	9,828670165E1
3,115160000E1	9,338282283E1
3,131163333E1	8,944785694E1
3,147166667E1	9,246270519E1
3,164763333E1	9,548770092E1
3,180790000E1	1,032226310E2
3,198363333E1	1,086354898E2
3,214360000E1	1,191529287E2
3,230366667E1	1,340999818E2
3,247956667E1	1,474012519E2
3,263966667E1	1,562776853E2
3,281560000E1	1,597475914E2
3,297563333E1	1,605522641E2
3,315156667E1	1,592887654E2
3,331170000E1	1,539828693E2
3,347166667E1	1,482134965E2
3,364756667E1	1,441515363E2
3,380756667E1	1,241770228E2
3,398360000E1	1,123237572E2
3,414370000E1	9,934778605E1
3,430373333E1	9,390448829E1
3,447963333E1	8,940004654E1
3,463963333E1	8,952726675E1
3,481556667E1	9,453789308E1
3,497556667E1	1,016409539E2
3,513563333E1	1,077377794E2
3,531166667E1	1,236812323E2
3,547160000E1	1,320014945E2
3,564763333E1	1,456186393E2
3,580763333E1	1,542617118E2
3,596760000E1	1,589972647E2
3,614363333E1	1,601160543E2
3,630370000E1	1,595516503E2
3,647960000E1	1,537232343E2
3,663983333E1	1,491928270E2
3,681563333E1	1,442422990E2
3,697570000E1	1,275532981E2
3,713563333E1	1,161173519E2
3,731156667E1	1,012436433E2
3,747160000E1	9,449423006E1
3,764750000E1	9,158302287E1
3,780756667E1	9,034949892E1
3,796766667E1	9,442436690E1
3,814356667E1	1,000471283E2
3,830393333E1	1,071783289E2
3,847953333E1	1,196608305E2
3,863960000E1	1,294602045E2
3,879970000E1	1,444929036E2
3,897556667E1	1,542810244E2
3,913563333E1	1,590043248E2
3,931153333E1	1,602691691E2
3,947170000E1	1,597083968E2
3,964743333E1	1,547504852E2
3,980753333E1	1,505359813E2
3,996763333E1	1,442494747E2
4,014350000E1	1,304037843E2
4,030360000E1	1,121880500E2
4,047950000E1	1,033405494E2
4,063963333E1	9,519959489E1
4,079966667E1	9,011769969E1
4,097553333E1	8,938783496E1
4,113556667E1	9,432778604E1
4,131143333E1	9,864579645E1
4,147153333E1	1,048607668E2
4,163156667E1	1,200532907E2
4,180750000E1	1,272633513E2
4,196753333E1	1,416077140E2
4,214350000E1	1,526056984E2
4,230353333E1	1,582566919E2
4,246353333E1	1,601366893E2
4,263946667E1	1,602507566E2
4,279956667E1	1,563009275E2
4,297550000E1	1,514696200E2
4,313556667E1	1,448017135E2
4,331153333E1	1,336869997E2
4,347156667E1	1,155165799E2
4,363160000E1	1,062793873E2
4,380753333E1	9,631111502E1
4,396756667E1	9,247015244E1
4,414343333E1	8,934047037E1
4,430343333E1	9,333690072E1
4,446356667E1	9,653706446E1
4,463950000E1	1,057510233E2
4,479956667E1	1,164757537E2
4,497553333E1	1,225335785E2
4,513556667E1	1,374876244E2
4,529550000E1	1,494394220E2
4,547146667E1	1,567459191E2
4,563150000E1	1,597948450E2
4,580743333E1	1,603891613E2
4,596753333E1	1,582596367E2
4,612753333E1	1,532861335E2
4,630346667E1	1,467091463E2
4,646350000E1	1,369717305E2
4,663943333E1	1,202880349E2
4,679946667E1	1,092239681E2
4,697540000E1	9,792491899E1
4,713553333E1	9,344320597E1
4,729546667E1	9,026555599E1
4,747143333E1	9,118293662E1
4,763153333E1	9,531435499E1
4,780750000E1	1,034522120E2
4,796746667E1	1,092513195E2
4,812753333E1	1,194902621E2
4,830346667E1	1,344610913E2
4,846346667E1	1,476293557E2
4,863936667E1	1,554915079E2
4,879946667E1	1,595601850E2
4,895953333E1	1,604743770E2
4,913543333E1	1,593043665E2
4,929546667E1	1,538120769E2
4,947150000E1	1,480533252E2
4,963143333E1	1,397773008E2
4,980746667E1	1,244012342E2
4,996743333E1	1,134022200E2
5,012746667E1	9,949031428E1
5,030340000E1	9,361579636E1
5,046343333E1	9,021241672E1
5,063936667E1	9,069181750E1
5,079943333E1	9,449288323E1
5,095943333E1	1,013018681E2
5,113536667E1	1,065417306E2
5,129540000E1	1,162475393E2
5,147133333E1	1,313237184E2
5,163143333E1	1,459640497E2
5,179146667E1	1,540185863E2
5,196740000E1	1,586787251E2
5,212740000E1	1,597658301E2
5,230340000E1	1,594296903E2
5,246343333E1	1,541812093E2
5,262346667E1	1,494010315E2
5,279936667E1	1,427926972E2
5,295950000E1	1,295131918E2
5,313540000E1	1,115256823E2
5,329540000E1	1,031950835E2
5,347133333E1	9,488560448E1
5,363136667E1	9,028249981E1
5,379143333E1	8,956721675E1
5,396743333E1	9,409214127E1
5,412736667E1	9,920934831E1
5,430343333E1	1,082089192E2
5,446336667E1	1,203008099E2
5,462360000E1	1,274673244E2
5,479933333E1	1,427501072E2
5,495946667E1	1,530935463E2
5,513540000E1	1,583224608E2
5,529536667E1	1,595702986E2
5,545536667E1	1,599786708E2
5,563130000E1	1,554149726E2
5,579133333E1	1,512289334E2
5,596736667E1	1,437528455E2
5,612746667E1	1,322958439E2
5,628746667E1	1,145467746E2
5,646336667E1	1,048489710E2
5,662343333E1	9,562540724E1
5,679933333E1	9,239368227E1
5,695940000E1	9,013250469E1
5,713536667E1	9,337393419E1
5,729536667E1	9,720432657E1
5,745533333E1	1,071840777E2
5,763133333E1	1,174793423E2
5,779143333E1	1,244307107E2
5,796730000E1	1,382214485E2
5,812730000E1	1,502213439E2
5,828740000E1	1,572520697E2
5,846330000E1	1,592920889E2
5,862330000E1	1,599213136E2
5,879930000E1	1,570214555E2
5,895940000E1	1,525990367E2
5,911936667E1	1,461224378E2
5,929533333E1	1,360778039E2
5,945546667E1	1,194383522E2
5,963130000E1	1,081638386E2
5,979136667E1	9,760739575E1
5,996740000E1	9,345333494E1
6,012740000E1	9,033520533E1
6,028746667E1	9,130861222E1
6,046340000E1	9,533118586E1
6,062336667E1	1,036358587E2
6,079923333E1	1,093640258E2
6,095943333E1	1,197174176E2
6,111943333E1	1,350195353E2
6,129530000E1	1,484841504E2
6,145536667E1	1,563571881E2
6,163120000E1	1,602378962E2
6,179126667E1	1,606916225E2
6,195133333E1	1,590532372E2
6,212736667E1	1,539286361E2
6,228726667E1	1,483296477E2
6,246323333E1	1,397219080E2
6,262330000E1	1,237056930E2
6,278330000E1	1,131330229E2
6,295926667E1	9,926341944E1
6,311930000E1	9,346705337E1
6,329523333E1	9,003580278E1
6,345526667E1	9,049724793E1
6,363126667E1	9,519386829E1
6,379126667E1	1,015314311E2
6,395123333E1	1,073550432E2
6,412733333E1	1,171619762E2
6,428726667E1	1,315603917E2
6,446320000E1	1,466351804E2
6,462326667E1	1,544423355E2
6,478330000E1	1,591716041E2
6,495920000E1	1,598907725E2
6,511926667E1	1,592587100E2
6,529520000E1	1,541268427E2
6,545530000E1	1,485451407E2
6,561530000E1	1,443437322E2
6,579126667E1	1,279139387E2
6,595126667E1	1,092541339E2
6,612730000E1	1,013794540E2
6,628730000E1	9,444993715E1
6,644733333E1	9,136211293E1
6,662330000E1	8,950480668E1
6,678326667E1	9,434546565E1
6,695920000E1	9,961016615E1
6,711920000E1	1,075627005E2
6,729516667E1	1,195993377E2
6,745523333E1	1,286959043E2
6,761530000E1	1,443768004E2
6,779120000E1	1,532675819E2
6,795123333E1	1,583136525E2
6,812726667E1	1,599272630E2
6,828723333E1	1,598907177E2
6,844723333E1	1,553998578E2
6,862316667E1	1,512271497E2
6,878323333E1	1,438238958E2
6,895923333E1	1,317837600E2
6,911916667E1	1,137394372E2
6,927920000E1	1,042576177E2
6,945520000E1	9,553177682E1
6,961523333E1	9,238544984E1
6,979116667E1	8,939841748E1
6,995120000E1	9,341155533E1
7,012713333E1	9,752961296E1
7,028720000E1	1,066169258E2
7,044726667E1	1,175321153E2
7,062313333E1	1,246109188E2
7,078323333E1	1,385078539E2
7,095910000E1	1,510761402E2
7,111920000E1	1,571782336E2
7,127920000E1	1,595926386E2
7,145513333E1	1,603471852E2
7,161520000E1	1,575101749E2
7,179110000E1	1,530357322E2
7,195116667E1	1,463361602E2
7,211126667E1	1,342931632E2
7,228716667E1	1,193610318E2
7,244716667E1	1,078058984E2
7,262313333E1	9,737911415E1
7,278316667E1	9,328927334E1
7,294316667E1	9,028774633E1
7,311916667E1	9,134832223E1
7,327926667E1	9,556292644E1
7,345513333E1	1,036246033E2
7,361513333E1	1,094677040E2
7,379106667E1	1,205232409E2
7,395113333E1	1,352489037E2
7,411113333E1	1,485682129E2
7,428713333E1	1,562465261E2
7,444726667E1	1,596143205E2
7,462313333E1	1,603864676E2
7,478316667E1	1,585403893E2
7,494316667E1	1,538039915E2
7,511910000E1	1,475642755E2
7,527910000E1	1,425673799E2
7,545513333E1	1,233595433E2
7,561523333E1	1,131034883E2
7,577516667E1	9,928939408E1
7,595120000E1	9,363941456E1
7,611116667E1	9,011907487E1
7,628710000E1	9,034468611E1
7,644713333E1	9,348467867E1
7,660713333E1	1,020540814E2
7,678310000E1	1,075141528E2
7,694313333E1	1,241184555E2
7,711910000E1	1,319193025E2
7,727916667E1	1,465727006E2
7,745506667E1	1,543650397E2
7,761506667E1	1,595037437E2
7,777506667E1	1,601468067E2
7,795113333E1	1,591620294E2
7,811106667E1	1,540202249E2
7,828706667E1	1,491073918E2
7,844710000E1	1,440853417E2
7,860713333E1	1,274143087E2
7,878306667E1	1,160139541E2
7,894316667E1	1,013175181E2
7,911913333E1	9,425904833E1
7,927906667E1	8,993993025E1
7,943913333E1	8,923271681E1
7,961506667E1	9,433013887E1
7,977513333E1	9,936145864E1
7,995106667E1	1,055875266E2
8,011106667E1	1,210557212E2
8,028703333E1	1,289272731E2
8,044706667E1	1,436339416E2
8,060713333E1	1,534389513E2
8,078306667E1	1,585159286E2
8,094310000E1	1,601034438E2
8,111903333E1	1,595969648E2
8,127913333E1	1,546272585E2
8,143913333E1	1,504630897E2
8,161513333E1	1,435660291E2
8,177513333E1	1,318038570E2
8,195100000E1	1,136372850E2
8,211130000E1	1,043359597E2
8,227103333E1	9,534671486E1
8,244703333E1	9,262990186E1
8,260706667E1	8,931572567E1
8,278303333E1	9,224954974E1
8,294303333E1	9,773157175E1
8,310306667E1	1,032382065E2
8,327900000E1	1,192875809E2
8,343910000E1	1,255475127E2
8,361510000E1	1,403660889E2
8,377503333E1	1,520847829E2
8,395106667E1	1,574013256E2
8,411106667E1	1,593984768E2
8,427106667E1	1,597609838E2
8,444703333E1	1,563172664E2
8,460706667E1	1,515794071E2
8,478296667E1	1,450397357E2
8,494303333E1	1,338809352E2
8,510303333E1	1,165436277E2
8,527900000E1	1,062506358E2
8,543900000E1	9,662017763E1
8,561496667E1	9,243298471E1
8,577503333E1	8,956177866E1
8,593503333E1	9,339555166E1
8,611100000E1	9,722830289E1
8,627110000E1	1,061641008E2
8,644696667E1	1,112607445E2
8,660700000E1	1,229787379E2
8,676710000E1	1,374158293E2
8,694296667E1	1,504127360E2
8,710310000E1	1,572599131E2
8,727896667E1	1,595071681E2
8,743903333E1	1,604190821E2
8,761503333E1	1,573544008E2
8,777500000E1	1,528947224E2
8,793506667E1	1,455624465E2
8,811096667E1	1,357920241E2
8,827106667E1	1,192277566E2
8,844690000E1	1,084220758E2
8,860696667E1	9,709926817E1
8,876700000E1	9,333608590E1
8,894293333E1	8,537384001E1
8,910303333E1	9,253086147E1
8,927893333E1	9,548171263E1
8,943900000E1	1,043446445E2
8,959913333E1	1,095509686E2
8,977496667E1	1,209848442E2
8,993496667E1	1,353708132E2
9,011093333E1	1,485142749E2
9,027103333E1	1,563898461E2
9,044693333E1	1,595479097E2
9,060693333E1	1,609362200E2
9,076703333E1	1,585978462E2
9,094293333E1	1,534758527E2
9,110296667E1	1,473024962E2
9,127890000E1	1,386167857E2
9,143890000E1	1,224186956E2
9,159903333E1	1,114058191E2
9,177493333E1	9,843042618E1
9,193496667E1	9,365603317E1
9,211090000E1	8,940189234E1
9,227100000E1	9,047012011E1
9,243096667E1	9,528480283E1
9,260686667E1	1,023815860E2
9,276703333E1	1,085022820E2
9,294290000E1	1,235069548E2
9,310296667E1	1,332208769E2
9,326296667E1	1,474476404E2
9,343896667E1	1,553936331E2
9,359903333E1	1,595787185E2
9,377493333E1	1,600937522E2
9,393493333E1	1,585423876E2
9,411083333E1	1,536128249E2
9,427096667E1	1,480091048E2
9,443096667E1	1,398824122E2
9,460693333E1	1,251333296E2
9,476693333E1	1,143617939E2
9,494286667E1	1,001098364E2
9,510300000E1	9,380628490E1
9,526290000E1	9,011429714E1
9,543893333E1	9,024461919E1
9,559896667E1	9,343458107E1
9,577486667E1	1,014127234E2
9,593490000E1	1,074564387E2
9,609493333E1	1,172040234E2
9,627090000E1	1,317897082E2
9,643100000E1	1,464959842E2
9,660690000E1	1,551339584E2
9,676693333E1	1,595319705E2
9,692696667E1	1,600908411E2
9,710283333E1	1,593831885E2
9,726290000E1	1,536863019E2
9,743883333E1	1,490883563E2
9,759893333E1	1,442287989E2
9,777483333E1	1,272761914E2
9,793483333E1	1,159672525E2
9,809490000E1	1,015572467E2
9,827080000E1	9,439058793E1
9,843093333E1	8,985988408E1
9,860686667E1	8,990282136E1
9,876690000E1	9,357981674E1
9,892693333E1	1,001111342E2
9,910286667E1	1,055109775E2
9,926290000E1	1,152279363E2
9,943883333E1	1,293330878E2
9,959886667E1	1,446405139E2
9,975893333E1	1,541675613E2
9,993483333E1	1,584436026E2
1,000948667E2	1,600983210E2
1,002709000E2	1,599113637E2
1,004308667E2	1,546695643E2
1,006068000E2	1,501403799E2
1,007668667E2	1,434413293E2
1,009269333E2	1,302556112E2
1,011027667E2	1,120390977E2
1,012628667E2	1,030122010E2
1,014387667E2	9,525794543E1
1,015988333E2	9,027097170E1
1,017588333E2	8,948217812E1
1,019348333E2	9,436686038E1
1,020948333E2	9,900648319E1
1,022708667E2	1,047772876E2
1,024308333E2	1,141230831E2
1,025908333E2	1,278587184E2
1,027668333E2	1,433243672E2
1,029268333E2	1,532869250E2
1,031028000E2	1,588502511E2
1,032628667E2	1,606245277E2
1,034228333E2	1,603978152E2
1,035988000E2	1,555934838E2
1,037588000E2	1,511886231E2
1,039348667E2	1,435799555E2
1,040948667E2	1,316462816E2
1,042708000E2	1,133541312E2
1,044308667E2	1,040726374E2
1,045909333E2	9,531434500E1
1,047669000E2	9,229762889E1
1,049269333E2	8,920221667E1
1,051028333E2	9,415579131E1
1,052627667E2	9,818682780E1
1,054229333E2	1,043725119E2
1,055987667E2	1,187468543E2
1,057588000E2	1,264311413E2
1,059347667E2	1,411843039E2
1,060948667E2	1,525083653E2
1,062548000E2	1,577954428E2
1,064307667E2	1,596814318E2
1,065908000E2	1,602054012E2
1,067667333E2	1,563636788E2
1,069269333E2	1,514882231E2
1,070867667E2	1,444124272E2
1,072627667E2	1,330062512E2
1,074228000E2	1,153416806E2
1,075987667E2	1,004558341E2
1,077588000E2	9,578951348E1
1,079347000E2	9,225327998E1
1,080948333E2	8,933227590E1
1,082547667E2	9,343567453E1
1,084307333E2	9,733790888E1
1,085907333E2	1,065686050E2
1,087667000E2	1,167997368E2
1,089267333E2	1,245016937E2
1,090868667E2	1,386285994E2
1,092627333E2	1,504182262E2
1,094227333E2	1,577006157E2
1,095987667E2	1,595650876E2
1,097587667E2	1,602607463E2
1,099188000E2	1,573164913E2
1,100947333E2	1,523469544E2
1,102547667E2	1,453041112E2
1,104307000E2	1,343115416E2
1,105908000E2	1,173443124E2
1,107666667E2	1,042562025E2
1,109268000E2	9,672119535E1
1,110867667E2	9,318821448E1
1,112628000E2	8,935167413E1
1,114228000E2	9,321223626E1
1,115986333E2	9,660239280E1
1,117587667E2	1,051909523E2
1,119187000E2	1,171528594E2
1,120947667E2	1,227476963E2
1,122547333E2	1,370528362E2
1,124306333E2	1,493611713E2
1,125907000E2	1,571010581E2
1,127507333E2	1,593201122E2
1,129267667E2	1,526041493E2
1,130867000E2	1,577371346E2
1,132627000E2	1,533743382E2
1,134227000E2	1,464413481E2
1,135827333E2	1,365566960E2
1,137587333E2	1,205048616E2
1,139187333E2	1,098790774E2
1,140947333E2	9,734020023E1
1,142547667E2	9,336080889E1
1,144307000E2	8,941443052E1
1,145906667E2	9,236237399E1
1,147507000E2	9,542010979E1
1,149266333E2	1,040698068E2
1,150866667E2	1,094621851E2
1,152627000E2	1,201337412E2
1,154226333E2	1,351500692E2
1,155827333E2	1,483914669E2
1,157586333E2	1,563303123E2
1,159186667E2	1,594719063E2
1,160947333E2	1,601961036E2
1,162546667E2	1,584044779E2
1,164147000E2	1,534124314E2
1,165906333E2	1,469493920E2
1,167506667E2	1,377164214E2
1,169267000E2	1,222123297E2
1,170866667E2	1,110482549E2
1,172467667E2	9,828260491E1
1,174226333E2	9,344570992E1
1,175827333E2	8,943052166E1
1,177586000E2	9,126848438E1
1,179186667E2	9,534446395E1
1,180945667E2	1,031035568E2
1,182546667E2	1,088155677E2
1,184147000E2	1,192993696E2
1,185906000E2	1,340149593E2
1,187506000E2	1,482163869E2
1,189265667E2	1,554374307E2
1,190866333E2	1,595349998E2
1,192467000E2	1,604092014E2
1,194226667E2	1,589551037E2
1,195829333E2	1,536085064E2
1,197586000E2	1,480487829E2
1,199186333E2	1,433307169E2
1,200787000E2	1,245291263E2
1,202546333E2	1,127037645E2
1,204146667E2	9,931108076E1
1,205906000E2	9,367501969E1
1,207506333E2	8,960616210E1
1,209265667E2	9,044970601E1
1,210866000E2	9,348904733E1
1,212466667E2	1,011735870E2
1,214226000E2	1,071298926E2
1,215826667E2	1,238532929E2
1,217585667E2	1,316893534E2
1,219186000E2	1,457104787E2
1,220786667E2	1,545399456E2
1,222545667E2	1,596599442E2
1,224146333E2	1,608443012E2
1,225905333E2	1,594775179E2
1,227506667E2	1,544052215E2
1,229106333E2	1,493222811E2
1,230865667E2	1,431272964E2
1,232466667E2	1,275888223E2
1,234225333E2	1,158024047E2
1,235826333E2	1,011765368E2
1,237426667E2	9,441145626E1
1,239185333E2	8,558640726E1
1,240785667E2	8,950797821E1
1,242547000E2	9,447390318E1
1,244148000E2	9,953168267E1
1,245905667E2	1,126428110E2
1,247506333E2	1,213248512E2
1,249106667E2	1,300263855E2
1,250865333E2	1,447067495E2
1,252465667E2	1,534590985E2
1,254224667E2	1,592240147E2
1,255826333E2	1,602700500E2
1,257425667E2	1,595697382E2
1,259185333E2	1,545990868E2
1,260785667E2	1,496202276E2
1,262545000E2	1,426312666E2
1,264145333E2	1,298146873E2
1,265746000E2	1,175407347E2
1,267505333E2	1,025195358E2
1,269105667E2	9,471330124E1
1,270865000E2	8,581849590E1
1,272465333E2	8,941593504E1
1,274066000E2	9,443570503E1
1,275825000E2	9,891901709E1
1,277426000E2	1,061519103E2
1,279186000E2	1,198154686E2
1,280786000E2	1,281511447E2
1,282544667E2	1,425569145E2
1,284145000E2	1,532859240E2
1,285745000E2	1,584640126E2
1,287506000E2	1,600816289E2
1,289105667E2	1,601761246E2
1,290864333E2	1,555567502E2
1,292465000E2	1,512300914E2
1,294065667E2	1,436647967E2
1,295825000E2	1,318589016E2
1,297425333E2	1,134936550E2
1,299185000E2	1,043141851E2
1,300785333E2	9,531517020E1
1,302385667E2	9,261818818E1
1,304144667E2	8,935379126E1
1,305744667E2	9,359995008E1
1,307504333E2	9,824326793E1
1,309105333E2	1,062815558E2
1,310864333E2	1,184392006E2
1,312465000E2	1,260703395E2
1,314065333E2	1,403125825E2
1,315824667E2	1,523399392E2
1,317425333E2	1,574920196E2
1,319184667E2	1,597981784E2
1,320785333E2	1,601212213E2
1,322385000E2	1,560027229E2
1,324144333E2	1,514199683E2
1,325744333E2	1,443227383E2
1,327504000E2	1,332868833E2
1,329105333E2	1,154789287E2
1,330706333E2	1,054267311E2
1,332466000E2	9,606731726E1
1,334065000E2	9,251487919E1
1,335824667E2	8,908415797E1
1,337425000E2	9,342723368E1
1,339026333E2	9,716571673E1
1,340785333E2	1,068700660E2
1,342386000E2	1,178451149E2
1,344146000E2	1,300352701E2
1,345744667E2	1,385944186E2
1,347505000E2	1,504229136E2
1,349104333E2	1,574618336E2
1,350706000E2	1,598248337E2
1,352464333E2	1,604763059E2
1,354064667E2	1,574495671E2
1,355824667E2	1,528864655E2
1,357425333E2	1,454804669E2
1,359024333E2	1,333807680E2
1,360785000E2	1,230934273E2
1,362385667E2	1,069952190E2
1,364145000E2	9,658867631E1
1,365744333E2	9,313655717E1
1,367344333E2	8,932348330E1
1,369104333E2	9,320743647E1
1,370703667E2	9,655352551E1
1,372465000E2	1,048670419E2
1,374064667E2	1,164312118E2
1,375823333E2	1,219255559E2
1,377425333E2	1,362221199E2
1,379025000E2	1,493529225E2
1,380785333E2	1,566572993E2
1,382384333E2	1,600437720E2
1,384143333E2	1,604068659E2
1,385744000E2	1,584714382E2
1,387345667E2	1,534528148E2
1,389103667E2	1,471559550E2
1,390704000E2	1,369693362E2
1,392463333E2	1,211526427E2
1,394064667E2	1,107720494E2
1,395664333E2	9,775155834E1
1,397423667E2	9,337274311E1
1,399024333E2	8,962202631E1
1,400784333E2	9,121400482E1
1,402385000E2	9,530628045E1
1,403984333E2	1,032768355E2
1,405743667E2	1,087905266E2
1,407344000E2	1,192698847E2
1,409104000E2	1,341414422E2
1,410704667E2	1,480413302E2
1,412464333E2	1,556481317E2
1,414065000E2	1,596365042E2
1,415665333E2	1,521726500E2
1,417423333E2	1,591201436E2
1,419025000E2	1,535067400E2
1,420784333E2	1,506397747E2
1,422385000E2	1,504965689E2
1,423984667E2	1,502496715E2
