tömeg_A
t	x
0,000000000E0	1,551233672E2
1,760333333E-1	1,551359910E2
3,360666667E-1	1,551390404E2
5,121000000E-1	1,551322649E2
6,719333333E-1	1,551468900E2
8,478333333E-1	1,551266352E2
1,007966667E0	1,551073723E2
1,168033333E0	1,551069688E2
1,343900000E0	1,551193361E2
1,504000000E0	1,551073575E2
1,679866667E0	1,551605502E2
1,839933333E0	1,550889019E2
1,999933333E0	1,551171473E2
2,176033333E0	1,551213010E2
2,335933333E0	1,519193921E2
2,511900000E0	1,420282327E2
2,672033333E0	1,275685136E2
2,832033333E0	1,126891681E2
3,008000000E0	1,002230440E2
3,168000000E0	9,573873621E1
3,343933333E0	9,029016637E1
3,503933333E0	9,796117957E1
3,664000000E0	1,026203706E2
3,839900000E0	1,099283716E2
4,000000000E0	1,260403226E2
4,175933333E0	1,376817233E2
4,335900000E0	1,520647038E2
4,511833333E0	1,611238822E2
4,671866667E0	1,633473937E2
4,832000000E0	1,632180087E2
5,007966667E0	1,583011935E2
5,168000000E0	1,529490479E2
5,343833333E0	1,353838191E2
5,503900000E0	1,282453270E2
5,664000000E0	1,132351407E2
5,839900000E0	1,001572277E2
5,999933333E0	9,571522011E1
6,175800000E0	9,000111300E1
6,335900000E0	9,284159976E1
6,495900000E0	1,029565123E2
6,671866667E0	1,097337220E2
6,831900000E0	1,213234868E2
7,007866667E0	1,367267972E2
7,167966667E0	1,522042425E2
7,343800000E0	1,609605813E2
7,503900000E0	1,629124433E2
7,663866667E0	1,633920645E2
7,839933333E0	1,583778692E2
7,999833333E0	1,521922921E2
8,175766667E0	1,431454228E2
8,335766667E0	1,273171170E2
8,495800000E0	1,121889466E2
8,671800000E0	1,009854759E2
8,831800000E0	9,570954099E1
9,007866667E0	8,962022271E1
9,167866667E0	9,776106628E1
9,327866667E0	1,024839352E2
9,503800000E0	1,111577748E2
9,663866667E0	1,221589655E2
9,839800000E0	1,379795901E2
9,999833333E0	1,521187994E2
1,015986667E1	1,611207296E2
1,033583333E1	1,635120349E2
1,049590000E1	1,632625281E2
1,067186667E1	1,581562113E2
1,083180000E1	1,521668691E2
1,100780000E1	1,349257635E2
1,116790000E1	1,265078422E2
1,132790000E1	1,108350559E2
1,150383333E1	9,861262705E1
1,166383333E1	9,506716299E1
1,183976667E1	8,951485270E1
1,199980000E1	9,788203850E1
1,216003333E1	1,023925717E2
1,233586667E1	1,121724139E2
1,249590000E1	1,223965434E2
1,267186667E1	1,393275410E2
1,283186667E1	1,524310939E2
1,299183333E1	1,620922566E2
1,316773333E1	1,557815596E2
1,332786667E1	1,555596296E2
1,350376667E1	1,582478280E2
1,366383333E1	1,522557775E2
1,382380000E1	1,349816314E2
1,399983333E1	1,263368055E2
1,415976667E1	1,103116265E2
1,433573333E1	9,966025213E1
1,449583333E1	9,131482379E1
1,467166667E1	9,007631829E1
1,483176667E1	9,839156920E1
1,499173333E1	1,031560628E2
1,516773333E1	1,121996223E2
1,532790000E1	1,230563843E2
1,550380000E1	1,391155763E2
1,566373333E1	1,528703838E2
1,582373333E1	1,615176040E2
1,599973333E1	1,633560410E2
1,615976667E1	1,631535286E2
1,633573333E1	1,575568026E2
1,649576667E1	1,516007105E2
1,665570000E1	1,345008608E2
1,683166667E1	1,262899678E2
1,699170000E1	1,100370544E2
1,716776667E1	9,938868023E1
1,732770000E1	9,514395064E1
1,750366667E1	9,046673693E1
1,766376667E1	9,892892430E1
1,782376667E1	1,024217329E2
1,799970000E1	1,116538080E2
1,815973333E1	1,236315905E2
1,833566667E1	1,398057363E2
1,849570000E1	1,535708697E2
1,865580000E1	1,614284276E2
1,883170000E1	1,634219177E2
1,899170000E1	1,629457834E2
1,916766667E1	1,576622979E2
1,932783333E1	1,513578341E2
1,948776667E1	1,343025713E2
1,966370000E1	1,244488054E2
1,982376667E1	1,101250237E2
1,999970000E1	9,911460628E1
2,015973333E1	9,582847049E1
2,031973333E1	9,015741729E1
2,049573333E1	9,882547402E1
2,065580000E1	1,024905154E2
2,083176667E1	1,120206294E2
2,099166667E1	1,280330413E2
2,116763333E1	1,393134640E2
2,132770000E1	1,533710620E2
2,148773333E1	1,617085613E2
2,166373333E1	1,638472379E2
2,182366667E1	1,632832535E2
2,199963333E1	1,577877730E2
2,215966667E1	1,517844701E2
2,231976667E1	1,362206373E2
2,249573333E1	1,251710601E2
2,265566667E1	1,095994334E2
2,283160000E1	9,979738859E1
2,299163333E1	9,415740701E1
2,315163333E1	9,039459849E1
2,332776667E1	9,899277446E1
2,348770000E1	1,025358966E2
2,366363333E1	1,124665610E2
2,382366667E1	1,239639288E2
2,398370000E1	1,401744762E2
2,415966667E1	1,539785579E2
2,431970000E1	1,621036798E2
2,449563333E1	1,640281453E2
2,465566667E1	1,632969881E2
2,483160000E1	1,574260606E2
2,499166667E1	1,512179130E2
2,515166667E1	1,359879985E2
2,532766667E1	1,237333882E2
2,548766667E1	1,098607767E2
2,566356667E1	9,993033272E1
2,582360000E1	9,433609642E1
2,598373333E1	8,986222353E1
2,615973333E1	9,899222356E1
2,631960000E1	1,033702855E2
2,649560000E1	1,135926809E2
2,665566667E1	1,251228016E2
2,681566667E1	1,412184329E2
2,699160000E1	1,551994314E2
2,715170000E1	1,618956107E2
2,732756667E1	1,633536447E2
2,748760000E1	1,630130500E2
2,766370000E1	1,571359144E2
2,782360000E1	1,502686817E2
2,798366667E1	1,351267350E2
2,815960000E1	1,221459469E2
2,831960000E1	1,071751439E2
2,849553333E1	9,919945308E1
2,865560000E1	9,109596808E1
2,881570000E1	8,950956793E1
2,899160000E1	9,914284605E1
2,915166667E1	1,043500452E2
2,932753333E1	1,147023548E2
2,948760000E1	1,262592773E2
2,964766667E1	1,427508357E2
2,982370000E1	1,561030438E2
2,998363333E1	1,543549409E2
3,015953333E1	1,637495683E2
3,031973333E1	1,629777208E2
3,047973333E1	1,573612984E2
3,065563333E1	1,502043799E2
3,081556667E1	1,390585458E2
3,099153333E1	1,208560980E2
3,115166667E1	1,065972842E2
3,132763333E1	9,844057053E1
3,148756667E1	9,423924050E1
3,164753333E1	9,021814012E1
3,182366667E1	9,942126658E1
3,198363333E1	1,053007113E2
3,215946667E1	1,151876208E2
3,231963333E1	1,265917826E2
3,247966667E1	1,437339566E2
3,265553333E1	1,565662453E2
3,281556667E1	1,626079123E2
3,299153333E1	1,639297156E2
3,315150000E1	1,628881905E2
3,331160000E1	1,571937804E2
3,348763333E1	1,493208682E2
3,364766667E1	1,378407276E2
3,382363333E1	1,190422246E2
3,398356667E1	1,062539190E2
3,414360000E1	9,793677717E1
3,431960000E1	8,904078416E1
3,447956667E1	9,112850280E1
3,465553333E1	1,001083341E2
3,481560000E1	1,059849138E2
3,499156667E1	1,155055842E2
3,515160000E1	1,281599469E2
3,531160000E1	1,451552341E2
3,548756667E1	1,580962027E2
3,564753333E1	1,633067515E2
3,582346667E1	1,643700281E2
3,598353333E1	1,629890719E2
3,614366667E1	1,569811468E2
3,631953333E1	1,491149279E2
3,647966667E1	1,367650555E2
3,665546667E1	1,178202811E2
3,681560000E1	1,049689081E2
3,697553333E1	9,752456880E1
3,715143333E1	9,422106707E1
3,731153333E1	9,127015399E1
3,748760000E1	1,002081256E2
3,764753333E1	1,063175326E2
3,782346667E1	1,171046586E2
3,798356667E1	1,296039837E2
3,814350000E1	1,469770066E2
3,831963333E1	1,584956293E2
3,847946667E1	1,630241969E2
3,865553333E1	1,639381883E2
3,881556667E1	1,621324345E2
3,897550000E1	1,563261874E2
3,915143333E1	1,481368343E2
3,931153333E1	1,352300696E2
3,948740000E1	1,148495466E2
3,964750000E1	1,040880558E2
3,980753333E1	9,739627053E1
3,998360000E1	9,336155995E1
4,014350000E1	9,128308335E1
4,031946667E1	1,001640221E2
4,047960000E1	1,081200150E2
4,063953333E1	1,176979141E2
4,081556667E1	1,307656046E2
4,097550000E1	1,475117440E2
4,115146667E1	1,592182033E2
4,131156667E1	1,631463759E2
4,148746667E1	1,638038637E2
4,164753333E1	1,613169557E2
4,180750000E1	1,559011013E2
4,198343333E1	1,474793990E2
4,214346667E1	1,347663406E2
4,231936667E1	1,131516452E2
4,247946667E1	1,024289437E2
4,263950000E1	9,709987221E1
4,281543333E1	9,024955400E1
4,297546667E1	9,114084372E1
4,315140000E1	1,010068117E2
4,331143333E1	1,090083797E2
4,347150000E1	1,183558533E2
4,364743333E1	1,329393662E2
4,380746667E1	1,483995139E2
4,398343333E1	1,599152625E2
4,414346667E1	1,631153817E2
4,430353333E1	1,638743563E2
4,447943333E1	1,601473514E2
4,463940000E1	1,550445100E2
4,481536667E1	1,468371851E2
4,497536667E1	1,319772867E2
4,515153333E1	1,167754138E2
4,531136667E1	1,009535993E2
4,547150000E1	9,620007772E1
4,564746667E1	8,991232184E1
4,580740000E1	9,693803254E1
4,598333333E1	1,016885993E2
4,614340000E1	1,091069258E2
4,630343333E1	1,249855122E2
4,647943333E1	1,350012072E2
4,663946667E1	1,501404161E2
4,681536667E1	1,609783872E2
4,697546667E1	1,630748232E2
4,713543333E1	1,632097029E2
4,731136667E1	1,591214017E2
4,747146667E1	1,535171931E2
4,764733333E1	1,446196066E2
4,780743333E1	1,291080870E2
4,798330000E1	1,123025519E2
4,814340000E1	1,001614003E2
4,830353333E1	9,555074074E1
4,847943333E1	8,991199530E1
4,863950000E1	9,782674073E1
4,881546667E1	1,027268027E2
4,897533333E1	1,103202020E2
4,913533333E1	1,261490651E2
4,931130000E1	1,374021826E2
4,947133333E1	1,514342697E2
4,964726667E1	1,613317672E2
4,980730000E1	1,629432722E2
4,996733333E1	1,630192140E2
5,014333333E1	1,578139935E2
5,030350000E1	1,517468433E2
5,047950000E1	1,349870903E2
5,063946667E1	1,266062863E2
5,079946667E1	1,103712422E2
5,097546667E1	9,967358257E1
5,113546667E1	9,436017365E1
5,131130000E1	8,995811321E1
5,147146667E1	9,917154394E1
5,164740000E1	1,026689629E2
5,180746667E1	1,127754779E2
5,196750000E1	1,287040836E2
5,214330000E1	1,409898615E2
5,230346667E1	1,546176765E2
5,247940000E1	1,621290394E2
5,263926667E1	1,636589725E2
5,279936667E1	1,631227466E2
5,297526667E1	1,572047280E2
5,313533333E1	1,502971868E2
5,331126667E1	1,352029950E2
5,347133333E1	1,227255995E2
5,363136667E1	1,071485119E2
5,380730000E1	9,900175355E1
5,396733333E1	9,074952122E1
5,414330000E1	9,021149682E1
5,430333333E1	9,997159603E1
5,446340000E1	1,051081391E2
5,463930000E1	1,150768105E2
5,479933333E1	1,275753035E2
5,497526667E1	1,438993135E2
5,513530000E1	1,568756709E2
5,531123333E1	1,631370394E2
5,547126667E1	1,639723459E2
5,563130000E1	1,543240941E2
5,580723333E1	1,569972757E2
5,596733333E1	1,486301034E2
5,614320000E1	1,370932171E2
5,630323333E1	1,179546342E2
5,646330000E1	1,043293897E2
5,663930000E1	9,785726483E1
5,679930000E1	9,462142591E1
5,697526667E1	9,132109977E1
5,713530000E1	1,008637376E2
5,729533333E1	1,069328687E2
5,747126667E1	1,172276408E2
5,763130000E1	1,309878856E2
5,780723333E1	1,480278774E2
5,796730000E1	1,583943419E2
5,814323333E1	1,630429548E2
5,830323333E1	1,639804939E2
5,846326667E1	1,611453928E2
5,863923333E1	1,554181902E2
5,879926667E1	1,470997339E2
5,897520000E1	1,344628660E2
5,913523333E1	1,135344672E2
5,929526667E1	1,022908807E2
5,947120000E1	9,714436918E1
5,963126667E1	9,344008513E1
5,980716667E1	9,121321978E1
5,996723333E1	1,018463903E2
6,012726667E1	1,075450569E2
6,030320000E1	1,185475336E2
6,046326667E1	1,334545163E2
6,063920000E1	1,492196128E2
6,079923333E1	1,602977979E2
6,095926667E1	1,630001767E2
6,113520000E1	1,634130790E2
6,129526667E1	1,600816955E2
6,147116667E1	1,542535104E2
6,163123333E1	1,462552794E2
6,180713333E1	1,313783533E2
6,196720000E1	1,103702475E2
6,212720000E1	1,017214691E2
6,230320000E1	9,652507053E1
6,246316667E1	8,976151883E1
6,263913333E1	9,256290549E1
6,279920000E1	1,025310970E2
6,295923333E1	1,084950453E2
6,313520000E1	1,256519969E2
6,329523333E1	1,353939595E2
6,347116667E1	1,510837291E2
6,363123333E1	1,611126481E2
6,379123333E1	1,631012174E2
6,396716667E1	1,631769772E2
6,412723333E1	1,585709007E2
6,430316667E1	1,531996850E2
6,446313333E1	1,440335999E2
6,462323333E1	1,287676180E2
6,479916667E1	1,131362153E2
6,495923333E1	1,007384315E2
6,513513333E1	9,581836938E1
6,529520000E1	8,952360387E1
6,547113333E1	9,799772286E1
6,563120000E1	1,023766972E2
6,579123333E1	1,107692750E2
6,596716667E1	1,223854298E2
6,612723333E1	1,385848802E2
6,630316667E1	1,521091995E2
6,646316667E1	1,621431404E2
6,662323333E1	1,634502797E2
6,679916667E1	1,632005445E2
6,695916667E1	1,579816107E2
6,713513333E1	1,511065416E2
6,729516667E1	1,341921402E2
6,745526667E1	1,240743233E2
6,763120000E1	1,098683142E2
6,779113333E1	9,911169246E1
6,796710000E1	9,480133692E1
6,812713333E1	9,008898253E1
6,830310000E1	9,886809291E1
6,846316667E1	1,042591756E2
6,862316667E1	1,133955953E2
6,879913333E1	1,255539155E2
6,895916667E1	1,422759284E2
6,913510000E1	1,551513587E2
6,929516667E1	1,621435806E2
6,945516667E1	1,638609795E2
6,963110000E1	1,543208902E2
6,979113333E1	1,572070733E2
6,996706667E1	1,493562914E2
7,012713333E1	1,385263899E2
7,028720000E1	1,201654227E2
7,046310000E1	1,059792134E2
7,062310000E1	9,807428207E1
7,079910000E1	9,413504276E1
7,095913333E1	9,058501952E1
7,111920000E1	9,992490191E1
7,129510000E1	1,063638350E2
7,145513333E1	1,164149583E2
7,163106667E1	1,293926960E2
7,179110000E1	1,455073840E2
7,196713333E1	1,578815310E2
7,212706667E1	1,629878577E2
7,228726667E1	1,639920461E2
7,246320000E1	1,622565505E2
7,262320000E1	1,561160223E2
7,279900000E1	1,480072729E2
7,295906667E1	1,351663668E2
7,311913333E1	1,150699528E2
7,329503333E1	1,025968572E2
7,345516667E1	9,696763293E1
7,363113333E1	9,477323967E1
7,379106667E1	9,114783681E1
7,395120000E1	1,012574638E2
7,412716667E1	1,087986271E2
7,428716667E1	1,182184691E2
7,446303333E1	1,332974301E2
7,462303333E1	1,496928174E2
7,478323333E1	1,601617468E2
7,495900000E1	1,631502479E2
7,511910000E1	1,631791383E2
7,529506667E1	1,601433944E2
7,545516667E1	1,542419421E2
7,563113333E1	1,451587087E2
7,579116667E1	1,308031370E2
7,595120000E1	1,101791870E2
7,612706667E1	1,009224102E2
7,628713333E1	9,594020328E1
7,646310000E1	8,997826420E1
7,662303333E1	9,240451511E1
7,678310000E1	1,022793755E2
7,695913333E1	1,094305513E2
7,711913333E1	1,211200773E2
7,729510000E1	1,372042091E2
7,745506667E1	1,513711654E2
7,761506667E1	1,618896851E2
7,779106667E1	1,633613611E2
7,795100000E1	1,636369257E2
7,812713333E1	1,583231111E2
7,828706667E1	1,522994966E2
7,846310000E1	1,433997182E2
7,862310000E1	1,274587117E2
7,878310000E1	1,110401755E2
7,895910000E1	9,945455116E1
7,911910000E1	9,660527075E1
7,929506667E1	9,007542016E1
7,945500000E1	9,825291008E1
7,961503333E1	1,040301105E2
7,979096667E1	1,122612604E2
7,995110000E1	1,241010092E2
8,012690000E1	1,406252664E2
8,028703333E1	1,536198377E2
8,044700000E1	1,612446363E2
8,062296667E1	1,633436576E2
8,078303333E1	1,547231773E2
8,095903333E1	1,571918848E2
8,111910000E1	1,502715401E2
8,127900000E1	1,393895926E2
8,145503333E1	1,232912734E2
8,161506667E1	1,066150455E2
8,179096667E1	9,812224029E1
8,195110000E1	9,440682726E1
8,212696667E1	9,000261234E1
8,228710000E1	9,904664286E1
8,244716667E1	1,062547357E2
8,262306667E1	1,146372301E2
8,278296667E1	1,283257810E2
8,295906667E1	1,444900967E2
8,311906667E1	1,561835417E2
8,327900000E1	1,627629545E2
8,345493333E1	1,636385631E2
8,361496667E1	1,621130830E2
8,379103333E1	1,564374836E2
8,395096667E1	1,481772201E2
8,411106667E1	1,364693492E2
8,428703333E1	1,178813012E2
8,444710000E1	1,037648446E2
8,462290000E1	9,711899042E1
8,478293333E1	9,363703261E1
8,494310000E1	9,089585657E1
8,511896667E1	9,994392629E1
8,527900000E1	1,071655730E2
8,545503333E1	1,164427750E2
8,561500000E1	1,308464506E2
8,579103333E1	1,474754320E2
8,595093333E1	1,581033170E2
8,611100000E1	1,550069066E2
8,628706667E1	1,633397585E2
8,644703333E1	1,613477700E2
8,662286667E1	1,554616374E2
8,678303333E1	1,472723987E2
8,694306667E1	1,349287653E2
8,711900000E1	1,143502249E2
8,727896667E1	1,020500026E2
8,745506667E1	9,715828640E1
8,761503333E1	9,416236661E1
8,777503333E1	9,114963874E1
8,795090000E1	1,013670329E2
8,811093333E1	1,090177029E2
8,828700000E1	1,180676173E2
8,844686667E1	1,324670587E2
8,862300000E1	1,490328769E2
8,878303333E1	1,598570324E2
8,894303333E1	1,626421183E2
8,911886667E1	1,630875442E2
8,927900000E1	1,606930990E2
8,945503333E1	1,543430108E2
8,961503333E1	1,468902547E2
8,977496667E1	1,321211217E2
8,995090000E1	1,114680196E2
9,011100000E1	1,003825107E2
9,028683333E1	9,631275467E1
9,044696667E1	9,020750665E1
9,060686667E1	9,680270815E1
9,078300000E1	1,022020668E2
9,094300000E1	1,085988961E2
9,111883333E1	1,198981319E2
9,127886667E1	1,354861832E2
9,143893333E1	1,511242810E2
9,161496667E1	1,609251007E2
9,177486667E1	1,629527990E2
9,195096667E1	1,630128260E2
9,211090000E1	1,587472492E2
9,228680000E1	1,532381606E2
9,244696667E1	1,442207398E2
9,260700000E1	1,288380039E2
9,278290000E1	1,132886497E2
9,294290000E1	1,002766537E2
9,311893333E1	9,587553315E1
9,327893333E1	8,984935748E1
9,343896667E1	9,729116436E1
9,361483333E1	1,022916595E2
9,377486667E1	1,102898576E2
9,395096667E1	1,219763145E2
9,411083333E1	1,375995758E2
9,427090000E1	1,517913273E2
9,444693333E1	1,611136994E2
9,460686667E1	1,629984473E2
9,478280000E1	1,630177731E2
9,494283333E1	1,578615671E2
9,510296667E1	1,519998907E2
9,527883333E1	1,346489641E2
9,543886667E1	1,270797688E2
9,561490000E1	1,112987448E2
9,577490000E1	9,923302178E1
9,595086667E1	9,573155081E1
9,611080000E1	9,004153942E1
9,627083333E1	9,821945718E1
9,644686667E1	1,027959502E2
9,660690000E1	1,118467322E2
9,678286667E1	1,244396536E2
9,694280000E1	1,398109067E2
9,710283333E1	1,538110322E2
9,727880000E1	1,613343744E2
9,743893333E1	1,554337350E2
9,761486667E1	1,626758691E2
9,777480000E1	1,572167555E2
9,793480000E1	1,503715777E2
9,811080000E1	1,396565534E2
9,827083333E1	1,231454235E2
9,844676667E1	1,074010010E2
