tömeg_A
t	x
0.000000000E0	9.288824383E1
1.760000000E-1	9.290686107E1
3.359333333E-1	9.291530876E1
4.959666667E-1	9.291437739E1
6.720333333E-1	9.290986105E1
8.321000000E-1	9.290965351E1
1.008066667E0	9.292676220E1
1.168033333E0	9.291107837E1
1.328000000E0	9.292507492E1
1.504033333E0	9.291449487E1
1.664000000E0	9.294207509E1
1.840066667E0	9.184603475E1
1.999933333E0	8.919806270E1
2.160033333E0	8.848115674E1
2.336000000E0	8.869097420E1
2.495966667E0	8.973482198E1
2.672100000E0	9.167463567E1
2.832033333E0	9.664205927E1
3.008066667E0	1.026734104E2
3.168033333E0	1.103019689E2
3.328033333E0	1.169319641E2
3.503933333E0	1.240957323E2
3.663966667E0	1.328985794E2
3.839966667E0	1.302214978E2
4.000100000E0	1.524596029E2
4.160066667E0	1.587665971E2
4.335933333E0	1.540148134E2
4.496000000E0	1.554184549E2
4.672033333E0	1.566494285E2
4.831933333E0	1.557791951E2
4.991966667E0	1.538986032E2
5.168033333E0	1.583947502E2
5.328066667E0	1.550573764E2
5.503900000E0	1.506198310E2
5.663933333E0	1.320121681E2
5.823933333E0	1.278141155E2
6.000033333E0	1.248758647E2
6.160033333E0	1.140308868E2
6.335900000E0	1.033388557E2
6.495900000E0	9.495359147E1
6.672000000E0	9.120184258E1
6.831933333E0	8.905211151E1
6.992066667E0	8.820088133E1
7.168100000E0	8.881033475E1
7.328033333E0	9.017037349E1
7.503800000E0	9.305266711E1
7.663866667E0	9.791388100E1
7.824066667E0	1.054189264E2
8.000000000E0	1.121574453E2
8.160033333E0	1.198293648E2
8.335933333E0	1.271879099E2
8.495966667E0	1.279650431E2
8.655966667E0	1.342716185E2
8.831866667E0	1.553257255E2
8.991966667E0	1.597273208E2
9.168000000E0	1.546068516E2
9.327933333E0	1.558736611E2
9.503800000E0	1.565409204E2
9.663866667E0	1.553373591E2
9.824033333E0	1.530910739E2
9.999966667E0	1.581493780E2
1.016000000E1	1.539656610E2
1.033586667E1	1.501205554E2
1.049586667E1	1.294649357E2
1.065593333E1	1.313398455E2
1.083183333E1	1.211332917E2
1.099190000E1	1.101548194E2
1.116796667E1	9.970472721E1
1.132783333E1	9.258133405E1
1.148800000E1	9.045155651E1
1.166400000E1	8.881995539E1
1.182393333E1	8.818690856E1
1.199983333E1	8.909712113E1
1.215996667E1	9.130254886E1
1.231983333E1	9.487917243E1
1.249593333E1	9.990480376E1
1.265590000E1	1.090723453E2
1.283186667E1	1.149790986E2
1.299193333E1	1.221454702E2
1.316786667E1	1.301944358E2
1.332783333E1	1.304539254E2
1.348783333E1	1.499092989E2
1.366383333E1	1.568610243E2
1.382383333E1	1.530832923E2
1.399976667E1	1.555883104E2
1.416000000E1	1.568352893E2
1.431993333E1	1.566824338E2
1.449583333E1	1.548039627E2
1.465593333E1	1.588376454E2
1.483190000E1	1.562410763E2
1.499176667E1	1.512734924E2
1.515186667E1	1.332669959E2
1.532793333E1	1.292242810E2
1.548783333E1	1.270091340E2
1.566383333E1	1.166917218E2
1.582393333E1	1.044264479E2
1.599983333E1	9.588304017E1
1.615990000E1	9.167161213E1
1.631993333E1	8.950493608E1
1.649580000E1	8.825819190E1
1.665586667E1	8.816825807E1
1.683190000E1	9.008004167E1
1.699180000E1	9.275069675E1
1.715183333E1	9.700461837E1
1.732776667E1	1.043445490E2
1.748780000E1	1.120305469E2
1.766380000E1	1.190217756E2
1.782386667E1	1.265087782E2
1.798430000E1	1.352697474E2
1.815983333E1	1.329066842E2
1.831990000E1	1.543237505E2
1.849583333E1	1.594358634E2
1.865576667E1	1.542937072E2
1.881593333E1	1.555634756E2
1.899186667E1	1.564027237E2
1.915180000E1	1.549776690E2
1.932786667E1	1.529023967E2
1.948783333E1	1.585085618E2
1.966383333E1	1.539612255E2
1.982383333E1	1.492513850E2
1.998380000E1	1.319436915E2
2.015986667E1	1.307064501E2
2.031976667E1	1.201629495E2
2.049566667E1	1.089516883E2
2.065573333E1	9.888193569E1
2.081576667E1	9.220013814E1
2.099186667E1	8.997714398E1
2.115180000E1	8.863038239E1
2.132783333E1	8.875495078E1
2.148776667E1	8.917187447E1
2.164790000E1	9.146611017E1
2.182386667E1	9.574662290E1
2.198383333E1	1.008274359E2
2.215970000E1	1.099529621E2
2.231973333E1	1.163549272E2
2.247990000E1	1.232711530E2
2.265573333E1	1.319811686E2
2.281573333E1	1.321650714E2
2.299183333E1	1.519837528E2
2.315176667E1	1.583238216E2
2.332780000E1	1.540802102E2
2.348780000E1	1.551891775E2
2.364790000E1	1.570320638E2
2.382383333E1	1.560422914E2
2.398386667E1	1.547802972E2
2.415976667E1	1.587650388E2
2.431970000E1	1.552701818E2
2.447983333E1	1.502790020E2
2.465583333E1	1.319884288E2
2.481583333E1	1.267463676E2
2.499180000E1	1.241069861E2
2.515176667E1	1.131086058E2
2.531186667E1	1.019633612E2
2.548770000E1	9.398804438E1
2.564780000E1	9.116446404E1
2.582366667E1	8.887683937E1
2.598383333E1	8.810360941E1
2.615960000E1	8.869593145E1
2.631990000E1	9.086787327E1
2.647976667E1	9.400098914E1
2.665573333E1	9.895822169E1
2.681580000E1	1.080006723E2
2.699176667E1	1.140045756E2
2.715180000E1	1.216715312E2
2.731166667E1	1.292249379E2
2.748766667E1	1.293052141E2
2.764776667E1	1.488385857E2
2.782366667E1	1.567429704E2
2.798373333E1	1.600774596E2
2.814373333E1	1.553031956E2
2.831976667E1	1.558031215E2
2.847966667E1	1.566200088E2
2.865563333E1	1.548400770E2
2.881566667E1	1.588879630E2
2.897580000E1	1.567781856E2
2.915173333E1	1.519353350E2
2.931173333E1	1.340938726E2
2.948773333E1	1.292703957E2
2.964776667E1	1.267407710E2
2.982373333E1	1.162888596E2
2.998373333E1	1.050006395E2
3.014376667E1	9.528038882E1
3.031973333E1	9.141155549E1
3.047976667E1	8.937389006E1
3.065570000E1	8.828252616E1
3.081576667E1	8.825205759E1
3.097563333E1	9.017420661E1
3.115163333E1	9.299685729E1
3.131163333E1	9.771983042E1
3.148753333E1	1.051212541E2
3.164770000E1	1.126951787E2
3.180773333E1	1.198973837E2
3.198373333E1	1.271260107E2
3.214376667E1	1.280454178E2
3.231960000E1	1.342084314E2
3.247963333E1	1.562795985E2
3.263966667E1	1.597460783E2
3.281560000E1	1.545289563E2
3.297570000E1	1.557552968E2
3.315170000E1	1.558211305E2
3.331160000E1	1.553012869E2
3.348753333E1	1.597684941E2
3.364756667E1	1.575458473E2
3.380763333E1	1.528011529E2
3.398360000E1	1.488211561E2
3.414370000E1	1.307685178E2
3.431953333E1	1.287359311E2
3.447963333E1	1.187949813E2
3.463963333E1	1.070207938E2
3.481570000E1	9.687838065E1
3.497570000E1	9.177969505E1
3.515163333E1	8.961844980E1
3.531153333E1	8.828452025E1
3.547153333E1	8.856044772E1
3.564766667E1	8.986646315E1
3.580753333E1	9.216361002E1
3.598353333E1	9.702900950E1
3.614363333E1	1.031470400E2
3.631963333E1	1.115883346E2
3.647960000E1	1.188473238E2
3.663970000E1	1.259926350E2
3.681563333E1	1.270055145E2
3.697556667E1	1.320565622E2
3.715170000E1	1.542093923E2
3.731180000E1	1.589960878E2
3.747166667E1	1.544407669E2
3.764763333E1	1.549979421E2
3.780756667E1	1.558080037E2
3.798363333E1	1.549575327E2
3.814356667E1	1.597981808E2
3.830366667E1	1.577639924E2
3.847953333E1	1.532741517E2
3.863963333E1	1.476678752E2
3.881550000E1	1.316765486E2
3.897553333E1	1.294489147E2
3.913566667E1	1.197441367E2
3.931150000E1	1.087485643E2
3.947153333E1	9.808151314E1
3.964756667E1	9.188706671E1
3.980760000E1	8.985390306E1
3.998346667E1	8.868113182E1
4.014363333E1	8.860921729E1
4.030366667E1	8.937821379E1
4.047950000E1	9.178857691E1
4.063956667E1	9.622231019E1
4.081556667E1	1.020472682E2
4.097546667E1	1.107517271E2
4.113556667E1	1.176123938E2
4.131153333E1	1.249567523E2
4.147156667E1	1.336067830E2
4.164756667E1	1.310865427E2
4.180763333E1	1.529428174E2
4.196750000E1	1.587091535E2
4.214346667E1	1.540640961E2
4.230360000E1	1.547897810E2
4.247946667E1	1.560076359E2
4.263963333E1	1.549328265E2
4.279963333E1	1.528947843E2
4.297546667E1	1.579241324E2
4.313560000E1	1.540352260E2
4.331166667E1	1.488202003E2
4.347150000E1	1.301711333E2
4.364753333E1	1.318943806E2
4.380756667E1	1.209537909E2
4.396760000E1	1.107204032E2
4.414346667E1	1.000202430E2
4.430356667E1	9.222089309E1
4.447953333E1	9.014219922E1
4.463960000E1	8.882378895E1
4.479963333E1	8.845723312E1
4.497560000E1	8.900355227E1
4.513556667E1	9.158444037E1
4.531140000E1	9.580525053E1
4.547150000E1	1.009162569E2
4.563160000E1	1.099280886E2
4.580756667E1	1.162787434E2
4.596763333E1	1.238592380E2
4.614343333E1	1.324936149E2
4.630370000E1	1.326730806E2
4.647940000E1	1.520307278E2
4.663953333E1	1.577501655E2
4.679953333E1	1.539870972E2
4.697556667E1	1.551365582E2
4.713560000E1	1.564345531E2
4.731136667E1	1.551739483E2
4.747140000E1	1.537245015E2
4.763156667E1	1.584650732E2
4.780756667E1	1.547963117E2
4.796756667E1	1.497357695E2
4.814343333E1	1.303721530E2
4.830356667E1	1.250885096E2
4.846360000E1	1.218058597E2
4.863940000E1	1.109961060E2
4.879956667E1	1.004476165E2
4.897550000E1	9.283151339E1
4.913566667E1	9.015029705E1
4.929546667E1	8.878844157E1
4.947140000E1	8.837709391E1
4.963156667E1	8.893774897E1
4.980750000E1	9.104489429E1
4.996740000E1	9.499088667E1
5.014346667E1	1.002644484E2
5.030336667E1	1.090665407E2
5.046340000E1	1.156659817E2
5.063940000E1	1.231923415E2
5.079943333E1	1.316896460E2
5.097536667E1	1.314806420E2
5.113543333E1	1.511739221E2
5.129536667E1	1.570263090E2
5.147136667E1	1.538657070E2
5.163153333E1	1.549351408E2
5.180743333E1	1.557097975E2
5.196743333E1	1.559986667E2
5.212743333E1	1.538729284E2
5.230353333E1	1.586865973E2
5.246376667E1	1.547070382E2
5.263946667E1	1.511036557E2
5.279950000E1	1.311436303E2
5.295946667E1	1.339283257E2
5.313543333E1	1.227413574E2
5.329553333E1	1.127131689E2
5.347136667E1	1.017919096E2
5.363133333E1	9.336368835E1
5.380736667E1	9.084755560E1
5.396746667E1	8.875247218E1
5.412753333E1	8.868335340E1
5.430330000E1	8.889883156E1
5.446336667E1	9.106723715E1
5.463943333E1	9.495503792E1
5.479933333E1	9.977170122E1
5.495950000E1	1.088206535E2
5.513536667E1	1.149686667E2
5.529536667E1	1.228107793E2
5.547130000E1	1.308123534E2
5.563133333E1	1.305880851E2
5.579140000E1	1.507767120E2
5.596733333E1	1.571795627E2
5.612743333E1	1.533082504E2
5.630330000E1	1.550862260E2
5.646333333E1	1.560715410E2
5.663923333E1	1.557858825E2
5.679933333E1	1.545335709E2
5.695936667E1	1.585715647E2
5.713553333E1	1.549599787E2
5.729540000E1	1.506881757E2
5.747123333E1	1.357900689E2
5.763126667E1	1.275349088E2
5.779146667E1	1.233839111E2
5.796726667E1	1.132057502E2
5.812740000E1	1.027201711E2
5.830333333E1	9.389416024E1
5.846340000E1	9.095737384E1
5.862336667E1	8.893086214E1
5.879930000E1	8.866749715E1
5.895933333E1	8.827655090E1
5.913530000E1	9.035754744E1
5.929530000E1	9.408967307E1
5.945533333E1	9.901596312E1
5.963123333E1	1.078390349E2
5.979130000E1	1.139848490E2
5.996723333E1	1.219755837E2
6.012736667E1	1.298237013E2
6.030336667E1	1.304278147E2
6.046333333E1	1.499645738E2
6.062336667E1	1.569066529E2
6.079926667E1	1.528961839E2
6.095950000E1	1.550802061E2
6.113523333E1	1.562017380E2
6.129533333E1	1.559088891E2
6.145533333E1	1.545676836E2
6.163123333E1	1.587193939E2
6.179143333E1	1.553309616E2
6.196723333E1	1.509666859E2
6.212730000E1	1.330938746E2
6.228740000E1	1.286013829E2
6.246326667E1	1.245775021E2
6.262343333E1	1.146805785E2
6.279923333E1	1.040217122E2
6.295940000E1	9.486434564E1
6.311943333E1	9.091709748E1
6.329536667E1	8.900377166E1
6.345540000E1	8.856494926E1
6.363136667E1	8.859617182E1
6.379123333E1	9.005953058E1
6.396720000E1	9.391685230E1
6.412730000E1	9.889709384E1
6.428733333E1	1.069412568E2
6.446326667E1	1.130084476E2
6.462330000E1	1.211065435E2
6.479926667E1	1.288438771E2
6.495923333E1	1.291494382E2
6.511926667E1	1.483000482E2
6.529523333E1	1.568311219E2
6.545526667E1	1.605770883E2
6.563116667E1	1.552500374E2
6.579120000E1	1.557083663E2
6.595126667E1	1.559398219E2
6.612743333E1	1.548958259E2
6.628720000E1	1.588953570E2
6.646320000E1	1.565170330E2
6.662356667E1	1.517293652E2
6.679930000E1	1.339575888E2
6.695933333E1	1.295563772E2
6.711923333E1	1.262134453E2
6.729533333E1	1.158802250E2
6.745523333E1	1.051857729E2
6.763113333E1	9.589359720E1
6.779116667E1	9.106213207E1
6.795126667E1	8.914319718E1
6.812716667E1	8.860990622E1
6.828730000E1	8.870285768E1
6.846316667E1	9.008414430E1
6.862333333E1	9.314745829E1
6.878320000E1	9.863647396E1
6.895926667E1	1.059853617E2
6.911920000E1	1.127319543E2
6.929526667E1	1.207854479E2
6.945516667E1	1.279830696E2
6.961526667E1	1.291526786E2
6.979116667E1	1.476238842E2
6.995116667E1	1.563218245E2
7.012723333E1	1.600120203E2
7.028733333E1	1.539716623E2
7.046313333E1	1.556737483E2
7.062316667E1	1.559730502E2
7.078316667E1	1.547263318E2
7.095926667E1	1.588996994E2
7.111916667E1	1.565163017E2
7.129520000E1	1.517197037E2
7.145523333E1	1.483453124E2
7.161533333E1	1.298350156E2
7.179113333E1	1.267613356E2
7.195116667E1	1.160858279E2
7.212723333E1	1.056824803E2
7.228716667E1	9.599078349E1
7.244750000E1	9.094101580E1
7.262313333E1	8.914840242E1
7.278323333E1	8.853717983E1
7.295926667E1	8.879891989E1
7.311920000E1	9.002843281E1
7.327926667E1	9.325845418E1
7.345516667E1	9.828499842E1
7.361520000E1	1.062316196E2
7.379123333E1	1.127073294E2
7.395123333E1	1.208822954E2
7.412720000E1	1.282208666E2
7.428710000E1	1.292690906E2
7.444713333E1	1.348453307E2
7.462333333E1	1.558730570E2
7.478323333E1	1.600663259E2
7.495920000E1	1.547694885E2
7.511923333E1	1.562452452E2
7.527913333E1	1.562217191E2
7.545510000E1	1.547310312E2
7.561516667E1	1.588265957E2
7.579120000E1	1.559465520E2
7.595123333E1	1.514631817E2
7.611126667E1	1.339899587E2
7.628710000E1	1.289867250E2
7.644710000E1	1.250223001E2
7.662333333E1	1.143351627E2
7.678323333E1	1.042923945E2
7.695916667E1	9.518305808E1
7.711920000E1	9.088726640E1
7.727926667E1	8.892395606E1
7.745506667E1	8.837877652E1
7.761513333E1	8.885810723E1
7.779103333E1	9.000786297E1
7.795106667E1	9.393925074E1
7.811113333E1	9.902130769E1
7.828720000E1	1.078377940E2
7.844713333E1	1.131680382E2
7.862313333E1	1.217824587E2
7.878310000E1	1.295462883E2
7.894303333E1	1.296604066E2
7.911916667E1	1.482624181E2
7.927910000E1	1.567222891E2
7.945506667E1	1.600110858E2
7.961520000E1	1.550236261E2
7.977520000E1	1.557965525E2
7.995113333E1	1.558092129E2
8.011150000E1	1.540706436E2
8.028716667E1	1.583894529E2
8.044706667E1	1.549450691E2
8.062296667E1	1.508136691E2
8.078310000E1	1.328706605E2
8.094313333E1	1.287248641E2
8.111916667E1	1.243458572E2
8.127916667E1	1.137172782E2
8.145500000E1	1.035057085E2
8.161506667E1	9.484687248E1
8.177506667E1	9.052160134E1
8.195116667E1	8.874377506E1
8.211133333E1	8.880358784E1
8.228696667E1	8.893951669E1
8.244726667E1	9.033721091E1
8.260700000E1	9.404892689E1
8.278313333E1	9.927737260E1
8.294300000E1	1.086454650E2
8.311903333E1	1.140689392E2
8.327910000E1	1.224576067E2
8.343906667E1	1.308601545E2
8.361513333E1	1.309228375E2
8.377510000E1	1.491428979E2
8.395106667E1	1.567383262E2
8.411113333E1	1.532687866E2
8.428710000E1	1.547596188E2
8.444703333E1	1.558257766E2
8.460703333E1	1.558604600E2
8.478310000E1	1.540067727E2
8.494306667E1	1.582347081E2
8.511910000E1	1.543171488E2
8.527910000E1	1.500554738E2
8.543903333E1	1.318726697E2
8.561510000E1	1.270602444E2
8.577496667E1	1.226987781E2
8.595110000E1	1.119573880E2
8.611100000E1	1.019398924E2
8.627116667E1	9.391974997E1
8.644700000E1	9.033291287E1
8.660713333E1	8.868975705E1
8.678310000E1	8.881062284E1
8.694300000E1	8.913087760E1
8.711896667E1	9.086866699E1
8.727896667E1	9.503402088E1
8.743920000E1	1.002243429E2
8.761506667E1	1.097387633E2
8.777500000E1	1.157544938E2
8.795096667E1	1.237062889E2
8.811123333E1	1.321249791E2
8.827110000E1	1.320057738E2
8.844693333E1	1.504850336E2
8.860703333E1	1.580760978E2
8.878286667E1	1.539384944E2
8.894300000E1	1.548332046E2
8.910306667E1	1.560715716E2
8.927893333E1	1.557200980E2
8.943910000E1	1.533271973E2
8.961500000E1	1.579900233E2
8.977503333E1	1.540043128E2
8.993503333E1	1.500699296E2
9.011106667E1	1.302409779E2
9.027110000E1	1.321554591E2
9.044693333E1	1.208913387E2
9.060703333E1	1.098127480E2
9.078296667E1	1.000089969E2
9.094293333E1	9.286168976E1
9.110290000E1	8.997143757E1
9.127890000E1	8.871120777E1
9.143893333E1	8.879427244E1
9.161496667E1	8.930029113E1
9.177503333E1	9.104575059E1
9.193506667E1	9.584176507E1
9.211090000E1	1.020504180E2
9.227096667E1	1.111296265E2
9.244690000E1	1.172991403E2
9.260696667E1	1.258858929E2
9.276703333E1	1.276188456E2
9.294290000E1	1.311768358E2
9.310303333E1	1.527598457E2
9.327886667E1	1.595108641E2
9.343890000E1	1.543488479E2
9.359900000E1	1.552910193E2
9.377503333E1	1.557693042E2
9.393500000E1	1.548946076E2
9.411090000E1	1.596486971E2
9.427096667E1	1.574669143E2
9.444696667E1	1.526324930E2
9.460683333E1	1.488083859E2
9.476703333E1	1.308774673E2
9.494296667E1	1.286332220E2
9.510293333E1	1.171845515E2
9.527893333E1	1.060902999E2
9.543900000E1	9.723831281E1
9.559896667E1	9.138679153E1
9.577500000E1	8.906790723E1
9.593500000E1	8.832047698E1
9.611086667E1	8.893119914E1
9.627096667E1	9.003718222E1
9.643100000E1	9.252015889E1
9.660700000E1	9.799032215E1
9.676700000E1	1.062446950E2
9.694286667E1	1.131712123E2
9.710300000E1	1.207007688E2
9.727893333E1	1.287639985E2
9.743893333E1	1.291150479E2
9.759890000E1	1.352601953E2
9.777490000E1	1.559571527E2
9.793496667E1	1.602385148E2
9.811080000E1	1.546322891E2
9.827096667E1	1.557494047E2
9.843100000E1	1.557149168E2
9.860690000E1	1.546751858E2
9.876696667E1	1.582262924E2
9.894293333E1	1.549678035E2
9.910280000E1	1.504287748E2
9.926286667E1	1.329216137E2
9.943883333E1	1.282290323E2
9.959890000E1	1.246309205E2
9.977476667E1	1.138028385E2
9.993480000E1	1.031105442E2
1.000949333E2	9.497426611E1
1.002709333E2	9.103530009E1
1.004308667E2	8.883226387E1
1.006069000E2	8.827638323E1
1.007668333E2	8.897544238E1
1.009429000E2	9.047507324E1
1.011028667E2	9.386661173E1
1.012628000E2	9.906382651E1
1.014389667E2	1.084765221E2
1.015989333E2	1.145256622E2
1.017748667E2	1.220220493E2
1.019349000E2	1.305470344E2
1.020950333E2	1.302009797E2
1.022708000E2	1.490642417E2
1.024308000E2	1.567440095E2
1.026067333E2	1.600327529E2
1.027668667E2	1.547742937E2
1.029268000E2	1.560466584E2
1.031028333E2	1.556325732E2
1.032628667E2	1.539062903E2
1.034387667E2	1.581690973E2
1.035989333E2	1.549216576E2
1.037589667E2	1.501811328E2
1.039349333E2	1.320723831E2
1.040948000E2	1.276776785E2
1.042709000E2	1.240558313E2
1.044308000E2	1.131344623E2
1.046068667E2	1.022605100E2
1.047667667E2	9.422792423E1
1.049268000E2	9.085291838E1
1.051028000E2	8.890093364E1
1.052628000E2	8.817772410E1
1.054387000E2	8.898870138E1
1.055989333E2	9.075987713E1
1.057589333E2	9.405846533E1
1.059348667E2	9.928619353E1
1.060949333E2	1.089946593E2
1.062708667E2	1.148867123E2
1.064308333E2	1.223348617E2
1.065908333E2	1.310947579E2
1.067667667E2	1.309359945E2
1.069268333E2	1.497774898E2
1.071027000E2	1.569044234E2
1.072627333E2	1.534018413E2
1.074387000E2	1.554578795E2
1.075987667E2	1.561597938E2
1.077588000E2	1.558279713E2
1.079348333E2	1.540261927E2
1.080948667E2	1.586547039E2
1.082707333E2	1.549071168E2
1.084308000E2	1.499497427E2
1.085908000E2	1.320839167E2
1.087667000E2	1.267802744E2
1.089268667E2	1.229134214E2
1.091026667E2	1.119357060E2
1.092628000E2	1.017442937E2
1.094230667E2	9.382063420E1
1.095987000E2	9.066758643E1
1.097588667E2	8.891906500E1
1.099346667E2	8.866566508E1
1.100948000E2	8.904118478E1
1.102548667E2	9.098447423E1
1.104308000E2	9.488830283E1
1.105907333E2	1.002422830E2
1.107667000E2	1.098592871E2
1.109268333E2	1.159321592E2
1.111026667E2	1.239365808E2
1.112627333E2	1.321669483E2
1.114226667E2	1.321243726E2
1.115987333E2	1.512507677E2
1.117588333E2	1.580302989E2
1.119347667E2	1.542934979E2
1.120947667E2	1.551625509E2
1.122548333E2	1.556556439E2
1.124310000E2	1.557026449E2
1.125907667E2	1.535042600E2
1.127666333E2	1.587151123E2
1.129267333E2	1.540526200E2
1.130868333E2	1.488530567E2
1.132628333E2	1.297342551E2
1.134228000E2	1.316136667E2
1.135987333E2	1.201389702E2
1.137587000E2	1.090854864E2
1.139187333E2	9.905411572E1
1.140948000E2	9.203543321E1
1.142548000E2	8.987519185E1
1.144307000E2	8.857511859E1
1.145908000E2	8.877926543E1
1.147666000E2	8.986658957E1
1.149266333E2	9.153950537E1
1.150868000E2	9.653060227E1
1.152628000E2	1.031033577E2
1.154228000E2	1.114855459E2
1.155987333E2	1.182459532E2
1.157586667E2	1.260724285E2
1.159186667E2	1.275178780E2
1.160947667E2	1.314184352E2
1.162547000E2	1.529978752E2
1.164307000E2	1.594351924E2
1.165907000E2	1.546358698E2
1.167508000E2	1.550902362E2
1.169266667E2	1.560994417E2
1.170866667E2	1.550972608E2
1.172627333E2	1.601468615E2
1.174227333E2	1.577617760E2
1.175987000E2	1.530815989E2
1.177587000E2	1.487947257E2
1.179186667E2	1.316814545E2
1.180947667E2	1.289736810E2
1.182546333E2	1.183003847E2
1.184305667E2	1.076944451E2
1.185907667E2	9.795213483E1
1.187507333E2	9.158528895E1
1.189267000E2	8.916687272E1
1.190866333E2	8.866210188E1
1.192625333E2	8.864580223E1
1.194226000E2	8.996480334E1
1.195827667E2	9.203320326E1
1.197586667E2	9.710037845E1
1.199186000E2	1.046403806E2
1.200946000E2	1.119917388E2
1.202545667E2	1.191711552E2
1.204147333E2	1.270419060E2
1.205906333E2	1.280249975E2
1.207507333E2	1.331165905E2
1.209265667E2	1.552397183E2
1.210866000E2	1.596086328E2
1.212625667E2	1.545945830E2
1.214226667E2	1.553293335E2
1.215826667E2	1.556709564E2
1.217587000E2	1.544987297E2
1.219187000E2	1.588511525E2
1.220945000E2	1.563279831E2
1.222545667E2	1.516340651E2
1.224145667E2	1.487493755E2
1.225906667E2	1.299066142E2
1.227506667E2	1.267253904E2
1.229266333E2	1.153673564E2
1.230866000E2	1.049299402E2
1.232467000E2	9.603023863E1
1.234226333E2	9.100247942E1
1.235825333E2	8.905453897E1
1.237586333E2	8.827911969E1
1.239186667E2	8.894385641E1
1.240786000E2	9.016235033E1
1.242545333E2	9.305421816E1
1.244145333E2	9.888745233E1
1.245906667E2	1.077984570E2
1.247506000E2	1.136679337E2
1.249266000E2	1.217968684E2
1.250865667E2	1.298270242E2
1.252465333E2	1.301600287E2
1.254225000E2	1.491184345E2
1.255827000E2	1.564445415E2
1.257585000E2	1.602207739E2
1.259185667E2	1.547232696E2
1.260786333E2	1.551792933E2
1.262545000E2	1.557034815E2
1.264146667E2	1.538611352E2
1.265904667E2	1.581118186E2
1.267506667E2	1.550345177E2
1.269106333E2	1.502220391E2
1.270866667E2	1.325459477E2
1.272466000E2	1.276062534E2
1.274226333E2	1.240077327E2
1.275826000E2	1.135430895E2
1.277586000E2	1.029215223E2
1.279187667E2	9.488244691E1
1.280786333E2	9.088074240E1
1.282546000E2	8.880612904E1
1.284146000E2	8.835186682E1
1.285904667E2	8.898316039E1
1.287505333E2	9.042300254E1
1.289105333E2	9.400281407E1
1.290865333E2	9.970773854E1
1.292465667E2	1.090597251E2
1.294224333E2	1.149350101E2
1.295825000E2	1.230176038E2
1.297425667E2	1.316674037E2
1.299185667E2	1.315401343E2
1.300785667E2	1.501265236E2
1.302544667E2	1.576950784E2
1.304144667E2	1.536197266E2
1.305748000E2	1.549492747E2
1.307506000E2	1.560053826E2
1.309106000E2	1.550767720E2
1.310866000E2	1.536614463E2
1.312466000E2	1.579365821E2
1.314226000E2	1.539987396E2
1.315825333E2	1.489122278E2
1.317425000E2	1.302728220E2
1.319186000E2	1.251004781E2
1.320785000E2	1.210385081E2
1.322544000E2	1.100194128E2
1.324145667E2	9.997904957E1
1.325744667E2	9.299874814E1
1.327505667E2	8.995300272E1
1.329104333E2	8.877793374E1
1.330865667E2	8.825738378E1
1.332465333E2	8.962804958E1
1.334066000E2	9.108433167E1
1.335824667E2	9.519562358E1
1.337424667E2	1.018016960E2
1.339185333E2	1.107341531E2
1.340785667E2	1.169358973E2
1.342385333E2	1.249125731E2
1.344145667E2	1.333972869E2
1.345744667E2	1.295433427E2
1.347505667E2	1.518188573E2
1.349104333E2	1.584869165E2
1.350865333E2	1.541716374E2
1.352466000E2	1.550583346E2
1.354064000E2	1.558886070E2
1.355823667E2	1.554111917E2
1.357424333E2	1.528613392E2
1.359184333E2	1.582497974E2
1.360785333E2	1.539221182E2
1.362385333E2	1.490361301E2
1.364144000E2	1.332687453E2
1.365744667E2	1.310704754E2
1.367503667E2	1.200192979E2
1.369105333E2	1.090785815E2
1.370705333E2	9.904526963E1
1.372464000E2	9.212429474E1
1.374066333E2	8.982862301E1
1.375825333E2	8.838661453E1
1.377424000E2	8.859876806E1
1.379185000E2	8.987719453E1
1.380785000E2	9.155576203E1
1.382388000E2	9.665828762E1
1.384144000E2	1.037383996E2
1.385744667E2	1.119784621E2
1.387504667E2	1.186960640E2
1.389104000E2	1.269239309E2
1.390705667E2	1.280660025E2
1.392463667E2	1.323529571E2
1.394065333E2	1.540889393E2
1.395824000E2	1.592252753E2
1.397423667E2	1.542764991E2
1.399025333E2	1.555944163E2
1.400783667E2	1.555446542E2
1.402384000E2	1.541993970E2
1.404143333E2	1.587605026E2
1.405745000E2	1.564134538E2
1.407345333E2	1.516167828E2
1.409103667E2	1.479196864E2
1.410704667E2	1.301169729E2
1.412464000E2	1.271777599E2
1.414064000E2	1.161062667E2
1.415823333E2	1.057160686E2
1.417424000E2	9.627872948E1
1.419024333E2	9.110524398E1
1.420783667E2	8.910593292E1
1.422384000E2	8.818333918E1
1.424143000E2	8.892731901E1
1.425744000E2	9.011980532E1
1.427343667E2	9.294743478E1
1.429103333E2	9.836087074E1
1.430704333E2	1.073419576E2
1.432463667E2	1.132375899E2
1.434064333E2	1.209436802E2
1.435664000E2	1.289684116E2
1.437424000E2	1.298934828E2
1.439024667E2	1.351899191E2
1.440782667E2	1.559718742E2
1.442383333E2	1.598547888E2
1.443983333E2	1.550237195E2
1.445743667E2	1.559443591E2
1.447344000E2	1.557739348E2
1.449104333E2	1.539278579E2
1.450704000E2	1.580570224E2
1.452463333E2	1.550538703E2
1.454065000E2	1.500776305E2
1.455664667E2	1.321226841E2
1.457424000E2	1.285808403E2
1.459024333E2	1.239365139E2
1.460782000E2	1.130228108E2
1.462382667E2	1.022738037E2
1.463983333E2	9.410450775E1
1.465743667E2	9.087423282E1
1.467343333E2	8.882747468E1
1.469104000E2	8.822241781E1
1.470703000E2	8.923980281E1
1.472303000E2	9.093730852E1
1.474064000E2	9.421438882E1
1.475663333E2	1.001036993E2
1.477423333E2	1.096645540E2
1.479023333E2	1.157721402E2
1.480782667E2	1.239149744E2
1.482382333E2	1.326109786E2
1.483984000E2	1.321911844E2
1.485742667E2	1.501702636E2
1.487344000E2	1.580724318E2
1.489103333E2	1.543782537E2
1.490704000E2	1.550721971E2
1.492303000E2	1.558530710E2
1.494063667E2	1.553164176E2
1.495663333E2	1.607965949E2
1.497423667E2	1.587273066E2
1.499024000E2	1.538847553E2
1.500623333E2	1.489474234E2
1.502382333E2	1.332958149E2
1.503982667E2	1.314942020E2
1.505743000E2	1.199148085E2
1.507344000E2	1.089136995E2
1.508944000E2	9.905101728E1
1.510703667E2	9.212116489E1
1.512302667E2	8.983340911E1
1.514063333E2	8.828354823E1
1.515664667E2	8.859266878E1
1.517422667E2	8.996680179E1
1.519024000E2	9.168419903E1
1.520622333E2	9.662630077E1
