tömeg_A
t	x
0,000000000E0	1,058925980E2
1,760666667E-1	1,059722655E2
3,360333333E-1	1,060814066E2
5,119666667E-1	1,060385158E2
6,721333333E-1	1,060213853E2
8,480666667E-1	1,060036990E2
1,008066667E0	1,059736204E2
1,168033333E0	1,060245083E2
1,344133333E0	1,060426190E2
1,504000000E0	1,060343441E2
1,680000000E0	1,060213123E2
1,839966667E0	1,060451019E2
2,000066667E0	1,060915268E2
2,176066667E0	1,060743125E2
2,336033333E0	1,060224325E2
2,511933333E0	1,060345574E2
2,671966667E0	1,060682354E2
2,831966667E0	1,060136354E2
3,008033333E0	1,059838349E2
3,168000000E0	1,060664820E2
3,343933333E0	1,060400964E2
3,503966667E0	1,060451715E2
3,664066667E0	1,060466741E2
3,840033333E0	1,060253109E2
4,000000000E0	1,060394672E2
4,175966667E0	1,060610066E2
4,335966667E0	1,060215746E2
4,511900000E0	1,060468075E2
4,671966667E0	1,060391914E2
4,832100000E0	1,061189761E2
5,008033333E0	1,060763415E2
5,167966667E0	1,059781894E2
5,344000000E0	1,060172470E2
5,503966667E0	1,060658068E2
5,663966667E0	1,060706149E2
5,840033333E0	1,059931121E2
6,000066667E0	1,060204036E2
6,176033333E0	1,060159629E2
6,335966667E0	1,060151514E2
6,496066667E0	1,060346015E2
6,672000000E0	1,060176283E2
6,831900000E0	1,060327809E2
7,007966667E0	1,060117641E2
7,168000000E0	1,061116153E2
7,343933333E0	1,060165681E2
7,503933333E0	1,060286741E2
7,664033333E0	1,059988088E2
7,840033333E0	1,061085421E2
8,000033333E0	1,060116959E2
8,175833333E0	1,060951022E2
8,336033333E0	1,060220987E2
8,496000000E0	1,060783068E2
8,671900000E0	1,060071135E2
8,832066667E0	1,060322780E2
9,007900000E0	1,060107385E2
9,167933333E0	1,060275982E2
9,328033333E0	1,061230495E2
9,503900000E0	1,061071293E2
9,663900000E0	1,060428613E2
9,839866667E0	1,061074322E2
1,000000000E1	1,060613028E2
1,016003333E1	1,060344196E2
1,033600000E1	1,060894109E2
1,049596667E1	1,060451510E2
1,067190000E1	1,060786478E2
1,083203333E1	1,059910072E2
1,100780000E1	1,060324240E2
1,116783333E1	1,060427034E2
1,132786667E1	1,060542815E2
1,150386667E1	1,060598786E2
1,166386667E1	1,059960039E2
1,183990000E1	1,060412270E2
1,199990000E1	1,060606014E2
1,216000000E1	1,060923443E2
1,233596667E1	1,060130753E2
1,249596667E1	1,060749643E2
1,267180000E1	1,060424903E2
1,283186667E1	1,060343461E2
1,299190000E1	1,060502255E2
1,316790000E1	1,060587680E2
1,332790000E1	1,059937892E2
1,350383333E1	1,060512489E2
1,366393333E1	1,060401745E2
1,382390000E1	1,059909964E2
1,399983333E1	1,060645994E2
1,415986667E1	1,060940517E2
1,433583333E1	1,060292767E2
1,449593333E1	1,060378796E2
1,467180000E1	1,060571202E2
1,483180000E1	1,060347590E2
1,499196667E1	1,060739240E2
1,516793333E1	1,059619810E2
1,532783333E1	1,060693675E2
1,550380000E1	1,060415546E2
1,566390000E1	1,059884162E2
1,582380000E1	1,060138596E2
1,599993333E1	1,061072496E2
1,615986667E1	1,060603511E2
1,633593333E1	1,060078568E2
1,649586667E1	1,060065867E2
1,665600000E1	1,060670071E2
1,683183333E1	1,060080856E2
1,699193333E1	1,065538053E2
1,716793333E1	1,081597057E2
1,732793333E1	1,095917354E2
1,750376667E1	1,108842573E2
1,766390000E1	1,119627478E2
1,782386667E1	1,139398544E2
1,799983333E1	1,153409097E2
1,815983333E1	1,170210527E2
1,833583333E1	1,188733395E2
1,849586667E1	1,208208579E2
1,865586667E1	1,223309857E2
1,883190000E1	1,245612802E2
1,899180000E1	1,267666960E2
1,916783333E1	1,290893044E2
1,932780000E1	1,316420233E2
1,948790000E1	1,341724743E2
1,966373333E1	1,285113147E2
1,982383333E1	1,304355250E2
1,999983333E1	1,316777570E2
2,015980000E1	1,347792593E2
2,031986667E1	1,339176948E2
2,049590000E1	1,481982591E2
2,065583333E1	1,489600165E2
2,083186667E1	1,516048655E2
2,099176667E1	1,528597906E2
2,116783333E1	1,538731500E2
2,132786667E1	1,560264684E2
2,148783333E1	1,568937011E2
2,166380000E1	1,580042971E2
2,182376667E1	1,585325104E2
2,199973333E1	1,588391416E2
2,215973333E1	1,604085550E2
2,231983333E1	1,604613681E2
2,249580000E1	1,619109163E2
2,265583333E1	1,537830931E2
2,283186667E1	1,548424704E2
2,299176667E1	1,548941896E2
2,315186667E1	1,549660346E2
2,332773333E1	1,558757490E2
2,348780000E1	1,550854406E2
2,366373333E1	1,561386266E2
2,382380000E1	1,559547067E2
2,398376667E1	1,555422927E2
2,415973333E1	1,560146352E2
2,431986667E1	1,554270176E2
2,449570000E1	1,552361566E2
2,465576667E1	1,552041331E2
2,483166667E1	1,549803396E2
2,499173333E1	1,537540367E2
2,515183333E1	1,536982471E2
2,532770000E1	1,605550264E2
2,548770000E1	1,601286525E2
2,566376667E1	1,592104632E2
2,582383333E1	1,585082967E2
2,598383333E1	1,572305319E2
2,615970000E1	1,564875689E2
2,631983333E1	1,555931232E2
2,649576667E1	1,544845392E2
2,665583333E1	1,536865354E2
2,681583333E1	1,517753748E2
2,699180000E1	1,501236964E2
2,715180000E1	1,487541408E2
2,732763333E1	1,478625777E2
2,748770000E1	1,337824089E2
2,766376667E1	1,340694503E2
2,782376667E1	1,313725065E2
2,798383333E1	1,295818239E2
2,815970000E1	1,342193331E2
2,831963333E1	1,311483381E2
2,849573333E1	1,284608402E2
2,865566667E1	1,257088445E2
2,881566667E1	1,213686094E2
2,899170000E1	1,177727119E2
2,915170000E1	1,135546823E2
2,932760000E1	1,109894869E2
2,948776667E1	1,087379204E2
2,964766667E1	1,060632795E2
2,982376667E1	1,029661044E2
2,998376667E1	1,000258514E2
3,015973333E1	9,815738910E1
3,031976667E1	9,621000155E1
3,047980000E1	9,507458725E1
3,065576667E1	9,394614817E1
3,081576667E1	9,310468732E1
3,099170000E1	9,222762662E1
3,115176667E1	9,130944546E1
3,132760000E1	9,105414970E1
3,148776667E1	9,023028000E1
3,164770000E1	9,000669789E1
3,182373333E1	8,982460311E1
3,198376667E1	9,169727035E1
3,215960000E1	9,186148151E1
3,231970000E1	8,935770079E1
3,247970000E1	8,978165186E1
3,265573333E1	8,968450680E1
3,281560000E1	8,998464923E1
3,299163333E1	9,016065439E1
3,315173333E1	9,140404704E1
3,331166667E1	9,122266597E1
3,348770000E1	9,188917486E1
3,364770000E1	9,246966989E1
3,382366667E1	9,322457912E1
3,398373333E1	9,413292954E1
3,414380000E1	9,543822579E1
3,431963333E1	9,707886831E1
3,447963333E1	9,875419158E1
3,465563333E1	9,994371147E1
3,481563333E1	1,028557995E2
3,499166667E1	1,048489434E2
3,515170000E1	1,078656944E2
3,531160000E1	1,092085319E2
3,548773333E1	1,109439822E2
3,564766667E1	1,126667368E2
3,582366667E1	1,143324241E2
3,598370000E1	1,167549014E2
3,614370000E1	1,188132697E2
3,631970000E1	1,209809173E2
3,647963333E1	1,232228518E2
3,665560000E1	1,260024550E2
3,681560000E1	1,289166129E2
3,697570000E1	1,318916686E2
3,715160000E1	1,352411009E2
3,731166667E1	1,309161813E2
3,748770000E1	1,328421567E2
3,764760000E1	1,322058003E2
3,782363333E1	1,468305828E2
3,798366667E1	1,483571036E2
3,814366667E1	1,508039317E2
3,831966667E1	1,523094686E2
3,847966667E1	1,542976422E2
3,865560000E1	1,565347108E2
3,881563333E1	1,567674327E2
3,897573333E1	1,578568717E2
3,915153333E1	1,597057565E2
3,931153333E1	1,596426517E2
3,948750000E1	1,610915835E2
3,964760000E1	1,539572888E2
3,980760000E1	1,541846447E2
3,998363333E1	1,551223687E2
4,014370000E1	1,551135066E2
4,031953333E1	1,557383517E2
4,047960000E1	1,551218627E2
4,063953333E1	1,560311165E2
4,081553333E1	1,557591735E2
4,097566667E1	1,557817131E2
4,115163333E1	1,554453070E2
4,131153333E1	1,550932678E2
4,148753333E1	1,547552949E2
4,164763333E1	1,533988340E2
4,180756667E1	1,606139773E2
4,198356667E1	1,597706829E2
4,214363333E1	1,587334910E2
4,231950000E1	1,582456566E2
4,247963333E1	1,568526226E2
4,263966667E1	1,558546788E2
4,281546667E1	1,547142890E2
4,297553333E1	1,530466639E2
4,315150000E1	1,518289675E2
4,331160000E1	1,498680515E2
4,347153333E1	1,482127332E2
4,364746667E1	1,478491313E2
4,380766667E1	1,342000727E2
4,398350000E1	1,320403115E2
4,414360000E1	1,287620579E2
4,430356667E1	1,335547731E2
4,447956667E1	1,300051444E2
4,463956667E1	1,266278738E2
4,481556667E1	1,228165321E2
4,497556667E1	1,186556731E2
4,515140000E1	1,138267855E2
4,531160000E1	1,105833049E2
4,547150000E1	1,076742604E2
4,564746667E1	1,043749157E2
4,580750000E1	1,007921214E2
4,598340000E1	9,801314687E1
4,614360000E1	9,617799401E1
4,630353333E1	9,473013257E1
4,647953333E1	9,328122259E1
4,663953333E1	9,219508838E1
4,681550000E1	9,132459151E1
4,697553333E1	9,094363864E1
4,713556667E1	9,013328569E1
4,731156667E1	9,005935955E1
4,747160000E1	8,923505178E1
4,764753333E1	8,917291016E1
4,780760000E1	8,923276082E1
4,798343333E1	8,937889023E1
4,814356667E1	8,933163325E1
4,830353333E1	9,278096348E1
4,847940000E1	9,270056922E1
4,863956667E1	9,113364081E1
4,881546667E1	9,792629999E1
4,897550000E1	9,232170924E1
4,913550000E1	9,370745481E1
4,931146667E1	9,512125421E1
4,947150000E1	9,629061239E1
4,964746667E1	9,817439121E1
4,980746667E1	9,999629210E1
4,996746667E1	1,025820417E2
5,014343333E1	1,053041748E2
5,030346667E1	1,086278413E2
5,047940000E1	1,101941584E2
5,063946667E1	1,119906399E2
5,079953333E1	1,142280527E2
5,097553333E1	1,167276485E2
5,113546667E1	1,190023229E2
5,131143333E1	1,215609045E2
5,147153333E1	1,242017638E2
5,164746667E1	1,272366642E2
5,180740000E1	1,308682195E2
5,196740000E1	1,346463548E2
5,214346667E1	1,300996085E2
5,230346667E1	1,337016227E2
5,247943333E1	1,332542635E2
5,263946667E1	1,487326973E2
5,279953333E1	1,511334955E2
5,297543333E1	1,535189643E2
5,313543333E1	1,547975738E2
5,331140000E1	1,566036198E2
5,347150000E1	1,576639276E2
5,363150000E1	1,587469698E2
5,380750000E1	1,600865616E2
5,396743333E1	1,538617321E2
5,414336667E1	1,539887664E2
5,430343333E1	1,544001627E2
5,446353333E1	1,547912037E2
5,463943333E1	1,550489033E2
5,479946667E1	1,553057488E2
5,497550000E1	1,559442226E2
5,513543333E1	1,556605423E2
5,531130000E1	1,552218624E2
5,547163333E1	1,551549467E2
5,563143333E1	1,551003307E2
5,580743333E1	1,541027508E2
5,596740000E1	1,531879171E2
5,614336667E1	1,598762271E2
5,630336667E1	1,589894590E2
5,646350000E1	1,579501210E2
5,663946667E1	1,565278928E2
5,679936667E1	1,550280547E2
5,697546667E1	1,537073387E2
5,713543333E1	1,518069049E2
5,729540000E1	1,498522450E2
5,747133333E1	1,478146692E2
5,763143333E1	1,357328804E2
5,780736667E1	1,329700359E2
5,796743333E1	1,292014098E2
5,814340000E1	1,333894105E2
5,830350000E1	1,296942933E2
5,846346667E1	1,258156330E2
5,863943333E1	1,206592034E2
5,879946667E1	1,153824003E2
5,897526667E1	1,107418891E2
5,913533333E1	1,076936106E2
5,929536667E1	1,040661942E2
5,947133333E1	1,001728671E2
5,963146667E1	9,784692277E1
5,980740000E1	9,605928907E1
5,996743333E1	9,379661821E1
6,012736667E1	9,245876464E1
6,030343333E1	9,123969120E1
6,046343333E1	9,078936905E1
6,063936667E1	9,012207608E1
6,079940000E1	9,001824544E1
6,095943333E1	8,925331816E1
6,113540000E1	8,932772903E1
6,129536667E1	8,931730935E1
6,147130000E1	8,976280004E1
6,163133333E1	9,009645457E1
6,180726667E1	9,016121927E1
6,196733333E1	9,104981261E1
6,212743333E1	9,756757457E1
6,230333333E1	9,288606422E1
6,246343333E1	9,399350803E1
6,263923333E1	9,584323310E1
6,279926667E1	9,786927371E1
6,295933333E1	9,981570003E1
6,313536667E1	1,028410254E2
6,329540000E1	1,061702077E2
6,347133333E1	1,087328842E2
6,363130000E1	1,110118662E2
6,379130000E1	1,131361777E2
6,396730000E1	1,155629830E2
6,412736667E1	1,181658609E2
6,430330000E1	1,208609785E2
6,446330000E1	1,235940912E2
6,462333333E1	1,267507286E2
6,479936667E1	1,300558330E2
6,495923333E1	1,339554836E2
6,513526667E1	1,297078278E2
6,529536667E1	1,338539611E2
6,547116667E1	1,343486995E2
6,563123333E1	1,494793861E2
6,579133333E1	1,524550223E2
6,596726667E1	1,545027108E2
6,612726667E1	1,568457951E2
6,630330000E1	1,582933228E2
6,646333333E1	1,592327800E2
6,662330000E1	1,604058655E2
6,679933333E1	1,540588252E2
6,695933333E1	1,542828898E2
6,713520000E1	1,549408972E2
6,729533333E1	1,550960383E2
6,745540000E1	1,552692576E2
6,763130000E1	1,557874521E2
6,779130000E1	1,553157212E2
6,796730000E1	1,549207139E2
6,812720000E1	1,547809659E2
6,830330000E1	1,539784870E2
6,846333333E1	1,530271522E2
6,862326667E1	1,597220725E2
6,879923333E1	1,587035797E2
6,895923333E1	1,575630988E2
6,913530000E1	1,557136880E2
6,929533333E1	1,539467141E2
6,945533333E1	1,519644841E2
6,963120000E1	1,498001229E2
6,979123333E1	1,480296849E2
6,996730000E1	1,350043964E2
7,012723333E1	1,318148717E2
7,028733333E1	1,279563099E2
7,046316667E1	1,310141695E2
7,062326667E1	1,270268265E2
7,079930000E1	1,219157361E2
7,095923333E1	1,161237261E2
7,111920000E1	1,106979761E2
7,129526667E1	1,072034986E2
7,145530000E1	1,029477179E2
7,163116667E1	9,899161816E1
7,179126667E1	9,617898922E1
7,196723333E1	9,392222177E1
7,212720000E1	9,664366689E1
7,228736667E1	9,192190448E1
7,246326667E1	9,089580852E1
7,262320000E1	8,992466972E1
7,279920000E1	8,923620072E1
7,295916667E1	8,921038110E1
7,311923333E1	8,917917133E1
7,329526667E1	8,934405495E1
7,345520000E1	9,011349770E1
7,363113333E1	9,016518117E1
7,379126667E1	9,128621767E1
7,395126667E1	9,217267697E1
7,412713333E1	9,386178579E1
7,428726667E1	9,537954215E1
7,446326667E1	9,786097550E1
7,462313333E1	1,001749780E2
7,478323333E1	1,037601073E2
7,495916667E1	1,078232480E2
7,511923333E1	1,099884827E2
7,529513333E1	1,128390587E2
7,545523333E1	1,151383862E2
7,563113333E1	1,182672798E2
7,579123333E1	1,212058026E2
7,595123333E1	1,248536042E2
7,612713333E1	1,289534515E2
7,628720000E1	1,331237369E2
7,646336667E1	1,303640345E2
7,662313333E1	1,347383033E2
7,678323333E1	1,483273057E2
7,695916667E1	1,528212513E2
7,711920000E1	1,555973507E2
7,729510000E1	1,575753600E2
7,745510000E1	1,591754255E2
7,761513333E1	1,608507232E2
7,779120000E1	1,616752536E2
7,795123333E1	1,548726220E2
7,812706667E1	1,548595083E2
7,828720000E1	1,559176574E2
7,846303333E1	1,557062734E2
7,862316667E1	1,553016219E2
7,878313333E1	1,560408019E2
7,895906667E1	1,547453727E2
7,911920000E1	1,533441815E2
7,929516667E1	1,593423996E2
7,945520000E1	1,586709621E2
7,961510000E1	1,568781225E2
7,979106667E1	1,554791956E2
7,995116667E1	1,527831169E2
8,012703333E1	1,510149710E2
8,028706667E1	1,486418063E2
8,044716667E1	1,358962126E2
8,062320000E1	1,332568345E2
8,078320000E1	1,282778742E2
8,095920000E1	1,316780661E2
8,111920000E1	1,262128142E2
8,127910000E1	1,204156371E2
8,145503333E1	1,137190309E2
8,161516667E1	1,076060189E2
8,179116667E1	1,030061071E2
8,195120000E1	9,832461387E1
8,212703333E1	9,541665866E1
8,228713333E1	9,303671721E1
8,244710000E1	9,177291134E1
8,262310000E1	9,112233405E1
8,278316667E1	8,991354961E1
8,295910000E1	8,915116815E1
8,311916667E1	8,910483043E1
8,327910000E1	8,915991806E1
8,345516667E1	8,922899426E1
8,361503333E1	9,015766989E1
8,379103333E1	9,203647651E1
8,395113333E1	9,868948808E1
8,411113333E1	9,493788141E1
8,428713333E1	9,745009366E1
8,444710000E1	1,013883216E2
8,462316667E1	1,060971512E2
8,478310000E1	1,085528224E2
8,494313333E1	1,118758484E2
8,511913333E1	1,152106405E2
8,527920000E1	1,187086216E2
8,545506667E1	1,220235247E2
8,561516667E1	1,260483776E2
8,579110000E1	1,304217221E2
8,595113333E1	1,346236715E2
8,611100000E1	1,320368775E2
8,628706667E1	1,331738473E2
8,644703333E1	1,503049195E2
8,662303333E1	1,538582697E2
8,678310000E1	1,559709943E2
8,694310000E1	1,577457240E2
8,711910000E1	1,598583565E2
8,727913333E1	1,537305884E2
8,745506667E1	1,548021299E2
8,761500000E1	1,547912105E2
8,777503333E1	1,559333140E2
8,795103333E1	1,551418379E2
8,811100000E1	1,552517742E2
8,828703333E1	1,549037291E2
8,844703333E1	1,537835346E2
8,862303333E1	1,595252790E2
8,878300000E1	1,585986805E2
8,894313333E1	1,568399187E2
8,911903333E1	1,550432977E2
8,927900000E1	1,528132083E2
8,945500000E1	1,498167178E2
8,961496667E1	1,477154568E2
8,977506667E1	1,337670887E2
8,995093333E1	1,294304538E2
9,011093333E1	1,319401281E2
9,028690000E1	1,269051200E2
9,044696667E1	1,200622989E2
9,060703333E1	1,139171703E2
9,078296667E1	1,085111615E2
9,094313333E1	1,031308349E2
9,111893333E1	9,812764888E1
9,127896667E1	9,490230917E1
9,143900000E1	9,281117670E1
9,161493333E1	9,112688700E1
9,177510000E1	9,025580186E1
9,195096667E1	8,927735623E1
9,211106667E1	8,910920706E1
9,228686667E1	8,923324011E1
9,244690000E1	8,982492821E1
9,260703333E1	9,191406593E1
9,278293333E1	9,130559109E1
9,294300000E1	9,325170292E1
9,311893333E1	9,503754467E1
9,327893333E1	9,804898445E1
9,343903333E1	1,016231899E2
9,361500000E1	1,061739993E2
9,377493333E1	1,105130036E2
9,395096667E1	1,144427824E2
9,411103333E1	1,178292463E2
9,427093333E1	1,217224270E2
9,444693333E1	1,267765488E2
9,460700000E1	1,320156793E2
9,478290000E1	1,289847091E2
9,494300000E1	1,339094888E2
9,511883333E1	1,485066724E2
9,527893333E1	1,529309569E2
9,543890000E1	1,559289012E2
9,561493333E1	1,577979081E2
9,577493333E1	1,597189816E2
9,595083333E1	1,536760223E2
9,611093333E1	1,544717166E2
9,627093333E1	1,550763161E2
9,644686667E1	1,562081382E2
9,660693333E1	1,559958034E2
9,678296667E1	1,548994346E2
9,694293333E1	1,543026302E2
9,710293333E1	1,608730161E2
9,727896667E1	1,589010998E2
9,743886667E1	1,576083092E2
9,761493333E1	1,556824219E2
9,777503333E1	1,530216051E2
9,793496667E1	1,506572456E2
9,811090000E1	1,472964823E2
9,827103333E1	1,338553161E2
9,844700000E1	1,289185948E2
9,860696667E1	1,311906032E2
9,878296667E1	1,252398073E2
9,894283333E1	1,181051050E2
9,910290000E1	1,112562336E2
9,927896667E1	1,059537292E2
9,943893333E1	1,002933368E2
9,961476667E1	9,620948311E1
9,977493333E1	9,384897406E1
9,993490000E1	9,214102235E1
1,001109667E2	9,050989301E1
1,002709667E2	8,974317236E1
1,004468333E2	8,924821736E1
1,006069000E2	8,911880834E1
1,007669667E2	8,915191276E1
1,009428333E2	9,048854317E1
1,011029000E2	9,123447537E1
1,012788333E2	9,311088227E1
1,014388667E2	9,504846675E1
1,015988333E2	9,798576940E1
1,017749333E2	1,021117765E2
1,019349667E2	1,079141428E2
1,021109000E2	1,106079764E2
1,022709000E2	1,144738198E2
1,024467667E2	1,182409758E2
1,026068667E2	1,226931572E2
1,027670000E2	1,272865166E2
1,029429000E2	1,328307859E2
1,031028667E2	1,295146998E2
1,032789000E2	1,324497740E2
1,034389333E2	1,507777463E2
1,035988000E2	1,546420320E2
1,037748333E2	1,567515416E2
1,039348333E2	1,587242882E2
1,041107667E2	1,605719577E2
1,042707667E2	1,546526648E2
1,044309000E2	1,547875247E2
1,046068667E2	1,558628089E2
1,047669333E2	1,557007273E2
1,049427667E2	1,549872977E2
1,051028000E2	1,545921248E2
1,052788000E2	1,533681936E2
1,054388000E2	1,592696737E2
1,055988333E2	1,580003601E2
1,057749000E2	1,557660410E2
1,059349000E2	1,536427151E2
1,061108667E2	1,507160786E2
1,062708000E2	1,477039758E2
1,064309000E2	1,341262585E2
1,066067667E2	1,298464352E2
1,067668000E2	1,295379899E2
1,069428667E2	1,229531986E2
1,071029000E2	1,157429715E2
1,072628333E2	1,091332159E2
1,074388000E2	1,037374730E2
1,075988000E2	9,797269853E1
1,077748000E2	9,517421935E1
1,079347667E2	9,661610670E1
1,080948667E2	9,110478370E1
1,082707333E2	9,298072563E1
1,084309000E2	8,900256895E1
1,086067333E2	8,981498589E1
1,087668333E2	8,933655412E1
1,089427000E2	9,017231561E1
1,091028333E2	9,036390039E1
1,092628000E2	9,228864052E1
1,094387333E2	9,485810646E1
1,095988333E2	9,774039554E1
1,097748333E2	1,010611805E2
1,099348333E2	1,069010520E2
1,100948000E2	1,100946539E2
1,102707333E2	1,143304752E2
1,104307333E2	1,181486951E2
1,106067667E2	1,220922205E2
1,107668667E2	1,275574924E2
1,109267667E2	1,332129527E2
1,111028667E2	1,302095990E2
1,112628667E2	1,323730203E2
1,114387000E2	1,510793075E2
1,115986667E2	1,548807500E2
1,117589000E2	1,579720502E2
1,119348000E2	1,597301497E2
1,120948333E2	1,610058448E2
1,122708000E2	1,539462696E2
1,124308000E2	1,550207013E2
1,126067000E2	1,550910313E2
1,127667000E2	1,548689992E2
1,129267333E2	1,539825320E2
1,131027000E2	1,596834400E2
1,132627333E2	1,583365038E2
1,134387000E2	1,560017154E2
1,135987333E2	1,536468249E2
1,137587667E2	1,506901655E2
1,139347667E2	1,478500553E2
1,140947000E2	1,317866638E2
1,142708000E2	1,339108111E2
1,144306667E2	1,269282960E2
1,145907667E2	1,189550922E2
1,147667667E2	1,112277215E2
1,149266667E2	1,049024139E2
1,151027667E2	9,835108403E1
1,152627333E2	9,519800754E1
1,154386667E2	9,289570372E1
1,155987333E2	9,088177141E1
1,157587667E2	8,997422544E1
1,159347667E2	9,163247110E1
1,160947667E2	8,919253952E1
1,162706333E2	8,980481910E1
1,164307667E2	9,503817273E1
1,165908333E2	9,191678155E1
1,167666667E2	9,505090482E1
1,169268000E2	9,888303771E1
1,171026667E2	1,037512476E2
1,172627000E2	1,082301270E2
1,174229000E2	1,126528887E2
1,175987333E2	1,164373581E2
1,177587000E2	1,209262259E2
1,179346333E2	1,263095722E2
1,180947000E2	1,326704883E2
1,182547667E2	1,298601984E2
1,184307667E2	1,331051329E2
1,185907333E2	1,513794997E2
1,187666333E2	1,548553148E2
1,189266667E2	1,578577223E2
1,191026000E2	1,599273717E2
1,192626667E2	1,540432937E2
1,194226667E2	1,546570728E2
1,195986667E2	1,554110757E2
1,197586333E2	1,550015397E2
1,199345667E2	1,541583910E2
1,200947333E2	1,611945238E2
1,202547333E2	1,583603309E2
1,204306333E2	1,570140812E2
1,205906000E2	1,548527408E2
1,207666333E2	1,518188670E2
1,209266333E2	1,484566743E2
1,210867333E2	1,348263558E2
1,212626333E2	1,290809965E2
1,214226333E2	1,298227167E2
1,215987333E2	1,216468978E2
1,217586333E2	1,135028256E2
1,219186667E2	1,062116301E2
1,220946000E2	9,926353249E1
1,222546667E2	9,585718311E1
1,224306667E2	9,309618890E1
1,225906333E2	9,106864383E1
1,227666000E2	9,014138664E1
1,229266000E2	9,134223387E1
1,230866333E2	9,085266341E1
1,232626333E2	8,925016605E1
1,234227000E2	9,490937794E1
1,235985333E2	9,189360557E1
1,237586667E2	9,416929749E1
1,239186333E2	9,804541980E1
1,240945667E2	1,040731200E2
1,242546667E2	1,078535463E2
1,244306333E2	1,120251778E2
1,245905667E2	1,164635029E2
1,247506000E2	1,208117727E2
1,249265667E2	1,260694838E2
1,250866667E2	1,320862315E2
1,252626667E2	1,298127483E2
1,254227000E2	1,322525621E2
1,255985000E2	1,498340282E2
1,257585333E2	1,540159524E2
1,259185333E2	1,574331214E2
1,260946667E2	1,596100917E2
1,262547000E2	1,607535964E2
1,264305000E2	1,618202406E2
1,265906000E2	1,549429872E2
1,267507000E2	1,549999135E2
1,269266667E2	1,542093873E2
1,270866333E2	1,607029639E2
1,272624667E2	1,582480073E2
1,274226333E2	1,559324623E2
1,275826333E2	1,536909232E2
1,277586333E2	1,506000465E2
1,279185333E2	1,478843252E2
1,280945333E2	1,318383967E2
1,282545333E2	1,342856439E2
1,284146333E2	1,258751268E2
1,285905333E2	1,178444790E2
1,287506333E2	1,090411393E2
1,289265667E2	1,011019426E2
1,290866000E2	9,598544450E1
1,292624667E2	9,322323626E1
1,294225000E2	9,106211901E1
1,295826000E2	8,987453538E1
1,297585667E2	8,912771539E1
1,299185667E2	8,878389565E1
1,300944333E2	8,958406935E1
1,302544667E2	9,697514770E1
1,304146333E2	9,655272850E1
1,305905667E2	9,550993204E1
1,307506333E2	9,927209737E1
1,309264667E2	1,066680960E2
1,310864333E2	1,106514386E2
1,312465667E2	1,158366110E2
1,314225667E2	1,210108198E2
1,315824667E2	1,268630751E2
1,317585667E2	1,339933689E2
1,319186000E2	1,331918895E2
1,320786333E2	1,485667756E2
1,322546000E2	1,525773817E2
1,324145333E2	1,558279694E2
1,325905667E2	1,589708091E2
1,327505000E2	1,534988029E2
1,329264667E2	1,538643321E2
1,330865000E2	1,550624088E2
1,332465333E2	1,551369046E2
1,334225667E2	1,546055122E2
1,335824667E2	1,537337661E2
1,337584667E2	1,588342909E2
1,339185667E2	1,576747015E2
1,340785000E2	1,548078149E2
1,342544333E2	1,518880277E2
1,344144667E2	1,481265859E2
1,345904333E2	1,338715879E2
1,347504667E2	1,290913215E2
1,349106000E2	1,300043879E2
1,350864333E2	1,214475589E2
1,352464667E2	1,128953842E2
1,354224000E2	1,051118485E2
1,355824333E2	9,822767222E1
1,357583667E2	9,412054234E1
1,359185333E2	9,127680721E1
1,360785333E2	8,976061251E1
1,362545333E2	8,915579291E1
1,364144667E2	8,918526759E1
1,365903667E2	8,938691458E1
1,367505000E2	9,035491999E1
1,369104667E2	9,234476577E1
1,370864333E2	9,519529826E1
1,372464333E2	9,969611411E1
1,374224667E2	1,067735748E2
1,375824667E2	1,108055687E2
1,377426000E2	1,168945468E2
1,379185667E2	1,222101621E2
1,380784000E2	1,281812646E2
1,382545000E2	1,357325013E2
1,384144000E2	1,332220412E2
1,385745000E2	1,514018590E2
1,387504667E2	1,555341723E2
1,389104000E2	1,578788883E2
1,390864333E2	1,596906149E2
1,392465667E2	1,615626929E2
1,394225000E2	1,547245229E2
1,395824333E2	1,552568253E2
1,397425000E2	1,550325042E2
1,399184000E2	1,541966198E2
1,400784000E2	1,605519964E2
1,402543333E2	1,585579242E2
1,404144000E2	1,557320379E2
1,405744667E2	1,528650749E2
1,407503667E2	1,491934933E2
1,409104333E2	1,354726223E2
1,410863667E2	1,292945618E2
1,412465000E2	1,299186859E2
1,414065333E2	1,226286371E2
1,415823667E2	1,133042168E2
1,417425000E2	1,045291437E2
1,419185000E2	9,711722096E1
1,420783667E2	9,343727936E1
1,422385000E2	9,124294561E1
1,424145000E2	8,991304251E1
1,425744667E2	8,944766142E1
1,427504333E2	8,923381580E1
1,429104333E2	9,004491051E1
1,430864333E2	9,101852992E1
1,432464333E2	9,395921200E1
1,434064000E2	9,698720024E1
1,435824000E2	1,027017544E2
1,437424667E2	1,095154206E2
1,439182667E2	1,139470758E2
1,440784333E2	1,195609876E2
1,442384000E2	1,259859579E2
1,444145333E2	1,337946893E2
1,445744333E2	1,336537696E2
1,447503333E2	1,500450033E2
1,449104667E2	1,548518428E2
1,450703667E2	1,585548761E2
1,452463667E2	1,597916470E2
1,454064333E2	1,539145133E2
1,455824000E2	1,545712090E2
1,457424333E2	1,552706004E2
1,459182667E2	1,559653475E2
1,460784333E2	1,541431309E2
1,462384333E2	1,589477320E2
1,464144333E2	1,577504474E2
1,465743333E2	1,546291761E2
1,467502667E2	1,510183069E2
1,469103000E2	1,367570762E2
1,470702667E2	1,315284002E2
1,472463000E2	1,321287215E2
1,474064333E2	1,240258475E2
1,475822667E2	1,146692725E2
1,477424333E2	1,051767595E2
1,479023667E2	9,827202141E1
1,480783667E2	9,458622005E1
1,482383000E2	9,144540939E1
1,484144000E2	8,987667309E1
1,485743667E2	8,890304293E1
1,487344333E2	8,915435093E1
1,489103000E2	8,913092673E1
1,490703000E2	9,052885056E1
1,492462667E2	9,411642452E1
1,494063000E2	9,697949707E1
1,495823333E2	1,020524989E2
1,497423000E2	1,090050962E2
1,499023333E2	1,135140365E2
1,500783667E2	1,192146786E2
1,502383667E2	1,253929717E2
1,504143333E2	1,327264820E2
1,505743333E2	1,319603315E2
1,507343667E2	1,499452105E2
1,509102667E2	1,551280962E2
1,510702333E2	1,583314969E2
1,512462333E2	1,529995899E2
1,514063667E2	1,539987153E2
1,515663333E2	1,550196371E2
1,517422667E2	1,551969307E2
1,519023000E2	1,581333228E2
1,520782667E2	1,538309446E2
1,522382667E2	1,586099023E2
1,523984000E2	1,559132134E2
1,525743333E2	1,536864409E2
1,527343667E2	1,499727300E2
1,529103000E2	1,351253080E2
1,530702667E2	1,287704610E2
1,532462000E2	1,287141670E2
1,534062333E2	1,199829455E2
1,535663333E2	1,099532422E2
1,537422667E2	1,012381499E2
1,539023667E2	9,528336686E1
1,540782333E2	9,294097914E1
1,542382333E2	9,069320039E1
1,543983333E2	8,923777315E1
1,545742333E2	8,913881540E1
1,547342667E2	8,891157181E1
1,549103333E2	9,246295337E1
1,550702667E2	9,262246555E1
1,552303000E2	9,613956263E1
1,554062667E2	1,001778241E2
1,555663000E2	1,076376053E2
1,557423000E2	1,128975095E2
1,559023333E2	1,190225236E2
1,560782667E2	1,256727166E2
1,562382000E2	1,330144517E2
1,563982333E2	1,315509512E2
1,565741667E2	1,505173741E2
1,567343000E2	1,559981402E2
1,569101667E2	1,585260043E2
1,570702000E2	1,528477052E2
1,572303000E2	1,542406586E2
1,574061667E2	1,560614949E2
1,575662000E2	1,550315260E2
1,577421333E2	1,547327795E2
1,579021667E2	1,531380039E2
1,580623000E2	1,585587411E2
1,582381667E2	1,557240056E2
1,583981667E2	1,526080350E2
1,585741000E2	1,488657990E2
1,587343000E2	1,338524888E2
1,588943000E2	1,284464809E2
1,590702667E2	1,270699575E2
1,592301667E2	1,172155861E2
1,594061333E2	1,084090207E2
1,595662667E2	1,010481556E2
1,597422333E2	9,504311083E1
1,599022333E2	9,190013167E1
1,600622667E2	9,040637296E1
1,602382000E2	8,907335833E1
1,603982667E2	8,917955694E1
1,605741000E2	8,931251044E1
1,607342667E2	9,032057673E1
1,608942667E2	9,380433609E1
1,610702333E2	9,803848038E1
1,612302000E2	1,032635132E2
1,614062000E2	1,099617178E2
1,615662000E2	1,150952834E2
1,617262000E2	1,216898728E2
1,619021333E2	1,286738758E2
1,620622667E2	1,284450669E2
1,622382333E2	1,338309299E2
1,623981333E2	1,531275250E2
1,625582000E2	1,564403035E2
1,627342333E2	1,597679647E2
1,628942333E2	1,540099436E2
1,630701333E2	1,550049888E2
1,632302333E2	1,552425935E2
1,634061000E2	1,547565972E2
1,635661000E2	1,536964438E2
1,637261667E2	1,582710955E2
1,639020667E2	1,559957875E2
1,640621667E2	1,530186120E2
1,642380667E2	1,490873787E2
1,643982000E2	1,352222880E2
1,645581333E2	1,278769000E2
1,647340333E2	1,280334639E2
1,648940667E2	1,179447485E2
1,650700333E2	1,072432202E2
1,652300667E2	9,830307300E1
1,653901333E2	9,504329444E1
1,655660333E2	9,229077395E1
1,657260667E2	8,940634489E1
1,659020333E2	8,904535330E1
1,660620667E2	8,916065927E1
1,662380667E2	9,069180636E1
1,663980333E2	9,744952149E1
1,665580667E2	9,504962795E1
1,667340333E2	9,833014821E1
1,668940333E2	1,069742385E2
1,670701333E2	1,120717604E2
1,672301333E2	1,177083094E2
1,673900667E2	1,239916913E2
1,675661667E2	1,310690086E2
1,677261333E2	1,321042424E2
1,679020000E2	1,493655116E2
1,680620333E2	1,558508691E2
1,682220333E2	1,584148470E2
1,683981333E2	1,527800250E2
1,685580667E2	1,546893133E2
1,687340333E2	1,547551826E2
1,688940667E2	1,550097006E2
1,690541667E2	1,549319327E2
1,692300667E2	1,609462142E2
1,693901667E2	1,586539129E2
1,695660667E2	1,552277302E2
1,697261000E2	1,521629987E2
1,699020667E2	1,481675040E2
1,700621000E2	1,337359853E2
1,702221667E2	1,340102877E2
1,703980333E2	1,250314379E2
1,705581000E2	1,158660512E2
1,707341000E2	1,058842782E2
1,708940667E2	9,994230092E1
1,710541000E2	9,326628718E1
1,712301333E2	9,136286154E1
1,713901667E2	9,395426935E1
1,715660667E2	8,909890167E1
1,717260333E2	8,911483566E1
1,718860667E2	9,275064353E1
1,720621667E2	9,308214116E1
1,722221667E2	9,714695214E1
1,723981333E2	1,021393646E2
1,725581000E2	1,097465111E2
1,727180667E2	1,150469630E2
1,728940333E2	1,203105064E2
1,730541333E2	1,276246465E2
1,732299667E2	1,351976476E2
1,733900000E2	1,341751621E2
1,735660333E2	1,532450562E2
1,737261333E2	1,578125151E2
1,738861000E2	1,606669070E2
1,740620333E2	1,548669443E2
1,742220000E2	1,558467874E2
1,743980000E2	1,557334300E2
1,745580000E2	1,551551367E2
1,747180667E2	1,616411593E2
1,748939667E2	1,588050842E2
1,750540667E2	1,557853485E2
1,752299333E2	1,525544929E2
1,753901000E2	1,481020343E2
1,755501000E2	1,340181561E2
1,757260667E2	1,345318816E2
1,758859667E2	1,258912430E2
1,760619667E2	1,151484655E2
1,762220667E2	1,047685363E2
1,763980333E2	9,712076705E1
1,765580333E2	9,385778767E1
1,767180333E2	9,124164860E1
1,768940000E2	9,007789790E1
1,770540333E2	8,915369798E1
1,772299333E2	8,932820749E1
1,773900333E2	9,660140805E1
1,775500667E2	9,898120867E1
1,777260667E2	9,742767869E1
1,778860000E2	1,041614857E2
1,780619000E2	1,101704790E2
1,782220667E2	1,166118918E2
1,783819667E2	1,217170321E2
1,785579667E2	1,286319350E2
1,787180333E2	1,287578128E2
1,788939667E2	1,344032390E2
1,790540667E2	1,538993556E2
1,792139667E2	1,584627446E2
1,793900333E2	1,609036051E2
1,795500000E2	1,626824907E2
1,797258667E2	1,553152389E2
1,798859667E2	1,556593419E2
1,800619000E2	1,550630348E2
1,802220333E2	1,530553461E2
1,803819667E2	1,587040844E2
1,805580000E2	1,548083630E2
1,807180333E2	1,515689356E2
1,808939333E2	1,477209069E2
1,810540000E2	1,315383155E2
1,812139667E2	1,326274972E2
1,813900333E2	1,236435082E2
1,815499333E2	1,137073278E2
1,817260333E2	1,038974888E2
1,818859000E2	9,530878656E1
1,820459667E2	9,233332408E1
1,822220333E2	9,059575977E1
1,823820333E2	8,992416652E1
1,825579667E2	9,255710745E1
1,827179667E2	9,004920884E1
1,828779667E2	9,398851156E1
1,830539000E2	9,599902531E1
1,832139667E2	1,005765747E2
1,833900333E2	1,083238976E2
1,835499333E2	1,138407546E2
1,837259333E2	1,197360239E2
1,838859000E2	1,260507310E2
1,840460000E2	1,339837751E2
1,842218667E2	1,342656603E2
1,843818667E2	1,512636050E2
1,845578333E2	1,559145228E2
1,847178333E2	1,598190842E2
1,848779667E2	1,546240406E2
1,850539333E2	1,553490258E2
1,852138667E2	1,553965385E2
1,853898000E2	1,551149662E2
1,855498333E2	1,535440741E2
1,857098667E2	1,583211626E2
1,858860000E2	1,549646193E2
1,860459333E2	1,517791624E2
1,862219333E2	1,477031706E2
1,863819000E2	1,310917521E2
1,865578667E2	1,312599255E2
1,867178333E2	1,226288686E2
1,868779333E2	1,140007817E2
1,870539667E2	1,044586666E2
1,872139333E2	9,558799154E1
1,873898000E2	9,183154567E1
1,875499333E2	9,102283829E1
1,877099667E2	9,268356229E1
1,878859667E2	9,019228137E1
1,880459667E2	9,096837738E1
1,882218000E2	9,185508073E1
1,883818667E2	9,626050446E1
1,885419333E2	1,020425675E2
1,887178667E2	1,091281749E2
1,888779000E2	1,156302538E2
1,890539333E2	1,225289601E2
1,892138333E2	1,297750344E2
1,893740000E2	1,288998973E2
1,895498000E2	1,470748484E2
1,897098667E2	1,537857518E2
1,898858333E2	1,577201810E2
1,900459667E2	1,604543122E2
1,902218667E2	1,546051805E2
1,903820000E2	1,552350615E2
1,905419000E2	1,551484594E2
1,907179333E2	1,542834730E2
1,908779000E2	1,590525927E2
1,910537333E2	1,568816428E2
1,912138667E2	1,529774525E2
1,913738333E2	1,480543785E2
1,915498667E2	1,320190963E2
1,917099000E2	1,314850647E2
1,918859000E2	1,217785433E2
1,920459333E2	1,107697894E2
1,922058333E2	1,024293494E2
1,923819000E2	9,524727984E1
1,925419000E2	9,201779235E1
1,927178000E2	8,906134210E1
1,928779333E2	8,913382901E1
1,930379000E2	8,999546757E1
1,932138333E2	9,312626981E1
1,933739000E2	9,415470651E1
1,935497667E2	9,819788600E1
1,937098667E2	1,057449847E2
1,938857333E2	1,129404483E2
1,940458333E2	1,201532848E2
1,942059000E2	1,281031469E2
1,943818333E2	1,286160902E2
1,945418667E2	1,341254864E2
1,947176667E2	1,535246219E2
1,948777000E2	1,587306564E2
1,950378333E2	1,530376721E2
1,952138667E2	1,543593775E2
1,953737667E2	1,551170773E2
1,955498000E2	1,548308062E2
1,957097333E2	1,537172822E2
1,958698667E2	1,580158686E2
1,960458333E2	1,545817205E2
1,962058667E2	1,508674232E2
1,963817333E2	1,358511790E2
1,965417333E2	1,290308410E2
1,967176667E2	1,265749250E2
1,968778333E2	1,151730668E2
1,970377333E2	1,047282606E2
1,972138333E2	9,694159127E1
1,973737667E2	9,211040731E1
1,975497000E2	9,015544408E1
1,977097333E2	9,015439920E1
1,978698000E2	8,966729064E1
1,980457333E2	9,016361743E1
1,982058667E2	9,317403241E1
1,983818000E2	9,921027884E1
1,985418000E2	1,070925885E2
1,987017333E2	1,120281048E2
1,988777667E2	1,197623109E2
1,990377000E2	1,268630062E2
1,992136667E2	1,356803065E2
1,993736667E2	1,348491507E2
1,995338000E2	1,556655907E2
1,997097667E2	1,592515017E2
1,998697333E2	1,540458575E2
2,000457333E2	1,551803798E2
2,002057667E2	1,559574203E2
2,003816667E2	1,549740475E2
2,005417667E2	1,605175730E2
2,007017667E2	1,581227547E2
2,008777667E2	1,537274729E2
2,010378000E2	1,487505003E2
2,012137667E2	1,328232209E2
2,013738000E2	1,319935070E2
2,015337667E2	1,219051852E2
2,017097333E2	1,119380706E2
2,018697000E2	1,021297565E2
2,020458000E2	9,314352927E1
2,022058000E2	9,097921096E1
2,023658000E2	9,021799514E1
2,025416667E2	9,094470743E1
2,027018000E2	9,016992266E1
2,028777333E2	9,304075531E1
2,030376667E2	9,627702833E1
2,031977000E2	1,022308489E2
2,033737667E2	1,110027303E2
2,035336667E2	1,175552006E2
2,037097667E2	1,261874148E2
2,038698000E2	1,355133869E2
2,040457000E2	1,333642726E2
2,042057000E2	1,538989763E2
2,043657000E2	1,586566000E2
2,045417667E2	1,536046357E2
2,047017667E2	1,542922348E2
2,048775667E2	1,551403453E2
2,050376333E2	1,550012325E2
2,051976333E2	1,608071018E2
2,053736667E2	1,581210525E2
2,055337333E2	1,539894593E2
2,057097000E2	1,492720433E2
2,058697000E2	1,341921432E2
2,060297667E2	1,329493377E2
2,062056000E2	1,217403963E2
2,063656000E2	1,101118164E2
2,065416000E2	9,923562641E1
2,067016333E2	9,297382521E1
2,068777000E2	9,293704470E1
2,070377667E2	8,990763927E1
2,071977667E2	9,104790954E1
2,073737333E2	9,034563151E1
2,075337000E2	9,224742958E1
2,077097000E2	9,800450307E1
2,078697333E2	1,059453191E2
2,080296667E2	1,128169088E2
2,082056000E2	1,207861763E2
2,083657333E2	1,280120218E2
2,085415333E2	1,367465182E2
2,087017333E2	1,478260793E2
2,088616000E2	1,565444450E2
2,090376333E2	1,606521520E2
2,091977000E2	1,546422615E2
2,093736333E2	1,555770509E2
2,095338000E2	1,553247096E2
2,096937000E2	1,542242223E2
2,098696333E2	1,580126564E2
2,100296667E2	1,547396271E2
2,102055667E2	1,507644602E2
2,103656333E2	1,357959762E2
2,105415333E2	1,276819974E2
2,107016000E2	1,242478886E2
2,108616667E2	1,136626396E2
2,110375333E2	1,030754677E2
2,111976000E2	9,478930724E1
2,113736333E2	9,114012067E1
2,115336333E2	8,909555960E1
2,116937000E2	9,166716626E1
2,118695667E2	9,079350290E1
2,120297000E2	9,264153327E1
2,122056667E2	9,703990691E1
2,123656667E2	1,043442316E2
2,125256000E2	1,132728383E2
2,127016667E2	1,205844332E2
2,128615667E2	1,298325408E2
2,130376333E2	1,321094589E2
2,131976667E2	1,509825329E2
2,133576000E2	1,568686867E2
2,135336333E2	1,501907995E2
2,136936333E2	1,549897244E2
2,138696333E2	1,557237442E2
2,140296667E2	1,558497721E2
2,142055667E2	1,535382194E2
2,143656333E2	1,579913594E2
2,145256000E2	1,538951781E2
2,147016000E2	1,487208696E2
2,148616667E2	1,348782360E2
2,150375667E2	1,320827948E2
2,151976333E2	1,199162858E2
2,153575667E2	1,080108676E2
2,155335000E2	9,820074881E1
2,156935000E2	9,284868573E1
2,158696333E2	9,118248359E1
2,160295667E2	8,894716760E1
2,161895333E2	8,989980548E1
2,163655667E2	9,762947198E1
2,165255667E2	9,482103469E1
2,167016000E2	1,003816436E2
2,168615000E2	1,100835983E2
2,170374333E2	1,171074859E2
2,171976333E2	1,261498047E2
2,173576667E2	1,352951764E2
2,175336000E2	1,351220654E2
2,176935667E2	1,548373401E2
2,178695000E2	1,596971821E2
2,180295667E2	1,540010536E2
2,181895000E2	1,553447329E2
2,183655667E2	1,554528020E2
2,185255333E2	1,539344658E2
2,187014333E2	1,580172024E2
2,188614667E2	1,543487082E2
2,190215333E2	1,500247377E2
2,191974667E2	1,349137730E2
2,193575000E2	1,339518968E2
2,195334333E2	1,213620915E2
2,196935000E2	1,090446927E2
2,198535667E2	9,896508048E1
2,200294333E2	9,336812762E1
2,201895000E2	9,024696584E1
2,203655667E2	9,086845753E1
2,205255667E2	8,917152264E1
2,207015333E2	9,688626803E1
2,208614667E2	9,414487248E1
2,210215667E2	1,000775960E2
2,211975000E2	1,091248227E2
2,213575000E2	1,158685078E2
2,215335000E2	1,248061704E2
2,216934000E2	1,336962619E2
2,218535667E2	1,320534990E2
2,220294667E2	1,534044364E2
2,221895000E2	1,598250196E2
2,223655000E2	1,545862108E2
2,225254667E2	1,550909762E2
2,226855000E2	1,552324186E2
2,228614667E2	1,536352506E2
2,230215333E2	1,576582681E2
2,231974000E2	1,540177967E2
2,233574333E2	1,489981267E2
2,235174667E2	1,337031189E2
2,236934667E2	1,311406811E2
2,238535667E2	1,198623022E2
2,240294333E2	1,072784308E2
2,241895333E2	9,716606134E1
2,243654667E2	9,223369299E1
2,245254667E2	9,014523157E1
2,246855000E2	8,847095054E1
2,248614000E2	8,996331414E1
2,250214000E2	9,804353751E1
2,251974667E2	9,655148411E1
2,253574667E2	1,029718808E2
2,255175333E2	1,119952215E2
2,256935000E2	1,197735925E2
2,258534333E2	1,290087101E2
2,260295000E2	1,322170900E2
2,261894667E2	1,507977315E2
2,263494667E2	1,570871019E2
2,265254333E2	1,534742571E2
2,266855333E2	1,548844929E2
2,268614000E2	1,551235680E2
2,270215000E2	1,542080061E2
2,271974333E2	1,592766059E2
2,273575333E2	1,564748960E2
2,275174000E2	1,513175763E2
2,276934667E2	1,357472393E2
2,278535333E2	1,348283131E2
2,280294333E2	1,237434484E2
2,281894000E2	1,126296227E2
2,283494000E2	1,011131711E2
2,285253667E2	9,298654899E1
2,286855000E2	9,011004388E1
2,288614333E2	8,904085444E1
2,290214667E2	8,926787126E1
2,291814000E2	9,120244832E1
2,293574667E2	9,577974229E1
2,295173333E2	1,012660304E2
2,296933667E2	1,111821431E2
2,298533333E2	1,186786404E2
2,300134000E2	1,281150461E2
2,301894000E2	1,302648699E2
2,303493667E2	1,507141093E2
2,305254000E2	1,578357597E2
2,306853667E2	1,608075682E2
2,308614000E2	1,541889399E2
2,310214333E2	1,557572220E2
2,311814000E2	1,539502848E2
2,313573333E2	1,580729318E2
2,315173667E2	1,549936627E2
2,316933667E2	1,501456793E2
2,318534667E2	1,342572365E2
2,320133667E2	1,329422208E2
2,321894333E2	1,190723160E2
2,323494000E2	1,082925980E2
2,325254333E2	9,806012347E1
2,326853667E2	9,228356699E1
2,328454667E2	8,967337762E1
2,330214333E2	9,088577165E1
2,331813667E2	9,011475845E1
2,333573667E2	9,268588434E1
2,335173333E2	9,899901124E1
2,336774000E2	1,080533317E2
2,338534000E2	1,152427708E2
2,340134667E2	1,243861342E2
2,341894000E2	1,338363623E2
2,343494333E2	1,350329979E2
2,345252667E2	1,556775890E2
2,346853667E2	1,598727147E2
2,348454000E2	1,541154627E2
2,350213000E2	1,551054551E2
2,351813333E2	1,552241516E2
2,353573667E2	1,530527263E2
2,355173000E2	1,576135491E2
2,356773000E2	1,527513368E2
2,358534333E2	1,370023941E2
2,360133667E2	1,366708972E2
2,361893667E2	1,248163599E2
2,363493333E2	1,111135987E2
2,365093000E2	1,000146083E2
2,366852333E2	9,320828789E1
2,368454333E2	9,027754169E1
2,370213667E2	9,098155575E1
2,371813000E2	8,994586057E1
2,373572667E2	9,743581936E1
2,375172667E2	9,637843883E1
2,376774000E2	1,049645355E2
2,378533000E2	1,140344958E2
2,380133000E2	1,220343394E2
2,381892667E2	1,309671986E2
2,383493000E2	1,336553796E2
2,385093000E2	1,528471124E2
2,386852333E2	1,596404770E2
2,388454000E2	1,539554424E2
2,390212000E2	1,556023588E2
2,391813333E2	1,559647653E2
2,393414000E2	1,536347254E2
2,395172333E2	1,577755511E2
2,396772667E2	1,533210211E2
2,398532667E2	1,372400330E2
2,400133000E2	1,296343257E2
2,401732667E2	1,250024629E2
2,403492667E2	1,117201413E2
2,405092333E2	1,011412999E2
2,406852333E2	9,378616947E1
2,408452333E2	9,012368509E1
2,410212333E2	8,807990172E1
2,411811667E2	9,158290290E1
2,413412000E2	9,227476472E1
2,415172000E2	9,730867824E1
2,416772333E2	1,051593815E2
2,418531333E2	1,143051429E2
2,420133000E2	1,229398124E2
2,421733667E2	1,320910495E2
2,423493333E2	1,342312610E2
2,425092667E2	1,531604722E2
2,426853000E2	1,595629114E2
2,428452333E2	1,548116133E2
2,430052667E2	1,553643571E2
2,431812000E2	1,554340199E2
2,433412333E2	1,528366684E2
2,435171667E2	1,569362433E2
2,436772000E2	1,517961099E2
2,438531333E2	1,356558515E2
2,440132333E2	1,345159134E2
2,441733333E2	1,217649208E2
2,443492333E2	1,081481053E2
2,445092000E2	9,830969159E1
2,446852667E2	9,310320047E1
2,448453000E2	8,938973198E1
2,450052000E2	8,824132008E1
2,451811667E2	8,924172928E1
2,453412333E2	9,311501292E1
2,455171333E2	9,932181199E1
2,456771667E2	1,081877232E2
2,458372333E2	1,166436820E2
2,460132667E2	1,260370452E2
2,461732000E2	1,352205389E2
2,463492333E2	1,480628939E2
2,465091333E2	1,569767226E2
2,466692000E2	1,539697260E2
2,468452333E2	1,549313102E2
2,470051667E2	1,551851749E2
2,471811667E2	1,540908285E2
2,473412000E2	1,583388047E2
2,475172000E2	1,542069708E2
2,476774000E2	1,484295793E2
2,478372333E2	1,306744659E2
2,480132333E2	1,281125225E2
2,481732333E2	1,151577736E2
2,483492333E2	1,022964430E2
2,485091667E2	9,431800039E1
2,486692000E2	9,091477041E1
2,488452333E2	8,906812295E1
2,490051667E2	8,924922664E1
2,491810667E2	9,117218396E1
2,493411333E2	9,696468476E1
2,495011667E2	1,041902010E2
2,496771667E2	1,132058572E2
2,498371667E2	1,219268910E2
2,500132333E2	1,306644091E2
2,501732000E2	1,331954938E2
2,503332333E2	1,526568446E2
2,505091000E2	1,599702332E2
2,506692667E2	1,545703731E2
2,508451333E2	1,555738180E2
2,510051000E2	1,553131726E2
2,511811333E2	1,522851884E2
2,513411000E2	1,567537711E2
2,515011667E2	1,509584169E2
2,516772000E2	1,348848879E2
2,518371000E2	1,319678957E2
2,520131000E2	1,199191409E2
2,521732333E2	1,059493287E2
2,523331000E2	9,601634964E1
2,525090667E2	9,483478064E1
2,526692333E2	8,998257420E1
2,528450667E2	8,977179351E1
2,530051333E2	9,734414679E1
2,531652000E2	9,513484297E1
2,533412000E2	1,039687309E2
2,535011333E2	1,130349452E2
2,536770667E2	1,213325222E2
2,538371000E2	1,310387333E2
2,540131667E2	1,344637007E2
2,541731000E2	1,536447859E2
2,543331667E2	1,516236500E2
2,545090333E2	1,548414744E2
2,546691667E2	1,551761071E2
2,548451333E2	1,549903601E2
2,550050667E2	1,590115945E2
2,551652000E2	1,551148482E2
2,553411667E2	1,498329135E2
2,555011000E2	1,320924688E2
2,556770667E2	1,281198266E2
2,558370667E2	1,159205564E2
2,559970333E2	1,021479590E2
2,561731333E2	9,406501346E1
2,563332000E2	9,125479326E1
2,565090333E2	8,930016977E1
2,566691667E2	9,078754208E1
2,568291667E2	9,833937528E1
2,570050667E2	9,829888114E1
2,571650667E2	1,080413775E2
2,573410000E2	1,168350641E2
2,575010333E2	1,255821590E2
2,576770667E2	1,358345197E2
2,578370667E2	1,482607234E2
2,579971333E2	1,581285260E2
2,581730000E2	1,546010445E2
2,583331333E2	1,551856949E2
2,585089667E2	1,557212198E2
2,586691000E2	1,615841192E2
2,588291000E2	1,578411732E2
2,590051333E2	1,520363136E2
2,591651667E2	1,351717625E2
2,593409667E2	1,332104794E2
2,595010000E2	1,191311208E2
2,596610333E2	1,054002023E2
2,598371000E2	9,600508487E1
2,599970000E2	9,140314661E1
2,601729667E2	9,018602570E1
2,603331000E2	9,201567102E1
2,604930667E2	9,776000329E1
2,606690667E2	9,569323745E1
2,608291000E2	1,057375401E2
2,610050333E2	1,136786664E2
2,611650333E2	1,231899891E2
2,613409333E2	1,334613003E2
2,615010000E2	1,352047948E2
2,616610333E2	1,561265803E2
2,618370333E2	1,614530719E2
2,619971000E2	1,551626194E2
2,621729333E2	1,557224493E2
2,623330000E2	1,541223556E2
2,624930000E2	1,580527453E2
2,626690000E2	1,529791976E2
2,628289667E2	1,352947677E2
2,630050667E2	1,331036356E2
2,631649667E2	1,184322690E2
2,633250000E2	1,048959462E2
2,635009667E2	9,512417602E1
2,636610000E2	9,110206441E1
2,638369000E2	9,174004372E1
2,639970667E2	8,994875252E1
2,641730333E2	9,860377335E1
2,643330333E2	9,793455853E1
2,644929667E2	1,078337457E2
2,646690333E2	1,165876185E2
2,648289333E2	1,260228536E2
2,650048667E2	1,287733991E2
2,651650667E2	1,486923066E2
2,653250000E2	1,579530919E2
2,655009333E2	1,545465789E2
2,656611000E2	1,559094056E2
2,658370333E2	1,555891594E2
2,659970333E2	1,605468427E2
2,661570333E2	1,569620431E2
2,663329333E2	1,508508009E2
2,664929667E2	1,332692695E2
2,666688667E2	1,279530263E2
2,668289333E2	1,128651638E2
2,669889667E2	1,001901928E2
2,671649333E2	9,371560539E1
2,673250333E2	9,013157206E1
2,675008667E2	9,081803350E1
2,676609333E2	9,031987553E1
2,678370000E2	9,976556933E1
2,679970000E2	1,032714727E2
2,681569667E2	1,119465525E2
2,683330000E2	1,220040347E2
2,684929333E2	1,322610182E2
2,686689667E2	1,354226202E2
2,688290333E2	1,541938705E2
2,689890000E2	1,599105050E2
2,691649667E2	1,548167599E2
2,693250333E2	1,561006700E2
2,695008667E2	1,538956121E2
2,696609000E2	1,576294952E2
2,698210000E2	1,528775460E2
2,699969000E2	1,467640786E2
2,701570000E2	1,349552415E2
2,703328667E2	1,189848804E2
2,704928667E2	1,041201689E2
2,706529667E2	9,628989613E1
2,708288667E2	9,223725675E1
2,709889000E2	8,996007861E1
2,711648667E2	9,028957837E1
2,713249333E2	9,757030086E1
2,715008000E2	9,885263876E1
2,716608667E2	1,090443413E2
2,718209667E2	1,185827779E2
2,719969667E2	1,300835504E2
2,721568333E2	1,339619229E2
2,723328000E2	1,538589885E2
2,724930000E2	1,594590076E2
2,726529667E2	1,548737764E2
2,728288333E2	1,567835582E2
2,729889667E2	1,549009115E2
2,731649000E2	1,587189722E2
2,733249667E2	1,542125520E2
2,734849333E2	1,481306048E2
2,736608333E2	1,302018072E2
2,738209000E2	1,237731422E2
2,739968667E2	1,068018576E2
2,741568333E2	9,538489946E1
2,743328333E2	9,237849241E1
2,744929667E2	9,100600393E1
2,746529333E2	9,021930832E1
2,748288333E2	9,119270022E1
2,749889333E2	9,691680885E1
2,751647667E2	1,069854785E2
2,753248333E2	1,157558862E2
2,754849333E2	1,298339519E2
2,756608333E2	1,346644399E2
2,758209333E2	1,522291142E2
2,759968667E2	1,587685598E2
2,761568000E2	1,542654114E2
2,763169000E2	1,552636400E2
2,764929333E2	1,550164407E2
2,766528667E2	1,590598761E2
2,768288000E2	1,551845348E2
2,769889333E2	1,492318605E2
2,771488667E2	1,319217367E2
2,773249000E2	1,266883798E2
2,774849333E2	1,099448059E2
2,776608667E2	9,611664396E1
2,778208000E2	9,129307357E1
2,779967667E2	9,017229835E1
2,781568667E2	9,005006168E1
2,783169000E2	9,114191191E1
2,784929000E2	9,515173205E1
2,786528333E2	1,050698730E2
2,788288000E2	1,149021508E2
2,789888000E2	1,272810413E2
2,791488333E2	1,340187508E2
2,793249000E2	1,538104658E2
2,794849333E2	1,590958506E2
2,796607333E2	1,543537827E2
2,798208333E2	1,560276218E2
2,799808000E2	1,559544988E2
2,801569000E2	1,601477003E2
2,803168667E2	1,561055651E2
2,804927667E2	1,500342710E2
2,806529333E2	1,319815635E2
2,808128000E2	1,271261017E2
2,809888667E2	1,120302563E2
2,811488333E2	9,714784401E1
2,813248000E2	9,213005192E1
2,814848333E2	9,230169562E1
2,816607000E2	9,008733127E1
2,818208667E2	9,106529798E1
2,819807667E2	9,412209735E1
2,821567333E2	1,040784620E2
2,823168667E2	1,148689760E2
2,824927667E2	1,268552203E2
2,826528667E2	1,326627624E2
2,828128667E2	1,544880351E2
2,829888667E2	1,597196709E2
2,831487667E2	1,548541568E2
2,833247667E2	1,560701972E2
2,834847333E2	1,551503533E2
2,836448667E2	1,586496907E2
2,838207667E2	1,540500472E2
2,839807667E2	1,477862428E2
2,841567000E2	1,270113295E2
2,843167333E2	1,197207604E2
2,844927333E2	1,045166097E2
2,846528000E2	9,311541682E1
2,848128667E2	8,987677783E1
2,849887667E2	8,919154832E1
2,851487333E2	9,115551852E1
2,853246667E2	9,377449374E1
2,854847333E2	1,000363157E2
2,856447667E2	1,120003990E2
2,858208000E2	1,233884700E2
2,859807333E2	1,299599633E2
2,861567333E2	1,531191474E2
2,863167667E2	1,587999063E2
2,864767000E2	1,551194166E2
2,866527667E2	1,560507281E2
2,868127667E2	1,551485800E2
2,869886667E2	1,577928351E2
2,871487000E2	1,535478177E2
2,873087000E2	1,362197433E2
2,874847000E2	1,320993269E2
2,876446667E2	1,159632537E2
2,878206333E2	1,018025828E2
2,879806333E2	9,316788468E1
2,881567000E2	8,925434461E1
2,883166333E2	8,906299680E1
2,884769667E2	9,104346632E1
2,886526667E2	9,503203036E1
2,888127667E2	1,049489150E2
2,889887333E2	1,151544192E2
2,891487667E2	1,279702477E2
2,893087000E2	1,331969218E2
2,894846333E2	1,538536352E2
2,896446667E2	1,609384729E2
2,898206667E2	1,549736299E2
2,899807000E2	1,560057777E2
2,901407333E2	1,540852063E2
2,903166333E2	1,580746335E2
2,904766667E2	1,518342740E2
2,906526667E2	1,342621032E2
2,908127333E2	1,274932749E2
2,909727333E2	1,119154074E2
2,911487000E2	9,807983510E1
2,913087333E2	9,224491937E1
2,914846667E2	8,934513409E1
2,916447000E2	9,111554970E1
2,918206667E2	9,858207986E1
2,919807333E2	9,802158762E1
2,921407667E2	1,088819884E2
2,923167333E2	1,182114439E2
2,924767667E2	1,331988948E2
2,926526000E2	1,490317773E2
2,928126333E2	1,585983454E2
2,929727667E2	1,547213407E2
2,931487000E2	1,558316357E2
2,933086333E2	1,557993872E2
2,934845667E2	1,589666082E2
2,936446667E2	1,552238774E2
2,938047000E2	1,479696290E2
2,939806333E2	1,278104056E2
2,941406667E2	1,191060744E2
2,943167000E2	1,030332663E2
2,944767333E2	9,338856828E1
2,946525333E2	9,035927016E1
2,948126000E2	8,931814745E1
2,949726333E2	9,094661929E1
2,951487000E2	9,525449007E1
2,953087000E2	1,048632900E2
2,954845333E2	1,165389391E2
2,956446000E2	1,287069825E2
2,958047000E2	1,340282025E2
2,959806333E2	1,553555749E2
2,961406000E2	1,535643647E2
2,963166000E2	1,550977606E2
2,964766000E2	1,557789500E2
2,966366333E2	1,521155994E2
2,968126000E2	1,555650195E2
2,969727000E2	1,491093671E2
2,971485333E2	1,305036923E2
2,973087000E2	1,220807867E2
2,974685667E2	1,039901424E2
2,976446333E2	9,290474035E1
2,978046000E2	9,000012911E1
2,979805333E2	8,931991381E1
2,981406000E2	9,101446155E1
2,983165000E2	9,421009557E1
2,984766667E2	1,051211242E2
2,986366000E2	1,169567626E2
2,988126333E2	1,284798139E2
2,989725667E2	1,335424754E2
2,991485000E2	1,556282303E2
2,993086667E2	1,529596150E2
2,994686333E2	1,550911805E2
2,996445000E2	1,554895067E2
2,998045667E2	1,597933268E2
2,999804667E2	1,549440676E2
3,001405667E2	1,480243135E2
3,003006667E2	1,282036650E2
3,004766333E2	1,198999203E2
3,006365667E2	1,032661717E2
3,008126667E2	9,280529681E1
3,009726000E2	8,982490430E1
3,011326000E2	8,976007384E1
3,013086333E2	9,854675995E1
3,014686333E2	9,695880301E1
3,016446000E2	1,096442761E2
3,018045667E2	1,199890770E2
3,019806000E2	1,339100028E2
3,021405333E2	1,490319989E2
3,023006667E2	1,583392152E2
3,024765667E2	1,549594046E2
3,026366000E2	1,551912846E2
3,028126000E2	1,541686480E2
3,029725000E2	1,569688325E2
3,031326000E2	1,512084467E2
3,033085000E2	1,332087806E2
3,034685000E2	1,270296774E2
3,036445667E2	1,092589077E2
3,038045000E2	9,621578283E1
3,039646000E2	9,101408507E1
3,041405667E2	8,905855656E1
3,043006667E2	8,994695801E1
3,044765333E2	9,510708900E1
3,046365667E2	1,039896130E2
3,048125667E2	1,161173971E2
3,049724667E2	1,288942505E2
3,051326000E2	1,336826595E2
3,053084667E2	1,557781146E2
3,054685333E2	1,519103338E2
3,056444333E2	1,550039604E2
3,058045333E2	1,550554426E2
3,059645000E2	1,579947021E2
3,061405667E2	1,530474144E2
3,063005000E2	1,353515185E2
3,064764333E2	1,321488774E2
3,066365333E2	1,150215474E2
3,067965333E2	9,811449230E1
3,069724667E2	9,048553200E1
3,071325000E2	8,924596654E1
3,073084333E2	9,007005461E1
3,074685333E2	9,858895728E1
3,076285667E2	1,001065658E2
3,078044333E2	1,133080627E2
3,079645333E2	1,240108044E2
3,081404333E2	1,307826290E2
3,083005000E2	1,525682177E2
3,084764000E2	1,597266258E2
3,086365000E2	1,549081197E2
3,087965667E2	1,553240807E2
3,089724333E2	1,527706770E2
3,091324667E2	1,560413063E2
3,093084000E2	1,488823678E2
3,094684667E2	1,297675830E2
3,096284667E2	1,197802757E2
3,098044333E2	1,031427821E2
3,099645000E2	9,359812285E1
3,101404000E2	9,012289195E1
3,103005333E2	8,935098573E1
3,104605667E2	9,779098262E1
3,106364333E2	9,630213444E1
3,107964333E2	1,088374869E2
3,109724667E2	1,196602151E2
3,111323667E2	1,344154071E2
3,112924667E2	1,509489626E2
3,114684000E2	1,581007469E2
3,116285667E2	1,552378862E2
3,118044333E2	1,556572660E2
3,119644000E2	1,546479089E2
3,121403667E2	1,569208484E2
3,123004333E2	1,510612988E2
3,124605333E2	1,323287316E2
3,126363667E2	1,263365662E2
3,127965000E2	1,073830383E2
3,129724667E2	9,294614786E1
3,131325000E2	9,014485492E1
3,132924667E2	8,910675802E1
3,134685333E2	9,027188072E1
3,136284667E2	9,420406213E1
3,138043667E2	1,046559442E2
3,139644000E2	1,178239001E2
3,141244333E2	1,297112947E2
3,143005000E2	1,369418372E2
3,144604333E2	1,571302117E2
3,146364333E2	1,542258659E2
3,147965000E2	1,555717071E2
3,149724333E2	1,550603527E2
3,151324333E2	1,577808810E2
3,152924000E2	1,530233241E2
3,154684333E2	1,352010732E2
3,156283667E2	1,305828493E2
3,158043333E2	1,128292824E2
3,159644333E2	9,603551907E1
3,161245000E2	9,119158550E1
3,163005333E2	8,919503899E1
3,164604000E2	8,996778324E1
3,166364000E2	9,306335790E1
3,167963333E2	1,012861664E2
3,169564667E2	1,142526634E2
3,171324333E2	1,260981300E2
3,172924000E2	1,331557665E2
3,174683333E2	1,547254720E2
3,176283667E2	1,528961237E2
3,177884333E2	1,558122886E2
3,179643333E2	1,549090259E2
3,181244333E2	1,580279209E2
3,183004333E2	1,530916765E2
3,184603333E2	1,358803838E2
3,186363667E2	1,330997586E2
3,187963333E2	1,153789520E2
3,189564000E2	9,703764620E1
3,191324000E2	9,069317774E1
3,192923000E2	8,937494212E1
3,194683667E2	9,014290758E1
3,196284000E2	9,312384686E1
3,197884333E2	1,023558190E2
3,199643000E2	1,151394518E2
3,201242667E2	1,268907460E2
3,203003000E2	1,322671114E2
3,204603333E2	1,567052542E2
3,206204000E2	1,610976293E2
3,207963667E2	1,551604484E2
3,209564667E2	1,548815350E2
3,211324000E2	1,577023034E2
3,212923667E2	1,522806019E2
3,214524333E2	1,338328496E2
3,216282667E2	1,291694117E2
3,217883000E2	1,111068016E2
3,219643667E2	9,606890669E1
3,221243333E2	9,004649875E1
3,223003667E2	8,894752859E1
3,224604333E2	9,083471535E1
3,226203000E2	9,467573446E1
3,227963000E2	1,051520709E2
3,229563667E2	1,176352921E2
3,231323000E2	1,308608562E2
3,232924000E2	1,360555209E2
3,234524000E2	1,580479664E2
3,236282333E2	1,545319262E2
3,237883000E2	1,551357760E2
3,239642333E2	1,541492160E2
3,241244333E2	1,568136421E2
3,242844000E2	1,498306571E2
3,244604000E2	1,304305381E2
3,246203000E2	1,238745109E2
3,247963000E2	1,057118575E2
3,249563667E2	9,292957383E1
3,251322333E2	8,922632004E1
3,252923667E2	8,933637261E1
3,254523667E2	9,295113655E1
3,256282667E2	9,781532707E1
3,257882333E2	1,106327216E2
3,259642333E2	1,227009986E2
3,261242333E2	1,294868650E2
3,262843667E2	1,537865254E2
3,264603667E2	1,607208425E2
3,266203000E2	1,551970978E2
3,267961667E2	1,568435046E2
3,269562667E2	1,593954807E2
3,271162667E2	1,536917045E2
3,272922333E2	1,348593045E2
3,274522333E2	1,305755654E2
3,276282667E2	1,131796225E2
3,277883000E2	9,626038901E1
3,279483333E2	9,021945598E1
3,281242000E2	8,832921858E1
3,282842333E2	9,094907785E1
3,284603000E2	9,625739176E1
3,286202667E2	1,049332248E2
3,287961333E2	1,178212720E2
3,289563333E2	1,325376589E2
3,291163333E2	1,496997395E2
3,292923000E2	1,585463530E2
3,294522000E2	1,546643117E2
3,296281667E2	1,557842605E2
3,297882333E2	1,537888722E2
3,299482667E2	1,566541588E2
3,301243000E2	1,483873572E2
3,302843333E2	1,273586052E2
3,304602333E2	1,181840937E2
3,306203333E2	1,028787299E2
3,307802333E2	9,115731712E1
3,309562667E2	8,880945850E1
3,311163000E2	8,923508139E1
3,312923333E2	9,413762629E1
3,314523000E2	1,030237970E2
3,316124667E2	1,145237302E2
3,317882000E2	1,280535752E2
3,319482333E2	1,341392276E2
3,321241667E2	1,576187334E2
3,322842333E2	1,548124530E2
3,324601667E2	1,554988956E2
3,326201667E2	1,547794126E2
3,327802667E2	1,571386187E2
3,329562667E2	1,500720496E2
3,331162667E2	1,298434235E2
3,332921000E2	1,202594361E2
3,334522333E2	1,056484515E2
3,336124000E2	9,325776159E1
3,337881333E2	8,885197826E1
3,339482000E2	8,810376942E1
3,341242333E2	9,318928562E1
3,342841333E2	1,019151793E2
3,344441333E2	1,139797799E2
3,346202000E2	1,257792811E2
3,347801667E2	1,331881237E2
3,349562333E2	1,555743512E2
3,351161667E2	1,542984143E2
3,352920667E2	1,558053880E2
3,354521333E2	1,550604545E2
3,356122667E2	1,578748879E2
3,357882333E2	1,514540063E2
3,359482000E2	1,316015956E2
3,361241667E2	1,222526272E2
3,362841667E2	1,056474783E2
3,364441333E2	9,391335105E1
3,366201667E2	9,030458424E1
3,367801667E2	8,837324054E1
3,369562000E2	9,716378597E1
3,371161000E2	1,002363600E2
3,372761333E2	1,143231162E2
3,374521667E2	1,257284152E2
3,376121000E2	1,339041601E2
3,377881333E2	1,561457301E2
3,379480667E2	1,541537441E2
3,381082333E2	1,553721577E2
3,382841000E2	1,549985366E2
3,384441333E2	1,577713684E2
3,386201667E2	1,511301394E2
3,387801000E2	1,317544320E2
3,389561667E2	1,223842572E2
3,391161333E2	1,030347491E2
3,392761000E2	9,319670524E1
3,394521667E2	9,010897085E1
3,396121000E2	9,115360576E1
3,397880000E2	9,760429318E1
3,399481333E2	9,919949850E1
3,401082000E2	1,151896041E2
3,402841667E2	1,259238093E2
3,404442333E2	1,312348387E2
3,406200333E2	1,559319183E2
3,407801000E2	1,541182982E2
3,409401333E2	1,558085102E2
3,411161333E2	1,549826744E2
3,412761333E2	1,574621672E2
3,414520667E2	1,508102119E2
3,416121000E2	1,317433040E2
3,417721333E2	1,232359921E2
3,419481667E2	1,025788962E2
3,421081667E2	9,191061753E1
3,422840333E2	9,006194317E1
3,424441333E2	8,931728584E1
3,426200000E2	9,297157267E1
3,427801333E2	1,002979780E2
3,429401667E2	1,159226806E2
3,431161333E2	1,278962814E2
3,432761667E2	1,358389070E2
3,434519667E2	1,576083039E2
3,436121333E2	1,548022818E2
3,437720667E2	1,559342141E2
3,439481000E2	1,542870249E2
3,441080667E2	1,566304116E2
3,442840000E2	1,485927288E2
3,444441000E2	1,274219955E2
3,446041000E2	1,178554804E2
3,447801333E2	9,934476061E1
3,449401667E2	9,013447396E1
3,451161333E2	8,916933812E1
3,452761000E2	9,049826310E1
3,454519667E2	9,599123378E1
3,456121333E2	1,050339102E2
3,457721333E2	1,188589624E2
3,459480000E2	1,322979079E2
3,461081333E2	1,498850268E2
3,462839333E2	1,589050595E2
3,464440333E2	1,549373714E2
3,466040333E2	1,560785060E2
3,467800000E2	1,529281611E2
3,469401000E2	1,551640749E2
3,471160333E2	1,343496224E2
3,472761000E2	1,316009455E2
3,474360333E2	1,126650098E2
3,476120667E2	9,729129936E1
3,477720000E2	9,282369751E1
3,479480333E2	8,904051365E1
3,481080333E2	9,034358608E1
3,482680333E2	9,511976095E1
3,484440667E2	1,056257386E2
3,486040000E2	1,181529359E2
3,487800333E2	1,321150339E2
3,489401000E2	1,490364414E2
3,491159667E2	1,596766124E2
3,492762000E2	1,549325652E2
3,494360000E2	1,556353259E2
3,496121000E2	1,536502926E2
3,497721000E2	1,557320664E2
3,499480667E2	1,479656103E2
3,501079667E2	1,333335213E2
3,502680667E2	1,122359048E2
3,504439333E2	9,806644754E1
3,506040000E2	9,086219638E1
3,507800333E2	8,930234800E1
3,509400333E2	9,023062905E1
3,511000333E2	9,609945918E1
3,512759333E2	1,083930840E2
3,514359667E2	1,200423945E2
3,516120000E2	1,278191109E2
3,517719333E2	1,509858656E2
3,519320000E2	1,537486727E2
3,521079667E2	1,553068432E2
3,522680667E2	1,556077403E2
3,524439667E2	1,589341002E2
3,526040333E2	1,534335109E2
3,527799333E2	1,354473692E2
3,529399333E2	1,270969847E2
3,531000333E2	1,061701691E2
3,532759000E2	9,311976810E1
3,534360667E2	9,008377450E1
3,536119667E2	8,911881689E1
3,537719333E2	9,233068022E1
3,539319333E2	9,887704556E1
3,541079000E2	1,139237088E2
3,542679333E2	1,257981329E2
3,544440333E2	1,327661877E2
3,546040333E2	1,560269942E2
3,547639667E2	1,547418703E2
3,549399333E2	1,560898200E2
3,550999000E2	1,547339723E2
3,552759333E2	1,568531907E2
3,554360333E2	1,490007324E2
3,556119333E2	1,295298160E2
3,557719000E2	1,183038506E2
3,559320000E2	9,869454769E1
3,561079333E2	9,026661983E1
3,562680333E2	8,893991162E1
3,564439667E2	9,035423982E1
3,566039333E2	9,587730590E1
3,567638667E2	1,057519048E2
3,569399667E2	1,198773653E2
3,570999000E2	1,346937608E2
3,572758000E2	1,528144377E2
3,574359333E2	1,606607062E2
3,575959000E2	1,550336588E2
3,577719667E2	1,551519567E2
3,579320000E2	1,577306201E2
3,581078667E2	1,516782080E2
3,582679667E2	1,309691281E2
3,584280000E2	1,228217700E2
3,586038667E2	1,027251155E2
3,587640000E2	9,116072861E1
3,589398667E2	8,930459508E1
3,590998667E2	8,991077284E1
3,592758333E2	9,526468283E1
3,594358333E2	1,066284896E2
3,595959333E2	1,202906528E2
3,597718333E2	1,288268319E2
3,599319333E2	1,549941208E2
3,601077667E2	1,541899999E2
3,602679333E2	1,557713014E2
3,604279667E2	1,542855731E2
3,606039667E2	1,549172369E2
3,607638667E2	1,333698017E2
3,609398000E2	1,297374905E2
3,610998333E2	1,132925980E2
3,612599333E2	9,281267132E1
3,614359333E2	8,829664683E1
3,615959000E2	8,972725744E1
3,617719000E2	9,633232797E1
3,619319000E2	1,075510039E2
3,620919000E2	1,200895755E2
3,622678333E2	1,311916969E2
3,624278000E2	1,568464532E2
3,626038667E2	1,546624531E2
3,627638000E2	1,562345293E2
3,629398333E2	1,607106607E2
3,630999000E2	1,539054941E2
3,632599333E2	1,341130882E2
3,634359667E2	1,243604083E2
3,635959000E2	1,045900706E2
3,637718333E2	1,024014006E2
3,639319000E2	1,019036331E2
3,640918667E2	9,991788154E1
3,642679000E2	1,003710693E2
3,644278000E2	1,017325935E2
3,646038333E2	1,013714962E2
3,647639000E2	1,014386565E2
3,649238667E2	1,007889697E2
3,650998667E2	1,022772207E2
3,652598667E2	1,022766070E2
3,654358667E2	1,001532502E2
3,655958000E2	1,000877231E2
3,657718000E2	1,011207091E2
3,659318667E2	1,027500102E2
