2.690000000000000000e+02 1.500000000000000000e+01
3.150000000000000000e+02 1.500000000000000000e+01
3.150000000000000000e+02 1.500000000000000000e+01
2.690000000000000000e+02 1.500000000000000000e+01
2.690000000000000000e+02 1.500000000000000000e+01
3.150000000000000000e+02 1.500000000000000000e+01
2.690000000000000000e+02 1.500000000000000000e+01
2.690000000000000000e+02 1.500000000000000000e+01
3.160000000000000000e+02 1.700000000000000000e+01
2.890000000000000000e+02 1.600000000000000000e+01
2.690000000000000000e+02 4.100000000000000000e+01
2.640000000000000000e+02 4.700000000000000000e+01
2.640000000000000000e+02 4.600000000000000000e+01
2.880000000000000000e+02 1.800000000000000000e+01
2.880000000000000000e+02 1.800000000000000000e+01
2.640000000000000000e+02 1.900000000000000000e+01
3.160000000000000000e+02 1.800000000000000000e+01
2.640000000000000000e+02 1.900000000000000000e+01
3.160000000000000000e+02 1.800000000000000000e+01
2.640000000000000000e+02 1.900000000000000000e+01
2.640000000000000000e+02 1.900000000000000000e+01
2.640000000000000000e+02 1.900000000000000000e+01
3.160000000000000000e+02 1.800000000000000000e+01
2.640000000000000000e+02 1.900000000000000000e+01
3.160000000000000000e+02 1.800000000000000000e+01
3.170000000000000000e+02 2.000000000000000000e+01
2.640000000000000000e+02 4.700000000000000000e+01
2.640000000000000000e+02 4.700000000000000000e+01
2.640000000000000000e+02 4.700000000000000000e+01
2.640000000000000000e+02 4.800000000000000000e+01
2.640000000000000000e+02 4.800000000000000000e+01
2.640000000000000000e+02 4.800000000000000000e+01
2.640000000000000000e+02 4.800000000000000000e+01
2.640000000000000000e+02 4.800000000000000000e+01
2.640000000000000000e+02 4.800000000000000000e+01
2.640000000000000000e+02 4.800000000000000000e+01
2.690000000000000000e+02 4.300000000000000000e+01
2.690000000000000000e+02 4.300000000000000000e+01
2.690000000000000000e+02 4.300000000000000000e+01
2.690000000000000000e+02 4.300000000000000000e+01
2.640000000000000000e+02 4.800000000000000000e+01
3.170000000000000000e+02 2.100000000000000000e+01
2.690000000000000000e+02 4.300000000000000000e+01
2.640000000000000000e+02 4.800000000000000000e+01
3.160000000000000000e+02 1.900000000000000000e+01
2.640000000000000000e+02 4.800000000000000000e+01
2.640000000000000000e+02 4.800000000000000000e+01
2.690000000000000000e+02 4.300000000000000000e+01
2.690000000000000000e+02 4.300000000000000000e+01
3.170000000000000000e+02 2.100000000000000000e+01
3.170000000000000000e+02 2.100000000000000000e+01
2.690000000000000000e+02 4.300000000000000000e+01
2.690000000000000000e+02 4.300000000000000000e+01
2.690000000000000000e+02 4.300000000000000000e+01
2.690000000000000000e+02 4.300000000000000000e+01
2.640000000000000000e+02 4.700000000000000000e+01
2.640000000000000000e+02 4.700000000000000000e+01
2.690000000000000000e+02 4.300000000000000000e+01
3.170000000000000000e+02 2.000000000000000000e+01
3.170000000000000000e+02 2.000000000000000000e+01
3.170000000000000000e+02 2.000000000000000000e+01
3.170000000000000000e+02 2.000000000000000000e+01
3.170000000000000000e+02 2.000000000000000000e+01
3.170000000000000000e+02 2.000000000000000000e+01
3.170000000000000000e+02 2.000000000000000000e+01
3.170000000000000000e+02 2.000000000000000000e+01
3.160000000000000000e+02 1.800000000000000000e+01
3.160000000000000000e+02 1.800000000000000000e+01
3.160000000000000000e+02 1.800000000000000000e+01
3.160000000000000000e+02 1.800000000000000000e+01
2.740000000000000000e+02 3.700000000000000000e+01
2.740000000000000000e+02 3.700000000000000000e+01
3.150000000000000000e+02 1.500000000000000000e+01
3.160000000000000000e+02 1.700000000000000000e+01
3.160000000000000000e+02 1.700000000000000000e+01
3.160000000000000000e+02 1.700000000000000000e+01
3.150000000000000000e+02 1.500000000000000000e+01
3.150000000000000000e+02 1.500000000000000000e+01
3.150000000000000000e+02 1.500000000000000000e+01
3.150000000000000000e+02 1.500000000000000000e+01
3.150000000000000000e+02 1.500000000000000000e+01
3.150000000000000000e+02 1.500000000000000000e+01
3.160000000000000000e+02 1.700000000000000000e+01
3.150000000000000000e+02 1.500000000000000000e+01
3.150000000000000000e+02 1.500000000000000000e+01
3.150000000000000000e+02 1.500000000000000000e+01
3.150000000000000000e+02 1.500000000000000000e+01
3.160000000000000000e+02 1.700000000000000000e+01
3.160000000000000000e+02 1.700000000000000000e+01
3.150000000000000000e+02 1.500000000000000000e+01
3.150000000000000000e+02 1.500000000000000000e+01
3.150000000000000000e+02 1.500000000000000000e+01
3.150000000000000000e+02 1.500000000000000000e+01
3.150000000000000000e+02 1.500000000000000000e+01
3.150000000000000000e+02 1.500000000000000000e+01
3.150000000000000000e+02 1.500000000000000000e+01
3.140000000000000000e+02 1.400000000000000000e+01
3.140000000000000000e+02 1.400000000000000000e+01
3.140000000000000000e+02 1.400000000000000000e+01
3.140000000000000000e+02 1.300000000000000000e+01
3.150000000000000000e+02 1.500000000000000000e+01
3.150000000000000000e+02 1.500000000000000000e+01
3.150000000000000000e+02 1.500000000000000000e+01
3.150000000000000000e+02 1.500000000000000000e+01
3.150000000000000000e+02 1.500000000000000000e+01
3.150000000000000000e+02 1.500000000000000000e+01
3.150000000000000000e+02 1.500000000000000000e+01
3.150000000000000000e+02 1.500000000000000000e+01
3.150000000000000000e+02 1.500000000000000000e+01
2.540000000000000000e+02 1.500000000000000000e+01
2.540000000000000000e+02 1.500000000000000000e+01
3.150000000000000000e+02 1.600000000000000000e+01
3.150000000000000000e+02 1.600000000000000000e+01
3.140000000000000000e+02 2.900000000000000000e+01
2.600000000000000000e+02 2.300000000000000000e+01
3.140000000000000000e+02 2.800000000000000000e+01
2.600000000000000000e+02 4.900000000000000000e+01
3.150000000000000000e+02 3.000000000000000000e+01
2.600000000000000000e+02 4.900000000000000000e+01
2.600000000000000000e+02 4.900000000000000000e+01
2.600000000000000000e+02 4.900000000000000000e+01
2.600000000000000000e+02 4.900000000000000000e+01
2.600000000000000000e+02 4.900000000000000000e+01
2.600000000000000000e+02 4.900000000000000000e+01
2.600000000000000000e+02 4.900000000000000000e+01
3.150000000000000000e+02 3.000000000000000000e+01
3.150000000000000000e+02 3.000000000000000000e+01
3.150000000000000000e+02 3.000000000000000000e+01
3.150000000000000000e+02 3.000000000000000000e+01
3.150000000000000000e+02 3.000000000000000000e+01
3.150000000000000000e+02 1.600000000000000000e+01
3.150000000000000000e+02 3.000000000000000000e+01
2.880000000000000000e+02 1.800000000000000000e+01
2.880000000000000000e+02 1.900000000000000000e+01
2.740000000000000000e+02 3.600000000000000000e+01
2.690000000000000000e+02 4.100000000000000000e+01
2.690000000000000000e+02 4.100000000000000000e+01
2.690000000000000000e+02 4.200000000000000000e+01
2.690000000000000000e+02 4.200000000000000000e+01
2.640000000000000000e+02 4.200000000000000000e+01
2.640000000000000000e+02 4.700000000000000000e+01
2.690000000000000000e+02 4.200000000000000000e+01
2.690000000000000000e+02 4.200000000000000000e+01
2.690000000000000000e+02 4.200000000000000000e+01
2.690000000000000000e+02 4.200000000000000000e+01
2.690000000000000000e+02 1.900000000000000000e+01
2.690000000000000000e+02 4.200000000000000000e+01
2.690000000000000000e+02 4.300000000000000000e+01
2.640000000000000000e+02 4.700000000000000000e+01
3.170000000000000000e+02 2.100000000000000000e+01
3.160000000000000000e+02 1.900000000000000000e+01
3.170000000000000000e+02 2.100000000000000000e+01
3.170000000000000000e+02 2.100000000000000000e+01
3.170000000000000000e+02 2.100000000000000000e+01
3.170000000000000000e+02 2.100000000000000000e+01
3.160000000000000000e+02 1.900000000000000000e+01
2.640000000000000000e+02 4.800000000000000000e+01
2.640000000000000000e+02 4.800000000000000000e+01
2.690000000000000000e+02 4.300000000000000000e+01
2.640000000000000000e+02 4.800000000000000000e+01
3.170000000000000000e+02 2.100000000000000000e+01
3.170000000000000000e+02 2.100000000000000000e+01
2.950000000000000000e+02 1.500000000000000000e+01
3.170000000000000000e+02 2.100000000000000000e+01
3.160000000000000000e+02 1.900000000000000000e+01
3.170000000000000000e+02 1.900000000000000000e+01
3.170000000000000000e+02 2.100000000000000000e+01
3.160000000000000000e+02 1.800000000000000000e+01
3.160000000000000000e+02 1.700000000000000000e+01
3.160000000000000000e+02 1.800000000000000000e+01
3.160000000000000000e+02 1.700000000000000000e+01
3.160000000000000000e+02 1.800000000000000000e+01
3.160000000000000000e+02 1.800000000000000000e+01
3.170000000000000000e+02 2.000000000000000000e+01
3.170000000000000000e+02 2.000000000000000000e+01
3.160000000000000000e+02 1.800000000000000000e+01
3.170000000000000000e+02 2.000000000000000000e+01
3.160000000000000000e+02 1.800000000000000000e+01
2.880000000000000000e+02 2.300000000000000000e+01
3.160000000000000000e+02 1.700000000000000000e+01
3.170000000000000000e+02 1.900000000000000000e+01
3.160000000000000000e+02 1.700000000000000000e+01
3.170000000000000000e+02 1.900000000000000000e+01
2.890000000000000000e+02 1.700000000000000000e+01
3.160000000000000000e+02 1.700000000000000000e+01
2.890000000000000000e+02 1.700000000000000000e+01
2.890000000000000000e+02 1.700000000000000000e+01
2.890000000000000000e+02 1.700000000000000000e+01
2.890000000000000000e+02 1.700000000000000000e+01
2.890000000000000000e+02 1.700000000000000000e+01
2.890000000000000000e+02 1.700000000000000000e+01
2.890000000000000000e+02 1.600000000000000000e+01
2.890000000000000000e+02 1.600000000000000000e+01
2.890000000000000000e+02 1.600000000000000000e+01
2.890000000000000000e+02 1.700000000000000000e+01
2.890000000000000000e+02 1.600000000000000000e+01
2.890000000000000000e+02 1.600000000000000000e+01
2.890000000000000000e+02 1.600000000000000000e+01
2.890000000000000000e+02 1.600000000000000000e+01
2.890000000000000000e+02 1.600000000000000000e+01
2.890000000000000000e+02 1.600000000000000000e+01
3.150000000000000000e+02 1.500000000000000000e+01
3.140000000000000000e+02 1.400000000000000000e+01
2.890000000000000000e+02 1.500000000000000000e+01
3.140000000000000000e+02 1.300000000000000000e+01
3.150000000000000000e+02 1.600000000000000000e+01
3.140000000000000000e+02 1.400000000000000000e+01
3.150000000000000000e+02 1.600000000000000000e+01
3.150000000000000000e+02 1.600000000000000000e+01
3.140000000000000000e+02 1.400000000000000000e+01
3.140000000000000000e+02 1.300000000000000000e+01
3.140000000000000000e+02 1.300000000000000000e+01
3.140000000000000000e+02 1.300000000000000000e+01
3.150000000000000000e+02 1.500000000000000000e+01
3.150000000000000000e+02 1.500000000000000000e+01
2.890000000000000000e+02 1.700000000000000000e+01
2.890000000000000000e+02 1.600000000000000000e+01
2.890000000000000000e+02 1.700000000000000000e+01
2.890000000000000000e+02 1.700000000000000000e+01
2.890000000000000000e+02 1.700000000000000000e+01
2.800000000000000000e+02 2.900000000000000000e+01
3.130000000000000000e+02 3.100000000000000000e+01
2.800000000000000000e+02 2.900000000000000000e+01
2.800000000000000000e+02 2.900000000000000000e+01
2.800000000000000000e+02 2.900000000000000000e+01
2.740000000000000000e+02 3.600000000000000000e+01
2.740000000000000000e+02 3.600000000000000000e+01
2.740000000000000000e+02 3.700000000000000000e+01
2.740000000000000000e+02 3.700000000000000000e+01
2.740000000000000000e+02 3.700000000000000000e+01
2.740000000000000000e+02 3.700000000000000000e+01
2.740000000000000000e+02 3.700000000000000000e+01
2.740000000000000000e+02 3.600000000000000000e+01
2.790000000000000000e+02 3.200000000000000000e+01
2.790000000000000000e+02 3.200000000000000000e+01
3.160000000000000000e+02 1.300000000000000000e+01
3.150000000000000000e+02 1.100000000000000000e+01
3.150000000000000000e+02 1.100000000000000000e+01
3.150000000000000000e+02 1.100000000000000000e+01
3.150000000000000000e+02 1.100000000000000000e+01
3.160000000000000000e+02 1.300000000000000000e+01
3.160000000000000000e+02 1.300000000000000000e+01
2.600000000000000000e+02 2.700000000000000000e+01
2.740000000000000000e+02 1.400000000000000000e+01
2.740000000000000000e+02 1.400000000000000000e+01
2.690000000000000000e+02 1.500000000000000000e+01
2.690000000000000000e+02 1.500000000000000000e+01
2.690000000000000000e+02 1.500000000000000000e+01
2.690000000000000000e+02 1.900000000000000000e+01
2.690000000000000000e+02 1.900000000000000000e+01
2.690000000000000000e+02 1.900000000000000000e+01
2.930000000000000000e+02 1.700000000000000000e+01
2.930000000000000000e+02 1.800000000000000000e+01
2.930000000000000000e+02 1.700000000000000000e+01
2.930000000000000000e+02 1.700000000000000000e+01
2.930000000000000000e+02 1.800000000000000000e+01
2.930000000000000000e+02 1.800000000000000000e+01
2.930000000000000000e+02 1.800000000000000000e+01
2.930000000000000000e+02 1.800000000000000000e+01
2.930000000000000000e+02 1.800000000000000000e+01
2.930000000000000000e+02 1.800000000000000000e+01
2.870000000000000000e+02 2.100000000000000000e+01
2.870000000000000000e+02 2.100000000000000000e+01
2.870000000000000000e+02 2.100000000000000000e+01
2.870000000000000000e+02 2.100000000000000000e+01
2.870000000000000000e+02 2.100000000000000000e+01
2.870000000000000000e+02 2.100000000000000000e+01
3.180000000000000000e+02 2.300000000000000000e+01
3.180000000000000000e+02 2.300000000000000000e+01
3.180000000000000000e+02 2.300000000000000000e+01
2.870000000000000000e+02 2.100000000000000000e+01
2.870000000000000000e+02 2.100000000000000000e+01
2.870000000000000000e+02 2.100000000000000000e+01
2.870000000000000000e+02 2.100000000000000000e+01
2.870000000000000000e+02 2.100000000000000000e+01
3.170000000000000000e+02 2.000000000000000000e+01
3.170000000000000000e+02 2.000000000000000000e+01
3.170000000000000000e+02 2.000000000000000000e+01
3.170000000000000000e+02 2.000000000000000000e+01
3.170000000000000000e+02 2.000000000000000000e+01
3.170000000000000000e+02 2.000000000000000000e+01
3.170000000000000000e+02 2.000000000000000000e+01
3.170000000000000000e+02 8.000000000000000000e+00
5.700000000000000000e+01 8.000000000000000000e+00
5.700000000000000000e+01 8.000000000000000000e+00
5.700000000000000000e+01 8.000000000000000000e+00
5.700000000000000000e+01 8.000000000000000000e+00
5.700000000000000000e+01 8.000000000000000000e+00
5.700000000000000000e+01 8.000000000000000000e+00
5.700000000000000000e+01 8.000000000000000000e+00
1.900000000000000000e+01 1.000000000000000000e+01
5.700000000000000000e+01 8.000000000000000000e+00
5.700000000000000000e+01 8.000000000000000000e+00
5.700000000000000000e+01 8.000000000000000000e+00
5.700000000000000000e+01 8.000000000000000000e+00
2.730000000000000000e+02 1.100000000000000000e+01
5.700000000000000000e+01 8.000000000000000000e+00
5.700000000000000000e+01 8.000000000000000000e+00
5.700000000000000000e+01 8.000000000000000000e+00
5.700000000000000000e+01 8.000000000000000000e+00
5.700000000000000000e+01 8.000000000000000000e+00
2.890000000000000000e+02 1.600000000000000000e+01
2.890000000000000000e+02 1.600000000000000000e+01
3.160000000000000000e+02 1.600000000000000000e+01
2.900000000000000000e+02 1.400000000000000000e+01
2.900000000000000000e+02 2.000000000000000000e+01
2.900000000000000000e+02 2.000000000000000000e+01
2.900000000000000000e+02 1.900000000000000000e+01
2.900000000000000000e+02 1.900000000000000000e+01
2.900000000000000000e+02 1.900000000000000000e+01
2.890000000000000000e+02 1.600000000000000000e+01
3.150000000000000000e+02 1.500000000000000000e+01
2.890000000000000000e+02 1.600000000000000000e+01
2.890000000000000000e+02 1.600000000000000000e+01
2.890000000000000000e+02 2.100000000000000000e+01
2.890000000000000000e+02 1.500000000000000000e+01
2.890000000000000000e+02 1.500000000000000000e+01
2.890000000000000000e+02 1.700000000000000000e+01
2.890000000000000000e+02 1.600000000000000000e+01
2.890000000000000000e+02 1.500000000000000000e+01
2.890000000000000000e+02 1.500000000000000000e+01
2.800000000000000000e+02 2.700000000000000000e+01
2.800000000000000000e+02 2.800000000000000000e+01
2.800000000000000000e+02 2.700000000000000000e+01
2.800000000000000000e+02 2.700000000000000000e+01
2.890000000000000000e+02 1.500000000000000000e+01
2.800000000000000000e+02 2.700000000000000000e+01
2.800000000000000000e+02 2.700000000000000000e+01
2.800000000000000000e+02 2.700000000000000000e+01
2.800000000000000000e+02 2.700000000000000000e+01
2.800000000000000000e+02 2.400000000000000000e+01
2.800000000000000000e+02 2.400000000000000000e+01
2.700000000000000000e+02 3.900000000000000000e+01
2.740000000000000000e+02 3.600000000000000000e+01
2.700000000000000000e+02 4.000000000000000000e+01
2.700000000000000000e+02 4.000000000000000000e+01
2.700000000000000000e+02 4.000000000000000000e+01
2.700000000000000000e+02 3.900000000000000000e+01
2.700000000000000000e+02 4.000000000000000000e+01
2.700000000000000000e+02 4.000000000000000000e+01
2.740000000000000000e+02 3.700000000000000000e+01
2.700000000000000000e+02 1.800000000000000000e+01
2.740000000000000000e+02 1.500000000000000000e+01
2.740000000000000000e+02 1.500000000000000000e+01
2.700000000000000000e+02 1.800000000000000000e+01
3.160000000000000000e+02 1.300000000000000000e+01
2.740000000000000000e+02 1.500000000000000000e+01
3.150000000000000000e+02 1.100000000000000000e+01
3.160000000000000000e+02 1.300000000000000000e+01
3.160000000000000000e+02 1.300000000000000000e+01
3.160000000000000000e+02 1.300000000000000000e+01
3.160000000000000000e+02 1.300000000000000000e+01
2.740000000000000000e+02 1.400000000000000000e+01
3.170000000000000000e+02 1.500000000000000000e+01
3.170000000000000000e+02 1.500000000000000000e+01
2.640000000000000000e+02 1.800000000000000000e+01
2.930000000000000000e+02 1.800000000000000000e+01
2.690000000000000000e+02 1.900000000000000000e+01
2.930000000000000000e+02 1.800000000000000000e+01
2.930000000000000000e+02 1.800000000000000000e+01
2.930000000000000000e+02 1.800000000000000000e+01
2.930000000000000000e+02 1.800000000000000000e+01
2.930000000000000000e+02 1.800000000000000000e+01
2.930000000000000000e+02 1.800000000000000000e+01
2.930000000000000000e+02 1.800000000000000000e+01
2.930000000000000000e+02 1.800000000000000000e+01
2.930000000000000000e+02 1.800000000000000000e+01
2.930000000000000000e+02 1.800000000000000000e+01
2.870000000000000000e+02 2.200000000000000000e+01
3.180000000000000000e+02 2.200000000000000000e+01
3.180000000000000000e+02 2.200000000000000000e+01
3.180000000000000000e+02 2.200000000000000000e+01
3.180000000000000000e+02 2.200000000000000000e+01
3.180000000000000000e+02 2.200000000000000000e+01
3.180000000000000000e+02 2.200000000000000000e+01
3.180000000000000000e+02 2.300000000000000000e+01
3.180000000000000000e+02 2.300000000000000000e+01
2.870000000000000000e+02 2.100000000000000000e+01
2.870000000000000000e+02 2.100000000000000000e+01
3.170000000000000000e+02 2.000000000000000000e+01
3.170000000000000000e+02 2.000000000000000000e+01
3.170000000000000000e+02 2.000000000000000000e+01
3.170000000000000000e+02 2.000000000000000000e+01
2.880000000000000000e+02 1.900000000000000000e+01
3.170000000000000000e+02 2.000000000000000000e+01
3.170000000000000000e+02 2.000000000000000000e+01
5.700000000000000000e+01 8.000000000000000000e+00
2.730000000000000000e+02 1.000000000000000000e+01
5.700000000000000000e+01 8.000000000000000000e+00
5.700000000000000000e+01 8.000000000000000000e+00
2.530000000000000000e+02 1.000000000000000000e+01
5.700000000000000000e+01 8.000000000000000000e+00
5.700000000000000000e+01 8.000000000000000000e+00
5.700000000000000000e+01 8.000000000000000000e+00
5.700000000000000000e+01 8.000000000000000000e+00
5.700000000000000000e+01 8.000000000000000000e+00
5.700000000000000000e+01 8.000000000000000000e+00
5.700000000000000000e+01 8.000000000000000000e+00
2.730000000000000000e+02 1.200000000000000000e+01
2.730000000000000000e+02 1.200000000000000000e+01
5.700000000000000000e+01 8.000000000000000000e+00
5.700000000000000000e+01 8.000000000000000000e+00
5.700000000000000000e+01 8.000000000000000000e+00
5.700000000000000000e+01 8.000000000000000000e+00
5.700000000000000000e+01 8.000000000000000000e+00
5.700000000000000000e+01 8.000000000000000000e+00
9.300000000000000000e+01 7.000000000000000000e+00
5.700000000000000000e+01 8.000000000000000000e+00
9.300000000000000000e+01 7.000000000000000000e+00
5.700000000000000000e+01 8.000000000000000000e+00
5.700000000000000000e+01 8.000000000000000000e+00
5.700000000000000000e+01 8.000000000000000000e+00
2.900000000000000000e+02 1.800000000000000000e+01
2.900000000000000000e+02 1.800000000000000000e+01
2.900000000000000000e+02 1.900000000000000000e+01
2.900000000000000000e+02 1.300000000000000000e+01
2.900000000000000000e+02 1.300000000000000000e+01
2.900000000000000000e+02 1.300000000000000000e+01
2.900000000000000000e+02 1.300000000000000000e+01
2.900000000000000000e+02 1.300000000000000000e+01
2.900000000000000000e+02 1.500000000000000000e+01
2.900000000000000000e+02 1.400000000000000000e+01
2.900000000000000000e+02 1.400000000000000000e+01
2.900000000000000000e+02 1.400000000000000000e+01
2.900000000000000000e+02 1.400000000000000000e+01
2.900000000000000000e+02 1.400000000000000000e+01
3.130000000000000000e+02 2.100000000000000000e+01
3.130000000000000000e+02 3.100000000000000000e+01
2.800000000000000000e+02 2.700000000000000000e+01
2.800000000000000000e+02 2.800000000000000000e+01
2.800000000000000000e+02 2.800000000000000000e+01
2.890000000000000000e+02 1.600000000000000000e+01
2.890000000000000000e+02 1.700000000000000000e+01
2.890000000000000000e+02 1.600000000000000000e+01
2.890000000000000000e+02 1.700000000000000000e+01
2.890000000000000000e+02 1.600000000000000000e+01
2.740000000000000000e+02 3.500000000000000000e+01
2.740000000000000000e+02 3.500000000000000000e+01
2.740000000000000000e+02 3.500000000000000000e+01
2.790000000000000000e+02 3.100000000000000000e+01
2.790000000000000000e+02 3.100000000000000000e+01
2.790000000000000000e+02 3.100000000000000000e+01
2.790000000000000000e+02 3.100000000000000000e+01
2.790000000000000000e+02 3.100000000000000000e+01
2.790000000000000000e+02 3.100000000000000000e+01
3.160000000000000000e+02 1.300000000000000000e+01
3.160000000000000000e+02 1.300000000000000000e+01
3.150000000000000000e+02 1.100000000000000000e+01
3.160000000000000000e+02 1.300000000000000000e+01
2.740000000000000000e+02 1.400000000000000000e+01
2.690000000000000000e+02 1.500000000000000000e+01
2.690000000000000000e+02 1.500000000000000000e+01
2.690000000000000000e+02 1.500000000000000000e+01
2.690000000000000000e+02 1.900000000000000000e+01
2.690000000000000000e+02 1.800000000000000000e+01
2.690000000000000000e+02 1.800000000000000000e+01
2.690000000000000000e+02 1.800000000000000000e+01
2.690000000000000000e+02 1.800000000000000000e+01
2.690000000000000000e+02 1.800000000000000000e+01
2.690000000000000000e+02 1.800000000000000000e+01
2.690000000000000000e+02 1.800000000000000000e+01
2.640000000000000000e+02 1.800000000000000000e+01
3.170000000000000000e+02 1.600000000000000000e+01
3.170000000000000000e+02 1.500000000000000000e+01
2.640000000000000000e+02 2.300000000000000000e+01
2.640000000000000000e+02 2.300000000000000000e+01
2.640000000000000000e+02 2.300000000000000000e+01
2.640000000000000000e+02 2.300000000000000000e+01
2.640000000000000000e+02 2.300000000000000000e+01
3.180000000000000000e+02 1.700000000000000000e+01
2.640000000000000000e+02 2.300000000000000000e+01
2.640000000000000000e+02 2.300000000000000000e+01
2.640000000000000000e+02 2.300000000000000000e+01
2.640000000000000000e+02 2.400000000000000000e+01
2.640000000000000000e+02 2.400000000000000000e+01
2.640000000000000000e+02 2.400000000000000000e+01
2.590000000000000000e+02 2.900000000000000000e+01
2.590000000000000000e+02 2.900000000000000000e+01
2.590000000000000000e+02 2.900000000000000000e+01
2.590000000000000000e+02 2.900000000000000000e+01
2.590000000000000000e+02 5.400000000000000000e+01
2.590000000000000000e+02 5.400000000000000000e+01
2.590000000000000000e+02 5.400000000000000000e+01
2.590000000000000000e+02 2.300000000000000000e+01
3.180000000000000000e+02 2.200000000000000000e+01
3.180000000000000000e+02 2.200000000000000000e+01
3.180000000000000000e+02 2.200000000000000000e+01
3.180000000000000000e+02 2.200000000000000000e+01
3.170000000000000000e+02 2.000000000000000000e+01
3.170000000000000000e+02 2.100000000000000000e+01
3.170000000000000000e+02 2.100000000000000000e+01
2.870000000000000000e+02 2.100000000000000000e+01
3.170000000000000000e+02 2.000000000000000000e+01
3.170000000000000000e+02 2.000000000000000000e+01
3.170000000000000000e+02 2.000000000000000000e+01
3.170000000000000000e+02 2.000000000000000000e+01
3.170000000000000000e+02 2.000000000000000000e+01
3.170000000000000000e+02 2.000000000000000000e+01
3.170000000000000000e+02 2.000000000000000000e+01
2.890000000000000000e+02 2.200000000000000000e+01
2.890000000000000000e+02 2.200000000000000000e+01
2.890000000000000000e+02 2.200000000000000000e+01
2.890000000000000000e+02 2.100000000000000000e+01
2.890000000000000000e+02 2.100000000000000000e+01
2.890000000000000000e+02 2.100000000000000000e+01
2.890000000000000000e+02 2.100000000000000000e+01
9.300000000000000000e+01 7.000000000000000000e+00
2.890000000000000000e+02 1.500000000000000000e+01
5.700000000000000000e+01 8.000000000000000000e+00
2.730000000000000000e+02 1.200000000000000000e+01
2.730000000000000000e+02 1.200000000000000000e+01
2.730000000000000000e+02 1.200000000000000000e+01
5.700000000000000000e+01 8.000000000000000000e+00
5.700000000000000000e+01 8.000000000000000000e+00
5.700000000000000000e+01 8.000000000000000000e+00
5.700000000000000000e+01 8.000000000000000000e+00
5.700000000000000000e+01 8.000000000000000000e+00
2.900000000000000000e+02 1.900000000000000000e+01
2.900000000000000000e+02 1.800000000000000000e+01
2.900000000000000000e+02 1.800000000000000000e+01
2.900000000000000000e+02 1.800000000000000000e+01
2.900000000000000000e+02 1.900000000000000000e+01
2.900000000000000000e+02 1.800000000000000000e+01
2.900000000000000000e+02 1.800000000000000000e+01
2.900000000000000000e+02 1.800000000000000000e+01
2.900000000000000000e+02 1.800000000000000000e+01
2.900000000000000000e+02 1.900000000000000000e+01
2.900000000000000000e+02 1.300000000000000000e+01
2.900000000000000000e+02 1.300000000000000000e+01
3.150000000000000000e+02 1.500000000000000000e+01
3.150000000000000000e+02 1.500000000000000000e+01
3.150000000000000000e+02 1.500000000000000000e+01
2.790000000000000000e+02 3.000000000000000000e+01
3.130000000000000000e+02 3.200000000000000000e+01
2.890000000000000000e+02 1.500000000000000000e+01
2.890000000000000000e+02 1.500000000000000000e+01
2.890000000000000000e+02 1.500000000000000000e+01
2.890000000000000000e+02 1.500000000000000000e+01
2.890000000000000000e+02 1.500000000000000000e+01
2.790000000000000000e+02 3.000000000000000000e+01
2.840000000000000000e+02 2.500000000000000000e+01
2.790000000000000000e+02 3.000000000000000000e+01
2.790000000000000000e+02 3.100000000000000000e+01
2.790000000000000000e+02 3.000000000000000000e+01
2.790000000000000000e+02 3.100000000000000000e+01
2.790000000000000000e+02 3.000000000000000000e+01
2.790000000000000000e+02 3.100000000000000000e+01
2.790000000000000000e+02 3.100000000000000000e+01
2.790000000000000000e+02 3.200000000000000000e+01
2.790000000000000000e+02 1.000000000000000000e+01
2.790000000000000000e+02 3.200000000000000000e+01
3.160000000000000000e+02 1.300000000000000000e+01
3.160000000000000000e+02 1.300000000000000000e+01
3.160000000000000000e+02 1.300000000000000000e+01
2.600000000000000000e+02 2.700000000000000000e+01
2.690000000000000000e+02 1.500000000000000000e+01
2.690000000000000000e+02 1.500000000000000000e+01
2.690000000000000000e+02 1.500000000000000000e+01
2.690000000000000000e+02 1.500000000000000000e+01
2.690000000000000000e+02 1.500000000000000000e+01
2.690000000000000000e+02 1.500000000000000000e+01
2.690000000000000000e+02 1.500000000000000000e+01
3.170000000000000000e+02 1.600000000000000000e+01
3.170000000000000000e+02 1.500000000000000000e+01
3.170000000000000000e+02 1.400000000000000000e+01
3.170000000000000000e+02 1.500000000000000000e+01
2.690000000000000000e+02 1.800000000000000000e+01
2.690000000000000000e+02 1.900000000000000000e+01
2.640000000000000000e+02 2.300000000000000000e+01
3.180000000000000000e+02 1.700000000000000000e+01
2.640000000000000000e+02 2.300000000000000000e+01
2.640000000000000000e+02 2.300000000000000000e+01
2.640000000000000000e+02 2.400000000000000000e+01
2.640000000000000000e+02 2.400000000000000000e+01
2.640000000000000000e+02 2.400000000000000000e+01
2.640000000000000000e+02 2.400000000000000000e+01
2.640000000000000000e+02 2.400000000000000000e+01
2.590000000000000000e+02 2.900000000000000000e+01
2.640000000000000000e+02 2.400000000000000000e+01
2.640000000000000000e+02 2.400000000000000000e+01
2.590000000000000000e+02 2.900000000000000000e+01
2.590000000000000000e+02 2.900000000000000000e+01
2.590000000000000000e+02 2.900000000000000000e+01
2.590000000000000000e+02 5.400000000000000000e+01
2.590000000000000000e+02 5.400000000000000000e+01
2.590000000000000000e+02 2.900000000000000000e+01
2.590000000000000000e+02 5.400000000000000000e+01
2.590000000000000000e+02 2.300000000000000000e+01
2.590000000000000000e+02 2.300000000000000000e+01
2.590000000000000000e+02 2.300000000000000000e+01
2.590000000000000000e+02 2.300000000000000000e+01
3.180000000000000000e+02 2.200000000000000000e+01
2.590000000000000000e+02 2.300000000000000000e+01
3.170000000000000000e+02 2.100000000000000000e+01
2.870000000000000000e+02 2.100000000000000000e+01
2.870000000000000000e+02 2.100000000000000000e+01
3.170000000000000000e+02 2.000000000000000000e+01
3.170000000000000000e+02 2.000000000000000000e+01
3.170000000000000000e+02 2.000000000000000000e+01
3.170000000000000000e+02 2.000000000000000000e+01
2.880000000000000000e+02 2.400000000000000000e+01
2.880000000000000000e+02 2.400000000000000000e+01
2.890000000000000000e+02 2.200000000000000000e+01
2.890000000000000000e+02 2.200000000000000000e+01
2.890000000000000000e+02 2.200000000000000000e+01
2.890000000000000000e+02 2.100000000000000000e+01
2.890000000000000000e+02 2.100000000000000000e+01
3.150000000000000000e+02 1.500000000000000000e+01
3.160000000000000000e+02 1.700000000000000000e+01
3.160000000000000000e+02 1.600000000000000000e+01
2.900000000000000000e+02 1.400000000000000000e+01
2.900000000000000000e+02 2.000000000000000000e+01
5.700000000000000000e+01 8.000000000000000000e+00
2.900000000000000000e+02 1.900000000000000000e+01
9.300000000000000000e+01 7.000000000000000000e+00
9.300000000000000000e+01 7.000000000000000000e+00
2.900000000000000000e+02 2.000000000000000000e+01
9.300000000000000000e+01 7.000000000000000000e+00
2.900000000000000000e+02 1.900000000000000000e+01
2.900000000000000000e+02 1.800000000000000000e+01
2.900000000000000000e+02 1.800000000000000000e+01
2.900000000000000000e+02 1.900000000000000000e+01
2.900000000000000000e+02 1.800000000000000000e+01
2.900000000000000000e+02 1.900000000000000000e+01
2.900000000000000000e+02 1.900000000000000000e+01
2.900000000000000000e+02 1.800000000000000000e+01
2.900000000000000000e+02 1.800000000000000000e+01
2.900000000000000000e+02 1.800000000000000000e+01
2.900000000000000000e+02 1.800000000000000000e+01
2.900000000000000000e+02 1.800000000000000000e+01
2.900000000000000000e+02 1.900000000000000000e+01
2.900000000000000000e+02 1.900000000000000000e+01
2.900000000000000000e+02 1.900000000000000000e+01
2.900000000000000000e+02 1.900000000000000000e+01
2.900000000000000000e+02 1.800000000000000000e+01
2.840000000000000000e+02 2.600000000000000000e+01
2.890000000000000000e+02 2.100000000000000000e+01
2.890000000000000000e+02 2.100000000000000000e+01
2.890000000000000000e+02 2.100000000000000000e+01
2.890000000000000000e+02 1.600000000000000000e+01
2.890000000000000000e+02 1.500000000000000000e+01
2.790000000000000000e+02 2.600000000000000000e+01
2.790000000000000000e+02 2.500000000000000000e+01
2.790000000000000000e+02 2.700000000000000000e+01
2.790000000000000000e+02 2.700000000000000000e+01
2.790000000000000000e+02 2.700000000000000000e+01
2.880000000000000000e+02 1.900000000000000000e+01
2.880000000000000000e+02 1.800000000000000000e+01
2.880000000000000000e+02 1.800000000000000000e+01
2.690000000000000000e+02 4.100000000000000000e+01
2.690000000000000000e+02 1.900000000000000000e+01
2.690000000000000000e+02 1.900000000000000000e+01
2.690000000000000000e+02 1.900000000000000000e+01
2.690000000000000000e+02 1.900000000000000000e+01
2.690000000000000000e+02 1.900000000000000000e+01
2.690000000000000000e+02 1.900000000000000000e+01
2.930000000000000000e+02 1.700000000000000000e+01
2.930000000000000000e+02 1.800000000000000000e+01
2.690000000000000000e+02 1.900000000000000000e+01
2.690000000000000000e+02 1.900000000000000000e+01
3.170000000000000000e+02 1.400000000000000000e+01
2.690000000000000000e+02 1.900000000000000000e+01
3.170000000000000000e+02 1.500000000000000000e+01
3.170000000000000000e+02 1.500000000000000000e+01
2.640000000000000000e+02 2.400000000000000000e+01
3.170000000000000000e+02 1.500000000000000000e+01
2.640000000000000000e+02 2.400000000000000000e+01
2.640000000000000000e+02 2.400000000000000000e+01
2.640000000000000000e+02 2.400000000000000000e+01
2.640000000000000000e+02 2.400000000000000000e+01
2.640000000000000000e+02 2.400000000000000000e+01
2.640000000000000000e+02 2.400000000000000000e+01
2.640000000000000000e+02 2.400000000000000000e+01
2.640000000000000000e+02 2.400000000000000000e+01
2.640000000000000000e+02 2.400000000000000000e+01
2.640000000000000000e+02 2.400000000000000000e+01
2.640000000000000000e+02 2.400000000000000000e+01
2.640000000000000000e+02 2.400000000000000000e+01
2.640000000000000000e+02 2.400000000000000000e+01
2.640000000000000000e+02 2.400000000000000000e+01
2.640000000000000000e+02 4.900000000000000000e+01
2.590000000000000000e+02 5.400000000000000000e+01
2.640000000000000000e+02 4.900000000000000000e+01
2.640000000000000000e+02 4.800000000000000000e+01
3.180000000000000000e+02 2.200000000000000000e+01
3.180000000000000000e+02 2.200000000000000000e+01
3.170000000000000000e+02 2.000000000000000000e+01
3.170000000000000000e+02 2.000000000000000000e+01
3.170000000000000000e+02 2.100000000000000000e+01
2.870000000000000000e+02 2.100000000000000000e+01
2.870000000000000000e+02 2.100000000000000000e+01
3.170000000000000000e+02 2.100000000000000000e+01
3.170000000000000000e+02 2.000000000000000000e+01
3.170000000000000000e+02 2.000000000000000000e+01
3.170000000000000000e+02 2.000000000000000000e+01
3.170000000000000000e+02 2.000000000000000000e+01
2.880000000000000000e+02 2.400000000000000000e+01
3.170000000000000000e+02 2.000000000000000000e+01
2.880000000000000000e+02 2.400000000000000000e+01
2.880000000000000000e+02 2.300000000000000000e+01
2.890000000000000000e+02 2.100000000000000000e+01
3.160000000000000000e+02 1.700000000000000000e+01
3.150000000000000000e+02 1.500000000000000000e+01
3.150000000000000000e+02 1.500000000000000000e+01
3.150000000000000000e+02 1.500000000000000000e+01
3.150000000000000000e+02 1.500000000000000000e+01
2.890000000000000000e+02 1.600000000000000000e+01
2.900000000000000000e+02 1.900000000000000000e+01
2.900000000000000000e+02 1.900000000000000000e+01
2.900000000000000000e+02 2.000000000000000000e+01
2.900000000000000000e+02 2.000000000000000000e+01
2.900000000000000000e+02 2.000000000000000000e+01
2.900000000000000000e+02 1.900000000000000000e+01
2.900000000000000000e+02 1.900000000000000000e+01
2.900000000000000000e+02 1.800000000000000000e+01
2.900000000000000000e+02 1.800000000000000000e+01
2.900000000000000000e+02 1.900000000000000000e+01
2.900000000000000000e+02 1.800000000000000000e+01
2.900000000000000000e+02 1.800000000000000000e+01
2.900000000000000000e+02 1.800000000000000000e+01
2.900000000000000000e+02 1.900000000000000000e+01
2.900000000000000000e+02 1.900000000000000000e+01
2.900000000000000000e+02 1.900000000000000000e+01
2.900000000000000000e+02 1.800000000000000000e+01
2.900000000000000000e+02 1.800000000000000000e+01
2.900000000000000000e+02 1.900000000000000000e+01
2.900000000000000000e+02 1.800000000000000000e+01
2.900000000000000000e+02 1.800000000000000000e+01
2.900000000000000000e+02 1.900000000000000000e+01
2.890000000000000000e+02 2.000000000000000000e+01
2.890000000000000000e+02 2.000000000000000000e+01
2.890000000000000000e+02 2.000000000000000000e+01
2.890000000000000000e+02 2.000000000000000000e+01
2.890000000000000000e+02 1.600000000000000000e+01
2.890000000000000000e+02 1.700000000000000000e+01
2.790000000000000000e+02 2.600000000000000000e+01
2.690000000000000000e+02 4.100000000000000000e+01
3.160000000000000000e+02 1.800000000000000000e+01
2.880000000000000000e+02 2.300000000000000000e+01
2.880000000000000000e+02 2.200000000000000000e+01
2.880000000000000000e+02 2.200000000000000000e+01
2.940000000000000000e+02 1.600000000000000000e+01
3.160000000000000000e+02 1.200000000000000000e+01
3.160000000000000000e+02 1.200000000000000000e+01
3.170000000000000000e+02 1.400000000000000000e+01
2.600000000000000000e+02 1.200000000000000000e+01
2.930000000000000000e+02 1.700000000000000000e+01
2.930000000000000000e+02 1.700000000000000000e+01
2.640000000000000000e+02 1.900000000000000000e+01
2.640000000000000000e+02 1.900000000000000000e+01
2.930000000000000000e+02 1.800000000000000000e+01
2.930000000000000000e+02 1.800000000000000000e+01
2.640000000000000000e+02 1.900000000000000000e+01
2.640000000000000000e+02 1.900000000000000000e+01
2.640000000000000000e+02 1.900000000000000000e+01
2.640000000000000000e+02 1.900000000000000000e+01
2.640000000000000000e+02 1.900000000000000000e+01
2.640000000000000000e+02 1.900000000000000000e+01
2.640000000000000000e+02 2.400000000000000000e+01
3.180000000000000000e+02 1.600000000000000000e+01
2.930000000000000000e+02 1.800000000000000000e+01
3.180000000000000000e+02 1.600000000000000000e+01
3.180000000000000000e+02 1.600000000000000000e+01
3.180000000000000000e+02 1.600000000000000000e+01
3.180000000000000000e+02 1.600000000000000000e+01
3.180000000000000000e+02 1.600000000000000000e+01
3.180000000000000000e+02 1.600000000000000000e+01
3.180000000000000000e+02 1.600000000000000000e+01
3.180000000000000000e+02 1.600000000000000000e+01
2.930000000000000000e+02 1.800000000000000000e+01
2.930000000000000000e+02 1.800000000000000000e+01
2.930000000000000000e+02 1.800000000000000000e+01
2.930000000000000000e+02 1.800000000000000000e+01
2.930000000000000000e+02 1.800000000000000000e+01
2.860000000000000000e+02 2.300000000000000000e+01
2.860000000000000000e+02 2.300000000000000000e+01
2.860000000000000000e+02 2.300000000000000000e+01
3.180000000000000000e+02 3.200000000000000000e+01
3.180000000000000000e+02 3.200000000000000000e+01
2.590000000000000000e+02 2.300000000000000000e+01
2.870000000000000000e+02 2.600000000000000000e+01
2.870000000000000000e+02 2.600000000000000000e+01
2.870000000000000000e+02 2.600000000000000000e+01
2.870000000000000000e+02 2.600000000000000000e+01
2.590000000000000000e+02 2.300000000000000000e+01
2.870000000000000000e+02 2.100000000000000000e+01
2.870000000000000000e+02 2.100000000000000000e+01
3.170000000000000000e+02 2.000000000000000000e+01
3.170000000000000000e+02 2.000000000000000000e+01
3.170000000000000000e+02 2.000000000000000000e+01
2.880000000000000000e+02 2.400000000000000000e+01
3.170000000000000000e+02 2.000000000000000000e+01
2.880000000000000000e+02 2.400000000000000000e+01
2.880000000000000000e+02 2.300000000000000000e+01
2.880000000000000000e+02 2.400000000000000000e+01
2.890000000000000000e+02 2.200000000000000000e+01
2.890000000000000000e+02 2.100000000000000000e+01
3.160000000000000000e+02 1.700000000000000000e+01
3.160000000000000000e+02 1.700000000000000000e+01
2.890000000000000000e+02 1.600000000000000000e+01
2.890000000000000000e+02 1.600000000000000000e+01
2.900000000000000000e+02 1.900000000000000000e+01
2.900000000000000000e+02 1.900000000000000000e+01
2.900000000000000000e+02 1.900000000000000000e+01
2.900000000000000000e+02 2.000000000000000000e+01
2.900000000000000000e+02 1.900000000000000000e+01
2.900000000000000000e+02 1.900000000000000000e+01
2.900000000000000000e+02 1.900000000000000000e+01
2.900000000000000000e+02 1.900000000000000000e+01
2.900000000000000000e+02 1.900000000000000000e+01
2.900000000000000000e+02 1.900000000000000000e+01
2.900000000000000000e+02 1.900000000000000000e+01
2.900000000000000000e+02 1.900000000000000000e+01
2.900000000000000000e+02 1.800000000000000000e+01
2.900000000000000000e+02 1.900000000000000000e+01
2.900000000000000000e+02 1.900000000000000000e+01
2.900000000000000000e+02 1.900000000000000000e+01
2.900000000000000000e+02 1.800000000000000000e+01
2.900000000000000000e+02 1.800000000000000000e+01
2.900000000000000000e+02 1.900000000000000000e+01
2.900000000000000000e+02 1.900000000000000000e+01
2.900000000000000000e+02 1.900000000000000000e+01
2.900000000000000000e+02 1.900000000000000000e+01
2.900000000000000000e+02 1.900000000000000000e+01
2.900000000000000000e+02 1.900000000000000000e+01
2.890000000000000000e+02 2.100000000000000000e+01
2.890000000000000000e+02 2.100000000000000000e+01
2.890000000000000000e+02 2.100000000000000000e+01
2.890000000000000000e+02 2.100000000000000000e+01
2.890000000000000000e+02 1.600000000000000000e+01
2.890000000000000000e+02 1.600000000000000000e+01
3.150000000000000000e+02 1.500000000000000000e+01
2.780000000000000000e+02 3.300000000000000000e+01
2.880000000000000000e+02 2.200000000000000000e+01
2.880000000000000000e+02 2.200000000000000000e+01
2.880000000000000000e+02 2.200000000000000000e+01
2.880000000000000000e+02 2.200000000000000000e+01
2.880000000000000000e+02 2.300000000000000000e+01
2.940000000000000000e+02 1.700000000000000000e+01
3.170000000000000000e+02 1.400000000000000000e+01
3.170000000000000000e+02 1.400000000000000000e+01
3.160000000000000000e+02 1.200000000000000000e+01
2.940000000000000000e+02 1.500000000000000000e+01
2.940000000000000000e+02 1.600000000000000000e+01
2.940000000000000000e+02 1.600000000000000000e+01
2.940000000000000000e+02 1.600000000000000000e+01
2.940000000000000000e+02 1.600000000000000000e+01
2.930000000000000000e+02 1.800000000000000000e+01
3.170000000000000000e+02 1.400000000000000000e+01
3.170000000000000000e+02 1.400000000000000000e+01
2.640000000000000000e+02 2.400000000000000000e+01
3.170000000000000000e+02 1.300000000000000000e+01
3.180000000000000000e+02 1.600000000000000000e+01
3.180000000000000000e+02 1.600000000000000000e+01
3.180000000000000000e+02 1.500000000000000000e+01
3.180000000000000000e+02 1.600000000000000000e+01
3.180000000000000000e+02 1.500000000000000000e+01
3.180000000000000000e+02 1.500000000000000000e+01
2.940000000000000000e+02 1.600000000000000000e+01
3.180000000000000000e+02 1.600000000000000000e+01
3.180000000000000000e+02 1.600000000000000000e+01
3.180000000000000000e+02 1.600000000000000000e+01
3.180000000000000000e+02 1.600000000000000000e+01
3.180000000000000000e+02 1.600000000000000000e+01
3.180000000000000000e+02 1.600000000000000000e+01
3.180000000000000000e+02 1.600000000000000000e+01
2.640000000000000000e+02 2.400000000000000000e+01
2.640000000000000000e+02 2.400000000000000000e+01
2.640000000000000000e+02 2.400000000000000000e+01
2.640000000000000000e+02 4.900000000000000000e+01
2.640000000000000000e+02 2.400000000000000000e+01
2.640000000000000000e+02 4.900000000000000000e+01
2.640000000000000000e+02 4.900000000000000000e+01
3.180000000000000000e+02 2.200000000000000000e+01
3.170000000000000000e+02 2.000000000000000000e+01
3.170000000000000000e+02 2.000000000000000000e+01
3.170000000000000000e+02 2.000000000000000000e+01
2.640000000000000000e+02 4.800000000000000000e+01
2.640000000000000000e+02 4.800000000000000000e+01
2.640000000000000000e+02 4.800000000000000000e+01
2.640000000000000000e+02 4.800000000000000000e+01
3.170000000000000000e+02 4.400000000000000000e+01
3.170000000000000000e+02 2.000000000000000000e+01
3.170000000000000000e+02 2.000000000000000000e+01
3.170000000000000000e+02 2.000000000000000000e+01
3.160000000000000000e+02 1.800000000000000000e+01
3.160000000000000000e+02 1.800000000000000000e+01
3.170000000000000000e+02 2.000000000000000000e+01
2.690000000000000000e+02 4.200000000000000000e+01
2.690000000000000000e+02 4.200000000000000000e+01
3.160000000000000000e+02 1.700000000000000000e+01
2.890000000000000000e+02 1.700000000000000000e+01
2.690000000000000000e+02 1.500000000000000000e+01
2.890000000000000000e+02 1.700000000000000000e+01
2.890000000000000000e+02 1.600000000000000000e+01
2.890000000000000000e+02 1.700000000000000000e+01
2.890000000000000000e+02 2.100000000000000000e+01
2.900000000000000000e+02 2.000000000000000000e+01
2.900000000000000000e+02 2.000000000000000000e+01
2.900000000000000000e+02 1.900000000000000000e+01
3.160000000000000000e+02 1.600000000000000000e+01
2.900000000000000000e+02 1.900000000000000000e+01
2.900000000000000000e+02 2.000000000000000000e+01
2.900000000000000000e+02 1.900000000000000000e+01
2.900000000000000000e+02 2.000000000000000000e+01
2.900000000000000000e+02 2.000000000000000000e+01
2.900000000000000000e+02 2.000000000000000000e+01
2.900000000000000000e+02 2.000000000000000000e+01
2.900000000000000000e+02 2.000000000000000000e+01
2.900000000000000000e+02 2.000000000000000000e+01
2.900000000000000000e+02 2.000000000000000000e+01
2.900000000000000000e+02 2.000000000000000000e+01
2.900000000000000000e+02 1.900000000000000000e+01
2.900000000000000000e+02 1.900000000000000000e+01
2.900000000000000000e+02 2.000000000000000000e+01
2.900000000000000000e+02 2.000000000000000000e+01
2.900000000000000000e+02 2.000000000000000000e+01
2.900000000000000000e+02 2.000000000000000000e+01
2.900000000000000000e+02 1.900000000000000000e+01
2.900000000000000000e+02 2.000000000000000000e+01
2.900000000000000000e+02 1.400000000000000000e+01
2.890000000000000000e+02 1.600000000000000000e+01
2.640000000000000000e+02 2.000000000000000000e+01
2.640000000000000000e+02 2.000000000000000000e+01
2.640000000000000000e+02 2.000000000000000000e+01
2.640000000000000000e+02 2.000000000000000000e+01
2.640000000000000000e+02 2.000000000000000000e+01
3.160000000000000000e+02 1.700000000000000000e+01
3.160000000000000000e+02 2.800000000000000000e+01
2.880000000000000000e+02 2.400000000000000000e+01
3.170000000000000000e+02 2.000000000000000000e+01
2.880000000000000000e+02 2.400000000000000000e+01
3.170000000000000000e+02 2.000000000000000000e+01
3.170000000000000000e+02 2.000000000000000000e+01
3.170000000000000000e+02 2.000000000000000000e+01
3.170000000000000000e+02 3.000000000000000000e+01
3.170000000000000000e+02 3.000000000000000000e+01
3.170000000000000000e+02 1.400000000000000000e+01
2.640000000000000000e+02 2.500000000000000000e+01
2.640000000000000000e+02 1.800000000000000000e+01
2.640000000000000000e+02 1.800000000000000000e+01
2.640000000000000000e+02 1.800000000000000000e+01
2.640000000000000000e+02 1.800000000000000000e+01
2.640000000000000000e+02 1.800000000000000000e+01
2.640000000000000000e+02 1.800000000000000000e+01
2.590000000000000000e+02 2.300000000000000000e+01
2.590000000000000000e+02 2.300000000000000000e+01
2.590000000000000000e+02 2.300000000000000000e+01
2.590000000000000000e+02 2.300000000000000000e+01
2.590000000000000000e+02 2.300000000000000000e+01
2.590000000000000000e+02 3.000000000000000000e+01
2.590000000000000000e+02 3.000000000000000000e+01
3.180000000000000000e+02 1.500000000000000000e+01
2.590000000000000000e+02 3.000000000000000000e+01
2.590000000000000000e+02 3.000000000000000000e+01
2.590000000000000000e+02 3.000000000000000000e+01
2.590000000000000000e+02 3.000000000000000000e+01
2.590000000000000000e+02 3.000000000000000000e+01
2.590000000000000000e+02 3.000000000000000000e+01
2.590000000000000000e+02 5.400000000000000000e+01
2.590000000000000000e+02 5.400000000000000000e+01
2.590000000000000000e+02 5.400000000000000000e+01
2.590000000000000000e+02 5.400000000000000000e+01
2.590000000000000000e+02 5.400000000000000000e+01
3.180000000000000000e+02 2.200000000000000000e+01
3.180000000000000000e+02 2.200000000000000000e+01
3.180000000000000000e+02 2.200000000000000000e+01
3.170000000000000000e+02 2.000000000000000000e+01
3.170000000000000000e+02 2.000000000000000000e+01
3.170000000000000000e+02 2.000000000000000000e+01
3.170000000000000000e+02 2.100000000000000000e+01
3.170000000000000000e+02 3.000000000000000000e+01
2.640000000000000000e+02 4.800000000000000000e+01
3.170000000000000000e+02 3.000000000000000000e+01
2.640000000000000000e+02 4.800000000000000000e+01
2.640000000000000000e+02 4.800000000000000000e+01
2.640000000000000000e+02 4.700000000000000000e+01
3.170000000000000000e+02 2.000000000000000000e+01
3.170000000000000000e+02 2.000000000000000000e+01
3.170000000000000000e+02 2.000000000000000000e+01
3.170000000000000000e+02 2.000000000000000000e+01
3.170000000000000000e+02 2.000000000000000000e+01
2.640000000000000000e+02 4.700000000000000000e+01
2.640000000000000000e+02 4.600000000000000000e+01
2.640000000000000000e+02 4.600000000000000000e+01
2.640000000000000000e+02 2.000000000000000000e+01
2.640000000000000000e+02 2.000000000000000000e+01
2.640000000000000000e+02 2.000000000000000000e+01
2.890000000000000000e+02 1.700000000000000000e+01
2.890000000000000000e+02 1.700000000000000000e+01
2.890000000000000000e+02 1.700000000000000000e+01
2.890000000000000000e+02 1.600000000000000000e+01
2.890000000000000000e+02 1.600000000000000000e+01
2.890000000000000000e+02 1.600000000000000000e+01
2.900000000000000000e+02 2.000000000000000000e+01
2.900000000000000000e+02 2.000000000000000000e+01
2.900000000000000000e+02 2.000000000000000000e+01
2.900000000000000000e+02 2.000000000000000000e+01
2.900000000000000000e+02 2.000000000000000000e+01
2.900000000000000000e+02 2.000000000000000000e+01
2.900000000000000000e+02 1.900000000000000000e+01
2.900000000000000000e+02 2.000000000000000000e+01
2.900000000000000000e+02 2.000000000000000000e+01
2.900000000000000000e+02 2.000000000000000000e+01
2.900000000000000000e+02 1.900000000000000000e+01
2.900000000000000000e+02 1.900000000000000000e+01
2.900000000000000000e+02 1.900000000000000000e+01
2.900000000000000000e+02 1.900000000000000000e+01
2.900000000000000000e+02 1.900000000000000000e+01
2.900000000000000000e+02 1.900000000000000000e+01
2.900000000000000000e+02 1.900000000000000000e+01
2.900000000000000000e+02 1.900000000000000000e+01
2.900000000000000000e+02 1.900000000000000000e+01
2.900000000000000000e+02 1.900000000000000000e+01
2.890000000000000000e+02 2.100000000000000000e+01
2.890000000000000000e+02 2.100000000000000000e+01
3.160000000000000000e+02 1.700000000000000000e+01
2.890000000000000000e+02 1.500000000000000000e+01
2.890000000000000000e+02 1.500000000000000000e+01
2.890000000000000000e+02 1.500000000000000000e+01
2.890000000000000000e+02 1.500000000000000000e+01
2.890000000000000000e+02 2.100000000000000000e+01
2.890000000000000000e+02 2.100000000000000000e+01
2.880000000000000000e+02 2.300000000000000000e+01
2.880000000000000000e+02 2.300000000000000000e+01
2.880000000000000000e+02 2.300000000000000000e+01
2.880000000000000000e+02 2.300000000000000000e+01
2.880000000000000000e+02 2.400000000000000000e+01
3.170000000000000000e+02 2.000000000000000000e+01
2.880000000000000000e+02 1.800000000000000000e+01
3.170000000000000000e+02 2.000000000000000000e+01
2.950000000000000000e+02 1.500000000000000000e+01
3.170000000000000000e+02 1.300000000000000000e+01
3.170000000000000000e+02 1.300000000000000000e+01
3.170000000000000000e+02 1.400000000000000000e+01
2.640000000000000000e+02 1.800000000000000000e+01
2.640000000000000000e+02 1.800000000000000000e+01
2.640000000000000000e+02 1.800000000000000000e+01
2.940000000000000000e+02 1.600000000000000000e+01
2.940000000000000000e+02 1.600000000000000000e+01
2.940000000000000000e+02 1.600000000000000000e+01
2.940000000000000000e+02 1.600000000000000000e+01
2.940000000000000000e+02 1.600000000000000000e+01
2.940000000000000000e+02 1.600000000000000000e+01
2.940000000000000000e+02 1.600000000000000000e+01
2.940000000000000000e+02 1.700000000000000000e+01
2.940000000000000000e+02 1.700000000000000000e+01
2.940000000000000000e+02 1.700000000000000000e+01
2.940000000000000000e+02 1.700000000000000000e+01
2.940000000000000000e+02 1.700000000000000000e+01
3.180000000000000000e+02 1.500000000000000000e+01
2.640000000000000000e+02 1.800000000000000000e+01
2.940000000000000000e+02 1.700000000000000000e+01
2.870000000000000000e+02 2.000000000000000000e+01
2.870000000000000000e+02 2.500000000000000000e+01
3.180000000000000000e+02 2.200000000000000000e+01
3.170000000000000000e+02 2.000000000000000000e+01
3.170000000000000000e+02 2.000000000000000000e+01
3.170000000000000000e+02 2.000000000000000000e+01
3.170000000000000000e+02 2.000000000000000000e+01
2.870000000000000000e+02 2.100000000000000000e+01
2.870000000000000000e+02 2.100000000000000000e+01
2.870000000000000000e+02 2.100000000000000000e+01
2.870000000000000000e+02 2.100000000000000000e+01
2.780000000000000000e+02 3.400000000000000000e+01
2.780000000000000000e+02 3.400000000000000000e+01
2.780000000000000000e+02 3.300000000000000000e+01
3.170000000000000000e+02 3.000000000000000000e+01
2.690000000000000000e+02 4.300000000000000000e+01
3.160000000000000000e+02 1.800000000000000000e+01
3.160000000000000000e+02 1.800000000000000000e+01
3.160000000000000000e+02 1.800000000000000000e+01
3.160000000000000000e+02 1.800000000000000000e+01
3.160000000000000000e+02 1.800000000000000000e+01
3.160000000000000000e+02 1.800000000000000000e+01
2.690000000000000000e+02 4.100000000000000000e+01
2.690000000000000000e+02 4.100000000000000000e+01
2.790000000000000000e+02 2.600000000000000000e+01
2.890000000000000000e+02 1.600000000000000000e+01
2.890000000000000000e+02 1.700000000000000000e+01
2.890000000000000000e+02 1.600000000000000000e+01
2.890000000000000000e+02 1.600000000000000000e+01
2.890000000000000000e+02 1.600000000000000000e+01
2.890000000000000000e+02 1.700000000000000000e+01
2.890000000000000000e+02 1.600000000000000000e+01
2.790000000000000000e+02 2.600000000000000000e+01
2.900000000000000000e+02 1.400000000000000000e+01
2.900000000000000000e+02 1.900000000000000000e+01
2.900000000000000000e+02 1.900000000000000000e+01
2.900000000000000000e+02 1.900000000000000000e+01
2.900000000000000000e+02 2.000000000000000000e+01
2.900000000000000000e+02 2.000000000000000000e+01
2.900000000000000000e+02 2.000000000000000000e+01
2.900000000000000000e+02 2.000000000000000000e+01
2.900000000000000000e+02 2.000000000000000000e+01
2.900000000000000000e+02 2.000000000000000000e+01
2.900000000000000000e+02 2.000000000000000000e+01
2.900000000000000000e+02 1.900000000000000000e+01
2.900000000000000000e+02 1.900000000000000000e+01
2.900000000000000000e+02 1.900000000000000000e+01
2.900000000000000000e+02 1.900000000000000000e+01
2.900000000000000000e+02 1.900000000000000000e+01
2.900000000000000000e+02 1.900000000000000000e+01
2.900000000000000000e+02 1.900000000000000000e+01
2.900000000000000000e+02 1.900000000000000000e+01
2.900000000000000000e+02 1.900000000000000000e+01
2.900000000000000000e+02 1.900000000000000000e+01
2.900000000000000000e+02 1.900000000000000000e+01
2.900000000000000000e+02 1.900000000000000000e+01
2.900000000000000000e+02 1.900000000000000000e+01
2.900000000000000000e+02 1.900000000000000000e+01
2.900000000000000000e+02 1.900000000000000000e+01
3.160000000000000000e+02 1.600000000000000000e+01
2.890000000000000000e+02 1.700000000000000000e+01
2.890000000000000000e+02 1.700000000000000000e+01
2.890000000000000000e+02 1.700000000000000000e+01
2.890000000000000000e+02 1.700000000000000000e+01
3.160000000000000000e+02 1.700000000000000000e+01
3.170000000000000000e+02 1.900000000000000000e+01
3.170000000000000000e+02 1.900000000000000000e+01
3.160000000000000000e+02 3.300000000000000000e+01
2.780000000000000000e+02 3.400000000000000000e+01
3.170000000000000000e+02 2.000000000000000000e+01
3.170000000000000000e+02 2.000000000000000000e+01
3.170000000000000000e+02 2.000000000000000000e+01
3.170000000000000000e+02 2.000000000000000000e+01
3.170000000000000000e+02 2.000000000000000000e+01
3.170000000000000000e+02 2.000000000000000000e+01
2.950000000000000000e+02 1.500000000000000000e+01
3.170000000000000000e+02 2.000000000000000000e+01
2.590000000000000000e+02 1.400000000000000000e+01
2.590000000000000000e+02 1.400000000000000000e+01
2.590000000000000000e+02 1.400000000000000000e+01
2.590000000000000000e+02 1.400000000000000000e+01
2.590000000000000000e+02 2.300000000000000000e+01
2.590000000000000000e+02 2.300000000000000000e+01
2.590000000000000000e+02 2.300000000000000000e+01
2.590000000000000000e+02 2.300000000000000000e+01
2.590000000000000000e+02 2.300000000000000000e+01
2.590000000000000000e+02 2.300000000000000000e+01
2.590000000000000000e+02 2.300000000000000000e+01
2.590000000000000000e+02 2.300000000000000000e+01
2.590000000000000000e+02 2.300000000000000000e+01
2.590000000000000000e+02 2.300000000000000000e+01
2.590000000000000000e+02 2.300000000000000000e+01
2.590000000000000000e+02 2.300000000000000000e+01
2.590000000000000000e+02 2.300000000000000000e+01
2.640000000000000000e+02 1.800000000000000000e+01
2.640000000000000000e+02 1.800000000000000000e+01
3.170000000000000000e+02 2.000000000000000000e+01
3.170000000000000000e+02 2.000000000000000000e+01
3.170000000000000000e+02 2.000000000000000000e+01
3.170000000000000000e+02 2.000000000000000000e+01
3.170000000000000000e+02 2.100000000000000000e+01
3.170000000000000000e+02 2.900000000000000000e+01
2.870000000000000000e+02 2.100000000000000000e+01
2.640000000000000000e+02 4.800000000000000000e+01
2.640000000000000000e+02 4.800000000000000000e+01
2.640000000000000000e+02 4.800000000000000000e+01
2.640000000000000000e+02 4.800000000000000000e+01
2.640000000000000000e+02 4.800000000000000000e+01
2.640000000000000000e+02 4.700000000000000000e+01
3.160000000000000000e+02 1.800000000000000000e+01
3.160000000000000000e+02 1.800000000000000000e+01
3.160000000000000000e+02 1.800000000000000000e+01
3.150000000000000000e+02 1.600000000000000000e+01
3.150000000000000000e+02 1.600000000000000000e+01
2.690000000000000000e+02 4.100000000000000000e+01
2.790000000000000000e+02 2.600000000000000000e+01
2.790000000000000000e+02 2.700000000000000000e+01
2.790000000000000000e+02 2.600000000000000000e+01
2.790000000000000000e+02 2.600000000000000000e+01
2.790000000000000000e+02 2.600000000000000000e+01
2.890000000000000000e+02 1.600000000000000000e+01
2.890000000000000000e+02 1.600000000000000000e+01
2.890000000000000000e+02 1.600000000000000000e+01
2.890000000000000000e+02 1.600000000000000000e+01
2.890000000000000000e+02 1.600000000000000000e+01
2.890000000000000000e+02 1.600000000000000000e+01
2.890000000000000000e+02 1.600000000000000000e+01
2.790000000000000000e+02 2.600000000000000000e+01
2.900000000000000000e+02 1.400000000000000000e+01
2.900000000000000000e+02 1.400000000000000000e+01
2.900000000000000000e+02 1.900000000000000000e+01
2.900000000000000000e+02 2.000000000000000000e+01
2.900000000000000000e+02 2.000000000000000000e+01
2.900000000000000000e+02 2.000000000000000000e+01
2.900000000000000000e+02 1.900000000000000000e+01
2.900000000000000000e+02 2.000000000000000000e+01
2.900000000000000000e+02 1.900000000000000000e+01
2.900000000000000000e+02 1.900000000000000000e+01
2.900000000000000000e+02 1.900000000000000000e+01
2.900000000000000000e+02 1.900000000000000000e+01
2.900000000000000000e+02 2.000000000000000000e+01
2.900000000000000000e+02 2.000000000000000000e+01
2.900000000000000000e+02 1.900000000000000000e+01
2.900000000000000000e+02 1.900000000000000000e+01
2.900000000000000000e+02 2.000000000000000000e+01
2.900000000000000000e+02 2.000000000000000000e+01
2.900000000000000000e+02 1.900000000000000000e+01
3.150000000000000000e+02 1.400000000000000000e+01
2.900000000000000000e+02 2.000000000000000000e+01
2.900000000000000000e+02 1.900000000000000000e+01
3.160000000000000000e+02 1.600000000000000000e+01
3.160000000000000000e+02 1.700000000000000000e+01
3.160000000000000000e+02 1.700000000000000000e+01
3.160000000000000000e+02 1.700000000000000000e+01
3.160000000000000000e+02 1.700000000000000000e+01
3.170000000000000000e+02 1.900000000000000000e+01
3.170000000000000000e+02 1.900000000000000000e+01
3.170000000000000000e+02 1.900000000000000000e+01
3.170000000000000000e+02 1.900000000000000000e+01
3.170000000000000000e+02 1.900000000000000000e+01
3.170000000000000000e+02 1.900000000000000000e+01
2.780000000000000000e+02 3.400000000000000000e+01
2.880000000000000000e+02 2.400000000000000000e+01
2.880000000000000000e+02 2.400000000000000000e+01
2.880000000000000000e+02 2.400000000000000000e+01
2.880000000000000000e+02 2.400000000000000000e+01
2.880000000000000000e+02 2.300000000000000000e+01
2.880000000000000000e+02 2.400000000000000000e+01
2.880000000000000000e+02 2.400000000000000000e+01
2.880000000000000000e+02 2.400000000000000000e+01
2.880000000000000000e+02 2.400000000000000000e+01
2.950000000000000000e+02 1.500000000000000000e+01
2.950000000000000000e+02 1.500000000000000000e+01
2.950000000000000000e+02 1.500000000000000000e+01
2.940000000000000000e+02 1.700000000000000000e+01
2.940000000000000000e+02 1.700000000000000000e+01
2.940000000000000000e+02 1.700000000000000000e+01
2.590000000000000000e+02 1.400000000000000000e+01
2.590000000000000000e+02 1.400000000000000000e+01
2.590000000000000000e+02 1.400000000000000000e+01
2.940000000000000000e+02 1.600000000000000000e+01
2.940000000000000000e+02 1.600000000000000000e+01
2.940000000000000000e+02 1.600000000000000000e+01
2.590000000000000000e+02 2.300000000000000000e+01
2.590000000000000000e+02 2.300000000000000000e+01
2.590000000000000000e+02 2.300000000000000000e+01
2.590000000000000000e+02 2.300000000000000000e+01
2.590000000000000000e+02 2.300000000000000000e+01
2.590000000000000000e+02 2.300000000000000000e+01
2.940000000000000000e+02 1.600000000000000000e+01
2.940000000000000000e+02 1.600000000000000000e+01
2.590000000000000000e+02 2.300000000000000000e+01
2.870000000000000000e+02 2.100000000000000000e+01
2.590000000000000000e+02 2.300000000000000000e+01
2.590000000000000000e+02 2.300000000000000000e+01
2.590000000000000000e+02 2.300000000000000000e+01
2.590000000000000000e+02 5.300000000000000000e+01
2.640000000000000000e+02 4.700000000000000000e+01
3.160000000000000000e+02 2.800000000000000000e+01
2.640000000000000000e+02 4.700000000000000000e+01
2.640000000000000000e+02 4.700000000000000000e+01
2.640000000000000000e+02 1.900000000000000000e+01
2.640000000000000000e+02 1.900000000000000000e+01
2.640000000000000000e+02 1.900000000000000000e+01
2.640000000000000000e+02 1.900000000000000000e+01
2.640000000000000000e+02 1.900000000000000000e+01
2.640000000000000000e+02 1.900000000000000000e+01
2.640000000000000000e+02 1.900000000000000000e+01
2.640000000000000000e+02 1.900000000000000000e+01
2.640000000000000000e+02 1.900000000000000000e+01
3.160000000000000000e+02 1.800000000000000000e+01
2.640000000000000000e+02 1.900000000000000000e+01
3.150000000000000000e+02 2.500000000000000000e+01
2.790000000000000000e+02 3.000000000000000000e+01
2.790000000000000000e+02 2.600000000000000000e+01
3.150000000000000000e+02 2.500000000000000000e+01
2.890000000000000000e+02 1.600000000000000000e+01
2.890000000000000000e+02 1.600000000000000000e+01
2.890000000000000000e+02 1.600000000000000000e+01
2.890000000000000000e+02 1.600000000000000000e+01
2.890000000000000000e+02 1.600000000000000000e+01
2.890000000000000000e+02 1.600000000000000000e+01
2.890000000000000000e+02 1.600000000000000000e+01
2.890000000000000000e+02 1.600000000000000000e+01
2.890000000000000000e+02 1.600000000000000000e+01
2.890000000000000000e+02 1.600000000000000000e+01
2.890000000000000000e+02 1.700000000000000000e+01
2.890000000000000000e+02 1.600000000000000000e+01
3.150000000000000000e+02 1.500000000000000000e+01
2.890000000000000000e+02 2.100000000000000000e+01
3.150000000000000000e+02 1.500000000000000000e+01
3.150000000000000000e+02 1.500000000000000000e+01
3.150000000000000000e+02 1.500000000000000000e+01
2.890000000000000000e+02 1.500000000000000000e+01
2.890000000000000000e+02 1.500000000000000000e+01
3.160000000000000000e+02 1.700000000000000000e+01
3.160000000000000000e+02 1.700000000000000000e+01
3.160000000000000000e+02 1.700000000000000000e+01
3.160000000000000000e+02 1.700000000000000000e+01
3.160000000000000000e+02 1.700000000000000000e+01
3.160000000000000000e+02 1.700000000000000000e+01
3.160000000000000000e+02 1.700000000000000000e+01
3.160000000000000000e+02 1.700000000000000000e+01
3.160000000000000000e+02 1.700000000000000000e+01
3.160000000000000000e+02 1.700000000000000000e+01
3.160000000000000000e+02 1.700000000000000000e+01
3.160000000000000000e+02 1.700000000000000000e+01
3.160000000000000000e+02 1.700000000000000000e+01
3.160000000000000000e+02 1.700000000000000000e+01
3.160000000000000000e+02 1.700000000000000000e+01
3.160000000000000000e+02 1.700000000000000000e+01
3.160000000000000000e+02 1.700000000000000000e+01
3.170000000000000000e+02 1.900000000000000000e+01
3.170000000000000000e+02 1.900000000000000000e+01
3.170000000000000000e+02 1.900000000000000000e+01
3.160000000000000000e+02 1.700000000000000000e+01
3.160000000000000000e+02 1.700000000000000000e+01
3.160000000000000000e+02 1.700000000000000000e+01
3.170000000000000000e+02 2.000000000000000000e+01
3.170000000000000000e+02 2.000000000000000000e+01
3.170000000000000000e+02 2.000000000000000000e+01
3.160000000000000000e+02 1.800000000000000000e+01
2.880000000000000000e+02 1.800000000000000000e+01
2.880000000000000000e+02 2.300000000000000000e+01
2.880000000000000000e+02 2.300000000000000000e+01
2.880000000000000000e+02 2.400000000000000000e+01
2.880000000000000000e+02 2.400000000000000000e+01
2.880000000000000000e+02 2.400000000000000000e+01
2.880000000000000000e+02 2.300000000000000000e+01
2.950000000000000000e+02 1.400000000000000000e+01
2.950000000000000000e+02 1.400000000000000000e+01
2.950000000000000000e+02 1.400000000000000000e+01
2.950000000000000000e+02 1.400000000000000000e+01
2.950000000000000000e+02 1.500000000000000000e+01
2.950000000000000000e+02 1.400000000000000000e+01
2.950000000000000000e+02 1.500000000000000000e+01
3.170000000000000000e+02 2.000000000000000000e+01
2.880000000000000000e+02 2.400000000000000000e+01
3.170000000000000000e+02 2.000000000000000000e+01
2.880000000000000000e+02 1.800000000000000000e+01
3.170000000000000000e+02 2.000000000000000000e+01
2.880000000000000000e+02 1.800000000000000000e+01
2.880000000000000000e+02 2.300000000000000000e+01
2.880000000000000000e+02 2.400000000000000000e+01
2.880000000000000000e+02 2.300000000000000000e+01
2.880000000000000000e+02 2.300000000000000000e+01
2.880000000000000000e+02 2.300000000000000000e+01
2.880000000000000000e+02 2.300000000000000000e+01
2.880000000000000000e+02 2.300000000000000000e+01
2.880000000000000000e+02 2.400000000000000000e+01
3.160000000000000000e+02 1.800000000000000000e+01
3.160000000000000000e+02 1.800000000000000000e+01
3.170000000000000000e+02 2.000000000000000000e+01
3.160000000000000000e+02 1.800000000000000000e+01
3.160000000000000000e+02 1.800000000000000000e+01
2.640000000000000000e+02 1.900000000000000000e+01
3.160000000000000000e+02 1.800000000000000000e+01
2.880000000000000000e+02 1.900000000000000000e+01
2.880000000000000000e+02 1.800000000000000000e+01
2.880000000000000000e+02 1.800000000000000000e+01
2.880000000000000000e+02 1.800000000000000000e+01
2.790000000000000000e+02 2.700000000000000000e+01
2.790000000000000000e+02 2.700000000000000000e+01
2.790000000000000000e+02 2.700000000000000000e+01
2.790000000000000000e+02 2.600000000000000000e+01
2.790000000000000000e+02 2.600000000000000000e+01
2.790000000000000000e+02 2.600000000000000000e+01
2.790000000000000000e+02 2.600000000000000000e+01
2.890000000000000000e+02 1.700000000000000000e+01
2.790000000000000000e+02 2.600000000000000000e+01
2.890000000000000000e+02 1.700000000000000000e+01
2.890000000000000000e+02 1.700000000000000000e+01
2.890000000000000000e+02 1.700000000000000000e+01
2.890000000000000000e+02 1.600000000000000000e+01
2.890000000000000000e+02 1.600000000000000000e+01
2.890000000000000000e+02 1.600000000000000000e+01
2.890000000000000000e+02 1.600000000000000000e+01
2.890000000000000000e+02 1.600000000000000000e+01
2.890000000000000000e+02 1.600000000000000000e+01
2.890000000000000000e+02 1.600000000000000000e+01
2.890000000000000000e+02 1.700000000000000000e+01
2.890000000000000000e+02 1.600000000000000000e+01
2.890000000000000000e+02 1.700000000000000000e+01
2.890000000000000000e+02 1.600000000000000000e+01
2.890000000000000000e+02 1.600000000000000000e+01
3.150000000000000000e+02 1.500000000000000000e+01
3.150000000000000000e+02 1.500000000000000000e+01
3.150000000000000000e+02 1.500000000000000000e+01
3.160000000000000000e+02 1.700000000000000000e+01
3.160000000000000000e+02 1.700000000000000000e+01
2.890000000000000000e+02 2.100000000000000000e+01
2.890000000000000000e+02 2.100000000000000000e+01
2.890000000000000000e+02 2.100000000000000000e+01
2.890000000000000000e+02 2.100000000000000000e+01
2.890000000000000000e+02 2.100000000000000000e+01
2.890000000000000000e+02 2.100000000000000000e+01
2.890000000000000000e+02 2.100000000000000000e+01
2.890000000000000000e+02 2.100000000000000000e+01
2.890000000000000000e+02 2.100000000000000000e+01
2.890000000000000000e+02 2.100000000000000000e+01
2.890000000000000000e+02 2.100000000000000000e+01
2.890000000000000000e+02 2.100000000000000000e+01
2.890000000000000000e+02 2.100000000000000000e+01
2.880000000000000000e+02 2.300000000000000000e+01
2.880000000000000000e+02 2.300000000000000000e+01
2.880000000000000000e+02 2.300000000000000000e+01
2.880000000000000000e+02 2.300000000000000000e+01
3.160000000000000000e+02 1.800000000000000000e+01
2.880000000000000000e+02 2.300000000000000000e+01
3.160000000000000000e+02 1.800000000000000000e+01
3.160000000000000000e+02 1.800000000000000000e+01
3.160000000000000000e+02 1.800000000000000000e+01
3.160000000000000000e+02 1.800000000000000000e+01
3.160000000000000000e+02 1.800000000000000000e+01
3.160000000000000000e+02 1.800000000000000000e+01
3.160000000000000000e+02 1.800000000000000000e+01
3.170000000000000000e+02 2.000000000000000000e+01
3.170000000000000000e+02 2.000000000000000000e+01
3.160000000000000000e+02 1.800000000000000000e+01
3.160000000000000000e+02 1.800000000000000000e+01
3.170000000000000000e+02 2.000000000000000000e+01
3.160000000000000000e+02 1.800000000000000000e+01
3.160000000000000000e+02 1.800000000000000000e+01
3.170000000000000000e+02 2.000000000000000000e+01
3.170000000000000000e+02 2.000000000000000000e+01
3.160000000000000000e+02 1.800000000000000000e+01
2.950000000000000000e+02 1.400000000000000000e+01
3.160000000000000000e+02 1.800000000000000000e+01
3.160000000000000000e+02 1.800000000000000000e+01
3.160000000000000000e+02 1.800000000000000000e+01
3.160000000000000000e+02 1.800000000000000000e+01
2.950000000000000000e+02 1.400000000000000000e+01
2.880000000000000000e+02 2.300000000000000000e+01
2.880000000000000000e+02 2.300000000000000000e+01
2.880000000000000000e+02 2.400000000000000000e+01
2.880000000000000000e+02 2.400000000000000000e+01
3.170000000000000000e+02 2.000000000000000000e+01
3.170000000000000000e+02 2.000000000000000000e+01
3.160000000000000000e+02 1.800000000000000000e+01
3.150000000000000000e+02 2.500000000000000000e+01
3.150000000000000000e+02 1.600000000000000000e+01
3.150000000000000000e+02 1.600000000000000000e+01
3.150000000000000000e+02 1.600000000000000000e+01
3.160000000000000000e+02 1.800000000000000000e+01
2.880000000000000000e+02 1.800000000000000000e+01
2.880000000000000000e+02 1.800000000000000000e+01
2.880000000000000000e+02 1.800000000000000000e+01
2.790000000000000000e+02 2.700000000000000000e+01
2.880000000000000000e+02 1.800000000000000000e+01
2.880000000000000000e+02 1.800000000000000000e+01
2.790000000000000000e+02 2.600000000000000000e+01
2.790000000000000000e+02 2.600000000000000000e+01
2.790000000000000000e+02 2.600000000000000000e+01
2.790000000000000000e+02 2.600000000000000000e+01
2.790000000000000000e+02 2.600000000000000000e+01
2.790000000000000000e+02 3.100000000000000000e+01
2.790000000000000000e+02 3.100000000000000000e+01
2.790000000000000000e+02 3.100000000000000000e+01
2.790000000000000000e+02 3.100000000000000000e+01
2.790000000000000000e+02 3.100000000000000000e+01
2.790000000000000000e+02 3.100000000000000000e+01
2.890000000000000000e+02 1.600000000000000000e+01
2.890000000000000000e+02 1.600000000000000000e+01
2.890000000000000000e+02 1.600000000000000000e+01
2.890000000000000000e+02 1.600000000000000000e+01
2.890000000000000000e+02 1.600000000000000000e+01
2.890000000000000000e+02 1.600000000000000000e+01
2.890000000000000000e+02 1.700000000000000000e+01
2.890000000000000000e+02 1.600000000000000000e+01
2.890000000000000000e+02 1.600000000000000000e+01
2.890000000000000000e+02 1.600000000000000000e+01
2.890000000000000000e+02 1.700000000000000000e+01
2.890000000000000000e+02 1.600000000000000000e+01
2.890000000000000000e+02 1.600000000000000000e+01
2.640000000000000000e+02 2.000000000000000000e+01
2.690000000000000000e+02 4.100000000000000000e+01
2.690000000000000000e+02 4.200000000000000000e+01
3.150000000000000000e+02 4.000000000000000000e+01
3.150000000000000000e+02 1.500000000000000000e+01
3.160000000000000000e+02 1.700000000000000000e+01
3.160000000000000000e+02 1.700000000000000000e+01
3.160000000000000000e+02 1.700000000000000000e+01
2.890000000000000000e+02 2.100000000000000000e+01
2.890000000000000000e+02 2.100000000000000000e+01
2.880000000000000000e+02 2.300000000000000000e+01
2.880000000000000000e+02 2.300000000000000000e+01
2.880000000000000000e+02 2.300000000000000000e+01
2.880000000000000000e+02 2.300000000000000000e+01
2.880000000000000000e+02 2.300000000000000000e+01
2.880000000000000000e+02 2.300000000000000000e+01
2.880000000000000000e+02 2.300000000000000000e+01
2.880000000000000000e+02 2.300000000000000000e+01
2.880000000000000000e+02 2.400000000000000000e+01
2.880000000000000000e+02 2.400000000000000000e+01
2.880000000000000000e+02 2.300000000000000000e+01
2.880000000000000000e+02 2.300000000000000000e+01
2.880000000000000000e+02 2.300000000000000000e+01
2.880000000000000000e+02 2.300000000000000000e+01
2.880000000000000000e+02 2.400000000000000000e+01
2.880000000000000000e+02 2.300000000000000000e+01
3.170000000000000000e+02 2.000000000000000000e+01
2.880000000000000000e+02 2.400000000000000000e+01
2.880000000000000000e+02 2.400000000000000000e+01
2.880000000000000000e+02 2.400000000000000000e+01
2.880000000000000000e+02 2.400000000000000000e+01
2.880000000000000000e+02 2.400000000000000000e+01
3.170000000000000000e+02 2.000000000000000000e+01
3.170000000000000000e+02 2.000000000000000000e+01
3.170000000000000000e+02 2.000000000000000000e+01
3.170000000000000000e+02 2.000000000000000000e+01
3.170000000000000000e+02 2.000000000000000000e+01
3.170000000000000000e+02 2.000000000000000000e+01
3.170000000000000000e+02 2.000000000000000000e+01
3.170000000000000000e+02 2.000000000000000000e+01
3.170000000000000000e+02 2.000000000000000000e+01
3.170000000000000000e+02 2.000000000000000000e+01
2.640000000000000000e+02 1.900000000000000000e+01
2.640000000000000000e+02 1.900000000000000000e+01
2.640000000000000000e+02 1.900000000000000000e+01
2.640000000000000000e+02 4.700000000000000000e+01
2.690000000000000000e+02 4.100000000000000000e+01
2.690000000000000000e+02 4.200000000000000000e+01
2.690000000000000000e+02 4.100000000000000000e+01
2.690000000000000000e+02 4.100000000000000000e+01
2.640000000000000000e+02 4.700000000000000000e+01
2.640000000000000000e+02 4.700000000000000000e+01
2.640000000000000000e+02 1.900000000000000000e+01
2.590000000000000000e+02 2.400000000000000000e+01
2.590000000000000000e+02 2.300000000000000000e+01
3.160000000000000000e+02 1.800000000000000000e+01
3.160000000000000000e+02 1.800000000000000000e+01
2.590000000000000000e+02 2.300000000000000000e+01
2.590000000000000000e+02 2.300000000000000000e+01
2.640000000000000000e+02 1.900000000000000000e+01
2.590000000000000000e+02 2.300000000000000000e+01
2.640000000000000000e+02 1.900000000000000000e+01
2.640000000000000000e+02 1.900000000000000000e+01
2.640000000000000000e+02 1.900000000000000000e+01
2.640000000000000000e+02 1.900000000000000000e+01
2.640000000000000000e+02 1.900000000000000000e+01
2.640000000000000000e+02 1.900000000000000000e+01
2.640000000000000000e+02 1.900000000000000000e+01
3.150000000000000000e+02 1.600000000000000000e+01
2.640000000000000000e+02 4.600000000000000000e+01
2.690000000000000000e+02 4.100000000000000000e+01
2.690000000000000000e+02 4.100000000000000000e+01
2.690000000000000000e+02 4.100000000000000000e+01
2.690000000000000000e+02 4.100000000000000000e+01
2.690000000000000000e+02 4.200000000000000000e+01
2.690000000000000000e+02 4.200000000000000000e+01
2.690000000000000000e+02 4.200000000000000000e+01
2.790000000000000000e+02 2.600000000000000000e+01
2.690000000000000000e+02 4.200000000000000000e+01
2.690000000000000000e+02 4.100000000000000000e+01
2.690000000000000000e+02 4.100000000000000000e+01
2.690000000000000000e+02 4.100000000000000000e+01
2.690000000000000000e+02 4.100000000000000000e+01
2.690000000000000000e+02 4.100000000000000000e+01
2.690000000000000000e+02 4.100000000000000000e+01
2.690000000000000000e+02 4.100000000000000000e+01
2.690000000000000000e+02 4.100000000000000000e+01
2.690000000000000000e+02 4.100000000000000000e+01
2.790000000000000000e+02 2.600000000000000000e+01
2.790000000000000000e+02 2.600000000000000000e+01
2.690000000000000000e+02 4.100000000000000000e+01
2.790000000000000000e+02 2.600000000000000000e+01
2.690000000000000000e+02 4.100000000000000000e+01
2.690000000000000000e+02 4.100000000000000000e+01
2.690000000000000000e+02 4.100000000000000000e+01
2.690000000000000000e+02 4.100000000000000000e+01
2.690000000000000000e+02 4.200000000000000000e+01
2.690000000000000000e+02 4.200000000000000000e+01
2.690000000000000000e+02 4.200000000000000000e+01
2.690000000000000000e+02 4.200000000000000000e+01
2.690000000000000000e+02 4.200000000000000000e+01
2.690000000000000000e+02 4.200000000000000000e+01
2.690000000000000000e+02 4.200000000000000000e+01
3.160000000000000000e+02 1.800000000000000000e+01
3.160000000000000000e+02 1.800000000000000000e+01
2.640000000000000000e+02 1.900000000000000000e+01
2.640000000000000000e+02 1.900000000000000000e+01
2.880000000000000000e+02 2.300000000000000000e+01
2.640000000000000000e+02 1.900000000000000000e+01
2.880000000000000000e+02 2.300000000000000000e+01
2.640000000000000000e+02 1.900000000000000000e+01
2.880000000000000000e+02 2.300000000000000000e+01
2.880000000000000000e+02 2.300000000000000000e+01
2.880000000000000000e+02 2.400000000000000000e+01
2.880000000000000000e+02 2.400000000000000000e+01
3.170000000000000000e+02 2.000000000000000000e+01
2.640000000000000000e+02 1.900000000000000000e+01
2.640000000000000000e+02 1.900000000000000000e+01
3.170000000000000000e+02 2.000000000000000000e+01
3.170000000000000000e+02 2.000000000000000000e+01
3.170000000000000000e+02 2.000000000000000000e+01
3.170000000000000000e+02 2.000000000000000000e+01
3.170000000000000000e+02 2.000000000000000000e+01
3.170000000000000000e+02 2.000000000000000000e+01
3.160000000000000000e+02 1.800000000000000000e+01
3.160000000000000000e+02 1.800000000000000000e+01
3.160000000000000000e+02 1.800000000000000000e+01
3.160000000000000000e+02 1.800000000000000000e+01
3.160000000000000000e+02 1.800000000000000000e+01
3.160000000000000000e+02 1.800000000000000000e+01
2.880000000000000000e+02 1.900000000000000000e+01
2.690000000000000000e+02 4.200000000000000000e+01
3.160000000000000000e+02 1.800000000000000000e+01
2.690000000000000000e+02 4.200000000000000000e+01
2.740000000000000000e+02 3.700000000000000000e+01
3.160000000000000000e+02 1.800000000000000000e+01
2.690000000000000000e+02 4.200000000000000000e+01
2.690000000000000000e+02 4.200000000000000000e+01
2.690000000000000000e+02 4.200000000000000000e+01
2.740000000000000000e+02 3.700000000000000000e+01
2.740000000000000000e+02 3.600000000000000000e+01
2.740000000000000000e+02 3.600000000000000000e+01
2.740000000000000000e+02 3.600000000000000000e+01
2.740000000000000000e+02 3.700000000000000000e+01
2.740000000000000000e+02 3.700000000000000000e+01
2.740000000000000000e+02 3.700000000000000000e+01
2.740000000000000000e+02 3.600000000000000000e+01
2.790000000000000000e+02 3.100000000000000000e+01
2.740000000000000000e+02 3.700000000000000000e+01
2.690000000000000000e+02 3.700000000000000000e+01
2.740000000000000000e+02 3.700000000000000000e+01
2.690000000000000000e+02 3.700000000000000000e+01
2.740000000000000000e+02 3.600000000000000000e+01
2.740000000000000000e+02 3.600000000000000000e+01
2.740000000000000000e+02 3.600000000000000000e+01
2.740000000000000000e+02 3.600000000000000000e+01
2.740000000000000000e+02 3.600000000000000000e+01
2.790000000000000000e+02 3.100000000000000000e+01
2.740000000000000000e+02 3.600000000000000000e+01
2.740000000000000000e+02 3.600000000000000000e+01
2.740000000000000000e+02 3.600000000000000000e+01
2.740000000000000000e+02 3.600000000000000000e+01
2.740000000000000000e+02 3.600000000000000000e+01
2.740000000000000000e+02 3.600000000000000000e+01
2.740000000000000000e+02 3.600000000000000000e+01
2.740000000000000000e+02 3.600000000000000000e+01
2.740000000000000000e+02 3.600000000000000000e+01
2.740000000000000000e+02 3.600000000000000000e+01
2.740000000000000000e+02 3.600000000000000000e+01
2.740000000000000000e+02 3.600000000000000000e+01
2.740000000000000000e+02 3.600000000000000000e+01
2.740000000000000000e+02 3.600000000000000000e+01
2.740000000000000000e+02 3.600000000000000000e+01
2.740000000000000000e+02 3.600000000000000000e+01
2.740000000000000000e+02 3.600000000000000000e+01
2.790000000000000000e+02 3.100000000000000000e+01
2.740000000000000000e+02 3.600000000000000000e+01
2.740000000000000000e+02 3.600000000000000000e+01
2.740000000000000000e+02 3.600000000000000000e+01
2.740000000000000000e+02 3.600000000000000000e+01
2.740000000000000000e+02 3.600000000000000000e+01
2.740000000000000000e+02 3.600000000000000000e+01
2.740000000000000000e+02 3.600000000000000000e+01
2.740000000000000000e+02 3.600000000000000000e+01
2.740000000000000000e+02 3.600000000000000000e+01
3.150000000000000000e+02 1.500000000000000000e+01
2.790000000000000000e+02 3.100000000000000000e+01
2.690000000000000000e+02 4.100000000000000000e+01
2.790000000000000000e+02 2.600000000000000000e+01
2.890000000000000000e+02 1.600000000000000000e+01
2.690000000000000000e+02 4.200000000000000000e+01
3.160000000000000000e+02 1.700000000000000000e+01
3.160000000000000000e+02 1.700000000000000000e+01
3.160000000000000000e+02 1.700000000000000000e+01
3.160000000000000000e+02 1.700000000000000000e+01
2.690000000000000000e+02 4.200000000000000000e+01
2.690000000000000000e+02 4.200000000000000000e+01
2.690000000000000000e+02 4.200000000000000000e+01
2.690000000000000000e+02 4.200000000000000000e+01
2.690000000000000000e+02 4.200000000000000000e+01
3.160000000000000000e+02 1.800000000000000000e+01
2.640000000000000000e+02 1.900000000000000000e+01
2.640000000000000000e+02 1.900000000000000000e+01
2.640000000000000000e+02 1.900000000000000000e+01
3.170000000000000000e+02 2.000000000000000000e+01
2.880000000000000000e+02 2.300000000000000000e+01
3.170000000000000000e+02 2.000000000000000000e+01
2.640000000000000000e+02 1.900000000000000000e+01
2.640000000000000000e+02 1.900000000000000000e+01
2.640000000000000000e+02 1.900000000000000000e+01
2.640000000000000000e+02 1.900000000000000000e+01
2.640000000000000000e+02 1.900000000000000000e+01
3.170000000000000000e+02 2.000000000000000000e+01
3.160000000000000000e+02 1.800000000000000000e+01
2.690000000000000000e+02 4.200000000000000000e+01
2.690000000000000000e+02 4.200000000000000000e+01
2.690000000000000000e+02 4.200000000000000000e+01
2.690000000000000000e+02 4.200000000000000000e+01
2.690000000000000000e+02 4.200000000000000000e+01
2.690000000000000000e+02 4.300000000000000000e+01
2.690000000000000000e+02 4.300000000000000000e+01
2.690000000000000000e+02 4.300000000000000000e+01
2.740000000000000000e+02 3.700000000000000000e+01
2.740000000000000000e+02 3.700000000000000000e+01
2.740000000000000000e+02 3.700000000000000000e+01
2.740000000000000000e+02 3.700000000000000000e+01
2.740000000000000000e+02 3.700000000000000000e+01
2.740000000000000000e+02 3.700000000000000000e+01
2.740000000000000000e+02 3.700000000000000000e+01
2.740000000000000000e+02 3.700000000000000000e+01
2.740000000000000000e+02 3.700000000000000000e+01
2.740000000000000000e+02 3.700000000000000000e+01
2.740000000000000000e+02 3.700000000000000000e+01
2.740000000000000000e+02 3.700000000000000000e+01
2.740000000000000000e+02 3.700000000000000000e+01
2.740000000000000000e+02 3.700000000000000000e+01
2.740000000000000000e+02 3.700000000000000000e+01
2.740000000000000000e+02 3.700000000000000000e+01
2.740000000000000000e+02 3.600000000000000000e+01
2.740000000000000000e+02 3.600000000000000000e+01
2.740000000000000000e+02 3.600000000000000000e+01
2.740000000000000000e+02 3.700000000000000000e+01
2.740000000000000000e+02 3.700000000000000000e+01
2.740000000000000000e+02 3.600000000000000000e+01
2.740000000000000000e+02 3.700000000000000000e+01
2.740000000000000000e+02 3.700000000000000000e+01
2.740000000000000000e+02 3.700000000000000000e+01
2.690000000000000000e+02 3.700000000000000000e+01
2.740000000000000000e+02 3.600000000000000000e+01
2.740000000000000000e+02 3.600000000000000000e+01
2.740000000000000000e+02 3.600000000000000000e+01
2.740000000000000000e+02 3.600000000000000000e+01
2.740000000000000000e+02 3.600000000000000000e+01
2.740000000000000000e+02 3.600000000000000000e+01
2.740000000000000000e+02 3.700000000000000000e+01
2.740000000000000000e+02 3.700000000000000000e+01
2.690000000000000000e+02 4.200000000000000000e+01
2.690000000000000000e+02 4.200000000000000000e+01
2.690000000000000000e+02 4.100000000000000000e+01
2.690000000000000000e+02 4.100000000000000000e+01
2.740000000000000000e+02 3.600000000000000000e+01
2.740000000000000000e+02 3.600000000000000000e+01
2.740000000000000000e+02 3.600000000000000000e+01
3.150000000000000000e+02 1.600000000000000000e+01
2.740000000000000000e+02 3.600000000000000000e+01
2.880000000000000000e+02 1.800000000000000000e+01
2.880000000000000000e+02 1.800000000000000000e+01
2.880000000000000000e+02 1.800000000000000000e+01
2.880000000000000000e+02 1.800000000000000000e+01
3.160000000000000000e+02 1.800000000000000000e+01
2.880000000000000000e+02 1.900000000000000000e+01
2.880000000000000000e+02 1.900000000000000000e+01
2.880000000000000000e+02 1.800000000000000000e+01
2.880000000000000000e+02 1.900000000000000000e+01
2.880000000000000000e+02 1.900000000000000000e+01
2.880000000000000000e+02 1.900000000000000000e+01
2.880000000000000000e+02 1.900000000000000000e+01
3.160000000000000000e+02 1.800000000000000000e+01
3.160000000000000000e+02 1.800000000000000000e+01
3.160000000000000000e+02 1.800000000000000000e+01
3.160000000000000000e+02 1.800000000000000000e+01
3.160000000000000000e+02 1.800000000000000000e+01
2.690000000000000000e+02 4.200000000000000000e+01
2.880000000000000000e+02 1.900000000000000000e+01
3.160000000000000000e+02 1.800000000000000000e+01
2.880000000000000000e+02 2.300000000000000000e+01
2.880000000000000000e+02 2.300000000000000000e+01
2.880000000000000000e+02 2.300000000000000000e+01
2.880000000000000000e+02 2.400000000000000000e+01
2.880000000000000000e+02 2.400000000000000000e+01
2.880000000000000000e+02 2.400000000000000000e+01
2.880000000000000000e+02 2.400000000000000000e+01
2.880000000000000000e+02 2.400000000000000000e+01
2.880000000000000000e+02 2.300000000000000000e+01
2.880000000000000000e+02 2.300000000000000000e+01
2.880000000000000000e+02 2.400000000000000000e+01
2.880000000000000000e+02 2.400000000000000000e+01
2.880000000000000000e+02 2.300000000000000000e+01
2.880000000000000000e+02 2.300000000000000000e+01
2.880000000000000000e+02 2.400000000000000000e+01
2.880000000000000000e+02 2.300000000000000000e+01
2.880000000000000000e+02 2.300000000000000000e+01
2.880000000000000000e+02 2.300000000000000000e+01
2.880000000000000000e+02 2.300000000000000000e+01
2.880000000000000000e+02 2.300000000000000000e+01
2.880000000000000000e+02 2.300000000000000000e+01
2.640000000000000000e+02 1.900000000000000000e+01
3.160000000000000000e+02 1.800000000000000000e+01
2.690000000000000000e+02 4.200000000000000000e+01
2.690000000000000000e+02 4.200000000000000000e+01
2.690000000000000000e+02 4.200000000000000000e+01
2.690000000000000000e+02 4.200000000000000000e+01
2.690000000000000000e+02 4.200000000000000000e+01
2.690000000000000000e+02 4.200000000000000000e+01
2.690000000000000000e+02 4.200000000000000000e+01
2.740000000000000000e+02 3.700000000000000000e+01
2.740000000000000000e+02 3.700000000000000000e+01
2.740000000000000000e+02 3.700000000000000000e+01
2.740000000000000000e+02 3.600000000000000000e+01
2.790000000000000000e+02 3.200000000000000000e+01
2.740000000000000000e+02 3.700000000000000000e+01
2.740000000000000000e+02 3.600000000000000000e+01
2.740000000000000000e+02 3.600000000000000000e+01
2.740000000000000000e+02 3.600000000000000000e+01
2.740000000000000000e+02 3.600000000000000000e+01
2.740000000000000000e+02 3.700000000000000000e+01
2.740000000000000000e+02 3.600000000000000000e+01
2.740000000000000000e+02 3.600000000000000000e+01
2.740000000000000000e+02 3.600000000000000000e+01
2.740000000000000000e+02 3.600000000000000000e+01
2.740000000000000000e+02 3.600000000000000000e+01
2.740000000000000000e+02 3.700000000000000000e+01
2.740000000000000000e+02 3.600000000000000000e+01
2.740000000000000000e+02 3.600000000000000000e+01
2.740000000000000000e+02 3.600000000000000000e+01
2.740000000000000000e+02 3.600000000000000000e+01
2.740000000000000000e+02 3.600000000000000000e+01
2.740000000000000000e+02 3.600000000000000000e+01
2.740000000000000000e+02 3.600000000000000000e+01
2.740000000000000000e+02 3.700000000000000000e+01
2.740000000000000000e+02 3.700000000000000000e+01
2.740000000000000000e+02 3.700000000000000000e+01
2.740000000000000000e+02 3.700000000000000000e+01
2.740000000000000000e+02 3.700000000000000000e+01
3.150000000000000000e+02 1.600000000000000000e+01
2.740000000000000000e+02 3.600000000000000000e+01
2.740000000000000000e+02 3.600000000000000000e+01
2.740000000000000000e+02 3.600000000000000000e+01
2.740000000000000000e+02 3.600000000000000000e+01
2.740000000000000000e+02 3.600000000000000000e+01
2.740000000000000000e+02 3.700000000000000000e+01
2.740000000000000000e+02 3.700000000000000000e+01
2.740000000000000000e+02 3.700000000000000000e+01
2.740000000000000000e+02 3.700000000000000000e+01
2.740000000000000000e+02 3.700000000000000000e+01
2.740000000000000000e+02 3.700000000000000000e+01
3.150000000000000000e+02 1.600000000000000000e+01
