2.560000000000000000e+02 1.400000000000000000e+01
2.410000000000000000e+02 1.200000000000000000e+01
2.030000000000000000e+02 1.600000000000000000e+01
2.480000000000000000e+02 1.400000000000000000e+01
2.560000000000000000e+02 1.700000000000000000e+01
2.030000000000000000e+02 2.100000000000000000e+01
2.410000000000000000e+02 1.100000000000000000e+01
2.100000000000000000e+02 1.300000000000000000e+01
3.550000000000000000e+02 1.000000000000000000e+01
2.100000000000000000e+02 9.000000000000000000e+00
2.100000000000000000e+02 9.000000000000000000e+00
2.100000000000000000e+02 1.500000000000000000e+01
2.480000000000000000e+02 9.000000000000000000e+00
2.560000000000000000e+02 1.100000000000000000e+01
2.480000000000000000e+02 1.100000000000000000e+01
2.480000000000000000e+02 1.300000000000000000e+01
2.100000000000000000e+02 1.500000000000000000e+01
2.100000000000000000e+02 1.500000000000000000e+01
2.480000000000000000e+02 1.400000000000000000e+01
2.630000000000000000e+02 1.800000000000000000e+01
2.480000000000000000e+02 1.500000000000000000e+01
2.630000000000000000e+02 1.200000000000000000e+01
2.100000000000000000e+02 1.500000000000000000e+01
2.480000000000000000e+02 9.000000000000000000e+00
2.560000000000000000e+02 9.000000000000000000e+00
1.420000000000000000e+02 8.000000000000000000e+00
2.630000000000000000e+02 1.400000000000000000e+01
2.630000000000000000e+02 1.600000000000000000e+01
2.560000000000000000e+02 1.800000000000000000e+01
2.630000000000000000e+02 1.700000000000000000e+01
2.630000000000000000e+02 1.500000000000000000e+01
2.480000000000000000e+02 1.500000000000000000e+01
2.630000000000000000e+02 1.500000000000000000e+01
2.480000000000000000e+02 1.100000000000000000e+01
2.180000000000000000e+02 9.000000000000000000e+00
2.630000000000000000e+02 1.600000000000000000e+01
2.560000000000000000e+02 1.600000000000000000e+01
2.630000000000000000e+02 1.600000000000000000e+01
2.560000000000000000e+02 1.400000000000000000e+01
2.560000000000000000e+02 1.200000000000000000e+01
2.630000000000000000e+02 1.100000000000000000e+01
2.860000000000000000e+02 1.300000000000000000e+01
2.710000000000000000e+02 1.700000000000000000e+01
2.790000000000000000e+02 1.400000000000000000e+01
2.860000000000000000e+02 1.600000000000000000e+01
2.790000000000000000e+02 1.400000000000000000e+01
2.860000000000000000e+02 1.700000000000000000e+01
2.860000000000000000e+02 1.700000000000000000e+01
2.790000000000000000e+02 1.500000000000000000e+01
2.790000000000000000e+02 1.400000000000000000e+01
2.790000000000000000e+02 1.300000000000000000e+01
2.860000000000000000e+02 1.600000000000000000e+01
2.790000000000000000e+02 1.400000000000000000e+01
2.790000000000000000e+02 1.400000000000000000e+01
2.790000000000000000e+02 1.400000000000000000e+01
2.790000000000000000e+02 1.500000000000000000e+01
2.790000000000000000e+02 1.500000000000000000e+01
2.710000000000000000e+02 1.600000000000000000e+01
2.710000000000000000e+02 1.800000000000000000e+01
2.710000000000000000e+02 1.800000000000000000e+01
2.710000000000000000e+02 1.800000000000000000e+01
2.790000000000000000e+02 1.600000000000000000e+01
2.790000000000000000e+02 1.700000000000000000e+01
2.790000000000000000e+02 1.700000000000000000e+01
2.790000000000000000e+02 1.800000000000000000e+01
2.790000000000000000e+02 1.800000000000000000e+01
2.790000000000000000e+02 1.900000000000000000e+01
2.560000000000000000e+02 1.400000000000000000e+01
2.560000000000000000e+02 1.300000000000000000e+01
2.560000000000000000e+02 1.300000000000000000e+01
2.560000000000000000e+02 1.400000000000000000e+01
2.560000000000000000e+02 1.400000000000000000e+01
2.480000000000000000e+02 1.100000000000000000e+01
2.630000000000000000e+02 1.200000000000000000e+01
2.630000000000000000e+02 1.200000000000000000e+01
2.410000000000000000e+02 2.000000000000000000e+01
2.330000000000000000e+02 2.500000000000000000e+01
2.630000000000000000e+02 1.500000000000000000e+01
2.560000000000000000e+02 1.800000000000000000e+01
2.260000000000000000e+02 1.300000000000000000e+01
2.410000000000000000e+02 2.300000000000000000e+01
3.390000000000000000e+02 1.100000000000000000e+01
2.410000000000000000e+02 2.200000000000000000e+01
2.480000000000000000e+02 2.500000000000000000e+01
2.330000000000000000e+02 4.900000000000000000e+01
2.330000000000000000e+02 3.000000000000000000e+01
2.260000000000000000e+02 4.200000000000000000e+01
2.330000000000000000e+02 3.500000000000000000e+01
2.330000000000000000e+02 3.300000000000000000e+01
2.260000000000000000e+02 2.100000000000000000e+01
2.260000000000000000e+02 2.200000000000000000e+01
2.260000000000000000e+02 2.100000000000000000e+01
2.180000000000000000e+02 2.100000000000000000e+01
2.260000000000000000e+02 3.800000000000000000e+01
2.330000000000000000e+02 4.000000000000000000e+01
2.180000000000000000e+02 4.600000000000000000e+01
2.260000000000000000e+02 3.900000000000000000e+01
2.260000000000000000e+02 3.500000000000000000e+01
2.180000000000000000e+02 4.400000000000000000e+01
2.260000000000000000e+02 3.700000000000000000e+01
2.100000000000000000e+02 4.900000000000000000e+01
2.180000000000000000e+02 2.400000000000000000e+01
2.180000000000000000e+02 2.600000000000000000e+01
2.180000000000000000e+02 2.700000000000000000e+01
2.180000000000000000e+02 2.700000000000000000e+01
2.180000000000000000e+02 5.300000000000000000e+01
2.330000000000000000e+02 3.300000000000000000e+01
2.330000000000000000e+02 3.800000000000000000e+01
2.330000000000000000e+02 3.300000000000000000e+01
2.410000000000000000e+02 2.500000000000000000e+01
2.480000000000000000e+02 2.100000000000000000e+01
2.480000000000000000e+02 2.300000000000000000e+01
2.480000000000000000e+02 2.200000000000000000e+01
2.560000000000000000e+02 2.400000000000000000e+01
2.330000000000000000e+02 3.400000000000000000e+01
2.330000000000000000e+02 3.500000000000000000e+01
2.330000000000000000e+02 3.100000000000000000e+01
2.330000000000000000e+02 3.200000000000000000e+01
2.180000000000000000e+02 1.600000000000000000e+01
2.180000000000000000e+02 1.200000000000000000e+01
2.410000000000000000e+02 1.800000000000000000e+01
2.260000000000000000e+02 1.100000000000000000e+01
2.260000000000000000e+02 1.600000000000000000e+01
2.410000000000000000e+02 2.100000000000000000e+01
2.630000000000000000e+02 2.100000000000000000e+01
2.630000000000000000e+02 1.900000000000000000e+01
2.630000000000000000e+02 1.900000000000000000e+01
2.560000000000000000e+02 1.800000000000000000e+01
2.480000000000000000e+02 2.000000000000000000e+01
3.470000000000000000e+02 1.000000000000000000e+01
3.620000000000000000e+02 1.000000000000000000e+01
2.480000000000000000e+02 1.400000000000000000e+01
2.560000000000000000e+02 1.300000000000000000e+01
1.420000000000000000e+02 8.000000000000000000e+00
1.420000000000000000e+02 8.000000000000000000e+00
3.470000000000000000e+02 1.000000000000000000e+01
2.560000000000000000e+02 1.300000000000000000e+01
2.630000000000000000e+02 1.200000000000000000e+01
2.330000000000000000e+02 1.100000000000000000e+01
2.410000000000000000e+02 9.000000000000000000e+00
2.630000000000000000e+02 2.000000000000000000e+01
2.630000000000000000e+02 1.900000000000000000e+01
2.630000000000000000e+02 2.000000000000000000e+01
2.630000000000000000e+02 2.000000000000000000e+01
2.630000000000000000e+02 2.000000000000000000e+01
2.560000000000000000e+02 2.100000000000000000e+01
2.480000000000000000e+02 1.900000000000000000e+01
2.630000000000000000e+02 1.900000000000000000e+01
2.480000000000000000e+02 2.000000000000000000e+01
2.480000000000000000e+02 3.000000000000000000e+01
2.560000000000000000e+02 1.400000000000000000e+01
2.480000000000000000e+02 1.100000000000000000e+01
2.560000000000000000e+02 1.900000000000000000e+01
2.630000000000000000e+02 1.700000000000000000e+01
2.630000000000000000e+02 1.700000000000000000e+01
2.630000000000000000e+02 1.500000000000000000e+01
2.630000000000000000e+02 1.300000000000000000e+01
2.630000000000000000e+02 1.100000000000000000e+01
2.560000000000000000e+02 2.000000000000000000e+01
2.560000000000000000e+02 2.200000000000000000e+01
2.480000000000000000e+02 1.800000000000000000e+01
2.480000000000000000e+02 1.700000000000000000e+01
2.480000000000000000e+02 1.800000000000000000e+01
2.560000000000000000e+02 1.600000000000000000e+01
2.630000000000000000e+02 1.700000000000000000e+01
2.790000000000000000e+02 1.300000000000000000e+01
2.790000000000000000e+02 1.500000000000000000e+01
2.790000000000000000e+02 1.500000000000000000e+01
2.560000000000000000e+02 1.300000000000000000e+01
2.560000000000000000e+02 1.300000000000000000e+01
2.790000000000000000e+02 1.400000000000000000e+01
2.790000000000000000e+02 1.100000000000000000e+01
2.790000000000000000e+02 1.400000000000000000e+01
2.630000000000000000e+02 1.200000000000000000e+01
2.480000000000000000e+02 1.500000000000000000e+01
2.560000000000000000e+02 1.300000000000000000e+01
2.560000000000000000e+02 1.300000000000000000e+01
2.560000000000000000e+02 1.300000000000000000e+01
2.560000000000000000e+02 1.300000000000000000e+01
2.710000000000000000e+02 1.200000000000000000e+01
2.790000000000000000e+02 1.600000000000000000e+01
2.790000000000000000e+02 1.400000000000000000e+01
2.710000000000000000e+02 1.400000000000000000e+01
2.560000000000000000e+02 1.600000000000000000e+01
2.630000000000000000e+02 1.600000000000000000e+01
2.630000000000000000e+02 1.600000000000000000e+01
2.630000000000000000e+02 1.600000000000000000e+01
2.630000000000000000e+02 1.700000000000000000e+01
2.480000000000000000e+02 1.400000000000000000e+01
2.480000000000000000e+02 1.400000000000000000e+01
2.480000000000000000e+02 1.300000000000000000e+01
2.480000000000000000e+02 1.500000000000000000e+01
2.480000000000000000e+02 1.500000000000000000e+01
2.480000000000000000e+02 1.400000000000000000e+01
2.480000000000000000e+02 1.300000000000000000e+01
2.480000000000000000e+02 1.300000000000000000e+01
2.480000000000000000e+02 1.400000000000000000e+01
2.560000000000000000e+02 1.200000000000000000e+01
2.560000000000000000e+02 1.200000000000000000e+01
2.480000000000000000e+02 1.800000000000000000e+01
2.630000000000000000e+02 1.900000000000000000e+01
2.410000000000000000e+02 3.800000000000000000e+01
2.410000000000000000e+02 2.800000000000000000e+01
2.330000000000000000e+02 1.200000000000000000e+01
2.330000000000000000e+02 1.700000000000000000e+01
2.180000000000000000e+02 2.800000000000000000e+01
2.560000000000000000e+02 1.500000000000000000e+01
2.330000000000000000e+02 2.200000000000000000e+01
2.330000000000000000e+02 1.500000000000000000e+01
2.410000000000000000e+02 1.800000000000000000e+01
2.260000000000000000e+02 3.600000000000000000e+01
2.410000000000000000e+02 1.000000000000000000e+01
2.180000000000000000e+02 1.200000000000000000e+01
2.330000000000000000e+02 1.800000000000000000e+01
2.410000000000000000e+02 1.500000000000000000e+01
2.100000000000000000e+02 2.800000000000000000e+01
2.480000000000000000e+02 1.800000000000000000e+01
2.180000000000000000e+02 2.300000000000000000e+01
2.100000000000000000e+02 2.900000000000000000e+01
2.100000000000000000e+02 2.900000000000000000e+01
2.410000000000000000e+02 2.200000000000000000e+01
2.260000000000000000e+02 1.700000000000000000e+01
2.410000000000000000e+02 2.100000000000000000e+01
2.410000000000000000e+02 2.200000000000000000e+01
2.410000000000000000e+02 2.000000000000000000e+01
2.410000000000000000e+02 2.000000000000000000e+01
2.480000000000000000e+02 2.300000000000000000e+01
2.410000000000000000e+02 2.000000000000000000e+01
2.480000000000000000e+02 2.300000000000000000e+01
2.560000000000000000e+02 2.100000000000000000e+01
2.410000000000000000e+02 2.100000000000000000e+01
2.480000000000000000e+02 2.500000000000000000e+01
2.480000000000000000e+02 2.500000000000000000e+01
2.560000000000000000e+02 2.300000000000000000e+01
2.480000000000000000e+02 2.000000000000000000e+01
2.330000000000000000e+02 2.000000000000000000e+01
2.410000000000000000e+02 2.400000000000000000e+01
2.100000000000000000e+02 2.400000000000000000e+01
2.100000000000000000e+02 2.200000000000000000e+01
2.100000000000000000e+02 2.200000000000000000e+01
2.100000000000000000e+02 2.300000000000000000e+01
2.180000000000000000e+02 1.300000000000000000e+01
2.260000000000000000e+02 1.700000000000000000e+01
2.480000000000000000e+02 2.100000000000000000e+01
2.410000000000000000e+02 2.400000000000000000e+01
2.180000000000000000e+02 2.400000000000000000e+01
2.180000000000000000e+02 2.200000000000000000e+01
2.480000000000000000e+02 1.900000000000000000e+01
2.480000000000000000e+02 1.600000000000000000e+01
2.330000000000000000e+02 1.300000000000000000e+01
2.180000000000000000e+02 2.400000000000000000e+01
2.330000000000000000e+02 1.100000000000000000e+01
2.180000000000000000e+02 1.200000000000000000e+01
2.260000000000000000e+02 1.500000000000000000e+01
2.330000000000000000e+02 1.300000000000000000e+01
2.480000000000000000e+02 1.400000000000000000e+01
2.560000000000000000e+02 2.100000000000000000e+01
2.480000000000000000e+02 1.200000000000000000e+01
2.330000000000000000e+02 1.000000000000000000e+01
2.260000000000000000e+02 3.300000000000000000e+01
2.410000000000000000e+02 2.500000000000000000e+01
2.410000000000000000e+02 3.600000000000000000e+01
2.480000000000000000e+02 3.800000000000000000e+01
2.410000000000000000e+02 3.100000000000000000e+01
2.410000000000000000e+02 3.500000000000000000e+01
2.630000000000000000e+02 1.600000000000000000e+01
2.480000000000000000e+02 1.800000000000000000e+01
2.480000000000000000e+02 1.300000000000000000e+01
2.480000000000000000e+02 2.800000000000000000e+01
2.480000000000000000e+02 3.700000000000000000e+01
2.480000000000000000e+02 3.700000000000000000e+01
2.480000000000000000e+02 3.500000000000000000e+01
2.560000000000000000e+02 3.200000000000000000e+01
2.560000000000000000e+02 1.700000000000000000e+01
2.410000000000000000e+02 2.000000000000000000e+01
2.480000000000000000e+02 1.700000000000000000e+01
2.480000000000000000e+02 1.800000000000000000e+01
2.560000000000000000e+02 1.600000000000000000e+01
2.630000000000000000e+02 1.800000000000000000e+01
2.790000000000000000e+02 1.500000000000000000e+01
2.790000000000000000e+02 1.500000000000000000e+01
2.860000000000000000e+02 1.200000000000000000e+01
1.500000000000000000e+02 9.000000000000000000e+00
1.500000000000000000e+02 9.000000000000000000e+00
1.500000000000000000e+02 9.000000000000000000e+00
2.790000000000000000e+02 1.300000000000000000e+01
2.790000000000000000e+02 1.400000000000000000e+01
2.860000000000000000e+02 1.100000000000000000e+01
2.860000000000000000e+02 1.300000000000000000e+01
2.790000000000000000e+02 1.500000000000000000e+01
3.550000000000000000e+02 9.000000000000000000e+00
3.620000000000000000e+02 9.000000000000000000e+00
3.620000000000000000e+02 9.000000000000000000e+00
3.620000000000000000e+02 9.000000000000000000e+00
2.790000000000000000e+02 1.200000000000000000e+01
2.860000000000000000e+02 1.400000000000000000e+01
2.710000000000000000e+02 1.400000000000000000e+01
2.480000000000000000e+02 1.600000000000000000e+01
2.790000000000000000e+02 1.600000000000000000e+01
2.480000000000000000e+02 1.600000000000000000e+01
2.630000000000000000e+02 1.600000000000000000e+01
2.560000000000000000e+02 1.700000000000000000e+01
2.630000000000000000e+02 1.600000000000000000e+01
2.410000000000000000e+02 1.100000000000000000e+01
2.330000000000000000e+02 1.300000000000000000e+01
2.410000000000000000e+02 1.100000000000000000e+01
2.410000000000000000e+02 1.000000000000000000e+01
2.330000000000000000e+02 1.200000000000000000e+01
2.330000000000000000e+02 1.200000000000000000e+01
2.330000000000000000e+02 1.300000000000000000e+01
2.330000000000000000e+02 1.200000000000000000e+01
2.330000000000000000e+02 1.200000000000000000e+01
2.410000000000000000e+02 1.200000000000000000e+01
2.480000000000000000e+02 1.400000000000000000e+01
2.560000000000000000e+02 1.200000000000000000e+01
2.560000000000000000e+02 3.100000000000000000e+01
2.480000000000000000e+02 3.600000000000000000e+01
2.410000000000000000e+02 2.600000000000000000e+01
2.560000000000000000e+02 1.100000000000000000e+01
2.480000000000000000e+02 1.100000000000000000e+01
2.560000000000000000e+02 1.300000000000000000e+01
2.560000000000000000e+02 1.300000000000000000e+01
2.560000000000000000e+02 1.300000000000000000e+01
2.560000000000000000e+02 1.300000000000000000e+01
2.480000000000000000e+02 1.300000000000000000e+01
2.630000000000000000e+02 1.400000000000000000e+01
2.480000000000000000e+02 1.500000000000000000e+01
2.560000000000000000e+02 1.400000000000000000e+01
2.560000000000000000e+02 3.000000000000000000e+01
2.630000000000000000e+02 2.100000000000000000e+01
2.560000000000000000e+02 1.100000000000000000e+01
2.410000000000000000e+02 1.300000000000000000e+01
2.480000000000000000e+02 1.100000000000000000e+01
2.330000000000000000e+02 1.700000000000000000e+01
1.420000000000000000e+02 8.000000000000000000e+00
2.560000000000000000e+02 1.900000000000000000e+01
2.480000000000000000e+02 1.700000000000000000e+01
2.630000000000000000e+02 2.000000000000000000e+01
2.480000000000000000e+02 1.100000000000000000e+01
3.550000000000000000e+02 1.000000000000000000e+01
3.620000000000000000e+02 8.000000000000000000e+00
2.710000000000000000e+02 1.100000000000000000e+01
2.560000000000000000e+02 1.900000000000000000e+01
2.560000000000000000e+02 1.800000000000000000e+01
2.560000000000000000e+02 1.900000000000000000e+01
2.560000000000000000e+02 1.900000000000000000e+01
2.560000000000000000e+02 1.900000000000000000e+01
2.630000000000000000e+02 1.900000000000000000e+01
2.560000000000000000e+02 1.900000000000000000e+01
2.630000000000000000e+02 1.700000000000000000e+01
2.180000000000000000e+02 1.200000000000000000e+01
2.100000000000000000e+02 1.100000000000000000e+01
2.100000000000000000e+02 1.100000000000000000e+01
2.100000000000000000e+02 9.000000000000000000e+00
2.480000000000000000e+02 1.800000000000000000e+01
2.480000000000000000e+02 1.800000000000000000e+01
2.480000000000000000e+02 1.800000000000000000e+01
2.560000000000000000e+02 2.000000000000000000e+01
2.560000000000000000e+02 2.000000000000000000e+01
2.480000000000000000e+02 1.800000000000000000e+01
2.480000000000000000e+02 1.800000000000000000e+01
2.410000000000000000e+02 1.600000000000000000e+01
2.410000000000000000e+02 1.700000000000000000e+01
3.470000000000000000e+02 1.100000000000000000e+01
2.410000000000000000e+02 1.000000000000000000e+01
2.480000000000000000e+02 1.300000000000000000e+01
3.550000000000000000e+02 9.000000000000000000e+00
3.470000000000000000e+02 1.100000000000000000e+01
2.180000000000000000e+02 1.000000000000000000e+01
2.100000000000000000e+02 1.700000000000000000e+01
2.630000000000000000e+02 1.500000000000000000e+01
2.560000000000000000e+02 2.400000000000000000e+01
2.560000000000000000e+02 2.200000000000000000e+01
2.480000000000000000e+02 2.200000000000000000e+01
2.560000000000000000e+02 2.300000000000000000e+01
2.410000000000000000e+02 2.500000000000000000e+01
2.410000000000000000e+02 2.500000000000000000e+01
2.480000000000000000e+02 2.000000000000000000e+01
2.410000000000000000e+02 3.100000000000000000e+01
2.410000000000000000e+02 3.100000000000000000e+01
2.480000000000000000e+02 3.300000000000000000e+01
2.560000000000000000e+02 3.100000000000000000e+01
2.480000000000000000e+02 3.000000000000000000e+01
2.410000000000000000e+02 2.800000000000000000e+01
2.410000000000000000e+02 2.900000000000000000e+01
2.330000000000000000e+02 1.200000000000000000e+01
1.420000000000000000e+02 8.000000000000000000e+00
2.330000000000000000e+02 1.000000000000000000e+01
2.410000000000000000e+02 2.300000000000000000e+01
2.410000000000000000e+02 3.400000000000000000e+01
2.410000000000000000e+02 3.400000000000000000e+01
2.410000000000000000e+02 3.400000000000000000e+01
2.410000000000000000e+02 3.300000000000000000e+01
2.410000000000000000e+02 3.200000000000000000e+01
2.410000000000000000e+02 3.200000000000000000e+01
2.480000000000000000e+02 2.800000000000000000e+01
2.560000000000000000e+02 3.100000000000000000e+01
2.560000000000000000e+02 2.900000000000000000e+01
2.560000000000000000e+02 1.400000000000000000e+01
2.330000000000000000e+02 1.300000000000000000e+01
2.330000000000000000e+02 1.300000000000000000e+01
1.500000000000000000e+02 9.000000000000000000e+00
2.330000000000000000e+02 1.800000000000000000e+01
2.330000000000000000e+02 1.800000000000000000e+01
2.330000000000000000e+02 1.800000000000000000e+01
2.330000000000000000e+02 1.800000000000000000e+01
2.330000000000000000e+02 1.800000000000000000e+01
2.330000000000000000e+02 1.800000000000000000e+01
2.260000000000000000e+02 2.200000000000000000e+01
2.260000000000000000e+02 2.200000000000000000e+01
2.330000000000000000e+02 2.400000000000000000e+01
3.390000000000000000e+02 1.000000000000000000e+01
2.410000000000000000e+02 1.100000000000000000e+01
2.410000000000000000e+02 1.100000000000000000e+01
2.480000000000000000e+02 2.900000000000000000e+01
2.480000000000000000e+02 2.900000000000000000e+01
2.560000000000000000e+02 1.600000000000000000e+01
2.180000000000000000e+02 1.900000000000000000e+01
2.560000000000000000e+02 1.800000000000000000e+01
2.410000000000000000e+02 3.400000000000000000e+01
2.410000000000000000e+02 3.200000000000000000e+01
2.410000000000000000e+02 3.300000000000000000e+01
2.560000000000000000e+02 1.800000000000000000e+01
2.480000000000000000e+02 1.600000000000000000e+01
2.560000000000000000e+02 2.000000000000000000e+01
2.410000000000000000e+02 3.500000000000000000e+01
2.480000000000000000e+02 2.000000000000000000e+01
2.560000000000000000e+02 2.200000000000000000e+01
2.560000000000000000e+02 2.200000000000000000e+01
2.560000000000000000e+02 2.200000000000000000e+01
2.560000000000000000e+02 2.300000000000000000e+01
2.560000000000000000e+02 2.300000000000000000e+01
2.330000000000000000e+02 1.300000000000000000e+01
2.330000000000000000e+02 1.300000000000000000e+01
2.260000000000000000e+02 1.300000000000000000e+01
2.560000000000000000e+02 1.400000000000000000e+01
2.260000000000000000e+02 1.300000000000000000e+01
2.480000000000000000e+02 1.200000000000000000e+01
2.410000000000000000e+02 1.700000000000000000e+01
2.410000000000000000e+02 1.600000000000000000e+01
2.410000000000000000e+02 3.000000000000000000e+01
2.410000000000000000e+02 2.900000000000000000e+01
2.260000000000000000e+02 3.100000000000000000e+01
2.630000000000000000e+02 2.300000000000000000e+01
2.410000000000000000e+02 2.400000000000000000e+01
2.100000000000000000e+02 1.800000000000000000e+01
3.470000000000000000e+02 1.000000000000000000e+01
2.100000000000000000e+02 1.800000000000000000e+01
2.410000000000000000e+02 1.900000000000000000e+01
2.260000000000000000e+02 1.900000000000000000e+01
2.480000000000000000e+02 1.800000000000000000e+01
2.410000000000000000e+02 2.200000000000000000e+01
2.330000000000000000e+02 2.000000000000000000e+01
3.470000000000000000e+02 1.100000000000000000e+01
2.260000000000000000e+02 1.600000000000000000e+01
2.480000000000000000e+02 2.200000000000000000e+01
2.560000000000000000e+02 1.800000000000000000e+01
2.410000000000000000e+02 2.100000000000000000e+01
2.330000000000000000e+02 2.400000000000000000e+01
2.330000000000000000e+02 2.400000000000000000e+01
2.480000000000000000e+02 2.300000000000000000e+01
2.630000000000000000e+02 1.800000000000000000e+01
2.630000000000000000e+02 2.000000000000000000e+01
2.560000000000000000e+02 2.100000000000000000e+01
2.480000000000000000e+02 2.400000000000000000e+01
2.410000000000000000e+02 2.200000000000000000e+01
2.560000000000000000e+02 2.200000000000000000e+01
2.560000000000000000e+02 2.100000000000000000e+01
2.480000000000000000e+02 2.300000000000000000e+01
2.410000000000000000e+02 2.000000000000000000e+01
2.410000000000000000e+02 2.200000000000000000e+01
2.410000000000000000e+02 2.400000000000000000e+01
2.100000000000000000e+02 1.300000000000000000e+01
2.100000000000000000e+02 1.300000000000000000e+01
2.100000000000000000e+02 1.400000000000000000e+01
2.100000000000000000e+02 1.400000000000000000e+01
2.330000000000000000e+02 2.400000000000000000e+01
2.410000000000000000e+02 2.100000000000000000e+01
2.480000000000000000e+02 1.800000000000000000e+01
2.560000000000000000e+02 2.200000000000000000e+01
2.560000000000000000e+02 2.200000000000000000e+01
2.560000000000000000e+02 2.100000000000000000e+01
2.480000000000000000e+02 2.300000000000000000e+01
2.100000000000000000e+02 2.300000000000000000e+01
2.410000000000000000e+02 2.200000000000000000e+01
3.550000000000000000e+02 1.100000000000000000e+01
2.180000000000000000e+02 1.000000000000000000e+01
2.630000000000000000e+02 1.200000000000000000e+01
3.620000000000000000e+02 9.000000000000000000e+00
1.420000000000000000e+02 8.000000000000000000e+00
3.390000000000000000e+02 9.000000000000000000e+00
3.550000000000000000e+02 1.100000000000000000e+01
2.180000000000000000e+02 1.000000000000000000e+01
2.480000000000000000e+02 1.100000000000000000e+01
2.480000000000000000e+02 1.100000000000000000e+01
2.560000000000000000e+02 2.300000000000000000e+01
2.480000000000000000e+02 3.400000000000000000e+01
2.560000000000000000e+02 3.300000000000000000e+01
2.480000000000000000e+02 3.300000000000000000e+01
2.710000000000000000e+02 1.800000000000000000e+01
