3.550000000000000000e+02 7.000000000000000000e+00
3.550000000000000000e+02 8.000000000000000000e+00
1.420000000000000000e+02 8.000000000000000000e+00
1.420000000000000000e+02 8.000000000000000000e+00
3.700000000000000000e+02 8.000000000000000000e+00
3.620000000000000000e+02 9.000000000000000000e+00
3.620000000000000000e+02 1.000000000000000000e+01
3.550000000000000000e+02 8.000000000000000000e+00
1.420000000000000000e+02 7.000000000000000000e+00
3.620000000000000000e+02 9.000000000000000000e+00
1.580000000000000000e+02 9.000000000000000000e+00
1.580000000000000000e+02 9.000000000000000000e+00
1.420000000000000000e+02 7.000000000000000000e+00
1.420000000000000000e+02 7.000000000000000000e+00
1.580000000000000000e+02 9.000000000000000000e+00
1.580000000000000000e+02 9.000000000000000000e+00
1.580000000000000000e+02 9.000000000000000000e+00
1.420000000000000000e+02 7.000000000000000000e+00
1.420000000000000000e+02 7.000000000000000000e+00
1.420000000000000000e+02 7.000000000000000000e+00
3.550000000000000000e+02 8.000000000000000000e+00
1.420000000000000000e+02 9.000000000000000000e+00
1.420000000000000000e+02 9.000000000000000000e+00
1.420000000000000000e+02 7.000000000000000000e+00
3.550000000000000000e+02 8.000000000000000000e+00
3.620000000000000000e+02 1.000000000000000000e+01
3.620000000000000000e+02 1.000000000000000000e+01
1.420000000000000000e+02 7.000000000000000000e+00
1.420000000000000000e+02 7.000000000000000000e+00
1.580000000000000000e+02 9.000000000000000000e+00
3.620000000000000000e+02 1.000000000000000000e+01
3.550000000000000000e+02 8.000000000000000000e+00
3.550000000000000000e+02 8.000000000000000000e+00
3.550000000000000000e+02 8.000000000000000000e+00
3.550000000000000000e+02 8.000000000000000000e+00
3.550000000000000000e+02 1.000000000000000000e+01
3.550000000000000000e+02 1.000000000000000000e+01
3.550000000000000000e+02 1.000000000000000000e+01
3.550000000000000000e+02 1.000000000000000000e+01
3.550000000000000000e+02 1.000000000000000000e+01
3.550000000000000000e+02 1.000000000000000000e+01
3.550000000000000000e+02 9.000000000000000000e+00
3.550000000000000000e+02 9.000000000000000000e+00
3.550000000000000000e+02 9.000000000000000000e+00
3.550000000000000000e+02 1.000000000000000000e+01
3.620000000000000000e+02 1.200000000000000000e+01
3.620000000000000000e+02 1.200000000000000000e+01
3.620000000000000000e+02 1.200000000000000000e+01
3.550000000000000000e+02 9.000000000000000000e+00
3.550000000000000000e+02 1.000000000000000000e+01
3.620000000000000000e+02 1.200000000000000000e+01
3.550000000000000000e+02 9.000000000000000000e+00
3.550000000000000000e+02 9.000000000000000000e+00
3.550000000000000000e+02 1.000000000000000000e+01
3.550000000000000000e+02 1.000000000000000000e+01
3.550000000000000000e+02 9.000000000000000000e+00
3.550000000000000000e+02 1.000000000000000000e+01
1.420000000000000000e+02 6.000000000000000000e+00
3.550000000000000000e+02 1.000000000000000000e+01
1.420000000000000000e+02 6.000000000000000000e+00
1.420000000000000000e+02 8.000000000000000000e+00
1.420000000000000000e+02 8.000000000000000000e+00
1.420000000000000000e+02 6.000000000000000000e+00
1.420000000000000000e+02 6.000000000000000000e+00
1.500000000000000000e+02 7.000000000000000000e+00
1.420000000000000000e+02 6.000000000000000000e+00
1.420000000000000000e+02 8.000000000000000000e+00
1.420000000000000000e+02 8.000000000000000000e+00
1.420000000000000000e+02 8.000000000000000000e+00
1.420000000000000000e+02 8.000000000000000000e+00
1.420000000000000000e+02 6.000000000000000000e+00
1.420000000000000000e+02 6.000000000000000000e+00
1.420000000000000000e+02 6.000000000000000000e+00
1.420000000000000000e+02 6.000000000000000000e+00
1.420000000000000000e+02 8.000000000000000000e+00
1.420000000000000000e+02 8.000000000000000000e+00
1.420000000000000000e+02 8.000000000000000000e+00
1.420000000000000000e+02 8.000000000000000000e+00
1.420000000000000000e+02 8.000000000000000000e+00
3.620000000000000000e+02 1.200000000000000000e+01
3.620000000000000000e+02 1.200000000000000000e+01
1.500000000000000000e+02 9.000000000000000000e+00
1.500000000000000000e+02 1.000000000000000000e+01
1.500000000000000000e+02 1.000000000000000000e+01
3.620000000000000000e+02 1.100000000000000000e+01
1.420000000000000000e+02 7.000000000000000000e+00
1.420000000000000000e+02 9.000000000000000000e+00
1.420000000000000000e+02 9.000000000000000000e+00
1.420000000000000000e+02 8.000000000000000000e+00
1.420000000000000000e+02 7.000000000000000000e+00
1.580000000000000000e+02 9.000000000000000000e+00
3.620000000000000000e+02 1.000000000000000000e+01
3.620000000000000000e+02 9.000000000000000000e+00
1.420000000000000000e+02 8.000000000000000000e+00
3.550000000000000000e+02 7.000000000000000000e+00
1.420000000000000000e+02 7.000000000000000000e+00
3.550000000000000000e+02 7.000000000000000000e+00
3.550000000000000000e+02 7.000000000000000000e+00
3.550000000000000000e+02 7.000000000000000000e+00
1.420000000000000000e+02 7.000000000000000000e+00
1.420000000000000000e+02 1.600000000000000000e+01
1.420000000000000000e+02 7.000000000000000000e+00
1.420000000000000000e+02 7.000000000000000000e+00
1.500000000000000000e+02 9.000000000000000000e+00
1.500000000000000000e+02 9.000000000000000000e+00
1.580000000000000000e+02 9.000000000000000000e+00
3.620000000000000000e+02 9.000000000000000000e+00
1.420000000000000000e+02 7.000000000000000000e+00
1.420000000000000000e+02 7.000000000000000000e+00
1.420000000000000000e+02 7.000000000000000000e+00
1.420000000000000000e+02 8.000000000000000000e+00
1.420000000000000000e+02 9.000000000000000000e+00
1.420000000000000000e+02 7.000000000000000000e+00
1.420000000000000000e+02 7.000000000000000000e+00
1.420000000000000000e+02 8.000000000000000000e+00
2.480000000000000000e+02 1.400000000000000000e+01
1.420000000000000000e+02 8.000000000000000000e+00
2.560000000000000000e+02 1.600000000000000000e+01
2.480000000000000000e+02 1.200000000000000000e+01
2.560000000000000000e+02 1.600000000000000000e+01
2.630000000000000000e+02 1.500000000000000000e+01
2.630000000000000000e+02 1.500000000000000000e+01
2.630000000000000000e+02 1.500000000000000000e+01
2.630000000000000000e+02 1.500000000000000000e+01
2.560000000000000000e+02 1.600000000000000000e+01
2.480000000000000000e+02 1.600000000000000000e+01
2.480000000000000000e+02 1.600000000000000000e+01
2.480000000000000000e+02 1.600000000000000000e+01
1.420000000000000000e+02 8.000000000000000000e+00
1.420000000000000000e+02 7.000000000000000000e+00
1.420000000000000000e+02 7.000000000000000000e+00
3.550000000000000000e+02 9.000000000000000000e+00
3.550000000000000000e+02 9.000000000000000000e+00
3.550000000000000000e+02 9.000000000000000000e+00
3.550000000000000000e+02 9.000000000000000000e+00
3.620000000000000000e+02 1.100000000000000000e+01
3.620000000000000000e+02 1.100000000000000000e+01
3.620000000000000000e+02 1.200000000000000000e+01
1.420000000000000000e+02 8.000000000000000000e+00
1.420000000000000000e+02 9.000000000000000000e+00
1.420000000000000000e+02 8.000000000000000000e+00
1.420000000000000000e+02 9.000000000000000000e+00
1.420000000000000000e+02 9.000000000000000000e+00
1.420000000000000000e+02 8.000000000000000000e+00
1.420000000000000000e+02 8.000000000000000000e+00
1.420000000000000000e+02 8.000000000000000000e+00
1.420000000000000000e+02 8.000000000000000000e+00
1.420000000000000000e+02 8.000000000000000000e+00
1.420000000000000000e+02 8.000000000000000000e+00
1.420000000000000000e+02 8.000000000000000000e+00
1.420000000000000000e+02 8.000000000000000000e+00
1.420000000000000000e+02 8.000000000000000000e+00
1.420000000000000000e+02 8.000000000000000000e+00
1.420000000000000000e+02 6.000000000000000000e+00
1.420000000000000000e+02 6.000000000000000000e+00
1.580000000000000000e+02 9.000000000000000000e+00
1.500000000000000000e+02 7.000000000000000000e+00
1.420000000000000000e+02 6.000000000000000000e+00
1.420000000000000000e+02 6.000000000000000000e+00
1.420000000000000000e+02 7.000000000000000000e+00
1.500000000000000000e+02 7.000000000000000000e+00
1.500000000000000000e+02 7.000000000000000000e+00
1.500000000000000000e+02 7.000000000000000000e+00
1.420000000000000000e+02 6.000000000000000000e+00
1.340000000000000000e+02 1.400000000000000000e+01
1.340000000000000000e+02 1.500000000000000000e+01
1.420000000000000000e+02 1.500000000000000000e+01
1.420000000000000000e+02 8.000000000000000000e+00
1.420000000000000000e+02 6.000000000000000000e+00
1.420000000000000000e+02 6.000000000000000000e+00
1.420000000000000000e+02 9.000000000000000000e+00
1.420000000000000000e+02 8.000000000000000000e+00
1.420000000000000000e+02 8.000000000000000000e+00
1.420000000000000000e+02 6.000000000000000000e+00
3.550000000000000000e+02 1.000000000000000000e+01
1.420000000000000000e+02 6.000000000000000000e+00
1.420000000000000000e+02 9.000000000000000000e+00
3.550000000000000000e+02 9.000000000000000000e+00
3.620000000000000000e+02 1.100000000000000000e+01
3.620000000000000000e+02 1.100000000000000000e+01
3.620000000000000000e+02 1.200000000000000000e+01
3.620000000000000000e+02 1.100000000000000000e+01
3.620000000000000000e+02 1.100000000000000000e+01
3.620000000000000000e+02 1.100000000000000000e+01
3.550000000000000000e+02 9.000000000000000000e+00
3.550000000000000000e+02 1.000000000000000000e+01
3.550000000000000000e+02 1.000000000000000000e+01
3.620000000000000000e+02 1.100000000000000000e+01
3.550000000000000000e+02 9.000000000000000000e+00
3.550000000000000000e+02 9.000000000000000000e+00
1.420000000000000000e+02 7.000000000000000000e+00
3.550000000000000000e+02 9.000000000000000000e+00
2.560000000000000000e+02 1.800000000000000000e+01
2.480000000000000000e+02 1.400000000000000000e+01
2.480000000000000000e+02 1.400000000000000000e+01
2.560000000000000000e+02 1.600000000000000000e+01
2.630000000000000000e+02 1.500000000000000000e+01
2.630000000000000000e+02 1.500000000000000000e+01
2.630000000000000000e+02 1.500000000000000000e+01
2.480000000000000000e+02 1.400000000000000000e+01
2.480000000000000000e+02 1.400000000000000000e+01
2.480000000000000000e+02 1.400000000000000000e+01
2.480000000000000000e+02 1.700000000000000000e+01
1.420000000000000000e+02 7.000000000000000000e+00
1.420000000000000000e+02 7.000000000000000000e+00
1.420000000000000000e+02 7.000000000000000000e+00
1.420000000000000000e+02 7.000000000000000000e+00
1.420000000000000000e+02 7.000000000000000000e+00
1.420000000000000000e+02 9.000000000000000000e+00
1.420000000000000000e+02 9.000000000000000000e+00
3.620000000000000000e+02 9.000000000000000000e+00
3.620000000000000000e+02 9.000000000000000000e+00
3.620000000000000000e+02 9.000000000000000000e+00
3.620000000000000000e+02 9.000000000000000000e+00
3.550000000000000000e+02 8.000000000000000000e+00
3.550000000000000000e+02 7.000000000000000000e+00
1.420000000000000000e+02 8.000000000000000000e+00
2.100000000000000000e+02 7.000000000000000000e+00
3.550000000000000000e+02 7.000000000000000000e+00
3.550000000000000000e+02 7.000000000000000000e+00
3.550000000000000000e+02 7.000000000000000000e+00
2.560000000000000000e+02 9.000000000000000000e+00
1.420000000000000000e+02 8.000000000000000000e+00
1.420000000000000000e+02 8.000000000000000000e+00
1.420000000000000000e+02 8.000000000000000000e+00
1.420000000000000000e+02 8.000000000000000000e+00
1.420000000000000000e+02 8.000000000000000000e+00
3.550000000000000000e+02 8.000000000000000000e+00
2.100000000000000000e+02 7.000000000000000000e+00
1.420000000000000000e+02 7.000000000000000000e+00
1.500000000000000000e+02 9.000000000000000000e+00
3.620000000000000000e+02 9.000000000000000000e+00
3.620000000000000000e+02 9.000000000000000000e+00
1.420000000000000000e+02 7.000000000000000000e+00
1.420000000000000000e+02 1.300000000000000000e+01
3.620000000000000000e+02 9.000000000000000000e+00
3.620000000000000000e+02 1.000000000000000000e+01
3.620000000000000000e+02 1.000000000000000000e+01
1.420000000000000000e+02 7.000000000000000000e+00
3.550000000000000000e+02 7.000000000000000000e+00
1.420000000000000000e+02 8.000000000000000000e+00
3.620000000000000000e+02 1.000000000000000000e+01
1.420000000000000000e+02 1.500000000000000000e+01
3.550000000000000000e+02 8.000000000000000000e+00
3.550000000000000000e+02 8.000000000000000000e+00
3.550000000000000000e+02 1.000000000000000000e+01
3.550000000000000000e+02 7.000000000000000000e+00
2.100000000000000000e+02 7.000000000000000000e+00
3.550000000000000000e+02 9.000000000000000000e+00
1.420000000000000000e+02 6.000000000000000000e+00
1.420000000000000000e+02 6.000000000000000000e+00
1.420000000000000000e+02 7.000000000000000000e+00
3.550000000000000000e+02 1.000000000000000000e+01
3.550000000000000000e+02 1.000000000000000000e+01
3.620000000000000000e+02 1.200000000000000000e+01
3.620000000000000000e+02 1.200000000000000000e+01
3.700000000000000000e+02 1.000000000000000000e+01
3.620000000000000000e+02 1.100000000000000000e+01
3.620000000000000000e+02 1.100000000000000000e+01
3.620000000000000000e+02 1.100000000000000000e+01
3.550000000000000000e+02 1.000000000000000000e+01
3.550000000000000000e+02 1.000000000000000000e+01
3.550000000000000000e+02 1.000000000000000000e+01
3.550000000000000000e+02 1.000000000000000000e+01
3.550000000000000000e+02 1.000000000000000000e+01
3.550000000000000000e+02 9.000000000000000000e+00
3.550000000000000000e+02 9.000000000000000000e+00
3.550000000000000000e+02 9.000000000000000000e+00
3.550000000000000000e+02 1.000000000000000000e+01
2.560000000000000000e+02 1.700000000000000000e+01
2.560000000000000000e+02 1.700000000000000000e+01
2.560000000000000000e+02 1.700000000000000000e+01
2.630000000000000000e+02 1.600000000000000000e+01
2.560000000000000000e+02 1.700000000000000000e+01
2.560000000000000000e+02 1.700000000000000000e+01
2.560000000000000000e+02 1.700000000000000000e+01
2.560000000000000000e+02 1.700000000000000000e+01
2.480000000000000000e+02 1.600000000000000000e+01
2.480000000000000000e+02 1.500000000000000000e+01
2.480000000000000000e+02 1.600000000000000000e+01
3.550000000000000000e+02 9.000000000000000000e+00
3.550000000000000000e+02 9.000000000000000000e+00
3.550000000000000000e+02 9.000000000000000000e+00
3.550000000000000000e+02 9.000000000000000000e+00
2.480000000000000000e+02 8.000000000000000000e+00
3.550000000000000000e+02 9.000000000000000000e+00
3.550000000000000000e+02 9.000000000000000000e+00
3.550000000000000000e+02 9.000000000000000000e+00
1.420000000000000000e+02 8.000000000000000000e+00
1.420000000000000000e+02 1.500000000000000000e+01
1.420000000000000000e+02 1.000000000000000000e+01
1.420000000000000000e+02 8.000000000000000000e+00
1.420000000000000000e+02 8.000000000000000000e+00
1.420000000000000000e+02 1.000000000000000000e+01
1.420000000000000000e+02 8.000000000000000000e+00
1.420000000000000000e+02 7.000000000000000000e+00
1.420000000000000000e+02 9.000000000000000000e+00
1.420000000000000000e+02 9.000000000000000000e+00
1.420000000000000000e+02 7.000000000000000000e+00
1.420000000000000000e+02 9.000000000000000000e+00
1.420000000000000000e+02 7.000000000000000000e+00
1.420000000000000000e+02 7.000000000000000000e+00
3.550000000000000000e+02 8.000000000000000000e+00
3.550000000000000000e+02 8.000000000000000000e+00
3.550000000000000000e+02 8.000000000000000000e+00
3.620000000000000000e+02 1.000000000000000000e+01
1.580000000000000000e+02 9.000000000000000000e+00
1.580000000000000000e+02 9.000000000000000000e+00
1.580000000000000000e+02 9.000000000000000000e+00
1.580000000000000000e+02 9.000000000000000000e+00
1.580000000000000000e+02 9.000000000000000000e+00
1.500000000000000000e+02 1.000000000000000000e+01
1.580000000000000000e+02 9.000000000000000000e+00
1.420000000000000000e+02 7.000000000000000000e+00
1.420000000000000000e+02 7.000000000000000000e+00
2.480000000000000000e+02 9.000000000000000000e+00
3.550000000000000000e+02 8.000000000000000000e+00
1.580000000000000000e+02 9.000000000000000000e+00
1.420000000000000000e+02 7.000000000000000000e+00
1.420000000000000000e+02 7.000000000000000000e+00
3.550000000000000000e+02 8.000000000000000000e+00
1.420000000000000000e+02 9.000000000000000000e+00
1.420000000000000000e+02 9.000000000000000000e+00
3.550000000000000000e+02 8.000000000000000000e+00
1.420000000000000000e+02 7.000000000000000000e+00
1.420000000000000000e+02 9.000000000000000000e+00
1.420000000000000000e+02 7.000000000000000000e+00
1.420000000000000000e+02 7.000000000000000000e+00
1.580000000000000000e+02 9.000000000000000000e+00
1.580000000000000000e+02 9.000000000000000000e+00
1.580000000000000000e+02 9.000000000000000000e+00
1.580000000000000000e+02 9.000000000000000000e+00
1.420000000000000000e+02 7.000000000000000000e+00
1.420000000000000000e+02 7.000000000000000000e+00
3.620000000000000000e+02 9.000000000000000000e+00
1.420000000000000000e+02 7.000000000000000000e+00
1.420000000000000000e+02 7.000000000000000000e+00
1.420000000000000000e+02 7.000000000000000000e+00
1.420000000000000000e+02 7.000000000000000000e+00
1.420000000000000000e+02 7.000000000000000000e+00
1.420000000000000000e+02 7.000000000000000000e+00
1.420000000000000000e+02 8.000000000000000000e+00
1.420000000000000000e+02 8.000000000000000000e+00
1.420000000000000000e+02 7.000000000000000000e+00
1.420000000000000000e+02 7.000000000000000000e+00
2.480000000000000000e+02 1.500000000000000000e+01
2.480000000000000000e+02 1.500000000000000000e+01
2.560000000000000000e+02 1.400000000000000000e+01
1.420000000000000000e+02 1.600000000000000000e+01
2.560000000000000000e+02 1.400000000000000000e+01
2.480000000000000000e+02 1.600000000000000000e+01
2.480000000000000000e+02 1.600000000000000000e+01
2.480000000000000000e+02 1.600000000000000000e+01
3.550000000000000000e+02 9.000000000000000000e+00
3.550000000000000000e+02 1.000000000000000000e+01
3.550000000000000000e+02 1.000000000000000000e+01
3.550000000000000000e+02 1.000000000000000000e+01
3.550000000000000000e+02 1.000000000000000000e+01
3.550000000000000000e+02 1.000000000000000000e+01
3.550000000000000000e+02 1.000000000000000000e+01
3.550000000000000000e+02 1.000000000000000000e+01
3.550000000000000000e+02 1.000000000000000000e+01
1.420000000000000000e+02 7.000000000000000000e+00
1.420000000000000000e+02 7.000000000000000000e+00
1.420000000000000000e+02 7.000000000000000000e+00
1.420000000000000000e+02 7.000000000000000000e+00
1.420000000000000000e+02 7.000000000000000000e+00
1.420000000000000000e+02 7.000000000000000000e+00
1.420000000000000000e+02 7.000000000000000000e+00
1.420000000000000000e+02 7.000000000000000000e+00
1.420000000000000000e+02 7.000000000000000000e+00
1.420000000000000000e+02 7.000000000000000000e+00
1.420000000000000000e+02 7.000000000000000000e+00
1.420000000000000000e+02 6.000000000000000000e+00
1.420000000000000000e+02 6.000000000000000000e+00
3.550000000000000000e+02 1.000000000000000000e+01
2.100000000000000000e+02 7.000000000000000000e+00
3.550000000000000000e+02 1.000000000000000000e+01
3.550000000000000000e+02 1.000000000000000000e+01
3.550000000000000000e+02 1.000000000000000000e+01
1.420000000000000000e+02 7.000000000000000000e+00
3.550000000000000000e+02 1.000000000000000000e+01
3.550000000000000000e+02 1.000000000000000000e+01
3.550000000000000000e+02 1.000000000000000000e+01
3.550000000000000000e+02 1.000000000000000000e+01
3.620000000000000000e+02 1.200000000000000000e+01
1.580000000000000000e+02 9.000000000000000000e+00
3.620000000000000000e+02 1.200000000000000000e+01
3.550000000000000000e+02 1.000000000000000000e+01
3.550000000000000000e+02 1.000000000000000000e+01
3.550000000000000000e+02 1.000000000000000000e+01
3.550000000000000000e+02 1.000000000000000000e+01
3.620000000000000000e+02 1.000000000000000000e+01
1.580000000000000000e+02 9.000000000000000000e+00
3.550000000000000000e+02 9.000000000000000000e+00
3.550000000000000000e+02 8.000000000000000000e+00
3.550000000000000000e+02 8.000000000000000000e+00
3.550000000000000000e+02 8.000000000000000000e+00
2.100000000000000000e+02 7.000000000000000000e+00
3.550000000000000000e+02 7.000000000000000000e+00
3.550000000000000000e+02 9.000000000000000000e+00
3.550000000000000000e+02 8.000000000000000000e+00
3.550000000000000000e+02 1.000000000000000000e+01
3.620000000000000000e+02 1.200000000000000000e+01
3.620000000000000000e+02 1.200000000000000000e+01
3.620000000000000000e+02 1.200000000000000000e+01
1.580000000000000000e+02 9.000000000000000000e+00
3.620000000000000000e+02 1.200000000000000000e+01
3.620000000000000000e+02 1.200000000000000000e+01
3.620000000000000000e+02 1.200000000000000000e+01
1.420000000000000000e+02 7.000000000000000000e+00
1.420000000000000000e+02 7.000000000000000000e+00
3.620000000000000000e+02 9.000000000000000000e+00
1.420000000000000000e+02 7.000000000000000000e+00
1.420000000000000000e+02 7.000000000000000000e+00
1.420000000000000000e+02 7.000000000000000000e+00
1.420000000000000000e+02 7.000000000000000000e+00
1.420000000000000000e+02 7.000000000000000000e+00
2.480000000000000000e+02 1.700000000000000000e+01
2.480000000000000000e+02 1.700000000000000000e+01
2.480000000000000000e+02 1.600000000000000000e+01
2.480000000000000000e+02 1.700000000000000000e+01
2.480000000000000000e+02 1.500000000000000000e+01
2.480000000000000000e+02 1.600000000000000000e+01
2.560000000000000000e+02 1.600000000000000000e+01
2.480000000000000000e+02 1.700000000000000000e+01
2.560000000000000000e+02 1.800000000000000000e+01
2.560000000000000000e+02 1.800000000000000000e+01
2.480000000000000000e+02 1.700000000000000000e+01
2.480000000000000000e+02 1.700000000000000000e+01
1.420000000000000000e+02 7.000000000000000000e+00
1.420000000000000000e+02 7.000000000000000000e+00
1.420000000000000000e+02 7.000000000000000000e+00
3.550000000000000000e+02 9.000000000000000000e+00
3.550000000000000000e+02 9.000000000000000000e+00
3.550000000000000000e+02 9.000000000000000000e+00
3.550000000000000000e+02 9.000000000000000000e+00
3.550000000000000000e+02 9.000000000000000000e+00
3.550000000000000000e+02 1.000000000000000000e+01
3.550000000000000000e+02 9.000000000000000000e+00
3.550000000000000000e+02 1.000000000000000000e+01
3.550000000000000000e+02 1.000000000000000000e+01
3.550000000000000000e+02 1.000000000000000000e+01
3.550000000000000000e+02 1.000000000000000000e+01
3.550000000000000000e+02 1.000000000000000000e+01
3.550000000000000000e+02 1.000000000000000000e+01
3.550000000000000000e+02 1.000000000000000000e+01
3.550000000000000000e+02 1.000000000000000000e+01
3.550000000000000000e+02 1.000000000000000000e+01
3.550000000000000000e+02 1.000000000000000000e+01
3.550000000000000000e+02 1.000000000000000000e+01
3.550000000000000000e+02 1.000000000000000000e+01
3.550000000000000000e+02 1.000000000000000000e+01
3.550000000000000000e+02 1.000000000000000000e+01
3.550000000000000000e+02 1.000000000000000000e+01
3.550000000000000000e+02 8.000000000000000000e+00
3.550000000000000000e+02 8.000000000000000000e+00
3.550000000000000000e+02 1.000000000000000000e+01
3.550000000000000000e+02 8.000000000000000000e+00
1.500000000000000000e+02 1.000000000000000000e+01
3.620000000000000000e+02 1.000000000000000000e+01
3.620000000000000000e+02 1.200000000000000000e+01
3.550000000000000000e+02 9.000000000000000000e+00
3.620000000000000000e+02 1.000000000000000000e+01
1.420000000000000000e+02 8.000000000000000000e+00
3.550000000000000000e+02 9.000000000000000000e+00
3.550000000000000000e+02 9.000000000000000000e+00
3.620000000000000000e+02 1.000000000000000000e+01
3.620000000000000000e+02 1.000000000000000000e+01
3.550000000000000000e+02 9.000000000000000000e+00
3.550000000000000000e+02 1.000000000000000000e+01
1.420000000000000000e+02 8.000000000000000000e+00
1.420000000000000000e+02 8.000000000000000000e+00
3.550000000000000000e+02 1.000000000000000000e+01
3.550000000000000000e+02 1.000000000000000000e+01
1.420000000000000000e+02 8.000000000000000000e+00
1.420000000000000000e+02 8.000000000000000000e+00
1.420000000000000000e+02 8.000000000000000000e+00
1.420000000000000000e+02 8.000000000000000000e+00
3.620000000000000000e+02 1.000000000000000000e+01
1.500000000000000000e+02 9.000000000000000000e+00
1.500000000000000000e+02 1.000000000000000000e+01
1.420000000000000000e+02 9.000000000000000000e+00
3.550000000000000000e+02 9.000000000000000000e+00
3.550000000000000000e+02 9.000000000000000000e+00
3.620000000000000000e+02 1.100000000000000000e+01
3.620000000000000000e+02 1.100000000000000000e+01
3.550000000000000000e+02 9.000000000000000000e+00
3.550000000000000000e+02 9.000000000000000000e+00
3.550000000000000000e+02 9.000000000000000000e+00
3.550000000000000000e+02 9.000000000000000000e+00
3.550000000000000000e+02 9.000000000000000000e+00
3.550000000000000000e+02 9.000000000000000000e+00
3.550000000000000000e+02 1.000000000000000000e+01
2.480000000000000000e+02 1.700000000000000000e+01
2.480000000000000000e+02 1.500000000000000000e+01
2.560000000000000000e+02 1.600000000000000000e+01
2.560000000000000000e+02 1.600000000000000000e+01
2.630000000000000000e+02 1.500000000000000000e+01
2.560000000000000000e+02 1.000000000000000000e+01
