3.390000000000000000e+02 9.000000000000000000e+00
2.410000000000000000e+02 9.000000000000000000e+00
1.950000000000000000e+02 1.500000000000000000e+01
1.950000000000000000e+02 1.500000000000000000e+01
2.030000000000000000e+02 1.100000000000000000e+01
2.030000000000000000e+02 1.100000000000000000e+01
2.030000000000000000e+02 1.100000000000000000e+01
2.030000000000000000e+02 1.100000000000000000e+01
2.030000000000000000e+02 1.100000000000000000e+01
3.390000000000000000e+02 9.000000000000000000e+00
3.390000000000000000e+02 9.000000000000000000e+00
2.030000000000000000e+02 1.500000000000000000e+01
1.950000000000000000e+02 1.000000000000000000e+01
1.950000000000000000e+02 1.000000000000000000e+01
3.390000000000000000e+02 8.000000000000000000e+00
3.390000000000000000e+02 9.000000000000000000e+00
3.390000000000000000e+02 9.000000000000000000e+00
3.390000000000000000e+02 9.000000000000000000e+00
3.390000000000000000e+02 9.000000000000000000e+00
3.390000000000000000e+02 9.000000000000000000e+00
3.390000000000000000e+02 8.000000000000000000e+00
3.390000000000000000e+02 8.000000000000000000e+00
3.390000000000000000e+02 8.000000000000000000e+00
3.390000000000000000e+02 9.000000000000000000e+00
3.390000000000000000e+02 9.000000000000000000e+00
3.390000000000000000e+02 9.000000000000000000e+00
3.390000000000000000e+02 9.000000000000000000e+00
3.390000000000000000e+02 9.000000000000000000e+00
3.390000000000000000e+02 9.000000000000000000e+00
3.390000000000000000e+02 9.000000000000000000e+00
3.390000000000000000e+02 9.000000000000000000e+00
3.390000000000000000e+02 9.000000000000000000e+00
3.390000000000000000e+02 9.000000000000000000e+00
3.390000000000000000e+02 9.000000000000000000e+00
3.390000000000000000e+02 9.000000000000000000e+00
3.390000000000000000e+02 9.000000000000000000e+00
3.390000000000000000e+02 9.000000000000000000e+00
3.390000000000000000e+02 9.000000000000000000e+00
3.390000000000000000e+02 9.000000000000000000e+00
3.390000000000000000e+02 9.000000000000000000e+00
3.000000000000000000e+00 7.000000000000000000e+00
3.390000000000000000e+02 9.000000000000000000e+00
3.390000000000000000e+02 9.000000000000000000e+00
3.390000000000000000e+02 9.000000000000000000e+00
3.000000000000000000e+00 7.000000000000000000e+00
3.000000000000000000e+00 7.000000000000000000e+00
3.000000000000000000e+00 7.000000000000000000e+00
3.000000000000000000e+00 7.000000000000000000e+00
3.000000000000000000e+00 7.000000000000000000e+00
3.000000000000000000e+00 7.000000000000000000e+00
3.000000000000000000e+00 7.000000000000000000e+00
3.000000000000000000e+00 7.000000000000000000e+00
3.000000000000000000e+00 7.000000000000000000e+00
3.000000000000000000e+00 7.000000000000000000e+00
3.000000000000000000e+00 7.000000000000000000e+00
3.000000000000000000e+00 7.000000000000000000e+00
3.000000000000000000e+00 7.000000000000000000e+00
3.000000000000000000e+00 7.000000000000000000e+00
3.000000000000000000e+00 7.000000000000000000e+00
3.000000000000000000e+00 7.000000000000000000e+00
3.000000000000000000e+00 7.000000000000000000e+00
3.000000000000000000e+00 7.000000000000000000e+00
3.000000000000000000e+00 7.000000000000000000e+00
3.000000000000000000e+00 7.000000000000000000e+00
3.000000000000000000e+00 7.000000000000000000e+00
3.000000000000000000e+00 7.000000000000000000e+00
3.000000000000000000e+00 7.000000000000000000e+00
3.000000000000000000e+00 7.000000000000000000e+00
3.000000000000000000e+00 7.000000000000000000e+00
3.000000000000000000e+00 7.000000000000000000e+00
3.000000000000000000e+00 7.000000000000000000e+00
3.000000000000000000e+00 7.000000000000000000e+00
3.000000000000000000e+00 7.000000000000000000e+00
3.000000000000000000e+00 7.000000000000000000e+00
3.000000000000000000e+00 7.000000000000000000e+00
3.000000000000000000e+00 7.000000000000000000e+00
3.000000000000000000e+00 7.000000000000000000e+00
3.000000000000000000e+00 7.000000000000000000e+00
3.000000000000000000e+00 7.000000000000000000e+00
3.000000000000000000e+00 7.000000000000000000e+00
3.000000000000000000e+00 7.000000000000000000e+00
3.000000000000000000e+00 7.000000000000000000e+00
2.480000000000000000e+02 8.000000000000000000e+00
3.000000000000000000e+00 7.000000000000000000e+00
3.000000000000000000e+00 7.000000000000000000e+00
3.000000000000000000e+00 7.000000000000000000e+00
3.000000000000000000e+00 7.000000000000000000e+00
3.000000000000000000e+00 7.000000000000000000e+00
3.000000000000000000e+00 7.000000000000000000e+00
3.000000000000000000e+00 7.000000000000000000e+00
3.000000000000000000e+00 7.000000000000000000e+00
3.000000000000000000e+00 7.000000000000000000e+00
3.000000000000000000e+00 7.000000000000000000e+00
3.000000000000000000e+00 7.000000000000000000e+00
3.000000000000000000e+00 7.000000000000000000e+00
3.000000000000000000e+00 7.000000000000000000e+00
3.000000000000000000e+00 7.000000000000000000e+00
3.000000000000000000e+00 7.000000000000000000e+00
3.000000000000000000e+00 7.000000000000000000e+00
3.000000000000000000e+00 7.000000000000000000e+00
3.000000000000000000e+00 7.000000000000000000e+00
3.000000000000000000e+00 7.000000000000000000e+00
3.000000000000000000e+00 7.000000000000000000e+00
3.000000000000000000e+00 7.000000000000000000e+00
3.000000000000000000e+00 7.000000000000000000e+00
3.000000000000000000e+00 7.000000000000000000e+00
3.000000000000000000e+00 7.000000000000000000e+00
3.000000000000000000e+00 7.000000000000000000e+00
2.030000000000000000e+02 1.100000000000000000e+01
2.030000000000000000e+02 1.100000000000000000e+01
2.030000000000000000e+02 1.100000000000000000e+01
2.030000000000000000e+02 1.100000000000000000e+01
2.100000000000000000e+02 1.100000000000000000e+01
2.100000000000000000e+02 1.100000000000000000e+01
2.100000000000000000e+02 1.100000000000000000e+01
2.100000000000000000e+02 1.100000000000000000e+01
2.100000000000000000e+02 1.100000000000000000e+01
2.100000000000000000e+02 1.100000000000000000e+01
2.100000000000000000e+02 1.100000000000000000e+01
2.100000000000000000e+02 1.100000000000000000e+01
2.100000000000000000e+02 1.100000000000000000e+01
2.030000000000000000e+02 1.300000000000000000e+01
2.100000000000000000e+02 1.000000000000000000e+01
2.100000000000000000e+02 1.000000000000000000e+01
2.480000000000000000e+02 1.100000000000000000e+01
3.390000000000000000e+02 9.000000000000000000e+00
3.000000000000000000e+00 7.000000000000000000e+00
3.000000000000000000e+00 7.000000000000000000e+00
3.000000000000000000e+00 7.000000000000000000e+00
3.000000000000000000e+00 7.000000000000000000e+00
3.000000000000000000e+00 7.000000000000000000e+00
2.030000000000000000e+02 1.200000000000000000e+01
1.950000000000000000e+02 2.000000000000000000e+01
2.100000000000000000e+02 1.000000000000000000e+01
2.100000000000000000e+02 1.000000000000000000e+01
3.000000000000000000e+00 7.000000000000000000e+00
3.000000000000000000e+00 7.000000000000000000e+00
3.000000000000000000e+00 7.000000000000000000e+00
3.000000000000000000e+00 7.000000000000000000e+00
3.000000000000000000e+00 7.000000000000000000e+00
3.000000000000000000e+00 7.000000000000000000e+00
3.000000000000000000e+00 7.000000000000000000e+00
2.030000000000000000e+02 8.000000000000000000e+00
2.030000000000000000e+02 8.000000000000000000e+00
2.100000000000000000e+02 8.000000000000000000e+00
2.100000000000000000e+02 8.000000000000000000e+00
3.000000000000000000e+00 7.000000000000000000e+00
2.030000000000000000e+02 1.100000000000000000e+01
3.000000000000000000e+00 7.000000000000000000e+00
3.000000000000000000e+00 7.000000000000000000e+00
3.000000000000000000e+00 7.000000000000000000e+00
3.000000000000000000e+00 7.000000000000000000e+00
3.000000000000000000e+00 7.000000000000000000e+00
3.000000000000000000e+00 7.000000000000000000e+00
3.000000000000000000e+00 7.000000000000000000e+00
3.000000000000000000e+00 7.000000000000000000e+00
3.000000000000000000e+00 7.000000000000000000e+00
3.000000000000000000e+00 7.000000000000000000e+00
3.000000000000000000e+00 7.000000000000000000e+00
3.000000000000000000e+00 7.000000000000000000e+00
3.000000000000000000e+00 7.000000000000000000e+00
3.000000000000000000e+00 7.000000000000000000e+00
3.000000000000000000e+00 7.000000000000000000e+00
3.000000000000000000e+00 7.000000000000000000e+00
3.000000000000000000e+00 7.000000000000000000e+00
3.000000000000000000e+00 7.000000000000000000e+00
1.950000000000000000e+02 9.000000000000000000e+00
1.950000000000000000e+02 9.000000000000000000e+00
1.880000000000000000e+02 1.300000000000000000e+01
3.000000000000000000e+00 7.000000000000000000e+00
3.000000000000000000e+00 7.000000000000000000e+00
3.000000000000000000e+00 7.000000000000000000e+00
3.000000000000000000e+00 7.000000000000000000e+00
3.000000000000000000e+00 7.000000000000000000e+00
3.000000000000000000e+00 7.000000000000000000e+00
3.000000000000000000e+00 7.000000000000000000e+00
3.000000000000000000e+00 7.000000000000000000e+00
3.000000000000000000e+00 7.000000000000000000e+00
3.000000000000000000e+00 7.000000000000000000e+00
3.000000000000000000e+00 7.000000000000000000e+00
3.000000000000000000e+00 7.000000000000000000e+00
3.000000000000000000e+00 7.000000000000000000e+00
3.000000000000000000e+00 7.000000000000000000e+00
1.950000000000000000e+02 1.000000000000000000e+01
1.950000000000000000e+02 1.000000000000000000e+01
1.950000000000000000e+02 1.000000000000000000e+01
1.950000000000000000e+02 1.000000000000000000e+01
1.950000000000000000e+02 1.000000000000000000e+01
1.950000000000000000e+02 1.000000000000000000e+01
1.950000000000000000e+02 1.000000000000000000e+01
1.950000000000000000e+02 1.000000000000000000e+01
3.000000000000000000e+00 7.000000000000000000e+00
1.950000000000000000e+02 1.000000000000000000e+01
3.000000000000000000e+00 7.000000000000000000e+00
3.000000000000000000e+00 7.000000000000000000e+00
3.000000000000000000e+00 7.000000000000000000e+00
3.000000000000000000e+00 7.000000000000000000e+00
3.000000000000000000e+00 7.000000000000000000e+00
3.390000000000000000e+02 8.000000000000000000e+00
3.000000000000000000e+00 7.000000000000000000e+00
3.000000000000000000e+00 7.000000000000000000e+00
3.000000000000000000e+00 7.000000000000000000e+00
3.000000000000000000e+00 7.000000000000000000e+00
3.000000000000000000e+00 7.000000000000000000e+00
3.000000000000000000e+00 7.000000000000000000e+00
3.000000000000000000e+00 7.000000000000000000e+00
3.000000000000000000e+00 7.000000000000000000e+00
3.000000000000000000e+00 7.000000000000000000e+00
3.000000000000000000e+00 7.000000000000000000e+00
3.000000000000000000e+00 7.000000000000000000e+00
3.000000000000000000e+00 7.000000000000000000e+00
3.000000000000000000e+00 7.000000000000000000e+00
3.000000000000000000e+00 7.000000000000000000e+00
3.000000000000000000e+00 7.000000000000000000e+00
3.000000000000000000e+00 7.000000000000000000e+00
3.000000000000000000e+00 7.000000000000000000e+00
3.000000000000000000e+00 7.000000000000000000e+00
3.000000000000000000e+00 7.000000000000000000e+00
2.410000000000000000e+02 9.000000000000000000e+00
2.480000000000000000e+02 1.100000000000000000e+01
2.410000000000000000e+02 9.000000000000000000e+00
3.390000000000000000e+02 9.000000000000000000e+00
2.480000000000000000e+02 1.200000000000000000e+01
3.000000000000000000e+00 7.000000000000000000e+00
3.000000000000000000e+00 7.000000000000000000e+00
3.000000000000000000e+00 7.000000000000000000e+00
3.000000000000000000e+00 7.000000000000000000e+00
2.030000000000000000e+02 8.000000000000000000e+00
2.030000000000000000e+02 8.000000000000000000e+00
3.000000000000000000e+00 7.000000000000000000e+00
3.000000000000000000e+00 7.000000000000000000e+00
3.000000000000000000e+00 7.000000000000000000e+00
2.030000000000000000e+02 8.000000000000000000e+00
2.030000000000000000e+02 8.000000000000000000e+00
2.030000000000000000e+02 8.000000000000000000e+00
2.030000000000000000e+02 8.000000000000000000e+00
3.000000000000000000e+00 7.000000000000000000e+00
3.000000000000000000e+00 7.000000000000000000e+00
2.030000000000000000e+02 9.000000000000000000e+00
1.800000000000000000e+02 8.000000000000000000e+00
1.800000000000000000e+02 8.000000000000000000e+00
2.030000000000000000e+02 8.000000000000000000e+00
3.000000000000000000e+00 7.000000000000000000e+00
3.000000000000000000e+00 7.000000000000000000e+00
3.000000000000000000e+00 7.000000000000000000e+00
2.030000000000000000e+02 9.000000000000000000e+00
1.800000000000000000e+02 8.000000000000000000e+00
1.800000000000000000e+02 8.000000000000000000e+00
2.330000000000000000e+02 9.000000000000000000e+00
2.330000000000000000e+02 9.000000000000000000e+00
2.330000000000000000e+02 1.100000000000000000e+01
2.330000000000000000e+02 1.100000000000000000e+01
2.330000000000000000e+02 1.000000000000000000e+01
2.330000000000000000e+02 1.100000000000000000e+01
2.330000000000000000e+02 1.000000000000000000e+01
2.330000000000000000e+02 1.000000000000000000e+01
2.330000000000000000e+02 1.000000000000000000e+01
2.330000000000000000e+02 1.000000000000000000e+01
2.330000000000000000e+02 1.000000000000000000e+01
2.330000000000000000e+02 1.200000000000000000e+01
2.410000000000000000e+02 1.000000000000000000e+01
2.330000000000000000e+02 1.100000000000000000e+01
2.260000000000000000e+02 1.000000000000000000e+01
2.260000000000000000e+02 1.000000000000000000e+01
2.330000000000000000e+02 1.200000000000000000e+01
2.330000000000000000e+02 1.300000000000000000e+01
2.330000000000000000e+02 1.300000000000000000e+01
1.800000000000000000e+02 8.000000000000000000e+00
2.410000000000000000e+02 1.200000000000000000e+01
2.330000000000000000e+02 1.400000000000000000e+01
2.330000000000000000e+02 1.500000000000000000e+01
2.330000000000000000e+02 1.500000000000000000e+01
2.410000000000000000e+02 1.900000000000000000e+01
2.260000000000000000e+02 1.500000000000000000e+01
2.260000000000000000e+02 1.500000000000000000e+01
2.330000000000000000e+02 2.000000000000000000e+01
2.260000000000000000e+02 1.800000000000000000e+01
2.260000000000000000e+02 1.900000000000000000e+01
3.240000000000000000e+02 1.000000000000000000e+01
1.950000000000000000e+02 1.000000000000000000e+01
2.330000000000000000e+02 9.000000000000000000e+00
2.330000000000000000e+02 9.000000000000000000e+00
2.180000000000000000e+02 1.000000000000000000e+01
2.030000000000000000e+02 2.000000000000000000e+01
3.240000000000000000e+02 1.000000000000000000e+01
2.330000000000000000e+02 1.100000000000000000e+01
2.030000000000000000e+02 1.100000000000000000e+01
2.030000000000000000e+02 1.100000000000000000e+01
2.330000000000000000e+02 1.000000000000000000e+01
2.030000000000000000e+02 1.600000000000000000e+01
2.030000000000000000e+02 1.100000000000000000e+01
2.030000000000000000e+02 1.100000000000000000e+01
2.030000000000000000e+02 1.300000000000000000e+01
2.030000000000000000e+02 1.500000000000000000e+01
3.390000000000000000e+02 9.000000000000000000e+00
2.030000000000000000e+02 1.100000000000000000e+01
2.030000000000000000e+02 1.400000000000000000e+01
3.390000000000000000e+02 9.000000000000000000e+00
3.390000000000000000e+02 9.000000000000000000e+00
3.390000000000000000e+02 9.000000000000000000e+00
1.950000000000000000e+02 1.400000000000000000e+01
1.950000000000000000e+02 1.600000000000000000e+01
3.390000000000000000e+02 9.000000000000000000e+00
2.260000000000000000e+02 1.000000000000000000e+01
3.390000000000000000e+02 9.000000000000000000e+00
3.390000000000000000e+02 9.000000000000000000e+00
1.950000000000000000e+02 1.400000000000000000e+01
1.950000000000000000e+02 1.400000000000000000e+01
1.880000000000000000e+02 1.800000000000000000e+01
3.240000000000000000e+02 1.000000000000000000e+01
3.390000000000000000e+02 9.000000000000000000e+00
1.950000000000000000e+02 1.000000000000000000e+01
3.390000000000000000e+02 9.000000000000000000e+00
1.950000000000000000e+02 1.000000000000000000e+01
2.260000000000000000e+02 1.100000000000000000e+01
2.260000000000000000e+02 1.100000000000000000e+01
1.950000000000000000e+02 9.000000000000000000e+00
1.950000000000000000e+02 9.000000000000000000e+00
1.950000000000000000e+02 9.000000000000000000e+00
1.950000000000000000e+02 1.000000000000000000e+01
3.390000000000000000e+02 9.000000000000000000e+00
1.950000000000000000e+02 1.000000000000000000e+01
1.950000000000000000e+02 1.000000000000000000e+01
1.950000000000000000e+02 1.000000000000000000e+01
3.390000000000000000e+02 8.000000000000000000e+00
3.390000000000000000e+02 8.000000000000000000e+00
3.390000000000000000e+02 8.000000000000000000e+00
3.390000000000000000e+02 1.000000000000000000e+01
3.390000000000000000e+02 8.000000000000000000e+00
3.390000000000000000e+02 1.000000000000000000e+01
3.390000000000000000e+02 1.000000000000000000e+01
3.000000000000000000e+00 7.000000000000000000e+00
3.000000000000000000e+00 7.000000000000000000e+00
3.000000000000000000e+00 7.000000000000000000e+00
3.000000000000000000e+00 7.000000000000000000e+00
3.000000000000000000e+00 7.000000000000000000e+00
3.000000000000000000e+00 7.000000000000000000e+00
3.000000000000000000e+00 7.000000000000000000e+00
3.000000000000000000e+00 7.000000000000000000e+00
2.030000000000000000e+02 1.200000000000000000e+01
3.000000000000000000e+00 7.000000000000000000e+00
3.000000000000000000e+00 7.000000000000000000e+00
3.000000000000000000e+00 7.000000000000000000e+00
3.000000000000000000e+00 7.000000000000000000e+00
3.000000000000000000e+00 7.000000000000000000e+00
3.000000000000000000e+00 7.000000000000000000e+00
3.000000000000000000e+00 7.000000000000000000e+00
3.000000000000000000e+00 8.000000000000000000e+00
3.000000000000000000e+00 7.000000000000000000e+00
3.000000000000000000e+00 7.000000000000000000e+00
3.000000000000000000e+00 7.000000000000000000e+00
3.000000000000000000e+00 7.000000000000000000e+00
3.000000000000000000e+00 7.000000000000000000e+00
3.000000000000000000e+00 7.000000000000000000e+00
3.000000000000000000e+00 7.000000000000000000e+00
3.000000000000000000e+00 7.000000000000000000e+00
3.000000000000000000e+00 7.000000000000000000e+00
3.000000000000000000e+00 7.000000000000000000e+00
3.000000000000000000e+00 7.000000000000000000e+00
3.000000000000000000e+00 7.000000000000000000e+00
3.000000000000000000e+00 7.000000000000000000e+00
3.470000000000000000e+02 1.000000000000000000e+01
3.000000000000000000e+00 7.000000000000000000e+00
3.000000000000000000e+00 7.000000000000000000e+00
3.000000000000000000e+00 7.000000000000000000e+00
3.000000000000000000e+00 7.000000000000000000e+00
3.000000000000000000e+00 7.000000000000000000e+00
3.000000000000000000e+00 7.000000000000000000e+00
3.000000000000000000e+00 7.000000000000000000e+00
3.000000000000000000e+00 7.000000000000000000e+00
3.000000000000000000e+00 7.000000000000000000e+00
3.000000000000000000e+00 7.000000000000000000e+00
3.000000000000000000e+00 7.000000000000000000e+00
3.000000000000000000e+00 7.000000000000000000e+00
3.000000000000000000e+00 7.000000000000000000e+00
3.000000000000000000e+00 7.000000000000000000e+00
3.000000000000000000e+00 7.000000000000000000e+00
3.000000000000000000e+00 7.000000000000000000e+00
3.000000000000000000e+00 7.000000000000000000e+00
3.000000000000000000e+00 7.000000000000000000e+00
3.000000000000000000e+00 7.000000000000000000e+00
3.000000000000000000e+00 7.000000000000000000e+00
3.000000000000000000e+00 7.000000000000000000e+00
3.000000000000000000e+00 7.000000000000000000e+00
3.000000000000000000e+00 7.000000000000000000e+00
3.000000000000000000e+00 7.000000000000000000e+00
1.950000000000000000e+02 1.100000000000000000e+01
1.950000000000000000e+02 1.100000000000000000e+01
1.950000000000000000e+02 1.100000000000000000e+01
3.000000000000000000e+00 7.000000000000000000e+00
3.000000000000000000e+00 7.000000000000000000e+00
3.000000000000000000e+00 7.000000000000000000e+00
3.000000000000000000e+00 7.000000000000000000e+00
3.000000000000000000e+00 7.000000000000000000e+00
2.030000000000000000e+02 1.000000000000000000e+01
3.000000000000000000e+00 7.000000000000000000e+00
3.000000000000000000e+00 7.000000000000000000e+00
3.000000000000000000e+00 7.000000000000000000e+00
3.000000000000000000e+00 7.000000000000000000e+00
3.000000000000000000e+00 7.000000000000000000e+00
3.000000000000000000e+00 7.000000000000000000e+00
3.000000000000000000e+00 7.000000000000000000e+00
3.000000000000000000e+00 7.000000000000000000e+00
3.000000000000000000e+00 7.000000000000000000e+00
3.000000000000000000e+00 7.000000000000000000e+00
3.000000000000000000e+00 7.000000000000000000e+00
3.000000000000000000e+00 7.000000000000000000e+00
3.000000000000000000e+00 7.000000000000000000e+00
3.000000000000000000e+00 7.000000000000000000e+00
3.000000000000000000e+00 7.000000000000000000e+00
3.000000000000000000e+00 7.000000000000000000e+00
3.000000000000000000e+00 7.000000000000000000e+00
3.000000000000000000e+00 7.000000000000000000e+00
3.000000000000000000e+00 7.000000000000000000e+00
3.000000000000000000e+00 7.000000000000000000e+00
3.000000000000000000e+00 7.000000000000000000e+00
3.000000000000000000e+00 7.000000000000000000e+00
3.000000000000000000e+00 7.000000000000000000e+00
3.000000000000000000e+00 7.000000000000000000e+00
3.390000000000000000e+02 8.000000000000000000e+00
3.000000000000000000e+00 7.000000000000000000e+00
3.390000000000000000e+02 8.000000000000000000e+00
2.030000000000000000e+02 1.000000000000000000e+01
2.030000000000000000e+02 1.000000000000000000e+01
2.030000000000000000e+02 1.000000000000000000e+01
2.030000000000000000e+02 1.000000000000000000e+01
2.030000000000000000e+02 1.100000000000000000e+01
2.030000000000000000e+02 1.100000000000000000e+01
2.030000000000000000e+02 1.100000000000000000e+01
1.950000000000000000e+02 1.700000000000000000e+01
2.100000000000000000e+02 1.000000000000000000e+01
3.620000000000000000e+02 1.100000000000000000e+01
2.100000000000000000e+02 1.000000000000000000e+01
2.100000000000000000e+02 1.000000000000000000e+01
3.620000000000000000e+02 1.100000000000000000e+01
2.030000000000000000e+02 1.000000000000000000e+01
3.320000000000000000e+02 1.400000000000000000e+01
2.030000000000000000e+02 1.600000000000000000e+01
2.030000000000000000e+02 1.700000000000000000e+01
2.030000000000000000e+02 1.700000000000000000e+01
2.030000000000000000e+02 1.700000000000000000e+01
3.620000000000000000e+02 1.100000000000000000e+01
2.030000000000000000e+02 1.700000000000000000e+01
1.950000000000000000e+02 1.700000000000000000e+01
1.950000000000000000e+02 1.700000000000000000e+01
1.950000000000000000e+02 1.700000000000000000e+01
1.950000000000000000e+02 1.700000000000000000e+01
2.330000000000000000e+02 1.300000000000000000e+01
3.470000000000000000e+02 9.000000000000000000e+00
3.390000000000000000e+02 8.000000000000000000e+00
3.390000000000000000e+02 8.000000000000000000e+00
3.390000000000000000e+02 8.000000000000000000e+00
2.030000000000000000e+02 1.700000000000000000e+01
2.030000000000000000e+02 1.700000000000000000e+01
2.030000000000000000e+02 1.700000000000000000e+01
3.320000000000000000e+02 1.400000000000000000e+01
2.030000000000000000e+02 1.700000000000000000e+01
2.030000000000000000e+02 1.700000000000000000e+01
3.390000000000000000e+02 8.000000000000000000e+00
3.390000000000000000e+02 1.000000000000000000e+01
3.470000000000000000e+02 1.100000000000000000e+01
2.030000000000000000e+02 1.300000000000000000e+01
3.470000000000000000e+02 1.100000000000000000e+01
3.470000000000000000e+02 1.100000000000000000e+01
3.470000000000000000e+02 1.100000000000000000e+01
3.470000000000000000e+02 1.100000000000000000e+01
3.470000000000000000e+02 1.100000000000000000e+01
3.470000000000000000e+02 1.100000000000000000e+01
3.470000000000000000e+02 1.100000000000000000e+01
3.470000000000000000e+02 1.100000000000000000e+01
3.470000000000000000e+02 1.200000000000000000e+01
3.470000000000000000e+02 1.100000000000000000e+01
3.470000000000000000e+02 1.100000000000000000e+01
3.470000000000000000e+02 1.100000000000000000e+01
3.470000000000000000e+02 1.100000000000000000e+01
3.470000000000000000e+02 1.100000000000000000e+01
3.550000000000000000e+02 9.000000000000000000e+00
3.550000000000000000e+02 9.000000000000000000e+00
3.000000000000000000e+00 7.000000000000000000e+00
3.550000000000000000e+02 9.000000000000000000e+00
3.000000000000000000e+00 7.000000000000000000e+00
3.000000000000000000e+00 7.000000000000000000e+00
3.000000000000000000e+00 7.000000000000000000e+00
2.560000000000000000e+02 9.000000000000000000e+00
3.000000000000000000e+00 7.000000000000000000e+00
3.000000000000000000e+00 7.000000000000000000e+00
3.000000000000000000e+00 7.000000000000000000e+00
3.000000000000000000e+00 7.000000000000000000e+00
3.000000000000000000e+00 7.000000000000000000e+00
3.000000000000000000e+00 7.000000000000000000e+00
3.000000000000000000e+00 7.000000000000000000e+00
3.000000000000000000e+00 7.000000000000000000e+00
3.000000000000000000e+00 7.000000000000000000e+00
3.000000000000000000e+00 7.000000000000000000e+00
3.000000000000000000e+00 7.000000000000000000e+00
3.000000000000000000e+00 7.000000000000000000e+00
3.000000000000000000e+00 7.000000000000000000e+00
3.000000000000000000e+00 7.000000000000000000e+00
3.000000000000000000e+00 7.000000000000000000e+00
3.000000000000000000e+00 7.000000000000000000e+00
