mass_A
t	x
0.000000000E0	-9.663381206E-13
1.600333333E-1	1.663347563E-2
3.360000000E-1	2.311965900E-2
4.960666667E-1	1.992732287E-2
6.720000000E-1	2.186825000E-2
8.321666667E-1	2.065327597E-2
9.920333333E-1	2.058745080E-2
1.168033333E0	3.356299746E-2
1.328100000E0	1.525297917E-2
1.504100000E0	1.307806895E-2
1.664100000E0	1.685489075E-2
1.824066667E0	1.639614229E-2
2.000100000E0	3.249284267E-2
2.160200000E0	2.250133953E-2
2.335966667E0	1.894865090E-2
2.496300000E0	3.482323928E-2
2.656100000E0	5.193312900E-2
2.832033333E0	5.463957482E-2
2.992033333E0	4.796163382E-2
3.168000000E0	6.323621547E-2
3.328133333E0	4.277647269E-2
3.488000000E0	7.117403661E-2
3.663966667E0	6.631099779E-2
3.824133333E0	6.803056927E-2
4.000133333E0	6.480584807E-2
4.160066667E0	6.087425433E-2
4.335966667E0	6.441995441E-2
4.496100000E0	4.703809100E-2
4.656000000E0	5.359950352E-2
4.831966667E0	6.847036344E-2
4.992000000E0	6.633211907E-2
5.168000000E0	6.231521489E-2
5.328000000E0	7.322232530E-2
5.487933333E0	6.513950033E-2
5.663933333E0	4.152176058E-2
5.824000000E0	7.736494176E-2
5.999933333E0	6.102301857E-2
6.159966667E0	5.209862099E-2
6.320100000E0	5.158530338E-2
6.496100000E0	4.706859780E-2
6.655966667E0	4.685520274E-2
6.831900000E0	5.533897641E-2
6.991966667E0	6.777127027E-2
7.168033333E0	5.604018418E-2
7.327933333E0	5.042670757E-2
7.488100000E0	5.663806678E-2
7.663900000E0	5.032902750E-2
7.823966667E0	4.198828562E-2
7.999900000E0	5.922439695E-2
8.159933333E0	-6.850456413E-3
8.320100000E0	-3.254602819E-2
8.496100000E0	-1.273028907E-1
8.656066667E0	-1.564226349E-1
8.832033333E0	-8.697808352E-2
8.991900000E0	-5.989367672E-2
9.151933333E0	3.043471308E-2
9.328100000E0	7.171789505E-2
9.487933333E0	5.541679788E-2
9.664000000E0	5.621381990E-2
9.824066667E0	3.578390752E-2
9.984066667E0	2.095606144E-2
1.016006667E1	5.618937722E-2
1.031993333E1	2.217637055E-2
1.049603333E1	5.054120108E-2
1.065586667E1	4.796588366E-2
1.083200000E1	5.242353740E-2
1.099190000E1	7.591883832E-2
1.115203333E1	6.245639660E-2
1.132793333E1	8.258743867E-2
1.148800000E1	6.017841320E-2
1.166393333E1	3.086872624E-5
1.182393333E1	-8.855375953E-3
1.198403333E1	-8.343076218E-2
1.215986667E1	-9.412104007E-2
1.232016667E1	-5.819967375E-2
1.249606667E1	-7.308705050E-2
1.265603333E1	-1.722745950E-2
1.281603333E1	2.249003287E-2
1.299196667E1	3.365015413E-2
1.315186667E1	4.792276610E-2
1.332800000E1	1.757533433E-2
1.348800000E1	6.098319067E-2
1.366396667E1	2.424352151E-3
1.382403333E1	2.596945009E-2
1.398406667E1	3.203396406E-2
1.415996667E1	2.179591385E-2
1.431996667E1	4.579797057E-2
1.449586667E1	7.948587122E-2
1.465600000E1	1.048517609E-1
1.481620000E1	8.829402322E-2
1.499183333E1	9.804237840E-2
1.515193333E1	6.405866536E-2
1.532780000E1	3.496669375E-2
1.548793333E1	6.781334475E-3
1.564796667E1	-1.789088860E-2
1.582390000E1	-6.078231168E-2
1.598400000E1	-5.932371257E-2
1.615983333E1	-6.184521338E-2
1.631990000E1	-2.854675949E-2
1.647986667E1	-1.022707175E-2
1.665586667E1	4.955492329E-2
1.681596667E1	6.713622138E-2
1.699193333E1	7.190005553E-2
1.715200000E1	6.174049467E-2
1.732786667E1	3.833606450E-2
1.748783333E1	4.347208319E-2
1.764796667E1	2.978713002E-2
1.782383333E1	3.786764298E-2
1.798390000E1	3.186718331E-2
1.815986667E1	3.856775697E-2
1.832006667E1	8.075046820E-2
1.848010000E1	7.324940484E-2
1.865580000E1	8.073284553E-2
1.881593333E1	5.105421817E-2
1.899173333E1	-1.990188428E-4
1.915190000E1	-2.782659449E-2
1.931210000E1	-1.226586298E-1
1.948796667E1	-8.367478073E-2
1.964790000E1	5.658916812E-2
1.982393333E1	8.999670839E-2
1.998396667E1	3.722681224E-1
2.014383333E1	1.371000587E-1
2.031983333E1	1.907156856E-1
2.047996667E1	1.234701728E-1
2.065583333E1	1.423947449E-1
2.081590000E1	6.965420153E-3
2.099170000E1	-2.161970974E-1
2.115183333E1	-3.153528222E-1
2.131176667E1	-3.598107704E-1
2.148780000E1	-3.345952121E-1
2.164783333E1	-2.611783770E-1
2.182383333E1	-2.073905778E-1
2.198386667E1	-2.693618778E-1
2.214396667E1	-2.018579939E-1
2.231976667E1	-8.946567816E-2
2.247996667E1	-1.641336227E-1
2.265576667E1	-9.718853062E-2
2.281573333E1	-3.795475291E-2
2.297586667E1	-2.053179062E-2
2.315173333E1	-1.435253831E-3
2.331180000E1	5.724245022E-2
2.348783333E1	6.780213162E-2
2.364773333E1	1.914841460E-1
2.382366667E1	1.536513540E-1
2.398380000E1	1.794153092E-1
2.414376667E1	1.420464660E-1
2.431980000E1	1.059223717E-1
2.447990000E1	7.206921762E-2
2.465583333E1	3.817557553E-2
2.481590000E1	-5.527882407E-2
2.497583333E1	-1.576798712E-1
2.515180000E1	-2.269377881E-1
2.531190000E1	-2.891641244E-1
2.548780000E1	-3.080593779E-1
2.564783333E1	-2.792196271E-1
2.580790000E1	-1.682515146E-1
2.598373333E1	-5.547969537E-2
2.614386667E1	-3.249175618E-2
2.631986667E1	-6.883375765E-3
2.647986667E1	-1.991169575E-3
2.663986667E1	7.614650033E-4
2.681580000E1	8.604036865E-3
2.697576667E1	-2.492748093E-3
2.715176667E1	-7.612361614E-4
2.731190000E1	5.217854847E-2
2.748776667E1	9.018302299E-2
2.764773333E1	1.242851242E-1
2.780773333E1	1.087106491E-1
2.798376667E1	1.374020449E-1
2.814373333E1	1.017095368E-1
2.831976667E1	4.606850171E-2
2.847976667E1	4.309756404E-3
2.863986667E1	-2.372096049E-1
2.881580000E1	-4.054461947E-1
2.897580000E1	-5.161464659E-1
2.915173333E1	-4.952228689E-1
2.931176667E1	-4.019543852E-1
2.947190000E1	-2.210577195E-1
2.964783333E1	-1.547157146E-1
2.980780000E1	-9.827412998E-2
2.998370000E1	4.620096357E-2
3.014370000E1	9.628501876E-2
3.030373333E1	4.846470385E-2
3.047986667E1	6.473877593E-2
3.063980000E1	4.095785053E-2
3.081580000E1	1.223309264E-1
3.097576667E1	7.988939652E-1
3.115173333E1	1.004593053E0
3.131166667E1	1.046305432E0
3.147186667E1	9.189671417E-1
3.164773333E1	9.116704025E-1
3.180780000E1	1.721645857E-1
3.198360000E1	9.158256087E-2
3.214373333E1	-2.942990782E-1
3.230386667E1	-6.394677340E-1
3.247973333E1	-8.741091086E-1
3.263973333E1	-1.206024479E0
3.281566667E1	-1.356995050E0
3.297563333E1	-1.364337549E0
3.313563333E1	-1.299927738E0
3.331160000E1	-8.962663469E-1
3.347163333E1	5.139664998E-2
3.364776667E1	1.634672709E-1
3.380773333E1	1.777171144E-1
3.398366667E1	1.601847581E-1
3.414380000E1	1.459662394E-1
3.430383333E1	3.660629723E-1
3.447963333E1	9.027813321E-1
3.463966667E1	9.673380268E-1
3.481556667E1	1.055331356E0
3.497580000E1	1.058084169E0
3.513576667E1	1.029337926E0
3.531173333E1	8.182099912E-1
3.547173333E1	1.404473448E-1
3.564766667E1	-3.059524915E-2
3.580780000E1	-6.867243097E-1
3.596780000E1	-9.173548544E-1
3.614370000E1	-1.011292896E0
3.630360000E1	-1.109774400E0
3.647960000E1	-1.124729210E0
3.663966667E1	-1.106409340E0
3.679966667E1	-9.707521602E-1
3.697560000E1	-6.745933705E-1
3.713566667E1	-1.291986025E-1
3.731156667E1	6.065197039E-2
3.747163333E1	8.261803002E-2
3.764760000E1	1.278472757E-1
3.780773333E1	1.650698978E-1
3.796763333E1	2.415465842E-1
3.814360000E1	3.452175103E-1
3.830370000E1	1.004619052E0
3.847956667E1	1.037420524E0
3.863960000E1	1.029218321E0
3.879960000E1	9.200034368E-1
3.897563333E1	7.024436646E-1
3.913563333E1	1.954431189E-1
3.931166667E1	7.427085710E-2
3.947173333E1	-2.610816515E-2
3.963166667E1	-5.858734114E-1
3.980763333E1	-9.306982544E-1
3.996763333E1	-1.035320984E0
4.014350000E1	-9.696341275E-1
4.030363333E1	-8.738627860E-1
4.046373333E1	-1.719855246E-1
4.063963333E1	-2.169853615E-1
4.079970000E1	-4.424614026E-2
4.097556667E1	8.718575647E-3
4.113563333E1	1.411808190E-2
4.131153333E1	-2.724046608E-2
4.147156667E1	-4.719315491E-2
4.163160000E1	-8.023396524E-2
4.180763333E1	-1.361991558E-1
4.196770000E1	-1.984840495E-1
4.214353333E1	-4.317434169E-2
4.230366667E1	9.875385090E-1
4.246363333E1	1.085105152E0
4.263970000E1	4.318321264E-1
4.279956667E1	1.812559939E-1
4.297560000E1	9.751775737E-2
4.313566667E1	7.677093496E-2
4.329570000E1	8.673788186E-2
4.347163333E1	7.186676265E-2
4.363163333E1	1.579707565E-2
4.380766667E1	-1.873862910E-2
4.396763333E1	-7.926284054E-3
4.414346667E1	-2.113076932E-2
4.430370000E1	-1.373662574E-2
4.446363333E1	-7.569719410E-2
4.463946667E1	-7.775619669E-2
4.479956667E1	-1.384549049E-1
4.497546667E1	-4.805763574E-1
4.513570000E1	-7.033600518E-1
4.529570000E1	-6.177215674E-1
4.547163333E1	-6.234656738E-1
4.563170000E1	-2.707986124E-1
4.580743333E1	-2.916657228E-2
4.596753333E1	4.858143740E-1
4.612760000E1	7.601039903E-1
4.630346667E1	9.814183214E-1
4.646353333E1	9.552433501E-1
4.663966667E1	8.575727972E-1
4.679950000E1	7.501317187E-1
4.695953333E1	1.355474996E-1
4.713546667E1	7.720023977E-2
4.729556667E1	7.257443473E-2
4.747166667E1	-7.793283624E-3
4.763146667E1	-1.469722078E-2
4.780743333E1	-3.526824754E-2
4.796746667E1	4.665695545E-2
4.812753333E1	1.428385306E-2
4.830346667E1	1.755318749E-1
4.846376667E1	1.814466464E-1
4.863960000E1	9.223322267E-2
4.879960000E1	-1.855245677E-1
4.895963333E1	-4.415955570E-1
4.913546667E1	-8.902285297E-1
4.929546667E1	-6.264107884E-1
4.947153333E1	-8.764911294E-1
4.963150000E1	-1.307707786E-1
4.979160000E1	-1.637871102E-1
4.996746667E1	7.578254187E-2
5.012750000E1	3.895233613E-2
5.030360000E1	5.985705595E-1
5.046353333E1	4.400777162E-1
5.062356667E1	-6.488737745E-2
5.079953333E1	-2.058701434E-2
5.095956667E1	-4.928375118E-2
5.113543333E1	1.059239355E-1
5.129560000E1	7.561488769E-1
5.147143333E1	6.692107557E-1
5.163153333E1	7.446035053E-1
5.179160000E1	6.035768896E-1
5.196746667E1	7.572369973E-1
5.212760000E1	1.643090953E-1
5.230350000E1	1.073970771E-2
5.246360000E1	-1.654045390E-2
5.262353333E1	-8.084513197E-1
5.279943333E1	-8.141980184E-1
5.295943333E1	-9.089404233E-1
5.313550000E1	-9.713419254E-1
5.329556667E1	-8.739335868E-1
5.345553333E1	-8.101185227E-1
5.363156667E1	1.693001743E-1
5.379156667E1	7.833149639E-1
5.396753333E1	7.229988614E-1
5.412746667E1	7.262260972E-1
5.430346667E1	6.175470971E-1
5.446353333E1	5.609731478E-1
5.462360000E1	1.850830464E-1
5.479946667E1	1.851832987E-1
5.495950000E1	1.620592915E-1
5.513550000E1	8.903926915E-1
5.529550000E1	7.853516687E-1
5.545543333E1	7.120060535E-1
5.563146667E1	8.181346627E-1
5.579170000E1	8.738714514E-1
5.596743333E1	3.282493261E-1
5.612753333E1	1.349338251E-1
5.628743333E1	-5.896118337E-1
5.646336667E1	-9.215506455E-1
5.662353333E1	-1.386440051E0
5.679943333E1	-1.178891226E0
5.695943333E1	-1.962255912E0
5.711950000E1	-1.586869775E0
5.729553333E1	-9.993118948E-1
5.745553333E1	-9.552252781E-1
5.763133333E1	-5.768717292E-1
5.779150000E1	6.024628873E-1
5.796740000E1	2.872211445E-1
5.812746667E1	-3.396507618E-1
5.828756667E1	8.629665213E-2
5.846350000E1	2.986842203E-2
5.862343333E1	7.390385967E-1
5.879936667E1	9.894881715E-1
5.895943333E1	1.061483695E0
5.911953333E1	1.877918161E0
5.929533333E1	1.161222204E0
5.945550000E1	1.164347529E0
5.963130000E1	7.430975995E-1
5.979136667E1	1.879148382E-1
5.995140000E1	-2.131678717E-1
6.012740000E1	-8.559853248E-1
6.028750000E1	-9.350884670E-1
6.046350000E1	-1.351789810E0
6.062346667E1	-1.592123272E0
6.078340000E1	-1.571296093E0
6.095950000E1	-1.100627408E0
6.111953333E1	-2.847261235E-1
6.129543333E1	-3.488209406E-2
6.145553333E1	1.358263712E-1
6.163136667E1	2.471789983E-1
6.179146667E1	2.632976491E-1
6.195150000E1	2.230191384E-1
6.212736667E1	1.756960875E-1
6.228750000E1	2.099189488E-1
6.246330000E1	1.234482222E0
6.262346667E1	9.316711555E-1
6.278333333E1	1.585796231E0
6.295930000E1	2.716846004E0
6.311933333E1	1.819443017E0
6.329543333E1	1.074427872E0
6.345546667E1	5.267736388E-2
6.361540000E1	-8.280993184E-1
6.379143333E1	-1.866352360E0
6.395133333E1	-2.087914504E0
6.412726667E1	-3.050609917E0
6.428730000E1	-2.970289908E0
6.446340000E1	-2.890334410E0
6.462336667E1	-1.018668604E0
6.478340000E1	-9.530115635E-1
6.495940000E1	-7.293062507E-1
6.511946667E1	-7.584850375E-1
6.529536667E1	2.352432160E-1
6.545526667E1	1.018933999E0
6.561540000E1	9.480102911E-1
6.579133333E1	9.706539028E-1
6.595130000E1	1.001997201E0
6.612730000E1	1.097051298E0
6.628743333E1	1.252271006E0
6.644730000E1	1.879870955E0
6.662326667E1	2.315068687E0
6.678333333E1	1.590132728E0
6.695940000E1	8.693055601E-1
6.711926667E1	3.460475306E-2
6.727930000E1	-2.923282295E-1
6.745526667E1	-1.211385002E0
6.761540000E1	-1.854808241E0
6.779133333E1	-1.991077519E0
6.795123333E1	-2.002433129E0
6.812726667E1	-1.908671025E0
6.828736667E1	-9.441388632E-1
6.844733333E1	-7.957655797E-1
6.862333333E1	-4.294355239E-1
6.878333333E1	-2.316633506E-1
6.895926667E1	1.709290785E-1
6.911936667E1	1.011149227E0
6.927926667E1	1.020712090E0
6.945543333E1	1.267376717E0
6.961546667E1	2.033360716E0
6.979133333E1	1.918402550E0
6.995140000E1	1.782606987E0
7.011130000E1	1.139652976E0
7.028736667E1	1.319753069E0
7.044730000E1	8.318845552E-1
7.062330000E1	1.108907307E-1
7.078323333E1	-9.846644198E-1
7.094326667E1	-1.193923234E0
7.111926667E1	-2.113544999E0
7.127923333E1	-2.101196720E0
7.145533333E1	-2.639703142E0
7.161540000E1	-2.311829761E0
7.179116667E1	-2.096479918E0
7.195126667E1	-1.438974252E0
7.211136667E1	-6.801402796E-2
7.228726667E1	1.218371054E-1
7.244740000E1	1.752669891E-1
7.262313333E1	1.180270392E0
7.278323333E1	1.822327769E0
7.294330000E1	1.656621945E0
7.311936667E1	1.808392092E0
7.327950000E1	2.192051057E0
7.345530000E1	1.943148531E0
7.361523333E1	1.101198211E0
7.377523333E1	2.380963713E-1
7.395133333E1	1.180695081E-1
7.411136667E1	3.474020287E-2
7.428730000E1	1.809207570E-2
7.444736667E1	-8.257804068E-2
7.462313333E1	-6.794342216E-1
7.478316667E1	-7.229974764E-1
7.494320000E1	-1.031713754E0
7.511930000E1	-1.204894020E0
7.527933333E1	-1.494550073E0
7.545513333E1	-1.661947898E0
7.561513333E1	-9.845625435E-1
7.577533333E1	7.238093436E-1
7.595123333E1	9.031488200E-1
7.611123333E1	9.197216342E-1
7.628726667E1	5.812100192E-1
7.644713333E1	4.225944873E-1
7.660736667E1	2.870187947E-1
7.678320000E1	1.349802467E-2
7.694323333E1	-2.956945379E-2
7.711926667E1	-1.139909151E-1
7.727913333E1	8.689765081E-1
7.743933333E1	8.103834758E-1
7.761533333E1	8.658912004E-3
7.777530000E1	-1.880242372E-1
7.795113333E1	-1.240724929E-1
7.811116667E1	-2.866997321E-1
7.828716667E1	-2.790711618E-1
7.844723333E1	-2.149356204E-1
7.860713333E1	-2.212797560E-1
7.878313333E1	-6.791416787E-1
7.894320000E1	-2.556538216E-1
7.911920000E1	-1.511278296E-1
7.927910000E1	-1.024472553E-1
7.943926667E1	6.915940263E-1
7.961523333E1	5.208986583E-1
7.977520000E1	2.046338419E-1
7.995106667E1	1.466149214E-1
8.011133333E1	5.295833046E-2
8.027130000E1	1.872738785E-2
8.044716667E1	-8.144550481E-2
8.060716667E1	-2.020111523E-1
8.078313333E1	-3.781994835E-3
8.094320000E1	1.082479717E0
8.110320000E1	1.018279167E0
8.127916667E1	9.523766388E-1
8.143916667E1	1.108587121E0
8.161530000E1	1.212799737E0
8.177540000E1	3.801207571E-1
8.195100000E1	1.280168391E-1
8.211123333E1	-8.511567412E-1
8.227110000E1	-1.101374836E0
8.244713333E1	-1.756850857E0
8.260716667E1	-1.375973056E0
8.278316667E1	-1.415057498E0
8.294316667E1	-9.878861268E-1
8.310330000E1	-8.580936670E-1
8.327923333E1	-4.302839638E-1
8.343920000E1	-1.112908774E-1
8.361513333E1	1.731207368E-2
8.377520000E1	3.506944387E-1
8.393516667E1	2.979434775E-2
8.411113333E1	-1.339268323E-1
8.427116667E1	-1.565284445E-1
8.444710000E1	-2.676456618E-2
8.460723333E1	9.706173883E-1
8.478300000E1	1.344919389E0
8.494306667E1	2.133009496E0
8.510313333E1	1.991508130E0
8.527910000E1	1.005764260E0
8.543930000E1	7.363605754E-1
8.561516667E1	-3.341824302E-1
8.577513333E1	-1.020255276E0
8.593516667E1	-1.242621342E0
8.611120000E1	-1.529656780E0
8.627123333E1	-1.609158894E0
8.644703333E1	-1.252642956E0
8.660710000E1	-1.090286105E0
8.676723333E1	1.477573347E-1
8.694313333E1	8.823448942E-1
8.710320000E1	8.738050983E-1
8.727913333E1	1.108312334E0
8.743920000E1	9.765288442E-1
8.759926667E1	6.543332845E-1
8.777516667E1	-4.965670571E-1
8.793513333E1	-8.667215664E-1
8.811120000E1	-1.497211843E0
8.827106667E1	-7.540584207E-1
8.844710000E1	-2.542255893E-2
8.860713333E1	1.281890366E0
8.876716667E1	1.834825523E0
8.894313333E1	1.102613655E0
8.910303333E1	9.352295868E-1
8.927893333E1	5.518925186E-1
8.943903333E1	-6.615555124E-1
8.959910000E1	-1.192000368E0
8.977506667E1	-1.292278941E0
8.993513333E1	-1.788626859E0
9.011106667E1	-1.079047496E0
9.027110000E1	-6.584545014E-1
9.043106667E1	5.930213803E-1
9.060706667E1	1.059457039E0
9.076716667E1	1.022277106E0
9.094313333E1	9.903093429E-1
9.110296667E1	8.691112535E-1
9.126310000E1	-1.414155754E-1
9.143900000E1	-5.669235076E-1
9.159936667E1	-1.037204077E0
9.177510000E1	-1.075338857E0
9.193503333E1	-1.022421548E0
9.211103333E1	1.402595903E-1
9.227110000E1	1.465695321E0
9.243110000E1	2.230752418E0
9.260706667E1	3.988685990E0
9.276710000E1	3.123733303E0
9.294296667E1	9.146234110E-1
9.310303333E1	-7.640253050E-1
9.326313333E1	-2.043245086E0
9.343906667E1	-4.414487919E0
9.359903333E1	-3.996744113E0
9.377493333E1	-2.807895093E0
9.393506667E1	-9.579402159E-1
9.409516667E1	-6.751051499E-1
9.427110000E1	6.516651507E-2
9.443100000E1	4.587558826E-1
9.460700000E1	1.008777526E0
9.476703333E1	1.904372825E0
9.494300000E1	-1.705043661E-3
9.510303333E1	-6.807424189E-1
9.526300000E1	-8.671434479E-1
9.543900000E1	-5.033410493E-1
9.559906667E1	2.257375329E-2
9.577493333E1	3.133943238E-1
9.593500000E1	2.085781852E0
9.609513333E1	2.415625038E0
9.627093333E1	2.705779318E0
9.643096667E1	1.973143741E0
9.660696667E1	1.431237505E-1
9.676693333E1	-1.615749234E-1
9.692703333E1	-1.994584496E0
9.710303333E1	-3.094899300E0
9.726310000E1	-3.007780595E0
9.743906667E1	-2.870313015E0
9.759906667E1	-1.970344088E0
9.775910000E1	6.324428773E-1
9.793500000E1	2.313584054E0
9.809490000E1	2.063962801E0
9.827096667E1	1.068477994E0
9.843126667E1	1.549628700E-1
9.860683333E1	-1.022877266E0
9.876703333E1	-2.815067302E0
9.892690000E1	-1.162945856E0
9.910296667E1	-1.186704199E0
9.926320000E1	-7.493447592E-1
9.943893333E1	-9.852458179E-2
9.959903333E1	8.019487143E-1
9.975900000E1	2.011273446E0
9.993486667E1	3.047613132E0
1.000950000E2	2.936748099E0
1.002710000E2	7.920308360E-1
1.004311000E2	8.501072379E-2
1.005909667E2	-3.421884184E-1
1.007668667E2	-1.900219169E0
1.009269000E2	-1.984690024E0
1.011029000E2	-1.902219833E0
1.012630000E2	-1.106008671E0
1.014230000E2	7.023906580E-1
1.015990333E2	8.968889365E-1
1.017589000E2	7.895596838E-1
1.019349333E2	1.318012966E-1
1.020949333E2	-2.083553324E-1
1.022708667E2	-6.271796549E-1
1.024309667E2	-1.142739325E0
1.025910000E2	-1.045269310E0
1.027669000E2	2.414815344E-1
1.029269667E2	2.953328546E-1
1.031028667E2	8.226151705E-1
1.032628667E2	9.126832676E-1
1.034231333E2	1.160676504E0
1.035988333E2	6.611253454E-2
1.037590000E2	-5.196574845E-2
1.039349000E2	6.594155320E-1
1.040949333E2	3.104083626E-1
1.042549333E2	-2.433569993E-1
1.044309333E2	-9.206569952E-1
1.045909667E2	-1.128891032E0
1.047669333E2	-2.106188158E0
1.049268667E2	-1.894787650E0
1.051028667E2	-1.731681750E-1
1.052629000E2	9.420839942E-1
1.054231333E2	9.870549972E-1
1.055989333E2	8.848440888E-1
1.057589667E2	8.447386335E-1
1.059347667E2	3.202139043E-1
1.060949000E2	2.202296658E-2
1.062550667E2	-9.349356065E-2
1.064310000E2	-4.115766710E-1
1.065910000E2	-3.451198187E-1
1.067667333E2	-8.661116238E-2
1.069268333E2	4.762056780E-2
1.070868667E2	5.779016616E-2
1.072628333E2	1.631165029E-1
1.074231000E2	1.893099144E0
1.075988667E2	2.155977938E0
1.077588333E2	6.871046645E-1
1.079188000E2	8.323234988E-2
1.080949667E2	-1.088787994E0
1.082549333E2	-2.871559741E0
1.084308667E2	-3.219166573E0
1.085909000E2	-2.201417119E0
1.087668333E2	-1.141250386E0
1.089267667E2	-8.647295623E-1
1.090868667E2	-1.748213242E-1
1.092629000E2	1.714186514E0
1.094228333E2	2.335634718E0
1.095988000E2	1.270736690E0
1.097588667E2	-2.970073148E-2
1.099189333E2	-9.581963858E-2
1.100948667E2	-1.544034960E-1
1.102547667E2	1.863075925E-1
1.104309667E2	1.278101703E-1
1.105908333E2	3.307045674E-1
1.107508667E2	1.393634598E0
1.109268333E2	2.348487184E0
1.110868000E2	1.139138192E0
1.112629000E2	9.726877797E-1
1.114229333E2	8.562582743E-1
1.115828000E2	-7.730602602E-1
1.117589333E2	-1.409173622E0
1.119188667E2	-1.106681395E0
1.120947667E2	-2.014995957E0
1.122549333E2	-1.758744548E0
1.124308667E2	-4.241988314E-1
1.125908667E2	-3.099893301E-1
1.127509333E2	8.682723314E-2
1.129268333E2	-5.653845235E-2
1.130868333E2	-1.591309761E-2
1.132627667E2	-5.868722991E-1
1.134228000E2	-1.622383110E-1
1.135828000E2	-3.581132411E-1
1.137588667E2	-1.094733764E0
1.139188333E2	-8.429887540E-1
1.140949000E2	-4.744221901E-1
1.142548667E2	-1.754859500E-1
1.144148333E2	1.030647066E0
1.145907333E2	1.127087817E0
1.147507667E2	1.807348747E0
1.149268000E2	1.304000275E0
1.150869333E2	2.299559143E-2
1.152627333E2	5.435590117E-2
1.154227000E2	-1.874877706E-1
1.155828000E2	-2.650619208E-1
1.157588000E2	-9.234197160E-1
1.159188000E2	-1.002074127E0
1.160947333E2	-8.697367179E-1
1.162548667E2	-5.430516640E-2
1.164149333E2	-2.131853165E-1
1.165908000E2	-1.533387720E-1
1.167507333E2	-5.871052060E-1
1.169266667E2	1.022143728E0
1.170868000E2	1.059151321E0
1.172467667E2	1.881277064E-1
1.174228000E2	-1.758172246E-1
1.175828667E2	-1.487060396E0
1.177587667E2	-2.032250872E0
1.179187000E2	-1.889834076E0
1.180788667E2	-6.371027873E-1
1.182548333E2	1.281230930E0
1.184148667E2	6.430188269E-1
1.185907333E2	9.915485865E-1
1.187508333E2	1.467889631E0
1.189266000E2	8.916741689E-1
1.190866333E2	3.485744218E-1
1.192467000E2	-9.338071029E-1
1.194227333E2	-9.418377790E-1
1.195829333E2	-8.203430925E-1
1.197587000E2	-6.369063059E-1
1.199187333E2	-1.062313720E-1
1.200787667E2	2.375244458E-2
1.202547000E2	6.096914524E-1
1.204147000E2	1.112664484E0
1.205906667E2	1.044335062E0
1.207507667E2	3.500592809E-2
1.209108000E2	-2.529968833E-2
1.210866333E2	-6.546415748E-1
1.212468000E2	-1.054919759E0
1.214227333E2	-4.838575174E-1
1.215826000E2	1.600396179E-1
1.217426667E2	1.450470540E-1
1.219187000E2	2.737903108E-2
1.220787667E2	9.560141091E-1
1.222546667E2	8.487618740E-1
1.224148000E2	-8.341863117E-1
1.225906667E2	5.658608309E-1
1.227509333E2	-3.429453722E-2
1.229107000E2	-7.949281411E-1
1.230867333E2	-1.011664799E0
1.232466667E2	-9.975907252E-1
1.234225333E2	-9.991278697E-1
1.235827667E2	2.269496675E-1
1.237428000E2	2.502359495E-2
1.239187000E2	-1.375955357E-2
1.240788667E2	1.040933836E0
1.242547667E2	1.041330334E0
1.244147667E2	9.750327362E-1
1.245746667E2	-5.286616875E-1
1.247506333E2	2.365547258E-1
1.249106667E2	1.662048711E-1
1.250865667E2	-3.558353374E-1
1.252467667E2	-8.255990916E-1
1.254227333E2	-3.246840099E-1
1.255826667E2	3.311457300E-2
1.257427667E2	8.311563573E-2
1.259185667E2	8.153374582E-1
1.260786000E2	9.468565454E-1
1.262546667E2	1.720330111E-1
1.264147333E2	-5.668534405E-1
1.265747000E2	-1.208809593E0
1.267505667E2	-2.117973707E0
1.269106000E2	-1.963576608E0
1.270865333E2	-1.273358759E0
1.272467333E2	-1.060455205E0
1.274066333E2	-1.907700748E-1
1.275827000E2	1.931717052E-1
1.277426333E2	7.673009140E-1
1.279187000E2	1.078279567E0
1.280786667E2	8.892202544E-1
1.282387667E2	8.911738433E-1
1.284147000E2	5.763335253E-1
1.285746000E2	3.459937183E-2
1.287507000E2	6.447405069E-2
1.289105667E2	1.832755590E-2
1.290866333E2	1.125923294E-1
1.292467000E2	2.078087933E-1
1.294066667E2	8.176725521E-1
1.295825333E2	9.210771344E-1
1.297427333E2	2.377596696E-1
1.299185667E2	-9.716943725E-2
1.300786667E2	-1.385590722E-1
1.302387000E2	-5.873175295E-1
1.304146667E2	-1.244802644E0
1.305745667E2	-1.298561806E0
1.307505333E2	-1.987921762E0
1.309106667E2	-2.222898582E0
1.310706333E2	-1.117615119E0
1.312466333E2	9.391120897E-3
1.314065333E2	8.877173691E-2
1.315826000E2	6.629330131E-1
1.317426667E2	1.075998845E0
1.319026000E2	2.365949213E-1
1.320785333E2	1.318892603E-1
1.322385333E2	2.380520208E-1
1.324147667E2	3.260984694E-1
1.325746667E2	1.039372227E-1
1.327504667E2	-4.388567440E-2
1.329105333E2	8.643782426E-1
1.330705000E2	1.060063393E0
1.332465667E2	9.793517681E-1
1.334064667E2	1.054559050E0
1.335824000E2	7.021311030E-1
1.337425333E2	7.430380037E-2
1.339027000E2	-2.471728652E-1
1.340787000E2	-1.172765577E0
1.342386333E2	-2.010292698E0
1.344147000E2	-1.000459085E0
1.345745667E2	-1.739807728E0
1.347345667E2	-2.124760090E0
1.349104667E2	-1.737431419E0
1.350708000E2	-1.062411866E0
1.352466000E2	-9.211112520E-2
1.354066667E2	1.256427892E-1
1.355825333E2	5.565258572E-1
1.357426333E2	9.022857634E-2
1.359025333E2	1.212466012E-1
1.360786333E2	-6.663399200E-1
1.362385667E2	-1.876039301E-1
1.364145667E2	-6.857037615E-2
1.365746000E2	-1.191213379E-2
1.367346000E2	1.128768864E0
1.369104667E2	5.899669567E-1
1.370706000E2	3.618030805E-1
1.372465333E2	7.844701518E-1
1.374066667E2	9.190910211E-1
1.375666000E2	7.838944457E-1
1.377425667E2	-8.637963332E-1
1.379024667E2	-9.718716477E-1
1.380785000E2	-1.094214687E0
1.382385667E2	-1.703672751E0
1.383986000E2	-1.200001469E0
1.385745000E2	-9.080503996E-1
1.387345000E2	-1.548426720E0
1.389104667E2	-9.591754584E-1
1.390704667E2	-1.149053881E0
1.392464333E2	-5.946148778E-1
1.394064667E2	7.816357567E-2
1.395666667E2	2.004947855E-1
1.397424333E2	6.478135539E-2
1.399024667E2	-1.208889273E-1
1.400784667E2	-4.662244884E-2
1.402384667E2	-8.468760973E-1
1.403986000E2	7.626491530E-1
1.405745333E2	1.025365755E0
1.407345667E2	9.168466363E-1
1.409104000E2	1.607707265E0
1.410705667E2	9.537782515E-1
1.412305333E2	1.775294798E-1
1.414065667E2	1.202288561E-1
1.415665000E2	5.356406004E-2
1.417424667E2	-2.604809326E-1
1.419024333E2	-8.861898736E-1
1.420625333E2	-8.468480227E-1
1.422384000E2	-1.607295193E0
1.423985667E2	-8.360687201E-1
1.425745333E2	-2.520288480E-1
1.427345667E2	-1.616386270E0
1.429103333E2	-1.406428555E0
1.430703667E2	-2.208214418E0
1.432305667E2	-1.084713304E0
1.434064333E2	1.411334975E-1
1.435665333E2	7.874952545E-1
1.437425000E2	-4.671432697E-1
1.439024667E2	-1.475612370E-1
1.440625333E2	9.861042813E-2
1.442385667E2	1.291748780E-1
1.443984000E2	6.025303781E-1
1.445745000E2	6.887881094E-1
1.447344667E2	1.957338820E0
1.448944667E2	1.774667715E0
1.450703333E2	6.460886333E-2
1.452304000E2	-2.568562989E-2
1.454065333E2	6.404741747E-2
1.455665000E2	-1.908337421E-1
1.457424333E2	-1.526531188E-1
1.459023667E2	-1.326609387E-1
1.460624667E2	-4.036859956E-1
1.462385000E2	-6.696021973E-1
1.463986667E2	-6.670048363E-1
1.465744000E2	-1.815461541E0
1.467344667E2	-2.551576180E0
1.468944000E2	-2.349823419E0
1.470703333E2	-2.012593707E0
1.472303667E2	-9.897142646E-1
1.474063667E2	7.709268456E-1
1.475663667E2	5.105525565E-1
1.477265333E2	7.604094200E-2
1.479024333E2	7.037973309E-1
1.480625333E2	-9.963309702E-3
1.482384000E2	8.353810914E-2
1.483985000E2	1.578467890E-1
1.485585000E2	8.012730136E-1
1.487343000E2	2.185107433E0
1.488943667E2	4.130602794E-1
1.490704667E2	8.481726081E-2
1.492303000E2	-6.579134138E-2
1.494064000E2	-1.506187245E-1
1.495665000E2	6.490909109E-2
1.497264333E2	2.203883354E-2
1.499023333E2	8.513819875E-1
1.500623667E2	-1.151017997E-1
1.502383000E2	-2.149494584E-1
1.503985000E2	-2.234056228E0
1.505584000E2	-4.369162149E0
1.507343333E2	-3.720926352E0
1.508944000E2	-3.558443775E0
1.510703333E2	-1.182005412E0
1.512303000E2	1.025091564E0
1.513903667E2	8.368019201E-1
1.515663333E2	1.377471751E0
1.517264667E2	1.212419477E0
1.519023667E2	-3.714189233E-1
1.520623667E2	4.363329392E-1
1.522223000E2	4.759551863E-2
1.523983667E2	7.719225887E-1
1.525584333E2	1.047209602E0
1.527343000E2	1.572802024E0
1.528943333E2	1.170638622E0
1.530703667E2	-6.835584087E-2
1.532303000E2	2.909654765E-2
1.533906333E2	5.618522607E-2
1.535664000E2	1.605572037E-1
1.537263000E2	9.364602049E-1
1.539022333E2	1.244648339E-1
1.540623333E2	-1.489828749E-1
1.542228667E2	-2.814433515E0
1.543985000E2	-5.242811727E0
1.545584667E2	-4.927041146E0
1.547344000E2	-3.918106220E0
1.548942667E2	-7.799404347E-1
1.550544000E2	1.634331098E0
1.552304000E2	1.146257929E0
1.553903667E2	2.563359270E0
1.555662333E2	1.902248395E0
1.557263667E2	-2.553914058E-1
1.559022000E2	-2.325381392E-2
1.560623333E2	-2.523543675E-1
1.562224333E2	7.755925676E-1
1.563984333E2	1.695793228E0
1.565583667E2	1.127279528E0
1.567343000E2	1.439196944E0
1.568942667E2	9.458270222E-1
1.570543333E2	7.806010466E-1
1.572302333E2	2.852140609E-1
1.573904000E2	1.949533159E-1
1.575662667E2	7.526392042E-1
1.577263333E2	4.606245615E-1
1.578862333E2	-4.364662465E-1
1.580622000E2	-3.110377577E0
1.582222333E2	-5.196795385E0
1.583983333E2	-5.833088483E0
1.585583667E2	-4.761916806E0
1.587184000E2	-8.801379790E-1
1.588942000E2	2.072455505E0
1.590543000E2	2.281235751E0
1.592303000E2	3.444337977E0
1.593904333E2	1.947327380E0
1.595662667E2	7.380421905E-2
1.597262667E2	1.025002998E-1
1.598862667E2	-1.033107545E0
1.600623000E2	4.203350972E-1
1.602221667E2	1.956429655E0
1.603982667E2	1.935873846E0
1.605583333E2	1.983343931E0
1.607183333E2	1.151611933E0
1.608942000E2	1.175420341E0
1.610542667E2	8.971617578E-1
1.612303000E2	1.834353169E-1
1.613903333E2	2.309887812E-1
1.615503000E2	7.134628140E-2
1.617262667E2	-1.911747607E0
1.618862333E2	-3.954037341E0
1.620623000E2	-6.280147897E0
1.622222333E2	-6.019579912E0
1.623822667E2	-3.427746494E0
1.625582667E2	-8.754630668E-1
1.627182333E2	1.123548639E0
1.628941667E2	3.516527158E0
1.630544333E2	5.127272305E0
1.632301667E2	1.927974794E0
1.633901667E2	1.074889296E0
1.635502667E2	-2.431090925E-1
1.637262000E2	-1.839441440E0
1.638862000E2	2.441854607E-1
1.640621667E2	1.216302495E0
1.642222333E2	2.463145008E0
1.643822667E2	2.942143383E0
1.645582000E2	1.994017003E0
1.647182667E2	2.070231576E0
1.648941667E2	1.008015289E0
1.650542000E2	8.424523365E-1
1.652142000E2	4.780300381E-2
1.653903667E2	-2.869450065E0
1.655503333E2	-4.433785363E0
1.657262667E2	-6.068619455E0
1.658862000E2	-5.991895606E0
1.660621667E2	-3.908753467E0
1.662222000E2	-1.725193911E0
1.663823000E2	-7.439538181E-2
1.665581333E2	2.696376911E0
1.667182000E2	4.129125425E0
1.668940667E2	4.154075878E0
1.670542000E2	2.143927759E0
1.672142667E2	2.626722692E-1
1.673902333E2	-2.075651736E-1
1.675501667E2	-1.014384342E0
1.677261333E2	-1.592782492E-1
1.678861333E2	1.848772388E0
1.680462000E2	2.711346118E0
1.682222000E2	4.456861504E0
1.683823333E2	4.843716785E0
1.685581333E2	3.565444457E0
1.687182000E2	1.166456409E0
1.688781667E2	-2.381629968E0
1.690541667E2	-4.997318622E0
1.692142667E2	-7.166463537E0
1.693902000E2	-6.670219910E0
1.695501000E2	-4.242274710E0
1.697260333E2	-3.985289010E0
1.698861333E2	-1.911392802E0
1.700462000E2	-8.475387405E-1
1.702221000E2	7.909087010E-1
1.703823667E2	3.086944588E0
1.705581000E2	3.975251692E0
1.707182000E2	2.935282942E0
1.708781667E2	1.335108842E0
1.710542333E2	1.001372988E0
1.712142333E2	-1.385578496E-1
1.713900333E2	-8.989050852E-2
1.715501667E2	3.749768532E-1
1.717102000E2	2.212447725E0
1.718860667E2	5.936632160E0
1.720461667E2	7.646343338E0
1.722220667E2	5.154682855E0
1.723823333E2	-8.901262538E-1
1.725422667E2	-4.744408469E0
1.727181333E2	-7.868922984E0
1.728781000E2	-7.889378981E0
1.730542000E2	-4.898175199E0
1.732143000E2	-4.783722204E0
1.733899667E2	-3.867712007E0
1.735502000E2	-1.974099273E0
1.737102333E2	-9.318153626E-1
1.738860333E2	1.178649637E-1
1.740461667E2	2.455870582E0
1.742221333E2	1.942095073E0
1.743820667E2	2.103304772E0
1.745421000E2	1.844367636E0
1.747182000E2	1.258017652E0
1.748781000E2	1.143495132E0
1.750541000E2	2.322572323E-1
1.752142000E2	2.028645773E0
1.753741667E2	3.150322687E0
1.755499667E2	5.836226808E0
1.757100333E2	4.927987086E0
1.758860000E2	-9.210087998E-2
1.760462000E2	-1.066668200E0
1.762219667E2	-4.241361911E0
1.763820333E2	-4.072672785E0
1.765420667E2	-3.983180720E0
1.767180667E2	-5.037404300E0
1.768780667E2	-5.736298275E0
1.770541000E2	-5.148991814E0
1.772140667E2	-2.325520104E0
1.773741667E2	6.843942008E-1
1.775500333E2	1.029772993E0
1.777101667E2	9.925180328E-1
1.778859667E2	1.082023457E0
1.780460667E2	1.574484070E0
1.782060333E2	2.579880284E0
1.783822667E2	2.139889957E0
1.785421000E2	3.027891907E0
1.787180667E2	4.102031159E0
1.788780000E2	2.323705349E0
1.790381000E2	1.997585232E0
1.792141333E2	3.893197063E-2
1.793741667E2	-2.048003943E0
1.795501667E2	-1.808242790E0
1.797100333E2	-4.090743515E-1
1.798859333E2	2.182697201E-1
1.800459667E2	-1.161502304E0
1.802061333E2	-2.961300225E0
1.803820667E2	-4.196553672E0
1.805420667E2	-5.062689768E0
1.807180333E2	-3.918446749E0
1.808780333E2	-2.090022060E0
1.810382667E2	-8.984770130E-1
1.812140333E2	-9.030432484E-2
1.813739667E2	7.680388677E-1
1.815500000E2	3.044290326E0
1.817101000E2	3.812409594E0
1.818700333E2	4.049830244E0
1.820459333E2	4.237604715E0
1.822061000E2	2.964057032E0
1.823821333E2	1.452267618E0
1.825420000E2	-1.559611573E-1
1.827020000E2	-2.291031698E0
1.828779000E2	-2.242072040E0
1.830383000E2	-1.285490882E0
1.832139333E2	2.399636525E-1
1.833740000E2	3.114262843E-1
1.835499667E2	-8.968983486E-2
1.837100000E2	-7.690068110E-1
1.838699667E2	-1.081275745E0
1.840459333E2	-1.904259993E0
1.842061000E2	-2.775055375E0
1.843819000E2	-2.748715957E0
1.845419667E2	-2.951548756E0
1.847022667E2	-2.787905837E0
1.848779667E2	2.013864369E-1
1.850379667E2	3.734625168E0
1.852138667E2	5.922549967E0
1.853741667E2	6.032518714E0
1.855340333E2	3.985814129E0
1.857099333E2	1.091229674E0
1.858699667E2	-2.043363316E0
1.860460667E2	-3.179317177E0
1.862061667E2	-2.853148567E0
1.863819000E2	-8.564249079E-1
1.865419333E2	-3.341830745E-1
1.867020000E2	-6.201955861E-2
1.868779000E2	8.561090587E-2
1.870380333E2	-1.676485255E-1
1.872139667E2	-1.153047602E-2
1.873739333E2	-7.545457418E-1
1.875340333E2	-6.673786279E-2
1.877098667E2	-3.866229080E-1
1.878699667E2	-2.163653062E0
1.880458000E2	-2.980255284E0
1.882059000E2	-2.361778729E0
1.883660333E2	-4.954442905E-1
1.885420000E2	1.982497453E0
1.887020333E2	2.190531773E0
1.888778667E2	3.238098799E0
1.890379667E2	1.112581119E0
1.891980333E2	-6.886038933E-1
1.893740333E2	-9.964044995E-2
1.895340000E2	-1.398872824E0
1.897099333E2	-1.003510887E0
1.898699000E2	-1.801936274E0
1.900458667E2	-1.127899329E0
1.902060000E2	-6.188298917E-1
1.903660667E2	1.370411121E-1
1.905419667E2	8.426050639E-1
1.907020000E2	7.836324702E-1
1.908778000E2	9.679941662E-1
1.910380000E2	4.816990766E-1
1.911979667E2	-9.329814978E-1
1.913739667E2	-1.130720443E-1
1.915338667E2	-6.503347404E-1
1.917099667E2	1.424591790E-1
1.918700000E2	-9.082343908E-1
1.920299333E2	-2.716900670E0
1.922058000E2	-2.923603074E0
1.923659667E2	-2.642950494E0
1.925419000E2	1.999806991E-2
1.927019667E2	1.066870112E0
1.928778000E2	6.520750695E-1
1.930378333E2	1.119392424E0
1.931979333E2	-4.426446347E-2
1.933738000E2	-9.225518107E-1
1.935339000E2	-8.516265218E-1
1.937099333E2	-9.488930597E-1
1.938699000E2	-4.387603382E-1
1.940299667E2	3.377506835E-2
1.942059000E2	1.067027713E0
1.943659667E2	1.906234477E0
1.945418333E2	1.478994230E0
1.947018333E2	2.291057178E0
1.948619000E2	2.763611439E0
1.950378333E2	-9.108559898E-1
1.951979000E2	-2.893855569E0
1.953740000E2	-3.848588488E0
1.955337667E2	-3.986992367E0
1.956939000E2	-2.166301422E0
1.958698000E2	-1.483102855E0
1.960299000E2	-1.919397051E0
1.962057667E2	-3.924733331E-1
1.963659667E2	2.639376717E-1
1.965418333E2	2.195470402E-1
1.967018667E2	1.002759257E0
1.968619667E2	1.165272246E0
1.970379333E2	1.044513200E0
1.971978333E2	-3.925715083E-1
1.973739000E2	-8.130738862E-1
1.975339000E2	-9.519936622E-2
1.976939667E2	1.430412294E0
1.978698333E2	4.118035469E0
1.980298000E2	3.988022900E0
1.982057333E2	1.808005338E0
1.983658000E2	2.445929389E-2
1.985258333E2	-2.006981463E0
1.987018333E2	-2.769326878E0
1.988618667E2	-2.812428915E0
1.990377667E2	-2.168080828E0
1.991977667E2	-2.984190404E0
1.993578333E2	-2.637568534E0
1.995338333E2	-2.433869909E0
1.996939333E2	-2.040272582E0
1.998698667E2	-7.448109396E-1
2.000298000E2	-1.546053468E-1
2.002057333E2	1.464799094E0
2.003659333E2	2.104852241E-1
2.005258667E2	8.464174783E-1
2.007018000E2	2.595445553E0
2.008619000E2	2.196050716E0
2.010377333E2	3.075553210E0
2.011977000E2	-7.662282620E-1
2.013579000E2	-2.026470499E0
2.015337333E2	-9.908895203E-1
2.016937667E2	-8.862649374E-1
2.018699333E2	1.935586336E0
2.020299000E2	4.296210433E-2
2.021898000E2	-2.414590139E-2
2.023658000E2	-2.143736502E-1
2.025257333E2	-1.308283265E0
2.027017667E2	-2.031072136E0
2.028618000E2	-2.852448156E0
2.030377333E2	-2.138398208E0
2.031978333E2	-1.088552690E0
2.033579000E2	-9.555867105E-1
2.035338333E2	-8.299010317E-1
2.036937667E2	1.868720282E0
2.038697000E2	1.898482250E0
2.040297667E2	3.986119605E0
2.041898667E2	1.858357312E0
2.043657333E2	-1.515579623E-1
2.045258000E2	-4.550743772E-1
2.047018000E2	-1.368197264E0
2.048617333E2	1.507744818E-1
2.050217667E2	-5.787972758E-2
2.051979667E2	-8.643263137E-1
2.053578333E2	7.633706257E-1
2.055338333E2	6.102476332E-1
2.056938333E2	8.852138739E-1
2.058537333E2	2.117335546E-1
2.060297000E2	9.701452901E-1
2.061897333E2	1.049255456E0
2.063658333E2	-1.718981932E0
2.065257000E2	-1.978784855E0
2.067017000E2	-1.721449864E0
2.068616667E2	-1.188605449E0
2.070217000E2	1.118218788E0
2.071978000E2	-1.161866680E-1
2.073578333E2	-1.877691496E0
2.075336333E2	-3.017420797E-2
2.076937667E2	-1.116514637E-1
2.078538000E2	1.301233575E0
2.080297333E2	-6.125126655E-1
2.081897667E2	-2.578200637E-1
2.083657333E2	8.916296286E-1
2.085257000E2	7.658409957E-2
2.086858333E2	3.697235263E-1
2.088616667E2	-8.476849393E-1
2.090217667E2	1.153449215E-1
2.091977333E2	1.970918969E0
2.093578000E2	8.696861451E-1
2.095178333E2	1.816368869E0
2.096937667E2	2.081562065E0
2.098538000E2	9.383435798E-1
2.100296000E2	-5.576875081E-1
2.101897333E2	-3.747266835E0
2.103656667E2	-3.885144838E0
2.105256000E2	-3.045102434E0
2.106858667E2	-2.899031058E0
2.108617000E2	2.272347032E-1
2.110217333E2	-1.668457190E0
2.111976667E2	6.529255611E-1
2.113578000E2	1.136738980E0
2.115178000E2	8.695482153E-1
2.116937333E2	2.010521631E0
2.118538000E2	-1.088423843E0
2.120296000E2	2.304201937E-1
2.121897667E2	9.866500606E-1
2.123498000E2	3.365505476E-2
2.125257333E2	1.974621130E0
2.126857667E2	1.067155548E0
2.128615667E2	2.126990747E0
2.130216000E2	-1.142295284E-1
2.131975000E2	-2.070891906E0
2.133577333E2	-2.615139568E-1
2.135177333E2	-1.242923249E0
2.136937000E2	1.099983627E0
2.138536667E2	-1.936659816E0
2.140297000E2	-4.074778852E0
2.141895667E2	-1.859033113E0
2.143498333E2	-1.952485347E0
2.145257000E2	1.097744007E-2
2.146857333E2	-2.859297679E-1
2.148615333E2	-4.811949349E-1
2.150216667E2	2.063170524E0
2.151819000E2	1.086963247E0
2.153575667E2	3.073383460E0
2.155176000E2	2.031685804E0
2.156936667E2	6.333175475E-1
2.158536333E2	1.205342742E-1
2.160136667E2	-2.887089225E0
2.161896000E2	-1.798198471E0
2.163496667E2	6.181223664E-1
2.165255667E2	1.033010249E0
2.166857667E2	8.928375650E-1
2.168616667E2	-1.415918005E0
2.170216000E2	-6.160229133E-1
2.171817000E2	1.290857639E-1
2.173575333E2	8.292994038E-1
2.175176000E2	4.638856719E-2
2.176935667E2	-1.231106328E0
2.178537000E2	-9.945282602E-1
2.180137000E2	-1.346315216E0
2.181895000E2	3.066718456E-1
2.183497000E2	9.385360994E-1
2.185255000E2	8.588486086E-1
2.186856000E2	1.047078630E0
2.188457000E2	-1.170899198E-1
2.190216000E2	1.254617950E-1
2.191816000E2	-1.031348339E-1
2.193576000E2	1.011371742E-2
2.195176333E2	-1.543709060E-2
2.196777000E2	-1.297322654E0
2.198536333E2	-1.027603441E0
2.200135667E2	-9.726341938E-1
2.201895667E2	1.027739817E0
2.203495333E2	1.443501111E0
2.205254333E2	1.115554893E-1
2.206856000E2	8.755554619E-1
2.208455333E2	1.451522011E-1
2.210216667E2	1.013183074E0
2.211815333E2	9.431703682E-1
2.213576000E2	-1.454140481E-1
2.215175333E2	-1.538503910E0
2.216775667E2	-2.173008518E0
2.218535667E2	-8.051247444E-1
2.220136333E2	-1.213181886E0
2.221896000E2	-6.657896534E-2
2.223495667E2	-1.065628287E-2
2.225096000E2	9.098813162E-1
2.226854667E2	6.072740754E-1
2.228456667E2	-2.216190381E-1
2.230215333E2	1.980338514E0
2.231816000E2	8.902496680E-1
2.233575333E2	-2.027486390E-1
2.235175667E2	-3.849124193E-1
2.236775000E2	-3.935201724E-1
2.238535667E2	2.480508310E0
2.240135333E2	2.025058183E0
2.241894667E2	9.379483262E-1
2.243494667E2	3.839657616E-3
2.245094667E2	-1.195719174E0
2.246854667E2	-4.639638287E-2
2.248455667E2	-5.027410115E-1
2.250215333E2	-8.014637548E-1
2.251815667E2	-2.788486117E0
2.253415000E2	-9.319829896E-1
2.255175000E2	-8.016792557E-1
2.256776000E2	-1.001777701E0
2.258536000E2	8.886886076E-1
2.260135667E2	2.599618591E-1
2.261735667E2	9.463171548E-2
2.263495667E2	5.214012959E-1
2.265096000E2	1.178284726E0
2.266854333E2	3.605644757E0
2.268455333E2	4.252903340E-1
2.270215667E2	-2.050152960E-2
2.271814000E2	-2.178155482E0
2.273415667E2	-1.961557577E0
2.275176000E2	1.376534429E-1
2.276776000E2	1.041624849E0
2.278534000E2	-6.198684165E-1
2.280136333E2	-1.034559466E0
2.281736000E2	6.833628617E-1
2.283496333E2	2.880979784E-2
2.285095333E2	3.943108221E-2
2.286854000E2	4.158205864E-2
2.288455000E2	-1.412624403E-1
2.290055333E2	-6.237452676E-1
2.291814000E2	-7.967931027E-1
2.293415667E2	9.523255654E-1
2.295176000E2	9.479870334E-1
2.296775333E2	1.864108671E-2
2.298374667E2	-1.120661962E-1
2.300133667E2	-1.085963528E0
2.301735000E2	2.365562747E-2
2.303495000E2	-1.428492260E-1
2.305095333E2	9.659272012E-1
2.306853667E2	-1.243357855E0
2.308455000E2	-9.667508640E-1
2.310055667E2	-8.885756807E-1
2.311813667E2	-1.078924735E0
2.313414667E2	9.367375109E-1
2.315173333E2	1.429433285E-1
2.316775333E2	1.030866769E0
2.318375667E2	9.281859453E-1
2.320135000E2	1.094287294E0
2.321735000E2	2.871724155E0
2.323495000E2	-1.251224381E0
2.325095667E2	-2.095697235E0
2.326693667E2	-2.720961103E0
2.328453333E2	-1.027347742E0
2.330053333E2	-2.424499186E-1
2.331813667E2	-1.945470921E-1
2.333413667E2	-1.638708728E0
2.335172667E2	-8.287942748E-1
2.336773333E2	-5.792424686E-2
2.338375667E2	-5.040580958E-1
2.340134333E2	4.977921160E-1
2.341735333E2	6.408534159E-1
2.343493333E2	1.100701319E0
2.345093333E2	-3.690531102E-1
2.346694667E2	-4.801368265E-2
2.348454000E2	1.982194989E0
2.350053667E2	-5.363633174E-2
2.351814000E2	-1.104001025E0
2.353414000E2	-1.823873739E0
2.355014333E2	-4.333519800E-1
2.356773667E2	2.225936915E0
2.358373667E2	1.439621926E-1
2.360134667E2	-9.265598635E-1
2.361734000E2	-2.244896903E0
2.363334333E2	-1.210855185E0
2.365094000E2	-9.793284848E-1
2.366695333E2	-8.813179411E-1
2.368454333E2	5.322202394E-2
2.370054667E2	6.098724172E-1
2.371813000E2	1.036146571E0
2.373414667E2	-1.532643019E-2
2.375014000E2	1.868077691E0
2.376774000E2	1.972774145E0
2.378373333E2	-1.887558307E-1
2.380134000E2	-9.461595705E-1
2.381733000E2	-1.227523261E0
2.383335667E2	-1.495821536E-1
2.385093333E2	-4.420708008E-1
2.386694333E2	-2.278471274E-2
2.388454333E2	-2.234792506E0
2.390053667E2	-9.591847862E-1
2.391653333E2	-1.320739655E-1
2.393415000E2	-6.459641123E-4
2.395014667E2	1.785846227E0
2.396774667E2	5.667566078E-1
2.398374333E2	8.967555323E-2
2.399974000E2	-9.315705731E-1
2.401735333E2	-3.015084679E-1
2.403333667E2	1.021057407E0
2.405092667E2	-1.438801510E0
2.406693667E2	-4.637848111E-1
2.408453667E2	-1.250136733E0
2.410054000E2	3.806521627E-2
2.411654333E2	1.406366597E0
2.413412667E2	-9.870491963E-1
2.415013000E2	-9.802072427E-1
2.416772333E2	-1.033458626E0
2.418373000E2	-8.909466297E-1
2.419973333E2	-1.003182149E0
2.421733000E2	2.258804867E-1
2.423333333E2	9.784010534E-1
2.425092333E2	1.639900017E-1
2.426692667E2	-8.405634560E-2
2.428293000E2	1.234313104E-2
2.430052333E2	2.353465174E0
2.431652333E2	1.737646240E0
2.433412000E2	-1.046977548E0
2.435012667E2	-1.060127337E0
2.436772000E2	-1.035219640E0
2.438372333E2	-8.351262629E-2
2.439973000E2	-2.066826069E-2
2.441732333E2	-2.056811942E0
2.443332667E2	-2.471111859E0
2.445091667E2	-1.716208318E-1
2.446692333E2	-1.466836919E-1
2.448293333E2	8.289154783E-1
2.450052000E2	1.078148981E0
2.451652667E2	1.328630361E0
2.453411667E2	1.518562808E-1
2.455012333E2	-9.541153361E-1
2.456612667E2	1.001524034E0
2.458372000E2	5.047783203E-2
2.459972667E2	-1.677003989E0
2.461732333E2	-1.296347308E0
2.463332333E2	-7.237826500E-1
2.464932667E2	1.070850451E0
2.466692000E2	9.453039737E-1
2.468293667E2	-1.003385817E0
2.470053000E2	-1.107239599E0
2.471652000E2	-9.256437652E-1
2.473413333E2	-8.613386906E-1
2.475013333E2	1.421442013E-1
2.476613667E2	1.360586463E-1
2.478372333E2	2.211330250E-1
2.479973333E2	-4.363226181E-2
2.481733333E2	-2.828964202E-1
2.483333667E2	1.594546301E0
2.484932333E2	2.397877928E-1
2.486691667E2	-1.804730192E0
2.488293667E2	-1.258304809E0
2.490052667E2	4.900945166E-1
2.491653333E2	1.808619962E0
2.493253667E2	5.815217389E-2
2.495011667E2	-2.443745652E0
2.496612000E2	-2.962760215E0
2.498372333E2	-1.777174068E0
2.499972333E2	-3.053092278E-1
2.501573667E2	1.033878272E0
2.503333000E2	1.492447433E0
2.504933000E2	2.066919006E0
2.506693000E2	3.463366912E-1
2.508292000E2	-1.714885098E-2
2.510052667E2	1.000369176E0
2.511651667E2	-1.785183758E0
2.513253333E2	-3.152912642E0
2.515011667E2	-1.140518923E0
2.516612000E2	3.279932881E-3
2.518372333E2	2.016702233E0
2.519973000E2	6.714102203E-1
2.521571667E2	-2.255884900E0
2.523333000E2	-2.108508920E0
2.524932333E2	-1.018689557E0
2.526692000E2	1.585876595E0
2.528291667E2	3.927783744E-1
2.529893000E2	1.007390175E0
2.531653667E2	1.675175604E0
2.533254000E2	-1.273591866E-1
2.535013667E2	-4.586849706E-2
2.536612667E2	-1.939274378E-1
2.538371000E2	-2.891386853E0
2.539971333E2	-2.776671683E0
2.541572000E2	4.502288954E-2
2.543332000E2	3.836537825E0
2.544932000E2	2.893256885E0
2.546691333E2	-8.600407284E-1
2.548291000E2	-2.348870500E0
2.549892333E2	-3.341138484E0
2.551652333E2	-1.852712416E0
2.553253000E2	1.255287415E0
2.555011667E2	8.489708280E-1
2.556611667E2	1.865865013E0
2.558212000E2	1.740718508E0
2.559972667E2	1.044369180E0
2.561572667E2	1.548686718E-1
2.563332000E2	-1.321085362E0
2.564931000E2	-3.250092684E0
2.566531333E2	-2.030659647E0
2.568290667E2	5.596174020E-2
2.569892000E2	3.995624124E0
2.571652667E2	1.124810733E0
2.573252667E2	-1.961621417E0
2.575010667E2	-2.741955403E0
2.576612333E2	-2.901644899E0
2.578212000E2	1.080715750E0
2.579970667E2	1.973691489E0
2.581570667E2	2.145576171E0
2.583331667E2	2.540081166E0
2.584932333E2	1.280683239E0
2.586532667E2	7.335415352E-1
2.588292000E2	-2.305290982E0
2.589892667E2	-4.639813729E0
2.591652000E2	-4.005441940E0
2.593252667E2	-8.858148975E-1
2.594852667E2	3.883138277E0
2.596612000E2	4.174379885E0
2.598211000E2	-5.756305598E-1
2.599971000E2	-1.859669365E0
2.601571333E2	-3.859602542E0
2.603171667E2	-2.002443296E0
2.604931333E2	8.954034575E-1
2.606531000E2	1.254229042E0
2.608290333E2	2.778110813E0
2.609890667E2	1.228540345E0
2.611650000E2	2.645892254E0
2.613252333E2	-6.411381770E-1
2.614851333E2	-4.633879639E0
2.616610333E2	-3.986234610E0
2.618211667E2	-1.801662790E0
2.619970667E2	2.207943776E0
2.621571000E2	5.770309994E0
2.623171333E2	1.057400857E0
2.624931000E2	-7.985821864E-1
2.626530667E2	-4.414659991E0
2.628291333E2	-4.144655253E0
2.629892667E2	4.517353690E-2
2.631490667E2	9.901961253E-1
2.633251667E2	4.171297028E0
2.634851667E2	2.866736859E0
2.636611333E2	2.722898579E0
2.638209667E2	1.213298531E0
2.639971000E2	-4.950067127E0
2.641571000E2	-6.021798531E0
2.643170667E2	-4.088949655E0
2.644932000E2	-5.146370302E-1
2.646530667E2	6.203739176E0
2.648290000E2	1.970922333E0
2.649890000E2	8.615982455E-1
2.651490667E2	-2.682913788E0
2.653252000E2	-3.873453444E0
2.654852333E2	-8.942486140E-1
2.656610333E2	4.601378944E-1
2.658209667E2	4.299768359E0
2.659812333E2	4.106412100E0
2.661571333E2	2.836347266E0
2.663170333E2	1.969889354E0
2.664930667E2	-3.733697685E0
2.666531000E2	-5.797926554E0
2.668132000E2	-4.032406456E0
2.669891667E2	-1.823487450E0
2.671491333E2	5.125701883E0
2.673250333E2	4.008769332E0
2.674850000E2	2.524649275E0
2.676609000E2	-2.188245500E0
2.678210000E2	-4.093754748E0
2.679809667E2	-2.890555686E0
2.681571000E2	-1.765466990E0
2.683171000E2	2.353098131E0
2.684930333E2	4.010714180E0
2.686531333E2	2.999632093E0
2.688130333E2	2.191714396E0
2.689890333E2	-2.636827620E0
2.691492000E2	-3.684837180E0
2.693250667E2	-3.579850856E0
2.694850333E2	-1.966452322E0
2.696450000E2	2.720668457E0
2.698210333E2	3.383047524E0
2.699809667E2	3.658429095E0
2.701569000E2	-2.087327425E0
2.703171000E2	-3.131284384E0
2.704770667E2	-2.116624840E0
2.706530667E2	-2.090526213E0
2.708131333E2	2.959286173E0
2.709890000E2	3.926866020E0
2.711490333E2	2.885000659E0
2.713249000E2	9.707675725E-1
2.714850333E2	-2.331282545E0
2.716450333E2	-2.722855837E0
2.718210000E2	-3.864114325E0
2.719809667E2	-2.090525361E0
2.721569000E2	-1.742673829E0
2.723171333E2	1.869255412E0
2.724769333E2	4.994288438E0
2.726529667E2	-1.121533572E0
2.728129333E2	-1.037299496E0
2.729888333E2	-1.843893224E0
2.731489667E2	-1.232897204E0
2.733091667E2	2.927415844E0
2.734850000E2	2.124246305E0
2.736450333E2	2.169895579E0
2.738209333E2	-1.095043715E0
2.739810000E2	-1.037166964E0
2.741569333E2	6.347409259E-2
2.743169667E2	-2.015460064E0
2.744770667E2	-1.846393468E0
2.746529000E2	-2.353836396E0
2.748129333E2	2.421725965E0
2.749888667E2	2.871676282E0
2.751489000E2	4.646096394E-3
2.753090333E2	-1.181286917E-1
2.754848667E2	-1.080738681E0
2.756450333E2	-6.323923469E-1
2.758210000E2	-4.218270989E-2
2.759809667E2	-6.146471134E-2
2.761409667E2	-7.200629520E-1
2.763170667E2	-1.741892904E0
