tömeg_A
t	x
0.000000000E0	-9.288824383E-1
1.760666667E-1	-9.285390500E-1
3.360333333E-1	-9.210831061E-1
5.119666667E-1	-9.148527053E-1
6.721333333E-1	-9.188787004E-1
8.480666667E-1	-9.183311211E-1
1.008066667E0	-9.226676916E-1
1.168033333E0	-9.222484960E-1
1.344133333E0	-9.267937442E-1
1.504000000E0	-9.180384079E-1
1.680000000E0	-9.203660380E-1
1.839966667E0	-9.269386754E-1
2.000066667E0	-9.284243141E-1
2.176066667E0	-9.173725396E-1
2.336033333E0	-9.207968569E-1
2.511933333E0	-9.241813946E-1
2.671966667E0	-9.117742270E-1
2.831966667E0	-9.181696052E-1
3.008033333E0	-9.139853415E-1
3.168000000E0	-9.121896016E-1
3.343933333E0	-9.203365193E-1
3.503966667E0	-9.188685711E-1
3.664066667E0	-9.197831518E-1
3.840033333E0	-9.275091138E-1
4.000000000E0	-9.137629312E-1
4.175966667E0	-9.074336442E-1
4.335966667E0	-9.145591783E-1
4.511900000E0	-9.186127914E-1
4.671966667E0	-9.201294953E-1
4.832100000E0	-9.209050594E-1
5.008033333E0	-9.099493371E-1
5.167966667E0	-9.095309503E-1
5.344000000E0	-9.100849482E-1
5.503966667E0	-9.127966996E-1
5.663966667E0	-9.220360415E-1
5.840033333E0	-9.220132343E-1
6.000066667E0	-9.201104587E-1
6.176033333E0	-9.183436667E-1
6.335966667E0	-9.172589040E-1
6.496066667E0	-9.203917944E-1
6.672000000E0	-9.213935996E-1
6.831900000E0	-9.221324806E-1
7.007966667E0	-9.281807208E-1
7.168000000E0	-9.180487631E-1
7.343933333E0	-9.289869486E-1
7.503933333E0	-9.199809789E-1
7.664033333E0	-9.189136637E-1
7.840033333E0	-9.206462144E-1
8.000033333E0	-9.307054190E-1
8.175833333E0	-9.211046922E-1
8.336033333E0	-9.124661577E-1
8.496000000E0	-9.228316181E-1
8.671900000E0	-9.169154467E-1
8.832066667E0	-9.104089824E-1
9.007900000E0	-9.208976437E-1
9.167933333E0	-9.162879427E-1
9.328033333E0	-9.149637862E-1
9.503900000E0	-9.125472238E-1
9.663900000E0	-9.199463803E-1
9.839866667E0	-9.300560857E-1
1.000000000E1	-9.177340648E-1
1.016003333E1	-9.239986943E-1
1.033600000E1	-9.252574098E-1
1.049596667E1	-9.204135699E-1
1.067190000E1	-9.251487446E-1
1.083203333E1	-9.266210322E-1
1.100780000E1	-9.217304399E-1
1.116783333E1	-9.254990284E-1
1.132786667E1	-9.112133883E-1
1.150386667E1	-9.248344089E-1
1.166386667E1	-9.241278776E-1
1.183990000E1	-9.210976639E-1
1.199990000E1	-9.280326195E-1
1.216000000E1	-9.135599808E-1
1.233596667E1	-9.252044121E-1
1.249596667E1	-9.235956094E-1
1.267180000E1	-9.163511996E-1
1.283186667E1	-9.169784531E-1
1.299190000E1	-9.146873993E-1
1.316790000E1	-9.284615981E-1
1.332790000E1	-9.154809466E-1
1.350383333E1	-9.209980099E-1
1.366393333E1	-9.154224976E-1
1.382390000E1	-9.179752794E-1
1.399983333E1	-9.154580474E-1
1.415986667E1	-9.228504451E-1
1.433583333E1	-9.072120713E-1
1.449593333E1	-9.166881399E-1
1.467180000E1	-9.125981890E-1
1.483180000E1	-9.225233171E-1
1.499196667E1	-9.174397827E-1
1.516793333E1	-9.188257660E-1
1.532783333E1	-9.177303064E-1
1.550380000E1	-9.145492585E-1
1.566390000E1	-9.159750457E-1
1.582380000E1	-9.202723307E-1
1.599993333E1	-9.088458717E-1
1.615986667E1	-9.193575914E-1
1.633593333E1	-9.159206377E-1
1.649586667E1	-9.195045358E-1
1.665600000E1	-9.216558701E-1
1.683183333E1	-9.264776535E-1
1.699193333E1	-9.012695707E-1
1.716793333E1	-9.198619745E-1
1.732793333E1	-9.171185830E-1
1.750376667E1	-9.182120484E-1
1.766390000E1	-9.205914961E-1
1.782386667E1	-9.245776438E-1
1.799983333E1	-9.110022042E-1
1.815983333E1	-9.076991607E-1
1.833583333E1	-9.206737606E-1
1.849586667E1	-9.147492125E-1
1.865586667E1	-9.162851551E-1
1.883190000E1	-9.281756854E-1
1.899180000E1	-9.070866781E-1
1.916783333E1	-9.193716607E-1
1.932780000E1	-9.197791454E-1
1.948790000E1	-9.169684744E-1
1.966373333E1	-9.266768323E-1
1.982383333E1	-9.112337024E-1
1.999983333E1	-9.221612623E-1
2.015980000E1	-9.258779673E-1
2.031986667E1	-9.186325429E-1
2.049590000E1	-9.119518060E-1
2.065583333E1	-9.121319315E-1
2.083186667E1	-9.072364898E-1
2.099176667E1	-9.138163321E-1
2.116783333E1	-9.148484646E-1
2.132786667E1	-9.166039391E-1
2.148783333E1	-9.085775724E-1
2.166380000E1	-9.230630187E-1
2.182376667E1	-9.256290509E-1
2.199973333E1	-9.124459045E-1
2.215973333E1	-9.316320521E-1
2.231983333E1	-9.235132736E-1
2.249580000E1	-9.249249626E-1
2.265583333E1	-9.165897893E-1
2.283186667E1	-9.251965633E-1
2.299176667E1	-9.255554645E-1
2.315186667E1	-9.230200256E-1
2.332773333E1	-9.221611928E-1
2.348780000E1	-9.235183131E-1
2.366373333E1	-9.263460450E-1
2.382380000E1	-9.220363510E-1
2.398376667E1	-9.221696008E-1
2.415973333E1	-9.085423305E-1
2.431986667E1	-9.121844776E-1
2.449570000E1	-9.038937508E-1
2.465576667E1	-9.117683667E-1
2.483166667E1	-9.199910598E-1
2.499173333E1	-9.152226272E-1
2.515183333E1	-9.125640179E-1
2.532770000E1	-9.204844822E-1
2.548770000E1	-9.253169154E-1
2.566376667E1	-9.257433630E-1
2.582383333E1	-9.205602452E-1
2.598383333E1	-9.305788105E-1
2.615970000E1	-9.216145112E-1
2.631983333E1	-9.269100332E-1
2.649576667E1	-9.183706698E-1
2.665583333E1	-9.172458604E-1
2.681583333E1	-9.303248241E-1
2.699180000E1	-9.285475687E-1
2.715180000E1	-9.322633241E-1
2.732763333E1	-9.302842127E-1
2.748770000E1	-9.160105509E-1
2.766376667E1	-9.174698437E-1
2.782376667E1	-9.290157173E-1
2.798383333E1	-9.291501886E-1
2.815970000E1	-9.164638376E-1
2.831963333E1	-9.212570949E-1
2.849573333E1	-9.148163819E-1
2.865566667E1	-9.324568251E-1
2.881566667E1	-9.235156583E-1
2.899170000E1	-9.225950760E-1
2.915170000E1	-9.325090921E-1
2.932760000E1	-9.290024077E-1
2.948776667E1	-9.293167057E-1
2.964766667E1	-9.243110625E-1
2.982376667E1	-9.262442949E-1
2.998376667E1	-9.273926840E-1
3.015973333E1	-9.284778932E-1
3.031976667E1	-9.335497482E-1
3.047980000E1	-9.264825336E-1
3.065576667E1	-8.827919143E-1
3.081576667E1	-8.033988843E-1
3.099170000E1	-7.891859592E-1
3.115176667E1	-7.792909762E-1
3.132760000E1	-7.936455309E-1
3.148776667E1	-8.026413048E-1
3.164770000E1	-8.116501844E-1
3.182373333E1	-7.982838362E-1
3.198376667E1	-8.307754223E-1
3.215960000E1	-8.618597678E-1
3.231970000E1	-8.615743089E-1
3.247970000E1	-8.705283063E-1
3.265573333E1	-8.810423846E-1
3.281560000E1	-9.129653992E-1
3.299163333E1	-9.146337601E-1
3.315173333E1	-9.043835587E-1
3.331166667E1	-9.094373847E-1
3.348770000E1	-9.067414391E-1
3.364770000E1	-9.007860714E-1
3.382366667E1	-9.174352118E-1
3.398373333E1	-9.165111642E-1
3.414380000E1	-9.081529306E-1
3.431963333E1	-9.169940047E-1
3.447963333E1	-9.063013230E-1
3.465563333E1	-9.068618459E-1
3.481563333E1	-8.989830064E-1
3.499166667E1	-8.507325223E-1
3.515170000E1	-8.395988267E-1
3.531160000E1	-8.398534805E-1
3.548773333E1	-8.425669750E-1
3.564766667E1	-8.687005011E-1
3.582366667E1	-9.102331528E-1
3.598370000E1	-9.128691710E-1
3.614370000E1	-9.204458270E-1
3.631970000E1	-9.102065263E-1
3.647963333E1	-9.211958275E-1
3.665560000E1	-9.202958771E-1
3.681560000E1	-9.188730083E-1
3.697570000E1	-9.160836475E-1
3.715160000E1	-9.219684517E-1
3.731166667E1	-9.163391377E-1
3.748770000E1	-9.218984674E-1
3.764760000E1	-9.132310506E-1
3.782363333E1	-9.107099972E-1
3.798366667E1	-9.272266617E-1
3.814366667E1	-9.173179958E-1
3.831966667E1	-9.248620491E-1
3.847966667E1	-8.625646605E-1
3.865560000E1	-8.266820828E-1
3.881563333E1	-8.105998557E-1
3.897573333E1	-8.386999377E-1
3.915153333E1	-8.318980350E-1
3.931153333E1	-8.162820608E-1
3.948750000E1	-8.616183936E-1
3.964760000E1	-9.056420197E-1
3.980760000E1	-9.070608490E-1
3.998363333E1	-9.081977964E-1
4.014370000E1	-9.153945393E-1
4.031953333E1	-9.130030333E-1
4.047960000E1	-9.096068762E-1
4.063953333E1	-9.102520248E-1
4.081553333E1	-9.098214636E-1
4.097566667E1	-9.009373793E-1
4.115163333E1	-9.133634799E-1
4.131153333E1	-9.121900613E-1
4.148753333E1	-9.138615877E-1
4.164763333E1	-9.195731371E-1
4.180756667E1	-9.150438510E-1
4.198356667E1	-9.170282268E-1
4.214363333E1	-9.024139527E-1
4.231950000E1	-9.020791120E-1
4.247963333E1	-8.954585729E-1
4.263966667E1	-8.576047039E-1
4.281546667E1	-8.793499049E-1
4.297553333E1	-8.690271791E-1
4.315150000E1	-8.790782312E-1
4.331160000E1	-8.924076513E-1
4.347153333E1	-9.008376167E-1
4.364746667E1	-9.024893217E-1
4.380766667E1	-9.028155058E-1
4.398350000E1	-9.108339992E-1
4.414360000E1	-9.040320207E-1
4.430356667E1	-9.124649289E-1
4.447956667E1	-9.041165199E-1
4.463956667E1	-9.077925487E-1
4.481556667E1	-9.037649786E-1
4.497556667E1	-9.112365344E-1
4.515140000E1	-9.104620361E-1
4.531160000E1	-9.208162105E-1
4.547150000E1	-9.320164749E-1
4.564746667E1	-9.277702083E-1
4.580750000E1	-9.064266659E-1
4.598340000E1	-9.095666943E-1
4.614360000E1	-8.930128708E-1
4.630353333E1	-8.204616982E-1
4.647953333E1	-7.508335636E-1
4.663953333E1	-7.015961984E-1
4.681550000E1	-7.239223036E-1
4.697553333E1	-7.606063802E-1
4.713556667E1	-7.975681162E-1
4.731156667E1	-8.446930837E-1
4.747160000E1	-9.028448870E-1
4.764753333E1	-9.160725214E-1
4.780760000E1	-9.139065723E-1
4.798343333E1	-9.079617972E-1
4.814356667E1	-9.040201496E-1
4.830353333E1	-9.059945427E-1
4.847940000E1	-9.183493212E-1
4.863956667E1	-9.702349911E-1
4.881546667E1	-1.002678890E0
4.897550000E1	-1.050327623E0
4.913550000E1	-1.058413625E0
4.931146667E1	-1.060050700E0
4.947150000E1	-1.057483020E0
4.964746667E1	-1.008479606E0
4.980746667E1	-9.974439571E-1
4.996746667E1	-9.043384371E-1
5.014343333E1	-6.355779973E-1
5.030346667E1	-1.113083603E-2
5.047940000E1	-7.551609877E-2
5.063946667E1	-8.329381009E-2
5.079953333E1	-4.759379106E-1
5.097553333E1	-7.332906238E-1
5.113546667E1	-8.208638630E-1
5.131143333E1	-8.617384824E-1
5.147153333E1	-8.713056943E-1
5.164746667E1	-8.569054442E-1
5.180740000E1	-8.541571544E-1
5.196740000E1	-8.589661434E-1
5.214346667E1	-8.656852246E-1
5.230346667E1	-9.284449202E-1
5.247943333E1	-9.929247870E-1
5.263946667E1	-1.001198469E0
5.279953333E1	-1.013731249E0
5.297543333E1	-1.038834553E0
5.313543333E1	-1.049222691E0
5.331140000E1	-1.011544669E0
5.347150000E1	-9.894113294E-1
5.363150000E1	-9.140174084E-1
5.380750000E1	-8.207157314E-1
5.396743333E1	-7.571195207E-1
5.414336667E1	-7.698194638E-1
5.430343333E1	-7.702163868E-1
5.446353333E1	-7.804840692E-1
5.463943333E1	-7.919232121E-1
5.479946667E1	-7.736353464E-1
5.497550000E1	-8.010541398E-1
5.513543333E1	-8.372427206E-1
5.531130000E1	-8.434695215E-1
5.547163333E1	-8.513518251E-1
5.563143333E1	-8.353051080E-1
5.580743333E1	-8.333924774E-1
5.596740000E1	-8.724464681E-1
5.614336667E1	-9.339494166E-1
5.630336667E1	-1.038503417E0
5.646350000E1	-1.084083325E0
5.663946667E1	-1.078393472E0
5.679936667E1	-1.119134072E0
5.697546667E1	-1.114627242E0
5.713543333E1	-9.432158627E-1
5.729540000E1	-9.158589214E-1
5.747133333E1	-9.008120861E-1
5.763143333E1	-8.480217860E-1
5.780736667E1	-8.323920057E-1
5.796743333E1	-8.313395741E-1
5.814340000E1	-8.347791584E-1
5.830350000E1	-8.469514598E-1
5.846346667E1	-8.695212413E-1
5.863943333E1	-8.884376572E-1
5.879946667E1	-8.959681480E-1
5.897526667E1	-9.170324593E-1
5.913533333E1	-9.073690987E-1
5.929536667E1	-8.610463493E-1
5.947133333E1	-8.523224778E-1
5.963146667E1	-8.723746473E-1
5.980740000E1	-8.830071615E-1
5.996743333E1	-9.040451070E-1
6.012736667E1	-9.407707161E-1
6.030343333E1	-9.661847528E-1
6.046343333E1	-9.706880836E-1
6.063936667E1	-9.076689828E-1
6.079940000E1	-8.192015986E-1
6.095943333E1	-6.136532586E-1
6.113540000E1	-5.309833955E-1
6.129536667E1	-6.191131918E-1
6.147130000E1	-6.079116808E-1
6.163133333E1	-6.500474577E-1
6.180726667E1	-7.729579535E-1
6.196733333E1	-8.819331957E-1
6.212743333E1	-9.388545572E-1
6.230333333E1	-9.803883652E-1
6.246343333E1	-1.011640813E0
6.263923333E1	-1.035114731E0
6.279926667E1	-1.060848472E0
6.295933333E1	-1.035628910E0
6.313536667E1	-9.995137723E-1
6.329540000E1	-8.705229058E-1
6.347133333E1	-7.485611333E-1
6.363130000E1	-8.239001735E-1
6.379130000E1	-8.057974762E-1
6.396730000E1	-8.580167366E-1
6.412736667E1	-8.959492636E-1
6.430330000E1	-9.070310044E-1
6.446330000E1	-8.859021003E-1
6.462333333E1	-8.094422706E-1
6.479936667E1	-7.605488561E-1
6.495923333E1	-7.682076186E-1
6.513526667E1	-7.930901082E-1
6.529536667E1	-7.620313430E-1
6.547116667E1	-7.890359898E-1
6.563123333E1	-9.184861107E-1
6.579133333E1	-9.718760382E-1
6.596726667E1	-1.011256314E0
6.612726667E1	-9.998144945E-1
6.630330000E1	-1.041671959E0
6.646333333E1	-1.039868522E0
6.662330000E1	-1.031454229E0
6.679933333E1	-9.543857939E-1
6.695933333E1	-9.123499189E-1
6.713520000E1	-8.744116531E-1
6.729533333E1	-8.639656106E-1
6.745540000E1	-8.675472580E-1
6.763130000E1	-8.631927276E-1
6.779130000E1	-8.866891362E-1
6.796730000E1	-9.055543520E-1
6.812720000E1	-9.049273243E-1
6.830330000E1	-8.982055435E-1
6.846333333E1	-8.594528660E-1
6.862326667E1	-8.216195827E-1
6.879923333E1	-8.167236300E-1
6.895923333E1	-8.330349516E-1
6.913530000E1	-8.511544339E-1
6.929533333E1	-9.302158941E-1
6.945533333E1	-1.001739781E0
6.963120000E1	-1.037227021E0
6.979123333E1	-1.098279816E0
6.996730000E1	-1.046745422E0
7.012723333E1	-1.074126481E0
7.028733333E1	-1.050776615E0
7.046316667E1	-1.018302772E0
7.062326667E1	-9.828173364E-1
7.079930000E1	-9.283042257E-1
7.095923333E1	-9.227859204E-1
7.111920000E1	-9.200473390E-1
7.129526667E1	-8.967389549E-1
7.145530000E1	-9.088675920E-1
7.163116667E1	-9.072582924E-1
7.179126667E1	-9.079128026E-1
7.196723333E1	-8.946960097E-1
7.212720000E1	1.054553779E-1
7.228736667E1	6.140627284E-1
7.246326667E1	5.072575678E-1
7.262320000E1	1.694353531E-1
7.279920000E1	-1.983265711E-1
7.295916667E1	-8.875172499E-1
7.311923333E1	-1.026758100E0
7.329526667E1	-1.214561944E0
7.345520000E1	-1.622324970E0
7.363113333E1	-1.761669338E0
7.379126667E1	-1.816539731E0
7.395126667E1	-1.765868359E0
7.412713333E1	-1.775717531E0
7.428726667E1	-1.686311007E0
7.446326667E1	-1.602188614E0
7.462313333E1	-1.400843674E0
7.478323333E1	-9.680582867E-1
7.495916667E1	-8.319211382E-1
7.511923333E1	-7.435500927E-1
7.529513333E1	-7.790386892E-1
7.545523333E1	-7.938115631E-1
7.563113333E1	-8.392395626E-1
7.579123333E1	-5.398905305E-1
7.595123333E1	-3.090385414E-2
7.612713333E1	9.675833804E-2
7.628720000E1	1.096414916E-1
7.646336667E1	5.508636643E-2
7.662313333E1	-2.057995080E-1
7.678323333E1	-9.364228581E-1
7.695916667E1	-1.142564111E0
7.711920000E1	-1.148916873E0
7.729510000E1	-1.271626580E0
7.745510000E1	-1.330510752E0
7.761513333E1	-1.437828032E0
7.779120000E1	-1.426890954E0
7.795123333E1	-1.408307797E0
7.812706667E1	-1.287887274E0
7.828720000E1	-1.105126718E0
7.846303333E1	-9.363254894E-1
7.862316667E1	-9.327659191E-1
7.878313333E1	-9.161857782E-1
7.895906667E1	-8.375806459E-1
7.911920000E1	-8.581432492E-1
7.929516667E1	-8.482884747E-1
7.945520000E1	-8.580834351E-1
7.961510000E1	-3.234817883E-1
7.979106667E1	-1.362731912E-1
7.995116667E1	-2.961142449E-2
8.012703333E1	-5.420185612E-2
8.028706667E1	-1.738951177E-1
8.044716667E1	-2.499969151E-1
8.062320000E1	-8.977240880E-1
8.078320000E1	-1.498021633E0
8.095920000E1	-1.707992794E0
8.111920000E1	-1.726199918E0
8.127910000E1	-1.745274164E0
8.145503333E1	-1.747170902E0
8.161516667E1	-1.601524551E0
8.179116667E1	-9.669934006E-1
8.195120000E1	-9.375028285E-1
8.212703333E1	-9.446714480E-1
8.228713333E1	-9.062613449E-1
8.244710000E1	-9.484651861E-2
8.262310000E1	5.831408365E-2
8.278316667E1	1.273914904E-2
8.295910000E1	-1.426015992E-1
8.311916667E1	-2.978817225E-1
8.327910000E1	-5.472057400E-1
8.345516667E1	-5.437788769E-1
8.361503333E1	-5.673179287E-1
8.379103333E1	-5.933088649E-1
8.395113333E1	-8.410333144E-1
8.411113333E1	-1.022003957E0
8.428713333E1	-1.303224967E0
8.444710000E1	-2.529907824E0
8.462316667E1	-2.615309273E0
8.478310000E1	-2.069929002E0
8.494313333E1	-2.073522598E0
8.511913333E1	-2.068244167E0
8.527920000E1	-1.665646666E0
8.545506667E1	-9.218621861E-1
8.561516667E1	-5.180128774E-2
8.579110000E1	-3.773813746E-2
8.595113333E1	5.030271750E-2
8.611100000E1	5.874275677E-2
8.628706667E1	6.108034615E-2
8.644703333E1	1.882366813E-1
8.662303333E1	7.183428366E-2
8.678310000E1	6.183559492E-3
8.694310000E1	-2.012398094E-1
8.711910000E1	-2.514700131E-1
8.727913333E1	-7.972173471E-1
8.745506667E1	-9.724864449E-1
8.761500000E1	-9.920668851E-1
8.777503333E1	-1.021712000E0
8.795103333E1	-1.016762831E0
8.811100000E1	-1.077875046E0
8.828703333E1	-1.132654598E0
8.844703333E1	-1.170847407E0
8.862303333E1	-1.302451516E0
8.878300000E1	-1.631682523E0
8.894313333E1	-1.670494483E0
8.911903333E1	-1.216645812E0
8.927900000E1	-3.128377728E-1
8.945500000E1	1.732576658E-2
8.961496667E1	2.960446316E-3
8.977506667E1	1.742861851E-1
8.995093333E1	2.128515280E-1
9.011093333E1	1.208178513E-1
9.028690000E1	2.250515027E-2
9.044696667E1	-3.091285104E-1
9.060703333E1	-6.900197588E-1
9.078296667E1	-7.940514717E-1
9.094313333E1	-8.234991057E-1
9.111893333E1	-9.154734305E-1
9.127896667E1	-1.000777709E0
9.143900000E1	-1.040610401E0
9.161493333E1	-9.227829816E-1
9.177510000E1	-9.280608188E-1
9.195096667E1	-9.253733029E-1
9.211106667E1	-1.074656694E0
9.228686667E1	-1.301656629E0
9.244690000E1	-1.790490300E0
9.260703333E1	-1.358391489E0
9.278293333E1	-1.218097592E0
9.294300000E1	-1.089814354E0
9.311893333E1	-9.665045431E-1
9.327893333E1	-8.774372032E-1
9.343903333E1	-9.033022395E-1
9.361500000E1	-8.498429415E-1
9.377493333E1	-1.343933827E-1
9.395096667E1	-1.612486962E-1
9.411103333E1	-8.344453639E-1
9.427093333E1	-9.183510168E-1
9.444693333E1	-9.539154827E-1
9.460700000E1	-8.690196469E-1
9.478290000E1	-7.426977571E-1
9.494300000E1	-7.628644757E-1
9.511883333E1	-7.096031772E-1
9.527893333E1	-6.777426282E-1
9.543890000E1	-7.451747359E-1
9.561493333E1	-8.224264622E-1
9.577493333E1	-8.821567517E-1
9.595083333E1	-9.618150274E-1
9.611093333E1	-9.746553638E-1
9.627093333E1	-1.046976585E0
9.644686667E1	-1.358156127E0
9.660693333E1	-1.403788745E0
9.678296667E1	-1.801851123E0
9.694293333E1	-1.396598836E0
9.710293333E1	-9.647335613E-1
9.727896667E1	-5.514958060E-1
9.743886667E1	-5.993268944E-1
9.761493333E1	-6.072969804E-1
9.777503333E1	-6.408222251E-1
9.793496667E1	-6.835869245E-1
9.811090000E1	-7.523881340E-1
9.827103333E1	-7.877421869E-1
9.844700000E1	-7.727261154E-1
9.860696667E1	-7.638479916E-1
9.878296667E1	-7.803980146E-1
9.894283333E1	-7.695029071E-1
9.910290000E1	-7.755967453E-1
9.927896667E1	-7.472387501E-1
9.943893333E1	-7.968666680E-1
9.961476667E1	-8.889071648E-1
9.977493333E1	-9.152084958E-1
9.993490000E1	-9.429757229E-1
1.001109667E2	-9.364259060E-1
1.002709667E2	-9.454890647E-1
1.004468333E2	-9.754871657E-1
1.006069000E2	-9.894718213E-1
1.007669667E2	-9.715842009E-1
1.009428333E2	-9.432881956E-1
1.011029000E2	-8.171222773E-1
1.012788333E2	-7.571758010E-1
1.014388667E2	-9.969733457E-1
1.015988333E2	-1.879018535E0
1.017749333E2	-1.992443956E0
1.019349667E2	-1.835052006E0
1.021109000E2	-1.059480633E0
1.022709000E2	-9.507745326E-1
1.024467667E2	-9.690819893E-1
1.026068667E2	-8.477122744E-1
1.027670000E2	-2.801553192E-2
1.029429000E2	3.776249567E-2
1.031028667E2	2.255920429E-2
1.032789000E2	2.105620537E-2
1.034389333E2	3.399189593E-3
1.035988000E2	-5.015798330E-2
1.037748333E2	-8.018280202E-2
1.039348333E2	-1.093769572E-1
1.041107667E2	-2.434426875E-1
1.042707667E2	-3.894872790E-1
1.044309000E2	-7.466642527E-1
1.046068667E2	-8.920197604E-1
1.047669333E2	-1.095164451E0
1.049427667E2	-1.324297245E0
1.051028000E2	-1.527207192E0
1.052788000E2	-1.486574926E0
1.054388000E2	-1.601688560E0
1.055988333E2	-1.577767226E0
1.057749000E2	-1.534903396E0
1.059349000E2	-1.429897166E0
1.061108667E2	-1.407039466E0
1.062708000E2	-7.485391980E-1
1.064309000E2	-6.977430849E-3
1.066067667E2	6.096316492E-2
1.067668000E2	8.490927620E-2
1.069428667E2	6.465909126E-2
1.071029000E2	5.679018752E-2
1.072628333E2	2.051842619E-2
1.074388000E2	-5.537770709E-2
1.075988000E2	-5.619020290E-2
1.077748000E2	-2.345322561E-1
1.079347667E2	-4.901128004E-1
1.080948667E2	-1.522496305E-1
1.082707333E2	-2.794880555E-1
1.084309000E2	-8.507862648E-1
1.086067333E2	-1.800563293E0
1.087668333E2	-1.943610345E0
1.089427000E2	-2.074828528E0
1.091028333E2	-2.001091554E0
1.092628000E2	-2.097469369E0
1.094387333E2	-1.935357018E0
1.095988333E2	-1.953980158E0
1.097748333E2	-1.867309049E0
1.099348333E2	-1.531732625E0
1.100948000E2	-2.761018099E-1
1.102707333E2	-1.420927457E-2
1.104307333E2	-3.046926009E-1
1.106067667E2	-1.533796088E-1
1.107668667E2	5.488230459E-2
1.109267667E2	2.448472497E-1
1.111028667E2	1.849166706E-1
1.112628667E2	1.570240516E-1
1.114387000E2	1.097460633E-1
1.115986667E2	8.411316741E-2
1.117589000E2	7.231427939E-2
1.119348000E2	-1.893693376E-3
1.120948333E2	-5.557680937E-2
1.122708000E2	-7.628946092E-1
1.124308000E2	-1.248779603E0
1.126067000E2	-1.729562266E0
1.127667000E2	-1.963193779E0
1.129267333E2	-2.051009476E0
1.131027000E2	-2.020782881E0
1.132627333E2	-1.993427066E0
1.134387000E2	-1.956350884E0
1.135987333E2	-1.334508156E0
1.137587667E2	-1.013334751E0
1.139347667E2	-7.740690977E-1
1.140947000E2	-3.618350588E-1
1.142708000E2	-9.328315366E-3
1.144306667E2	-1.936662750E-2
1.145907667E2	-2.215485523E-2
1.147667667E2	7.854175112E-2
1.149266667E2	1.096503784E-1
1.151027667E2	9.392397380E-2
1.152627333E2	3.259321012E-2
1.154386667E2	6.854849129E-2
1.155987333E2	3.528317653E-1
1.157587667E2	-2.017113594E-3
1.159347667E2	-6.833194896E-1
1.160947667E2	-1.395012507E0
1.162706333E2	-1.933237182E0
1.164307667E2	-2.899457167E0
1.165908333E2	-3.063749761E0
1.167666667E2	-3.943345601E0
1.169268000E2	-3.241473950E0
1.171026667E2	-2.838108469E0
1.172627000E2	-1.872548104E0
1.174229000E2	-1.129045391E0
1.175987333E2	-9.225080327E-1
1.177587000E2	-8.780440138E-1
1.179346333E2	-7.444768202E-1
1.180947000E2	-1.562090508E-1
1.182547667E2	2.868145254E-1
1.184307667E2	2.916413851E-1
1.185907333E2	4.105099846E-1
1.187666333E2	6.373045201E-1
1.189266667E2	8.678224452E-1
1.191026000E2	6.064961272E-1
1.192626667E2	3.249959716E-1
1.194226667E2	6.875627631E-2
1.195986667E2	-9.936740622E-2
1.197586333E2	-8.096036939E-1
1.199345667E2	-1.795804754E0
1.200947333E2	-2.041415462E0
1.202547333E2	-2.285861501E0
1.204306333E2	-2.750197624E0
1.205906000E2	-2.913019926E0
1.207666333E2	-2.901166347E0
1.209266333E2	-2.093303400E0
1.210867333E2	-1.101987305E0
1.212626333E2	-6.750843376E-1
1.214226333E2	-6.326682244E-1
1.215987333E2	-5.524061296E-1
1.217586333E2	-1.056361148E-1
1.219186667E2	5.015466097E-2
1.220946000E2	1.009785687E0
1.222546667E2	9.147235461E-1
1.224306667E2	9.217543140E-1
1.225906333E2	1.972771959E0
1.227666000E2	1.715559349E0
1.229266000E2	1.082473886E0
1.230866333E2	-8.143634948E-2
1.232626333E2	-5.752045237E-1
1.234227000E2	-1.894891374E0
1.235985333E2	-2.072386187E0
1.237586667E2	-3.917549799E0
1.239186333E2	-4.322800383E0
1.240945667E2	-4.035354220E0
1.242546667E2	-3.824548551E0
1.244306333E2	-3.663598714E0
1.245905667E2	-3.405828621E0
1.247506000E2	-2.516170464E0
1.249265667E2	-9.212828254E-1
1.250866667E2	-2.515667864E-1
1.252626667E2	6.523285681E-2
1.254227000E2	2.806095660E-1
1.255985000E2	3.834855234E-1
1.257585333E2	5.141350028E-1
1.259185333E2	1.205462134E0
1.260946667E2	1.234069884E0
1.262547000E2	1.321408091E0
1.264305000E2	1.297323499E0
1.265906000E2	5.235663451E-1
1.267507000E2	-7.601941385E-2
1.269266667E2	-4.121875545E-1
1.270866333E2	-1.297183442E0
1.272624667E2	-1.976432883E0
1.274226333E2	-2.170482769E0
1.275826333E2	-2.807470919E0
1.277586333E2	-2.919131552E0
1.279185333E2	-2.931933326E0
1.280945333E2	-2.721166648E0
1.282545333E2	-2.297676669E0
1.284146333E2	-2.142886288E0
1.285905333E2	-1.801199490E0
1.287506333E2	-5.756897948E-1
1.289265667E2	2.352055992E-1
1.290866000E2	8.403645257E-1
1.292624667E2	1.009136253E0
1.294225000E2	2.050016007E0
1.295826000E2	1.948368876E0
1.297585667E2	1.291919228E0
1.299185667E2	3.635438760E-1
1.300944333E2	4.778513753E-1
1.302544667E2	3.175261327E-3
1.304146333E2	-3.635057708E-1
1.305905667E2	-1.857902069E0
1.307506333E2	-3.114432830E0
1.309264667E2	-3.496959338E0
1.310864333E2	-3.070425436E0
1.312465667E2	-3.092329088E0
1.314225667E2	-3.560863889E0
1.315824667E2	-3.506336787E0
1.317585667E2	-2.323433271E0
1.319186000E2	-1.791337778E0
1.320786333E2	-1.677641423E0
1.322546000E2	-9.205723564E-1
1.324145333E2	5.749008696E-2
1.325905667E2	8.126997445E-2
1.327505000E2	1.071920539E0
1.329264667E2	1.208181209E0
1.330865000E2	2.055856352E0
1.332465333E2	1.430506743E0
1.334225667E2	9.707721610E-1
1.335824667E2	1.728049374E-1
1.337584667E2	-6.259188425E-1
1.339185667E2	-8.920298308E-1
1.340785000E2	-1.247847206E0
1.342544333E2	-1.640762030E0
1.344144667E2	-1.857293345E0
1.345904333E2	-2.144728744E0
1.347504667E2	-2.057168385E0
1.349106000E2	-2.097949001E0
1.350864333E2	-2.220868934E0
1.352464667E2	-2.140756014E0
1.354224000E2	-2.143708307E0
1.355824333E2	-1.116188856E0
1.357583667E2	-8.713585062E-1
1.359185333E2	-3.909780143E-1
1.360785333E2	9.422520396E-1
1.362545333E2	1.130716706E0
1.364144667E2	1.187545001E0
1.365903667E2	1.086818615E0
1.367505000E2	1.016001292E0
1.369104667E2	2.969223519E-2
1.370864333E2	-2.967087750E-1
1.372464333E2	-1.238867524E0
1.374224667E2	-1.923727779E0
1.375824667E2	-1.915917595E0
1.377426000E2	-2.112722070E0
1.379185667E2	-2.558419928E0
1.380784000E2	-2.535281764E0
1.382545000E2	-2.343449632E0
1.384144000E2	-1.690488675E0
1.385745000E2	-1.670875091E0
1.387504667E2	-1.649572600E0
1.389104000E2	-1.574001705E0
1.390864333E2	-1.297083012E0
1.392465667E2	-5.729629478E-1
1.394225000E2	-6.611290878E-1
1.395824333E2	-4.451427166E-2
1.397425000E2	5.409596436E-1
1.399184000E2	1.004294844E0
1.400784000E2	4.639775315E-1
1.402543333E2	-4.336032334E-2
1.404144000E2	-2.999348759E-1
1.405744667E2	-8.279707766E-1
1.407503667E2	-8.715315703E-1
1.409104333E2	-8.798688871E-1
1.410863667E2	-9.298963090E-1
1.412465000E2	-9.845563821E-1
1.414065333E2	-1.019978501E0
1.415823667E2	-1.083645203E0
1.417425000E2	-1.101501277E0
1.419185000E2	-1.218955759E0
1.420783667E2	-1.232528548E0
1.422385000E2	-8.875793188E-1
1.424145000E2	-1.780835147E-2
1.425744667E2	-7.601631916E-1
1.427504333E2	-4.151403833E-1
1.429104333E2	-1.046756216E0
1.430864333E2	-8.764502036E-1
1.432464333E2	-1.067870118E0
1.434064000E2	-8.077652644E-1
1.435824000E2	-7.666575158E-1
1.437424667E2	-2.093428362E-1
1.439182667E2	3.644274392E-2
1.440784333E2	-9.033052829E-1
1.442384000E2	-1.031351530E0
1.444145333E2	-1.052878489E0
1.445744333E2	-1.202354556E0
1.447503333E2	-1.232664444E0
1.449104667E2	-1.251644400E0
1.450703667E2	-1.309574115E0
1.452463667E2	-9.898300224E-1
1.454064333E2	-9.894844683E-1
1.455824000E2	-9.565851739E-1
1.457424333E2	-9.217132960E-1
1.459182667E2	2.341804957E-1
1.460784333E2	-7.004190263E-2
1.462384333E2	-3.104374253E-1
1.464144333E2	-7.033516456E-1
1.465743333E2	-8.107822706E-1
1.467502667E2	-9.307703695E-1
1.469103000E2	-1.034917574E0
1.470702667E2	-1.051997351E0
1.472463000E2	-1.014485752E0
1.474064333E2	-5.340146872E-1
1.475822667E2	-4.547240785E-1
1.477424333E2	-4.875590721E-1
1.479023667E2	-3.963483770E-1
1.480783667E2	-7.570967313E-1
1.482383000E2	-7.616816882E-1
1.484144000E2	-8.987567280E-1
1.485743667E2	-9.070650948E-1
1.487344333E2	-9.599184101E-1
1.489103000E2	-1.066427671E0
1.490703000E2	-1.024667495E0
1.492462667E2	-1.182408287E0
1.494063000E2	-1.115666107E0
1.495823333E2	-1.134652018E0
1.497423000E2	-9.802643993E-1
1.499023333E2	-5.623045762E-2
1.500783667E2	-5.928856925E-1
1.502383667E2	-8.518825507E-1
1.504143333E2	-8.857199971E-1
1.505743333E2	-1.004497389E0
1.507343667E2	-1.026904000E0
1.509102667E2	-9.591864904E-1
1.510702333E2	-1.002513128E0
1.512462333E2	-6.637631943E-1
1.514063667E2	-8.259954321E-2
1.515663333E2	2.160257521E-1
1.517422667E2	5.020988696E-2
1.519023000E2	-1.009231506E-1
1.520782667E2	-2.473027332E-1
1.522382667E2	-8.899750126E-1
1.523984000E2	-1.584611718E0
1.525743333E2	-1.941525110E0
1.527343667E2	-1.974540886E0
1.529103000E2	-1.918602303E0
1.530702667E2	-1.938733326E0
1.532462000E2	-1.732512962E0
1.534062333E2	-9.173511845E-1
1.535663333E2	-8.301149602E-1
1.537422667E2	-5.131506936E-1
1.539023667E2	3.649885745E-2
1.540782333E2	-1.374813364E-2
1.542382333E2	3.088485676E-2
1.543983333E2	2.474517709E-1
1.545742333E2	-1.458838433E-1
1.547342667E2	-1.121860182E0
1.549103333E2	-1.136123945E0
1.550702667E2	-1.481581210E0
1.552303000E2	-1.137191592E0
1.554062667E2	-9.187061608E-1
1.555663000E2	-1.025626239E0
1.557423000E2	-8.132163802E-1
1.559023333E2	-1.011166321E0
1.560782667E2	-1.364320397E0
1.562382000E2	-1.540854190E0
1.563982333E2	-1.781351019E0
1.565741667E2	-1.850200787E0
1.567343000E2	-1.822036103E0
1.569101667E2	-1.362199451E0
1.570702000E2	-9.051880583E-1
1.572303000E2	-7.205645329E-1
1.574061667E2	1.458213698E-1
1.575662000E2	7.352211274E-1
1.577421333E2	8.212688612E-1
1.579021667E2	3.661149284E-1
1.580623000E2	9.356895363E-2
1.582381667E2	-7.179870223E-1
1.583981667E2	-9.527488384E-1
1.585741000E2	-1.079282767E0
1.587343000E2	-1.521276779E0
1.588943000E2	-1.672630136E0
1.590702667E2	-1.637921653E0
1.592301667E2	-1.568458645E0
1.594061333E2	-9.127203554E-1
1.595662667E2	-5.721806916E-1
1.597422333E2	-7.466362793E-1
1.599022333E2	-8.837811085E-1
1.600622667E2	-8.786202219E-1
1.602382000E2	-1.142257906E0
1.603982667E2	-1.032107954E0
1.605741000E2	-1.772352533E0
1.607342667E2	-1.776028512E0
1.608942667E2	-1.801645814E0
1.610702333E2	-1.362929928E0
1.612302000E2	-2.804780719E-2
1.614062000E2	1.937075998E-3
1.615662000E2	9.315729900E-2
1.617262000E2	-1.722845954E-1
1.619021333E2	-4.512637768E-1
1.620622667E2	-5.793506378E-1
1.622382333E2	-9.268394730E-1
1.623981333E2	-9.989413002E-1
1.625582000E2	-1.047553414E0
1.627342333E2	-1.169162356E0
1.628942333E2	-1.207006958E0
1.630701333E2	-9.576332037E-1
1.632302333E2	-2.069997771E-1
1.634061000E2	-1.559485855E-1
1.635661000E2	-1.638788697E-1
1.637261667E2	-2.174482610E-1
1.639020667E2	-7.735410456E-1
1.640621667E2	-9.540985013E-1
1.642380667E2	-1.844386715E0
1.643982000E2	-2.032008528E0
1.645581333E2	-2.147081608E0
1.647340333E2	-1.283390512E0
1.648940667E2	-9.624543238E-1
1.650700333E2	-8.905712695E-1
1.652300667E2	9.734748623E-2
1.653901333E2	3.018229062E-1
1.655660333E2	1.013045471E0
1.657260667E2	1.042227156E0
1.659020333E2	-8.887251399E-1
1.660620667E2	-1.092622280E0
1.662380667E2	-1.951381125E0
1.663980333E2	-2.776495833E0
1.665580667E2	-2.897881381E0
1.667340333E2	-2.819005658E0
1.668940333E2	-1.014577516E0
1.670701333E2	-4.604006189E-3
1.672301333E2	8.142881509E-2
1.673900667E2	-8.468412635E-1
1.675661667E2	-8.615506507E-1
1.677261333E2	-8.801794000E-1
1.679020000E2	-9.598414093E-1
1.680620333E2	-9.913539352E-1
1.682220333E2	-1.052818514E0
1.683981333E2	-1.088303781E0
1.685580667E2	-9.236030893E-1
1.687340333E2	1.603062808E-1
1.688940667E2	9.408608927E-1
1.690541667E2	2.089337720E0
1.692300667E2	1.917297597E0
1.693901667E2	8.755683448E-1
1.695660667E2	6.741213883E-2
1.697261000E2	-2.449199330E-1
1.699020667E2	-1.074345990E0
1.700621000E2	-1.915564183E0
1.702221667E2	-2.173337625E0
1.703980333E2	-2.327753041E0
1.705581000E2	-2.047151459E0
1.707341000E2	-2.039226691E-1
1.708940667E2	1.235373211E-1
1.710541000E2	1.618081529E-1
1.712301333E2	1.081951764E0
1.713901667E2	1.080420746E0
1.715660667E2	-7.519142891E-1
1.717260333E2	-1.176000319E0
1.718860667E2	-2.639759857E0
1.720621667E2	-2.901999937E0
1.722221667E2	-2.897587997E0
1.723981333E2	-1.665381286E0
1.725581000E2	3.657883739E-2
1.727180667E2	9.208852347E-1
1.728940333E2	1.056944522E0
1.730541333E2	2.916553089E-1
1.732299667E2	1.553641127E-1
1.733900000E2	1.019906604E-1
1.735660333E2	-8.268184951E-1
1.737261333E2	-1.707543197E0
1.738861000E2	-1.989052232E0
1.740620333E2	-2.090652218E0
1.742220000E2	-1.921378104E0
1.743980000E2	-8.133470517E-1
1.745580000E2	1.117512957E-1
1.747180667E2	1.344717149E0
1.748939667E2	1.586679732E0
1.750540667E2	8.400399852E-1
1.752299333E2	4.702736630E-2
1.753901000E2	-1.106724579E0
1.755501000E2	-1.955717281E0
1.757260667E2	-2.372047855E0
1.758859667E2	-2.517838094E0
1.760619667E2	-2.187424618E0
1.762220667E2	-1.306112647E0
1.763980333E2	8.514859035E-1
1.765580333E2	2.024299812E0
1.767180333E2	2.986486170E0
1.768940000E2	2.823589724E0
1.770540333E2	1.434548084E-1
1.772299333E2	-1.072163319E0
1.773900333E2	-2.289564928E0
1.775500667E2	-3.667493165E0
1.777260667E2	-4.282685723E0
1.778860000E2	-3.935684716E0
1.780619000E2	-9.623793474E-1
1.782220667E2	-3.785864682E-2
1.783819667E2	-3.610125897E-1
1.785579667E2	3.083072956E-1
1.787180333E2	1.133856792E0
1.788939667E2	1.151084466E0
1.790540667E2	-1.553157329E-2
1.792139667E2	-1.236675087E0
1.793900333E2	-1.820198427E0
1.795500000E2	-1.985408601E0
1.797258667E2	-1.970259934E0
1.798859667E2	-1.823864254E0
1.800619000E2	9.590211144E-1
1.802220333E2	2.897015686E0
1.803819667E2	2.856180116E0
1.805580000E2	1.899694001E0
1.807180333E2	3.647223761E-1
1.808939333E2	-2.694717470E-1
1.810540000E2	-1.567608761E0
1.812139667E2	-3.075101331E0
1.813900333E2	-3.207520137E0
1.815499333E2	-3.279994037E0
1.817260333E2	-2.875036519E0
1.818859000E2	-1.583668681E-1
1.820459667E2	3.569431515E-1
1.822220333E2	2.578648684E0
1.823820333E2	3.119085260E0
1.825579667E2	1.293496549E0
1.827179667E2	-2.783859296E-2
1.828779667E2	-1.438540424E0
1.830539000E2	-3.679447267E0
1.832139667E2	-4.232322147E0
1.833900333E2	-3.923587863E0
1.835499333E2	-1.124322332E0
1.837259333E2	-1.087887539E0
1.838859000E2	-3.464043741E-1
1.840460000E2	2.023748951E0
1.842218667E2	3.009748535E0
1.843818667E2	2.222650305E0
1.845578333E2	6.825410016E-2
1.847178333E2	-2.844688799E-1
1.848779667E2	-1.857098687E0
1.850539333E2	-2.175778466E0
1.852138667E2	-2.284785446E0
1.853898000E2	-2.140111979E0
1.855498333E2	1.134173176E-1
1.857098667E2	1.268215967E0
1.858860000E2	1.422395794E0
1.860459333E2	2.003644000E0
1.862219333E2	1.403291098E0
1.863819000E2	-6.882590015E-3
1.865578667E2	-1.041988654E0
1.867178333E2	-2.166535884E0
1.868779333E2	-2.930366232E0
1.870539667E2	-2.907393607E0
1.872139333E2	-2.676070716E0
1.873898000E2	-1.047956833E0
1.875499333E2	1.242446410E0
1.877099667E2	4.189887604E0
1.878859667E2	3.087300682E0
1.880459667E2	2.106802196E0
1.882218000E2	4.521384931E-1
1.883818667E2	-1.933759046E0
1.885419333E2	-3.287006705E0
1.887178667E2	-3.796865795E0
1.888779000E2	-3.602195274E0
1.890539333E2	-2.966595367E0
1.892138333E2	-2.801413970E0
1.893740000E2	-8.387094047E-1
1.895498000E2	1.930611886E0
1.897098667E2	2.575194607E0
1.898858333E2	1.993149131E0
1.900459667E2	8.894253651E-1
1.902218667E2	6.133667036E-1
1.903820000E2	-7.924739650E-1
1.905419000E2	-2.111604363E0
1.907179333E2	-2.782268278E0
1.908779000E2	-2.473206346E0
1.910537333E2	9.035279500E-2
1.912138667E2	5.311745322E-1
1.913738333E2	1.113968049E0
1.915498667E2	2.176164257E0
1.917099000E2	1.254783703E0
1.918859000E2	-3.205320883E-1
1.920459333E2	-8.501786767E-1
1.922058333E2	-1.109999610E0
1.923819000E2	-2.036110415E0
1.925419000E2	-2.346880644E0
1.927178000E2	-2.063237200E0
1.928779333E2	-7.363975917E-1
1.930379000E2	3.221168708E-1
1.932138333E2	8.931328126E-1
1.933739000E2	5.691408785E-1
1.935497667E2	6.307032828E-1
1.937098667E2	-2.472705447E-1
1.938857333E2	-5.620023221E-3
1.940458333E2	-1.014338494E0
1.942059000E2	-1.824309470E0
1.943818333E2	-1.933082517E0
1.945418667E2	-2.001469128E0
1.947176667E2	-1.966333072E0
1.948777000E2	-1.744926101E-1
1.950378333E2	2.017832168E0
1.952138667E2	2.459273915E0
1.953737667E2	1.154191228E0
1.955498000E2	1.137631994E0
1.957097333E2	9.024150597E-1
1.958698667E2	-6.535971813E-1
1.960458333E2	-1.163473639E0
1.962058667E2	-1.286031851E0
1.963817333E2	-1.420749240E0
1.965417333E2	-9.705539356E-1
1.967176667E2	-8.822687386E-1
1.968778333E2	-2.255270201E-1
1.970377333E2	-1.983767463E-1
1.972138333E2	5.720941198E-2
1.973737667E2	1.755074386E-1
1.975497000E2	7.553807948E-1
1.977097333E2	1.032141947E0
1.978698000E2	-9.506855677E-1
1.980457333E2	-1.999610717E0
1.982058667E2	-2.918308594E0
1.983818000E2	-3.021165538E0
1.985418000E2	-2.695517639E0
1.987017333E2	-8.234059797E-1
1.988777667E2	1.902574015E-1
1.990377000E2	1.053627596E0
1.992136667E2	2.185966575E0
1.993736667E2	1.715354535E0
1.995338000E2	2.485386142E-1
1.997097667E2	-1.963771214E-1
1.998697333E2	-1.308278571E0
2.000457333E2	-1.579994773E0
2.002057667E2	-1.105647244E0
2.003816667E2	3.272183613E-2
2.005417667E2	-7.050717511E-2
2.007017667E2	4.978337383E-1
2.008777667E2	1.297066878E0
2.010378000E2	1.314438397E0
2.012137667E2	6.771427203E-1
2.013738000E2	2.056772595E-1
2.015337667E2	-7.332491406E-1
2.017097333E2	-1.559987330E0
2.018697000E2	-1.855979175E0
2.020458000E2	-2.687759722E0
2.022058000E2	-2.839665216E0
2.023658000E2	-5.952299910E-1
2.025416667E2	1.227544702E0
2.027018000E2	1.133053857E0
2.028777333E2	9.487035323E-1
2.030376667E2	1.028413533E-1
2.031977000E2	-7.767874193E-1
2.033737667E2	-1.978319157E0
2.035336667E2	-1.949092417E0
2.037097667E2	-1.914789874E0
2.038698000E2	-2.083381492E0
2.040457000E2	-2.042354176E0
2.042057000E2	-1.496381771E0
2.043657000E2	1.189886013E0
2.045417667E2	1.104375856E0
2.047017667E2	7.705884390E-1
2.048775667E2	9.047083243E-1
2.050376333E2	1.909568807E-1
2.051976333E2	1.077954123E-2
2.053736667E2	-1.072259629E0
2.055337333E2	-1.095356902E0
2.057097000E2	-1.467208566E0
2.058697000E2	-1.442507249E0
2.060297667E2	-1.208281910E0
2.062056000E2	-7.426578518E-1
2.063656000E2	-1.077160223E-1
2.065416000E2	1.175900536E-2
2.067016333E2	-6.020938737E-2
2.068777000E2	2.351213412E-1
2.070377667E2	7.664194723E-1
2.071977667E2	-8.300232764E-1
2.073737333E2	-1.656143507E0
2.075337000E2	-2.927900196E0
2.077097000E2	-3.670663341E0
2.078697333E2	-2.993879020E0
2.080296667E2	-8.860935758E-1
2.082056000E2	1.035202562E0
2.083657333E2	8.345735560E-1
2.085415333E2	8.663906843E-1
2.087017333E2	5.435059881E-1
2.088616000E2	3.168325180E-1
2.090376333E2	3.272905496E-2
2.091977000E2	-9.603894919E-1
2.093736333E2	-1.336764587E0
2.095338000E2	-1.561813509E0
2.096937000E2	-8.544936425E-1
2.098696333E2	-7.187448484E-2
2.100296667E2	-2.664765164E-2
2.102055667E2	-2.114818494E-2
2.103656333E2	1.296775506E0
2.105415333E2	1.098184908E0
2.107016000E2	-5.212631812E-3
2.108616667E2	-6.089517838E-1
2.110375333E2	-1.336112150E0
2.111976000E2	-1.889138201E0
2.113736333E2	-2.053502122E0
2.115336333E2	-2.040481567E0
2.116937000E2	-1.754881055E-1
2.118695667E2	-3.133449987E-1
2.120297000E2	7.136888510E-3
2.122056667E2	-2.897705223E-1
2.123656667E2	-1.993485451E-1
2.125256000E2	-6.034466323E-1
2.127016667E2	-2.876160619E-1
2.128615667E2	-1.233834856E0
2.130376333E2	-1.602854505E0
2.131976667E2	-1.575494761E0
2.133576000E2	-1.385930088E0
2.135336333E2	-8.760694947E-1
2.136936333E2	-8.137038829E-1
2.138696333E2	1.565086356E-1
2.140296667E2	9.289482256E-1
2.142055667E2	8.171905069E-1
2.143656333E2	1.065476371E0
2.145256000E2	-8.761157116E-1
2.147016000E2	-6.900367097E-1
2.148616667E2	-8.427507913E-1
2.150375667E2	-8.285469951E-1
2.151976333E2	-1.142794507E0
2.153575667E2	-1.653421627E0
2.155335000E2	-1.127908671E0
2.156935000E2	-2.599851783E-3
2.158696333E2	-8.446299496E-2
2.160295667E2	1.523883440E0
2.161895333E2	2.685514040E-1
2.163655667E2	-9.191283037E-1
2.165255667E2	-1.784238525E0
2.167016000E2	-2.941635812E0
2.168615000E2	-2.999926362E0
2.170374333E2	-2.469775967E0
2.171976333E2	-8.280388820E-1
2.173576667E2	-9.052797114E-1
2.175336000E2	-2.070029560E-1
2.176935667E2	2.734436364E-1
2.178695000E2	1.130340419E0
2.180295667E2	9.819182519E-1
2.181895000E2	2.091351662E-1
2.183655667E2	8.672879838E-2
2.185255333E2	-8.197761656E-2
2.187014333E2	-1.921223417E-1
2.188614667E2	-9.176079773E-1
2.190215333E2	-8.859551529E-1
2.191974667E2	-6.261491947E-1
2.193575000E2	-8.143969497E-2
2.195334333E2	3.366491996E-1
2.196935000E2	2.106110500E-1
2.198535667E2	2.223953178E-1
2.200294333E2	-2.995056252E-1
2.201895000E2	-1.092982595E0
2.203655667E2	-9.973493081E-1
2.205255667E2	-1.963625098E0
2.207015333E2	-2.086801349E0
2.208614667E2	-2.910158934E0
2.210215667E2	-2.909655235E0
2.211975000E2	-1.540263465E0
2.213575000E2	1.657741309E-1
2.215335000E2	8.436505691E-1
2.216934000E2	4.165000390E-1
2.218535667E2	5.704785946E-1
2.220294667E2	-1.579229977E-1
2.221895000E2	-2.199166649E-1
2.223655000E2	-2.960149962E-1
2.225254667E2	-6.103179451E-1
2.226855000E2	-7.211136991E-1
2.228614667E2	-7.616403651E-1
2.230215333E2	1.515198687E-2
2.231974000E2	2.492946233E-1
2.233574333E2	1.533700818E-1
2.235174667E2	3.526764441E-1
2.236934667E2	2.728971140E-1
2.238535667E2	9.072825386E-3
2.240294333E2	-8.595434523E-1
2.241895333E2	-1.470999637E0
2.243654667E2	-2.483181837E0
2.245254667E2	-2.835526293E0
2.246855000E2	-1.878143635E0
2.248614000E2	-1.891168772E0
2.250214000E2	-9.023906690E-1
2.251974667E2	-9.146428053E-1
2.253574667E2	-1.157597772E0
2.255175333E2	-8.533571228E-1
2.256935000E2	3.771950409E-1
2.258534333E2	1.428109105E-1
2.260295000E2	-3.240402604E-1
2.261894667E2	-2.595689329E-1
2.263494667E2	-1.749683116E0
2.265254333E2	-9.572909321E-1
2.266855333E2	-5.614558261E-1
2.268614000E2	3.309787028E-1
2.270215000E2	2.321254308E-1
2.271974333E2	6.331604017E-2
2.273575333E2	9.572041483E-1
2.275174000E2	8.623262624E-1
2.276934667E2	-2.614640277E-1
2.278535333E2	-6.725418617E-1
2.280294333E2	-1.147880476E0
2.281894000E2	-1.515568706E0
2.283494000E2	-1.861300387E0
2.285253667E2	-1.791361385E0
2.286855000E2	-1.856116462E0
2.288614333E2	-8.661087667E-1
2.290214667E2	1.299348257E-1
2.291814000E2	-7.533651584E-1
2.293574667E2	-9.515270328E-1
2.295173333E2	-1.863447437E0
2.296933667E2	-1.674857448E0
2.298533333E2	-1.085447605E0
2.300134000E2	-6.811217306E-1
2.301894000E2	-9.418319774E-1
2.303493667E2	-9.123163934E-1
2.305254000E2	-3.092623181E-1
2.306853667E2	-2.154997122E-1
2.308614000E2	2.335022809E-2
2.310214333E2	1.129042310E0
2.311814000E2	1.904562552E0
2.313573333E2	-3.712447009E-1
2.315173667E2	-5.651297477E-1
2.316933667E2	-8.559348402E-1
2.318534667E2	-8.752517969E-1
2.320133667E2	-9.237675873E-1
2.321894333E2	-9.564201705E-1
2.323494000E2	-1.014670187E0
2.325254333E2	-8.099424141E-1
2.326853667E2	-1.799461901E-1
2.328454667E2	-5.607791246E-1
2.330214333E2	-4.805398293E-1
2.331813667E2	-1.825597175E0
2.333573667E2	-2.286252768E0
2.335173333E2	-2.928452558E0
2.336774000E2	-2.093717165E0
2.338534000E2	-1.153216596E0
2.340134667E2	-1.032233529E0
2.341894000E2	-8.859378163E-1
2.343494333E2	-8.087367850E-1
2.345252667E2	1.542913396E-1
2.346853667E2	-1.989222457E-1
2.348454000E2	8.389024153E-2
2.350213000E2	4.765671631E-1
2.351813333E2	7.509234136E-1
2.353573667E2	3.332250997E-1
2.355173000E2	-6.212688761E-2
2.356773000E2	-9.833004581E-1
2.358534333E2	-1.011783117E0
2.360133667E2	-8.775598839E-1
2.361893667E2	3.590563208E-2
2.363493333E2	-1.100759961E-1
2.365093000E2	-1.289163121E-1
2.366852333E2	-3.193911323E-1
2.368454333E2	-8.316689963E-1
2.370213667E2	-1.131053634E0
2.371813000E2	-2.678882156E0
2.373572667E2	-3.180282938E0
2.375172667E2	-3.749421578E0
2.376774000E2	-3.066174206E0
2.378533000E2	1.420059867E-1
2.380133000E2	7.313774787E-1
2.381892667E2	-2.842003320E-2
2.383493000E2	-3.175306796E-2
2.385093000E2	2.158688931E-1
2.386852333E2	2.000403693E-1
2.388454000E2	5.275605069E-3
2.390212000E2	-3.259686999E-2
2.391813333E2	2.147455738E-2
2.393414000E2	2.238655799E-1
2.395172333E2	-3.105102485E-1
2.396772667E2	-7.972953299E-1
2.398532667E2	-8.188261258E-1
2.400133000E2	5.726206571E-2
2.401732667E2	5.889011311E-2
2.403492667E2	5.095391424E-2
2.405092333E2	1.689633776E-1
2.406852333E2	-2.586530175E-1
2.408452333E2	-1.598962873E0
2.410212333E2	-2.155776882E0
2.411811667E2	-3.875569869E0
2.413412000E2	-3.953860343E0
2.415172000E2	-3.685155480E0
2.416772333E2	-2.425857046E0
2.418531333E2	4.649300446E-2
2.420133000E2	1.087312027E0
2.421733667E2	1.092580509E0
2.423493333E2	2.281979706E-1
2.425092667E2	1.047274501E-1
2.426853000E2	-7.754758148E-1
2.428452333E2	-3.043767184E-1
2.430052667E2	-7.244767292E-1
2.431812000E2	1.377271782E-1
2.433412333E2	1.648027995E-1
2.435171667E2	9.301100722E-2
2.436772000E2	-3.180440644E-1
2.438531333E2	-8.912293256E-2
2.440132333E2	1.992864105E-1
2.441733333E2	7.948277750E-1
2.443492333E2	4.795869980E-3
2.445092000E2	-1.618604474E-1
2.446852667E2	-9.723866267E-1
2.448453000E2	-2.027272955E0
2.450052000E2	-3.354466670E0
2.451811667E2	-4.951825063E0
2.453412333E2	-3.963759280E0
2.455171333E2	-2.973646902E0
2.456771667E2	-9.986811883E-1
2.458372333E2	1.431885583E0
2.460132667E2	1.268885934E0
2.461732000E2	1.011171261E0
2.463492333E2	-2.326193418E-2
2.465091333E2	-8.855175843E-2
2.466692000E2	-5.522429153E-1
2.468452333E2	-7.756472249E-1
2.470051667E2	-7.632217021E-1
2.471811667E2	5.097584940E-2
2.473412000E2	1.154778935E0
2.475172000E2	9.467575642E-1
2.476774000E2	-9.928485661E-2
2.478372333E2	2.502837294E-2
2.480132333E2	3.010732196E-1
2.481732333E2	3.410952641E-1
2.483492333E2	4.017565793E-2
2.485091667E2	-1.525099233E-1
2.486692000E2	-1.907145860E0
2.488452333E2	-3.075245931E0
2.490051667E2	-3.972064645E0
2.491810667E2	-4.961612301E0
2.493411333E2	-4.108619615E0
2.495011667E2	-2.176193455E0
2.496771667E2	1.185230695E0
2.498371667E2	1.974143945E0
2.500132333E2	1.498030648E0
2.501732000E2	6.501994022E-1
2.503332333E2	-5.467455956E-1
2.505091000E2	-7.524719586E-1
2.506692667E2	-8.285404838E-1
2.508451333E2	-8.725611486E-1
2.510051000E2	-4.618663713E-1
2.511811333E2	9.864498295E-1
2.513411000E2	1.640213413E0
2.515011667E2	7.329914085E-1
2.516772000E2	1.333435331E-1
2.518371000E2	3.481997972E-2
2.520131000E2	2.326584802E-2
2.521732333E2	-4.586154289E-2
2.523331000E2	-4.473373298E-1
2.525090667E2	-1.115392477E0
2.526692333E2	-1.943065971E0
2.528450667E2	-2.555077251E0
2.530051333E2	-5.295770840E0
2.531652000E2	-5.057376334E0
2.533412000E2	-2.825011539E0
2.535011333E2	8.584704529E-2
2.536770667E2	2.004024660E0
2.538371000E2	1.960549000E0
2.540131667E2	1.085190285E0
2.541731000E2	5.043416940E-1
2.543331667E2	-9.577426549E-1
2.545090333E2	-1.225446923E0
2.546691667E2	-1.262476218E0
2.548451333E2	-9.268423441E-2
2.550050667E2	1.368571563E0
2.551652000E2	1.749483182E0
2.553411667E2	1.995338560E0
2.555011000E2	9.616355725E-1
2.556770667E2	3.338095137E-1
2.558370667E2	1.087533620E-1
2.559970333E2	-3.934300031E-2
2.561731333E2	-1.018925528E-1
2.563332000E2	-4.970704529E-1
2.565090333E2	-9.762608202E-1
2.566691667E2	-2.088130882E0
2.568291667E2	-4.629608886E0
2.570050667E2	-5.804034467E0
2.571650667E2	-3.820201214E0
2.573410000E2	-8.547480210E-1
2.575010333E2	1.945610929E0
2.576770667E2	2.432678233E0
2.578370667E2	2.846558842E0
2.579971333E2	1.084967633E0
2.581730000E2	-9.013201740E-1
2.583331333E2	-1.080999255E0
2.585089667E2	-1.899608132E0
2.586691000E2	-8.860159173E-1
2.588291000E2	1.666456858E0
2.590051333E2	2.103035034E0
2.591651667E2	2.362154412E0
2.593409667E2	1.985942990E0
2.595010000E2	9.611802367E-1
2.596610333E2	1.095420724E-1
2.598371000E2	-2.663591759E-1
2.599970000E2	-6.127844881E-1
2.601729667E2	-4.547598744E-1
2.603331000E2	-8.893930248E-1
2.604930667E2	-3.084132159E0
2.606690667E2	-5.391826536E0
2.608291000E2	-5.628144567E0
2.610050333E2	-2.937126965E0
2.611650333E2	-2.453871965E-1
2.613409333E2	1.543335467E0
2.615010000E2	2.618238000E0
2.616610333E2	4.135492700E0
2.618370333E2	2.037855890E0
2.619971000E2	9.535397420E-2
2.621729333E2	-7.586027323E-1
2.623330000E2	-1.799684613E0
2.624930000E2	-1.072568007E0
2.626690000E2	1.363833056E0
2.628289667E2	3.014223396E0
2.630050667E2	3.337518326E0
2.631649667E2	2.936806914E0
2.633250000E2	2.140362071E0
2.635009667E2	9.958762878E-1
2.636610000E2	1.687371583E-1
2.638369000E2	-5.981619919E-2
2.639970667E2	-8.449269360E-1
2.641730333E2	-2.848275777E0
2.643330333E2	-5.073247567E0
2.644929667E2	-5.949527291E0
2.646690333E2	-3.811467023E0
2.648289333E2	-2.317744985E0
2.650048667E2	-8.416768835E-1
2.651650667E2	1.044974504E0
2.653250000E2	3.715303259E0
2.655009333E2	3.510182851E0
2.656611000E2	1.778616108E0
2.658370333E2	2.227735758E-1
2.659970333E2	-7.550859531E-1
2.661570333E2	-1.467534980E0
2.663329333E2	-1.153637503E0
2.664929667E2	9.611566711E-1
2.666688667E2	2.437183196E0
2.668289333E2	4.051819628E0
2.669889667E2	4.696678881E0
2.671649333E2	3.760116713E0
2.673250333E2	1.885301936E0
2.675008667E2	-8.591537553E-1
2.676609333E2	-2.843114164E0
2.678370000E2	-4.960932155E0
2.679970000E2	-6.596006635E0
2.681569667E2	-5.819591957E0
2.683330000E2	-3.660232440E0
2.684929333E2	-1.964660428E0
2.686689667E2	-1.808105541E0
2.688290333E2	-2.731883108E-1
2.689890000E2	1.470508743E0
2.691649667E2	2.949166120E0
2.693250333E2	2.622556862E0
2.695008667E2	1.016652465E0
2.696609000E2	5.342930044E-1
2.698210000E2	-5.040330310E-3
2.699969000E2	-7.450487296E-1
2.701570000E2	-7.608341516E-1
2.703328667E2	1.142835405E-1
2.704928667E2	3.077196818E0
2.706529667E2	5.824036507E0
2.708288667E2	6.970178166E0
2.709889000E2	4.673817302E0
2.711648667E2	-4.597899911E-2
2.713249333E2	-3.833314555E0
2.715008000E2	-7.814656034E0
2.716608667E2	-8.597140378E0
2.718209667E2	-6.916454220E0
2.719969667E2	-2.842817332E0
2.721568333E2	-1.818970876E0
2.723328000E2	-9.763695227E-1
2.724930000E2	9.909408322E-2
2.726529667E2	2.774041320E-1
2.728288333E2	1.964560105E0
2.729889667E2	1.113877220E0
2.731649000E2	9.897462206E-1
2.733249667E2	9.052004041E-1
2.734849333E2	2.488705228E-1
2.736608333E2	1.091013721E-1
2.738209000E2	-6.586038078E-1
2.739968667E2	1.000683371E-2
2.741568333E2	1.340683901E0
2.743328333E2	5.435689927E0
2.744929667E2	7.924907277E0
2.746529333E2	4.947955182E0
2.748288333E2	8.469925504E-1
2.749889333E2	-3.889195341E0
2.751647667E2	-8.242502376E0
2.753248333E2	-8.912937577E0
2.754849333E2	-7.365288596E0
2.756608333E2	-4.618885687E0
2.758209333E2	-3.935629327E0
2.759968667E2	-1.103895456E0
2.761568000E2	5.209178104E-1
2.763169000E2	1.667966549E0
2.764929333E2	1.962998781E0
2.766528667E2	4.277819772E-1
2.768288000E2	2.878802165E-1
2.769889333E2	1.896612284E-1
2.771488667E2	3.292664167E-1
2.773249000E2	1.065008027E0
2.774849333E2	1.781169761E-1
2.776608667E2	3.352152738E-1
2.778208000E2	2.687583612E0
2.779967667E2	5.324629679E0
2.781568667E2	5.769313405E0
2.783169000E2	2.052339247E0
2.784929000E2	-7.473347323E-1
2.786528333E2	-3.946733331E0
2.788288000E2	-6.027268203E0
2.789888000E2	-6.138097096E0
2.791488333E2	-5.896249357E0
2.793249000E2	-5.877385739E0
2.794849333E2	-5.697139529E0
2.796607333E2	-2.498933124E0
2.798208333E2	-2.813155469E-2
2.799808000E2	2.103908599E0
2.801569000E2	1.480430823E0
2.803168667E2	1.169149043E0
2.804927667E2	1.013390880E0
2.806529333E2	2.989102591E-1
2.808128000E2	2.577255352E-1
2.809888667E2	5.699704134E-3
2.811488333E2	8.027180419E-1
2.813248000E2	2.320780389E0
2.814848333E2	4.779143021E0
2.816607000E2	4.975371524E0
2.818208667E2	1.335983877E0
2.819807667E2	-1.109323697E0
2.821567333E2	-3.622893369E0
2.823168667E2	-4.094446103E0
2.824927667E2	-3.691079229E0
2.826528667E2	-3.256725092E0
2.828128667E2	-4.376700604E0
2.829888667E2	-4.504939600E0
2.831487667E2	-4.574555973E0
2.833247667E2	-3.917981071E0
2.834847333E2	-9.368487007E-1
2.836448667E2	-1.767465170E-1
2.838207667E2	1.073063196E0
2.839807667E2	1.574526680E0
2.841567000E2	1.859808806E0
2.843167333E2	1.183546990E0
2.844927333E2	4.464460192E-1
2.846528000E2	3.305367126E-1
2.848128667E2	1.114769984E0
2.849887667E2	3.212566276E0
2.851487333E2	3.992898329E0
2.853246667E2	3.987446738E-1
2.854847333E2	-2.764446538E0
2.856447667E2	-3.233174387E0
2.858208000E2	-3.345364299E0
2.859807333E2	-1.902813238E0
2.861567333E2	-2.493686709E0
2.863167667E2	-3.117049415E0
2.864767000E2	-3.800761910E0
2.866527667E2	-3.619021058E0
2.868127667E2	-2.958052787E0
2.869886667E2	-2.344925224E0
2.871487000E2	-2.248471973E0
2.873087000E2	-1.148142943E0
2.874847000E2	-4.692021044E-2
2.876446667E2	2.137687074E0
2.878206333E2	4.003685865E0
2.879806333E2	3.023518876E0
2.881567000E2	3.893197938E0
2.883166333E2	2.498555298E0
2.884769667E2	7.241037574E-1
2.886526667E2	-9.695511416E-1
2.888127667E2	-3.002653830E0
2.889887333E2	-2.709662093E0
2.891487667E2	-2.344122231E0
2.893087000E2	-7.752839117E-1
2.894846333E2	-1.060142903E0
2.896446667E2	-1.927558890E0
2.898206667E2	-2.581651493E0
2.899807000E2	-3.694953464E0
2.901407333E2	-3.083480224E0
2.903166333E2	-1.945974746E0
2.904766667E2	-1.828740788E0
2.906526667E2	-1.909520267E0
2.908127333E2	-1.939169816E0
2.909727333E2	-1.148147443E0
2.911487000E2	1.964693674E0
2.913087333E2	3.898957745E0
2.914846667E2	5.257018585E0
2.916447000E2	5.047158754E0
2.918206667E2	3.047150183E0
2.919807333E2	-7.223161602E-1
2.921407667E2	-3.215108930E0
2.923167333E2	-4.010528700E0
2.924767667E2	-3.954397361E0
2.926526000E2	-1.740572127E0
2.928126333E2	-1.846329573E0
2.929727667E2	-1.332655152E0
2.931487000E2	-1.208184598E0
2.933086333E2	-1.885349504E0
2.934845667E2	-1.959937191E0
2.936446667E2	-2.089448763E0
2.938047000E2	-1.679361444E0
2.939806333E2	-2.125005682E0
2.941406667E2	-2.586702248E0
2.943167000E2	-1.084993795E0
2.944767333E2	4.858654061E-1
2.946525333E2	3.109192985E0
2.948126000E2	3.731238119E0
2.949726333E2	2.557267614E0
2.951487000E2	1.791475676E0
2.953087000E2	-8.638602395E-1
2.954845333E2	-6.433025645E-1
2.956446000E2	-7.923341429E-1
2.958047000E2	-1.773526382E0
2.959806333E2	-2.299864369E0
2.961406000E2	-2.826347558E0
2.963166000E2	-2.941904394E0
2.964766000E2	-2.140837391E0
2.966366333E2	-2.568975886E0
2.968126000E2	-2.199002408E0
2.969727000E2	-1.177527636E0
2.971485333E2	2.182627639E-1
2.973087000E2	-7.969533480E-1
2.974685667E2	-1.982721296E0
2.976446333E2	-1.818240598E0
2.978046000E2	2.120203290E-2
2.979805333E2	2.055892579E0
2.981406000E2	1.117832333E0
2.983165000E2	-1.248854330E-1
2.984766667E2	-7.075533023E-1
2.986366000E2	-8.380381188E-1
2.988126333E2	-1.263749497E-1
2.989725667E2	1.786187617E-1
2.991485000E2	-3.505587243E-1
2.993086667E2	-4.461342107E-1
2.994686333E2	-1.639609420E0
2.996445000E2	-1.574434928E0
2.998045667E2	-1.828387844E0
2.999804667E2	-2.533820556E0
3.001405667E2	-2.665251555E0
3.003006667E2	-2.709708916E0
3.004766333E2	-1.914887545E0
3.006365667E2	-1.101914828E0
3.008126667E2	-1.040417481E-1
3.009726000E2	1.097962602E0
3.011326000E2	2.345613479E0
3.013086333E2	-8.431367000E-1
3.014686333E2	-2.241747417E0
3.016446000E2	-2.885536855E0
3.018045667E2	-2.029241019E0
3.019806000E2	-8.655440854E-1
3.021405333E2	1.132713702E-1
3.023006667E2	-1.478253652E-2
3.024765667E2	1.050141205E0
3.026366000E2	2.080132843E-1
3.028126000E2	-1.080051139E0
3.029725000E2	-6.385997152E-1
3.031326000E2	-8.549219865E-1
3.033085000E2	-8.594670326E-1
3.034685000E2	-1.476841892E0
3.036445667E2	-1.808433139E0
3.038045000E2	-1.634494643E0
3.039646000E2	-1.099451750E0
3.041405667E2	-2.521553399E-2
3.043006667E2	6.677914315E-2
3.044765333E2	-1.274183533E0
3.046365667E2	-1.762249934E0
3.048125667E2	-1.857421267E0
3.049724667E2	-5.666780802E-1
3.051326000E2	-8.192762674E-1
3.053084667E2	-1.917579927E0
3.054685333E2	-1.940837166E0
3.056444333E2	-1.249329304E0
3.058045333E2	4.731321898E-2
3.059645000E2	-1.836292069E-1
3.061405667E2	-4.682616281E-2
3.063005000E2	8.226572418E-1
3.064764333E2	1.057366414E0
3.066365333E2	-4.529133276E-2
3.067965333E2	-8.188004786E-1
3.069724667E2	-8.482354169E-1
3.071325000E2	-9.098159461E-1
3.073084333E2	1.697045635E-1
3.074685333E2	-1.925576505E0
3.076285667E2	-3.860441109E0
3.078044333E2	-3.822103094E0
3.079645333E2	-2.218040940E0
3.081404333E2	-1.053717282E0
3.083005000E2	-1.512571828E0
3.084764000E2	-1.133463530E0
3.086365000E2	2.037909401E-2
3.087965667E2	-3.390323620E-1
3.089724333E2	-8.889717090E-1
3.091324667E2	-9.849654196E-1
3.093084000E2	-9.832295599E-1
3.094684667E2	-7.572661404E-1
3.096284667E2	-7.557796789E-1
3.098044333E2	-2.021938912E-2
3.099645000E2	2.837360381E0
3.101404000E2	2.093182594E0
3.103005333E2	3.153983201E0
3.104605667E2	1.979614607E-1
3.106364333E2	-3.017260800E0
3.107964333E2	-3.937887163E0
3.109724667E2	-3.756441624E0
3.111323667E2	-2.048813459E0
3.112924667E2	-1.929181327E0
3.114684000E2	-2.934326664E0
3.116285667E2	-2.086353859E0
3.118044333E2	-9.247741910E-1
3.119644000E2	-1.058330610E0
3.121403667E2	-1.737727075E0
3.123004333E2	-1.471386835E0
3.124605333E2	1.238099739E0
3.126363667E2	3.205887663E-1
3.127965000E2	-8.521715313E-1
3.129724667E2	7.414816316E-2
3.131325000E2	9.095858741E-1
3.132924667E2	3.020615318E0
3.134685333E2	2.200357688E0
3.136284667E2	-9.318553430E-1
3.138043667E2	-9.308433425E-1
3.139644000E2	-1.386230931E0
3.141244333E2	-6.934015181E-1
3.143005000E2	-8.633824427E-1
3.144604333E2	-2.814098202E0
3.146364333E2	-2.821185795E0
3.147965000E2	-2.833242553E0
3.149724333E2	-2.162770511E0
3.151324333E2	-2.848460892E0
3.152924000E2	-2.335381632E0
3.154684333E2	-9.398694427E-1
3.156283667E2	-1.102511900E-1
3.158043333E2	-9.445497228E-1
3.159644333E2	-8.242462437E-1
3.161245000E2	9.153570585E-1
3.163005333E2	1.689029342E0
3.164604000E2	2.904974440E0
3.166364000E2	-9.217008434E-1
3.167963333E2	-1.954810112E0
3.169564667E2	-1.952271689E0
3.171324333E2	-1.478823597E0
3.172924000E2	7.494812461E-1
3.174683333E2	-1.236837102E0
3.176283667E2	-1.099993331E0
3.177884333E2	1.757301119E-1
3.179643333E2	8.148439763E-2
3.181244333E2	-1.340257366E0
3.183004333E2	-1.979011421E0
3.184603333E2	-1.933532278E0
3.186363667E2	-9.907851024E-1
3.187963333E2	-1.806900471E0
3.189564000E2	-1.867371073E0
3.191324000E2	1.117934630E-1
3.192923000E2	1.173310330E0
3.194683667E2	2.117362826E0
3.196284000E2	-4.599481007E-1
3.197884333E2	-1.975525249E0
3.199643000E2	-1.821761160E0
3.201242667E2	-1.878109981E0
3.203003000E2	3.058633152E-3
3.204603333E2	-9.549909495E-1
3.206204000E2	-1.876816684E0
3.207963667E2	-2.815643450E-1
3.209564667E2	-2.513790583E-1
3.211324000E2	-1.912076221E-1
3.212923667E2	-5.911518309E-1
3.214524333E2	-4.949692435E-1
3.216282667E2	1.061194417E0
3.217883000E2	-8.750824683E-1
3.219643667E2	-8.335875906E-1
3.221243333E2	-2.132193449E-1
3.223003667E2	-7.268355746E-1
3.224604333E2	-3.154818019E-1
3.226203000E2	-2.802503453E0
3.227963000E2	-2.939969460E0
3.229563667E2	-1.719253525E0
3.231323000E2	-1.394736047E0
3.232924000E2	1.881039216E0
3.234524000E2	-1.291461327E0
3.236282333E2	-1.929006086E0
3.237883000E2	-1.344808159E-1
3.239642333E2	-5.894245978E-1
3.241244333E2	-3.119272959E-2
3.242844000E2	-8.906796288E-1
3.244604000E2	-8.055191978E-1
3.246203000E2	1.010479325E0
3.247963000E2	-1.452650251E-1
3.249563667E2	-3.887853396E-1
3.251322333E2	7.777444926E-1
3.252923667E2	1.177160934E0
3.254523667E2	2.545359368E-1
3.256282667E2	-3.873597860E0
3.257882333E2	-3.393556549E0
3.259642333E2	-2.066849706E0
3.261242333E2	-2.268836777E0
3.262843667E2	-5.191519156E-1
3.264603667E2	-3.340808054E0
3.266203000E2	-2.844878172E0
3.267961667E2	-5.691486084E-1
3.269562667E2	-9.671424505E-1
3.271162667E2	1.134915898E0
3.272922333E2	-9.354982861E-1
3.274522333E2	-7.068417562E-1
3.276282667E2	4.684525941E-1
3.277883000E2	-9.895007810E-1
3.279483333E2	1.108636674E-1
3.281242000E2	-2.853784709E-1
3.282842333E2	1.873520520E0
3.284603000E2	3.829458386E-2
3.286202667E2	-4.120617672E0
3.287961333E2	-1.361643924E0
3.289563333E2	-9.719245165E-1
3.291163333E2	1.931824859E-1
3.292923000E2	-6.078020103E-1
3.294522000E2	-3.784201412E0
3.296281667E2	-1.887482157E0
3.297882333E2	-9.165167404E-1
3.299482667E2	-1.217677792E0
3.301243000E2	-8.683080131E-1
3.302843333E2	-1.853517410E0
3.304602333E2	-3.072442246E-1
3.306203333E2	1.000604771E-2
3.307802333E2	8.926242153E-2
3.309562667E2	2.027082891E0
3.311163000E2	9.150996289E-1
3.312923333E2	1.127260677E0
3.314523000E2	-2.982817682E0
3.316124667E2	-3.853979065E0
3.317882000E2	-1.696530479E0
3.319482333E2	-1.141875217E0
3.321241667E2	3.632659731E-1
3.322842333E2	-1.979817406E0
3.324601667E2	-1.979128641E0
3.326201667E2	-1.214872627E-1
3.327802667E2	-1.491371795E-1
3.329562667E2	-4.109642590E-3
3.331162667E2	-1.517367614E0
3.332921000E2	-1.363286335E0
3.334522333E2	-2.411750771E-2
3.336124000E2	-6.310700365E-1
3.337881333E2	-1.894533467E-1
3.339482000E2	-8.000591342E-3
3.341242333E2	-7.513501966E-1
3.342841333E2	-8.119982766E-1
3.344441333E2	-1.887844767E0
3.346202000E2	-1.017238888E0
3.347801667E2	-9.072550058E-1
3.349562333E2	5.485865413E-3
3.351161667E2	-3.685165002E-1
3.352920667E2	-2.109940054E0
3.354521333E2	-1.990237300E0
3.356122667E2	-1.782184604E0
3.357882333E2	5.324737988E-1
3.359482000E2	-9.574201015E-1
3.361241667E2	-9.835131074E-1
3.362841667E2	-2.107388872E-1
3.364441333E2	2.848877974E-1
3.366201667E2	1.229450025E0
3.367801667E2	1.695504920E-1
3.369562000E2	-9.417337955E-1
3.371161000E2	-2.012648677E0
3.372761333E2	-2.205992374E0
3.374521667E2	-1.533109265E0
3.376121000E2	-1.852209015E0
3.377881333E2	-1.387040659E0
3.379480667E2	-9.594726834E-1
3.381082333E2	-1.034680331E0
3.382841000E2	-1.510222110E0
3.384441333E2	-9.145701045E-1
3.386201667E2	1.279444689E0
3.387801000E2	4.031010664E-2
3.389561667E2	-9.006100942E-1
3.391161333E2	-9.556713717E-1
3.392761000E2	-6.512249588E-1
3.394521667E2	1.421934020E0
3.396121000E2	2.186070793E-1
3.397880000E2	-9.729215698E-1
3.399481333E2	-1.564624780E0
3.401082000E2	-1.495178387E0
3.402841667E2	6.774565010E-1
3.404442333E2	-7.801668599E-1
3.406200333E2	-1.096408921E0
3.407801000E2	-1.797795680E0
3.409401333E2	-1.302284439E0
3.411161333E2	-1.733358566E0
3.412761333E2	-1.656316746E0
3.414520667E2	1.635363866E-1
3.416121000E2	7.833438395E-2
3.417721333E2	-2.882161451E-1
3.419481667E2	-6.232716801E-1
3.421081667E2	-7.800176429E-1
3.422840333E2	2.019604505E0
3.424441333E2	1.340198670E0
3.426200000E2	-8.893924459E-1
3.427801333E2	-2.221756889E0
3.429401667E2	-3.309979607E0
3.431161333E2	7.161390040E-2
3.432761667E2	-8.020729008E-1
3.434519667E2	-1.904129208E0
3.436121333E2	-1.963467115E0
3.437720667E2	-1.270599600E0
3.439481000E2	-5.877774656E-1
3.441080667E2	-1.053574966E0
3.442840000E2	2.523786800E-2
3.444441000E2	-1.853144329E-1
3.446041000E2	-8.725946380E-1
3.447801333E2	-1.005850223E0
3.449401667E2	-1.088523643E0
3.451161333E2	2.604294964E-1
3.452761000E2	3.355451572E-2
3.454519667E2	-6.211722233E-1
3.456121333E2	-2.150720975E0
3.457721333E2	-2.384110644E0
3.459480000E2	7.961587453E-1
3.461081333E2	1.419194748E-1
3.462839333E2	-1.711952075E0
3.464440333E2	-2.015853417E0
3.466040333E2	-1.840887988E0
3.467800000E2	-1.167034024E0
3.469401000E2	-1.554294951E0
3.471160333E2	-7.233711664E-1
3.472761000E2	-8.350387775E-1
3.474360333E2	-8.408788548E-1
3.476120667E2	-8.155175924E-1
3.477720000E2	4.368369472E-2
3.479480333E2	1.053194980E0
3.481080333E2	1.271150944E-2
3.482680333E2	-8.827521265E-1
3.484440667E2	-2.068109367E0
3.486040000E2	-2.281530677E0
3.487800333E2	-1.735706058E0
3.489401000E2	-9.013259901E-1
3.491159667E2	-1.530768041E0
3.492762000E2	-1.862996602E0
3.494360000E2	-1.419087351E0
3.496121000E2	-9.113227895E-1
3.497721000E2	-8.531070278E-2
3.499480667E2	4.488649871E-1
3.501079667E2	-9.227669196E-1
3.502680667E2	-9.865243094E-1
3.504439333E2	-1.078304714E0
3.506040000E2	-4.315919309E-2
3.507800333E2	7.134507977E-1
3.509400333E2	-8.051036404E-2
3.511000333E2	-8.906619664E-1
3.512759333E2	-1.856062318E0
3.514359667E2	-1.811046371E0
3.516120000E2	-7.190113358E-1
3.517719333E2	-7.200265881E-1
3.519320000E2	-1.081730577E0
3.521079667E2	-1.663319729E0
3.522680667E2	-1.867738486E0
3.524439667E2	-2.012760451E0
3.526040333E2	-9.702147009E-1
3.527799333E2	1.774612232E-1
3.529399333E2	-8.112119348E-1
3.531000333E2	-9.301198991E-1
3.532759000E2	-9.522759541E-1
3.534360667E2	1.185158969E0
3.536119667E2	1.176995922E0
3.537719333E2	-8.202557429E-1
3.539319333E2	-1.563333309E0
3.541079000E2	-2.197318116E0
3.542679333E2	-1.898238125E0
3.544440333E2	-9.227583244E-1
3.546040333E2	-1.142034428E0
3.547639667E2	-1.734450098E0
3.549399333E2	-1.116133561E0
3.550999000E2	-9.127580766E-1
3.552759333E2	-1.179627001E0
3.554360333E2	-1.023073903E-1
3.556119333E2	-5.628151773E-3
3.557719000E2	-1.412882876E-1
3.559320000E2	-1.076173512E0
3.561079333E2	-9.982308122E-1
3.562680333E2	1.147348976E0
3.564439667E2	-7.003700909E-1
3.566039333E2	-1.146801002E0
3.567638667E2	-2.880753797E0
3.569399667E2	-1.872641599E0
3.570999000E2	1.022751715E0
3.572758000E2	2.470415422E-1
3.574359333E2	-1.681512730E0
3.575959000E2	-2.237789944E0
3.577719667E2	-1.690845625E0
3.579320000E2	-1.258140496E0
3.581078667E2	-1.800911027E0
3.582679667E2	-8.902893916E-1
3.584280000E2	-7.430996006E-1
3.586038667E2	-7.148812262E-1
3.587640000E2	-8.211073511E-1
3.589398667E2	2.189055443E-1
3.590998667E2	1.235745264E0
3.592758333E2	-2.594787170E0
3.594358333E2	-2.918414531E0
3.595959333E2	-1.622075597E0
3.597718333E2	1.567277176E-1
3.599319333E2	4.876869305E-1
3.601077667E2	-9.693594731E-1
3.602679333E2	-1.976541980E0
3.604279667E2	-2.256427117E0
3.606039667E2	-2.014900032E0
3.607638667E2	-2.905896539E-1
3.609398000E2	-3.551320081E-2
3.610998333E2	1.913218674E-1
3.612599333E2	7.410536808E-1
3.614359333E2	-6.859914910E-1
3.615959000E2	-5.651707397E-2
3.617719000E2	-1.893749528E0
3.619319000E2	-4.181458898E0
3.620919000E2	-3.297704668E0
3.622678333E2	7.462812843E-3
3.624278000E2	3.253505525E0
3.626038667E2	9.431283524E-1
3.627638000E2	-1.928696377E0
3.629398333E2	-1.372128359E0
3.630999000E2	-1.665125112E0
3.632599333E2	-5.717542404E-1
3.634359667E2	-7.356848872E-1
3.635959000E2	3.348860429E-1
3.637718333E2	2.112024928E0
3.639319000E2	-8.152829312E-2
3.640918667E2	-8.629672574E-1
3.642679000E2	-1.276187901E0
3.644278000E2	-1.307523716E0
3.646038333E2	-6.032754547E-1
3.647639000E2	-8.138565992E-1
3.649238667E2	9.846347122E-2
3.650998667E2	1.170000014E0
3.652598667E2	-3.540678865E-1
3.654358667E2	-2.283227079E0
3.655958000E2	-3.976979789E0
3.657718000E2	-3.757770501E0
3.659318667E2	-7.727890674E-1
